x
0.00985400703442247
0.0101658319071439
0.0106685622067001
0.00956238326821509
0.00950138693259983
0.0104569478941888
0.00984130860202454
0.0101454126142012
0.00986992557854335
0.0101897022662495
0.00948983809548162
0.00995660556131653
0.0094693860033438
0.00982235623314004
0.0100542979164673
0.00928703944062154
0.0094666524700788
0.0106218665582192
0.0101404320126689
0.00951960966771962
0.00930417503236924
0.0101818590574359
0.00975000411631174
0.0102869054885795
0.0104140639448332
0.0102143852897126
0.00981311170221148
0.00968012029068983
0.00944089309322488
0.0105235092338698
0.0100269419330513
0.0094161902821541
0.0107004998935302
0.0100393553474923
0.00999456978579711
0.00995644623835793
0.010087121962221
0.00929998258546183
0.0092028479390821
0.0096351006463278
0.010397521597022
0.00983827330215211
0.00975841876416128
0.00974654265858023
0.0102409177864159
0.0100203849423581
0.0105017235097565
0.00974205669337343
0.0100089938099248
0.0106615314871822
0.0104907212664792
0.0096954359332127
0.00994249470396232
0.0102043229355111
0.0104280737852506
0.00970546359281172
0.0102335222938204
0.0105760809690164
0.00939894815179166
0.00952021248746875
0.00978311117535797
0.0096615490115518
0.00958573416433494
0.00948949926718127
0.0102329189440558
0.0104887308502937
0.0096712872063923
0.00927312510821162
0.0103061229837106
0.00966426931917659
0.0098790678989152
0.00965292606719332
0.0102194661468555
0.0101511543929881
0.0100327616434736
0.00985798849087531
0.00968425208930962
0.00907851738541592
0.009650885742678
0.00967386559918088
0.00996024917301662
0.0091922198783427
0.00998503090540223
0.00886403824124057
0.0105278979477382
0.00974488814129786
0.00992231503168265
0.00994194794102612
0.00999002079726176
0.010447690375839
0.00971695956517874
0.0102644269832876
0.00993277627061159
0.0102529851150132
0.00998742631545776
0.0101155340954423
0.00987694111851371
0.0100389986168379
0.00920650658234497
0.0101960110187619
0.0100017202384021
0.00913165916313683
0.0102561209382531
0.0102981122242015
0.0100064851996181
0.00956983280837717
0.0108243599734169
0.00967859029601016
0.0101289996624254
0.00954468124914481
0.0101467946337627
0.00975266276139282
0.010681455707598
0.00992843816038445
0.0100816719745474
0.0103559419266745
0.00966739311451733
0.00969453011370985
0.00967125442717148
0.0102484760026582
0.0100976407153486
0.00996930788166211
0.00969262366381706
0.0101844306886518
0.00948023481953418
0.00947246109630278
0.0107313143178286
0.0107470278899871
0.00979325474730916
0.0105157965954995
0.00975009556078675
0.0098726452019588
0.00982050707986324
0.0102279949529586
0.00942345097245954
0.00987494663654832
0.010092466236617
0.0104835936452953
0.0103863439704066
0.00978405438662368
0.0100844752275565
0.00953609712785303
0.0102170875042001
0.0102359237666821
0.0101423489531759
0.00985976926471462
0.0103962672296447
0.0086891655904675
0.00998332187669162
0.00906224049907079
0.0100267219065627
0.0105619423782885
0.00984590985475088
0.00967399507447859
0.0107290674436648
0.0105523409847587
0.0101203994479371
0.0098671889641407
0.00950974277827338
0.00992140269831545
0.0100666634904965
0.0106441691766675
0.0098879588042946
0.0105338689662433
0.00948658616424515
0.0103412695619923
0.00892547171236262
0.0100899860364393
0.009736236668466
0.00964162465664755
0.00979341344832638
0.0095937766475231
0.00961059308366965
0.00970630110789133
0.0102246692682062
0.00956164214243489
0.00973871853313633
0.0104095716027467
0.0106103710463473
0.00976108067096725
0.00999317892754843
0.0102827650154046
0.00932597960528858
0.0101723762220153
0.00985188298992214
0.00944233041219726
0.00917429385874096
0.0100790516169131
0.0102154289141504
0.0101689096285995
0.010065392737033
0.00973784400555846
0.00922893826636207
0.00942657123400224
0.00996147587104161
0.0100346510370406
0.00958008576628008
0.0094024909602964
0.0102461578369282
0.00882685887112624
0.0100743476390389
0.0101456937922951
0.0105772230259514
0.00931004825396338
0.0101795170290638
0.00993121328572179
0.0108147869894041
0.00975604084802625
0.00965951332193134
0.0104578312430131
0.0102771264422762
0.0095758254816127
0.0099596305401173
0.0105726551676637
0.0101660291940995
0.0097993007714481
0.0102786040211174
0.00933336143229512
0.00979441427888635
0.00931753319144894
0.0103559058206469
0.00971292466865482
0.00944969589552286
0.0100025965517927
0.0101950603538099
0.00997495125838331
0.00956552338734936
0.00979482850462262
0.00976427868775823
0.0102730031717287
0.00902660968520928
0.0102124191216586
0.00976450660080401
0.0104843399929374
0.00970613494257457
0.0102448072306762
0.0102306745300081
0.0091753069510636
0.0102435112630396
0.0103175185058263
0.0104555865077113
0.0107643037921407
0.00989910828244973
0.00966508425805139
0.00985437031983473
0.00970162077622357
0.00947736069781947
0.0101572091613464
0.00944363550472172
0.00974612482046556
0.00985596726677136
0.00968374622804065
0.00913121098191819
0.00993161774369095
0.0102698630891749
0.00944887384932996
0.00988459677971726
0.0101190876311192
0.00979371365232623
0.00995625875562134
0.00948658145601908
0.00976464490818632
0.0101555188739102
0.00960569867777498
0.00950855712759995
0.0101988207483794
0.00919880272518094
0.00946783638699709
0.0094863146990063
0.0100470835174848
0.00999695074590146
0.0093521702083041
0.0101450743785657
0.0107114705219328
0.00982828566914649
0.010274227413751
0.00974723406705099
0.0100329031432329
0.00945062968999861
0.00986186882623284
0.00993638777866526
0.0086916995844065
0.00995892942311349
0.0103865640723501
0.0105783526190208
0.00941774993318541
0.0115668620624002
0.010784826477337
0.010076620791386
0.00980154129231727
0.00904529364648557
0.0100177598892351
0.00984282345256818
0.0103154240553819
0.0102278533737234
0.0092877110396378
0.00967598774559014
0.00979840619565107
0.00981301511951865
0.00959732713549716
0.00982608656745367
0.00989865074832822
0.0105959112734482
0.00947646577461264
0.0103284942907195
0.0101923999574142
0.00968538821223219
0.0100577826951954
0.00860221538573972
0.010606565969236
0.00869952288978824
0.010196684698756
0.00999599285311889
0.0105718708086142
0.0103223320732412
0.00917994864473384
0.00994541320643361
0.0106384185881439
0.00943439283707934
0.0104687239026097
0.0100503411334721
0.00985299856262473
0.0103221963871353
0.00994088996875358
0.00982224617313013
0.00906774525923253
0.0107560631020956
0.00961845722164339
0.00945960279563755
0.00981977516941866
0.00954992846959852
0.0101419786519537
0.00943725324745257
0.0101593645752452
0.0103090513214749
0.00946895356157102
0.00990724999968172
0.0105303625052584
0.00984767673330382
0.0106872502128793
0.0101497669210734
0.00934968887481459
0.00920631936411745
0.0103629054132062
0.00974139565443951
0.00989768609668702
0.0100842290342176
0.00990923184583035
0.0100206456990351
0.00968513737385199
0.00961570501213498
0.00886215867384434
0.00982366816521196
0.00946194591011035
0.00981695938765441
0.00971779415605044
0.0101183217020716
0.0101022632621657
0.00975123633537524
0.00988631907121803
0.00982997177243667
0.0108408504120518
0.00977092260615699
0.00953459508000821
0.0110850441951488
0.00998919478828996
0.00954505441460276
0.0101305167376675
0.00985532073774166
0.00999997582804074
0.00921233636264665
0.00993416636219537
0.0098991653077124
0.00935428140646044
0.00954135323008842
0.00984463769002919
0.00986501881446842
0.00963976347788181
0.0102536892246861
0.00999538201976311
0.00974831709649178
0.0103810117276133
0.00973625797535872
0.0096392435115371
0.00992480488453596
0.0105485769975707
0.0100655683587546
0.0102014932465059
0.00976593208887728
0.00956841749335341
0.00959363549404772
0.0100753242514005
0.0106226006745854
0.00944415585813178
0.0102681872953266
0.00993426180575816
0.0100801711503715
0.00978860236220961
0.00938797712634078
0.0100541089936228
0.00950661496199369
0.0101222592037772
0.0104440418941824
0.00976209648675135
0.0100972926137909
0.0101672467578914
0.0104070256534258
0.0102237774933812
0.0102051074365624
0.0100526712861057
0.0100026867498232
0.00958785551139813
0.0106423813125712
0.0100330939793412
0.00962732193803928
0.0103109957478101
0.00989034039185525
0.0104186421727771
0.00971995700426142
0.00945761165047995
0.00917341993647009
0.00998592717257626
0.0103555445132304
0.00960761240990482
0.0103639483630582
0.00955295489404062
0.00926498292913511
0.0101029087774754
0.00961430322293966
0.00963582332050057
0.0100276629552702
0.0103896907112226
0.00990617690319009
0.00955394789873292
0.0100762033464701
0.0102542688284582
0.0103568744701824
0.0102271340330967
0.00990278342016336
0.00989968967368188
0.0103815434104169
0.00963185633530437
0.00972743018798455
0.00989025927253648
0.0100220127184023
0.0101902467282519
0.0107596419366094
0.0100763419607586
0.0100440897906192
0.00952888188887029
0.0100199764323157
0.00919245120608798
0.00993119031011945
0.0093100443535422
0.00957731445419652
0.00965690744017053
0.00977000668724098
0.00979124297206237
0.00992012699114899
0.0105579937558492
0.00971346684179
0.00946507501311697
0.00991116057309289
0.00971175454325915
0.00975497895612363
0.00962301470667121
0.009770880395579
0.0101335523779225
0.0100577239272891
0.0102899711588686
0.0102170544953063
0.0108294387973904
0.0101164932134307
0.00949777136863027
0.010311083932255
0.0106690562055285
0.00910654093008676
0.0100636477766584
0.00928047422113579
0.0103778442761763
0.01050348368317
0.0103730202738041
0.0103386770664066
0.00995001056345046
0.0102613653020573
0.00996547572821766
0.0111529256817968
0.0103404677746817
0.00947260250289537
0.0100197581510734
0.00965730214360964
0.0097544529687016
0.00933235097794653
0.0100748565396302
0.0105454670872765
0.0107099646346195
0.0100100335837236
0.00968790214516054
0.00980982142660806
0.00918593911193968
0.00955752759159376
0.00980606622883905
0.010078671219211
0.0100845140397878
0.0100828024743104
0.00961019137480985
0.0100778465017493
0.0101731757044009
0.0101522321587185
0.0094464382195446
0.0105468591248822
0.00998219695136249
0.0100803833440842
0.00985869001613248
0.009970335712203
0.00955745284367646
0.0101549295099288
0.0102745173067925
0.00958939349881948
0.0103973101799215
0.0102315749983122
0.0101365092842344
0.0100433802734742
0.00967587354174709
0.00966348518923719
0.0102825944288524
0.00938386313338661
0.0101638168204686
0.0103695677345821
0.00996837689945654
0.0101723999556964
0.010207977073971
0.0103386555362337
0.010433977817862
0.0102265531216503
0.00975542854574981
0.00948375190122579
0.0103344824268775
0.00912355007870745
0.00978674369118709
0.0105439245885421
0.00961005919193984
0.00978672825851393
0.010055423400268
0.00963581444675438
0.00917394312506975
0.0103609448251508
0.0103767334405093
0.00941546564177323
0.00960675133249398
0.0100852990733237
0.00929244920839577
0.00950123014405476
0.00941500869449152
0.0102512054773472
0.00912641621322869
0.0103945657399377
0.0100078219762086
0.00993627922407279
0.00976894902537902
0.0100991045386618
0.0102604302732136
0.00950508661391022
0.0105882447278222
0.0104949979192273
0.0103605341321326
0.00895088753397515
0.00960417451226799
0.00998732841681658
0.00988439577126944
0.00878693639010906
0.0106005293151647
0.0102100917017572
0.00940064546799244
0.0100255830025776
0.00970778932294309
0.0101066208722125
0.0102122365094781
0.0102314026417768
0.010101686290704
0.0100291773142068
0.0102409699946712
0.0106009413642009
0.0107403509957035
0.00928842028418877
0.0100319546425088
0.0100630472959334
0.0101067430642291
0.00949028824124058
0.0099420650216397
0.00990847433341609
0.00963732119729359
0.0101102811811072
0.00985885783215222
0.0111049415505454
0.00959851690420144
0.00932232793363993
0.0107386639012601
0.010161243891389
0.0100490677729042
0.0106380878324849
0.0104031601414708
0.0103307535016053
0.010601448432335
0.00935928967748336
0.0103088210334519
0.0104337756315004
0.0108210190426955
0.00968306507101237
0.0100819007058163
0.00984349649112416
0.00994483246997198
0.0100082860278852
0.0100740157560259
0.0098102706262998
0.0101138310377486
0.00973726083279909
0.0105144558865147
0.0106566080144885
0.0100342076414417
0.00953838047150517
0.0100099240506824
0.0104121460976483
0.00980156024524238
0.0103450523231062
0.00975420954746994
0.0103752121506897
0.0102501523737734
0.0103464827068632
0.0106790182090459
0.0102340976552736
0.0101432518464062
0.0102323770493265
0.0097114727095084
0.0100274743359733
0.0102921273561901
0.0103125382053849
0.0100933149889761
0.00970772675917582
0.0106178612570466
0.00970776361008132
0.00959138849063089
0.00973106119902315
0.00927243186012949
0.0093610681587366
0.0109895574421803
0.0103075430375555
0.00945067032720661
0.00968943377973389
0.00971117075008776
0.0105184273699204
0.00980951486215548
0.00857444845163889
0.00998868147887488
0.00963321346764199
0.0105212569229979
0.0102286963597289
0.0102709876702146
0.0101287024798636
0.0103603751918391
0.00923293517170214
0.0100345284232281
0.010316397947104
0.0107306351869647
0.0105126488934115
0.0103024936372952
0.00990821573252395
0.00969576705592196
0.0102274918673976
0.0102926984349221
0.00989487796211817
0.0098741126757731
0.010538497402689
0.00971581921567286
0.0101189356539147
0.0101731953533202
0.00957808834466911
0.0100473807367691
0.0103715344441597
0.0098295808830955
0.00969938478582775
0.0105985625371348
0.00927793886008823
0.0100680936984176
0.00988889140339771
0.0097651955919205
0.0103419908055677
0.0103861941300461
0.0102654896366943
0.0100342269259605
0.00992777402953447
0.0101742525265986
0.00999126291055465
0.00922260630785
0.00928788056363581
0.00935493270918736
0.00991146692367792
0.00994273734723685
0.00965004593631425
0.0104683999694285
0.0101123493391186
0.0109816988125647
0.0106368936768658
0.00968550487473372
0.00971156912249919
0.00923529422552666
0.00979853590359047
0.0108885544944868
0.00992476590725923
0.010659145237485
0.00995993879773712
0.00987392825839717
0.00964881460530677
0.00946756209876981
0.0104440266855482
0.0106054066809768
0.0107606288355864
0.0103379273777378
0.00969880265392263
0.00973283350202816
0.00954292616439742
0.00997955045214503
0.00985410523252466
0.0108906387352057
0.00985233530267786
0.0102899049858976
0.00950305536177631
0.00970246830477878
0.00973662848984771
0.00969104445390257
0.00969137510781924
0.00999721428354853
0.0100779364423111
0.00961773354875893
0.0110141135845578
0.0101385956463932
0.0100812377864885
0.00979312083082346
0.0107648464558818
0.00967322223013683
0.0102800900266126
0.0102518932259954
0.00976120776049553
0.0109457486079127
0.0100681435382417
0.00935785926952623
0.00990093398096887
0.0103177031902609
0.00987807924675659
0.010376473129523
0.0090741726972405
0.00951930585746045
0.00909246264130864
0.00993451993307186
0.0102380309478271
0.0101598235030816
0.00960277149615807
0.0104859198857772
0.0103035511335065
0.00950139918643996
0.0106010898941198
0.0103771479062764
0.0101980304030984
0.0100637746493468
0.0106892602607293
0.00991057765987247
0.0106756066536453
0.0100436651044415
0.00989387818013569
0.0101481043478303
0.0102642158426625
0.0104056152075267
0.00994871259462949
0.010230692449085
0.00921676974073795
0.00993672051294085
0.00903737641125543
0.0111003365264239
0.0101212455293219
0.010678105088652
0.0102662285572675
0.0105294634525156
0.0102419304653014
0.00920687848879643
0.0102142935712418
0.0100680040378017
0.010216415723694
0.00965209191962624
0.00960180263591722
0.0106313855316175
0.00965330897862994
0.0106315660766359
0.00975722802378588
0.00990012366870617
0.0104568025060387
0.00948340766517274
0.0104176789550431
0.0101346292819152
0.0093509145629331
0.00965568695600782
0.0093956792409407
0.00986909204301281
0.00926915021390285
0.0101030618615048
0.01072342349002
0.00925328471150521
0.0102582416294036
0.00981569218144905
0.00953105566117181
0.0103939356919134
0.00967318695790287
0.00958051185940399
0.0103046000417171
0.0105603226271772
0.00948904610362945
0.010468447455642
0.00974154283973135
0.0103650099310367
0.00960327721496962
0.00857409840769808
0.00983783930891412
0.0102249366856674
0.00969912182496088
0.00961498037166153
0.00958915610782768
0.0105476859883316
0.0102661983540777
0.00943482265353018
0.0100257990377061
0.00918401155281244
0.00974185376905493
0.0100731595768175
0.0100685574430929
0.00972742011493613
0.010141166228383
0.00978182718595729
0.00986781737625171
0.0100228766728721
0.00987337374638871
0.00969942375683673
0.00966533176503861
0.0107268860465747
0.00946588775300541
0.00947343259946865
0.0101388959261294
0.00971333007606538
0.0107125557112669
0.00967531668275541
0.0106029598176963
0.010080155558756
0.00997691185963774
0.00949963679815143
0.0107382398293368
0.00955376678003413
0.0103223522282558
0.0102049561771811
0.00963597180643318
0.0100839790379002
0.00965181920308106
0.0106252863020133
0.0099600128950514
0.010499860184578
0.00957351340400465
0.00993459189137032
0.00921650526880433
0.00951355913360299
0.0103883800663324
0.00967082318534712
0.00910379971634249
0.0102394721459707
0.0100964496481195
0.0101437326666938
0.0103576735332969
0.0104731243215016
0.00997131192510142
0.0102317199289243
0.0093634017669043
0.00963004711202476
0.00904791408625208
0.00997090183337535
0.00999192206697396
0.00983360945193255
0.0089511752942692
0.00955625405413726
0.00974070590349166
0.0104856043219696
0.00975263337276977
0.00971536065942751
0.00947883775473953
0.0100980621401385
0.0103524436298941
0.00956262487503566
0.0103441381089296
0.0102935594531676
0.01002396092619
0.00981280327140064
0.0099794332292416
0.00908762020333231
0.00949375952055254
0.00944720952293062
0.010218455152224
0.00949967522638889
0.00984642452493518
0.00990637625731828
0.0107104082792152
0.0104285441096935
0.0105663922353347
0.00926641568916903
0.00998914506421084
0.00991468491227226
0.0101065830481829
0.00929076242861035
0.0108467501868752
0.0100880641003961
0.00986353321307122
0.0100172359544503
0.0100580252953378
0.00929925162563119
0.00945454274940106
0.01053081850536
0.00992117686734828
0.00947178570751099
0.00975329138766447
0.0103391411438975
0.0102578295879357
0.00976257394218935
0.0096828131157396
0.00999010761342959
0.00997032972774635
0.0102170547429921
0.00939217610852901
0.0103173906033498
0.00933110367038343
0.0102164022502173
0.00915478968229455
0.00993920238123287
0.0104179800396313
0.0108818589437463
0.010398514549532
0.0101235972819152
0.00982264646255466
0.0107210073640669
0.0107036508699264
0.00978562865503107
0.00936551072756199
0.00985741115497665
0.00992359177981969
0.0100568827624362
0.00968988498764727
0.00951226356064506
0.00940376745303378
0.00887119461620875
0.0107706153033776
0.0105033854502862
0.00967031583707102
0.00976934733488605
0.00994279874969517
0.0106658868859056
0.0095594858786149
0.00925157089000034
0.00977500231458343
0.00963868132094937
0.0106289809768491
0.00956161137991513
0.00990682873476701
0.00982135630544143
0.00999315297170275
0.0104472007369455
0.010070947913509
0.00983798444905279
0.0104714478413576
0.00988941912131571
0.0101515791764041
0.00917209817950869
0.0104467959858968
0.0102864192312183
0.00901320216408049
0.00989677320485987
0.00964691594509485
0.00965091187781308
0.00994925194520132
0.0100672495088224
0.00931648937869128
0.00914601248050113
0.00905117372713723
0.00976147286885018
0.00980623629637033
0.00954285984542854
0.00969281933792781
0.00941004094370871
0.00993104340258999
0.010558789335751
0.00929016561010702
0.00936251606493216
0.00926713311493285
0.00999862954502217
0.00977646714367592
0.010117977291696
0.00926823080346588
0.0102317300333943
