0.0,0.1,0.5,0.6,6775	
0.0,0.1,1.3,1.4,26005	
0.0,0.1,10.2,10.3,8	
0.0,0.1,2.1,2.2,68138	
0.0,0.1,2.8,2.9,97089	
0.0,0.1,3.6,3.7,84844	
0.0,0.1,4.4,4.5,62847	
0.0,0.1,5.2,5.3,79724	
0.0,0.1,5.9,6.0,96251	
0.0,0.1,6.0,6.1,96297	
0.0,0.1,6.7,6.8,71758	
0.0,0.1,7.5,7.6,28924	
0.0,0.1,8.3,8.4,6121	
0.0,0.1,9.1,9.2,671	
0.0,0.1,9.8,9.9,60	
0.1,0.2,0.1,0.2,4703	
0.1,0.2,0.8,0.9,11243	
0.1,0.2,1.6,1.7,39421	
0.1,0.2,10.4,10.5,2	
0.1,0.2,2.4,2.5,83412	
0.1,0.2,3.2,3.3,96089	
0.1,0.2,3.9,4.0,73464	
0.1,0.2,4.0,4.1,69973	
0.1,0.2,4.7,4.8,63819	
0.1,0.2,5.5,5.6,89036	
0.1,0.2,6.3,6.4,89039	
0.1,0.2,7.1,7.2,48925	
0.1,0.2,7.8,7.9,16896	
0.1,0.2,8.6,8.7,2865	
0.1,0.2,9.4,9.5,246	
0.2,0.3,0.4,0.5,6329	
0.2,0.3,1.2,1.3,22021	
0.2,0.3,1.9,2.0,55193	
0.2,0.3,10.6,10.7,2	
0.2,0.3,2.0,2.1,60948	
0.2,0.3,2.7,2.8,92864	
0.2,0.3,3.5,3.6,86154	
0.2,0.3,4.3,4.4,62231	
0.2,0.3,5.1,5.2,73972	
0.2,0.3,5.8,5.9,93520	
0.2,0.3,6.6,6.7,74696	
0.2,0.3,7.4,7.5,32156	
0.2,0.3,8.2,8.3,7470	
0.2,0.3,8.9,9.0,1208	
0.2,0.3,9.0,9.1,896	
0.2,0.3,9.7,9.8,84	
0.3,0.4,0.0,0.1,5349	
0.3,0.4,0.7,0.8,9767	
0.3,0.4,1.5,1.6,33564	
0.3,0.4,10.1,10.2,17	
0.3,0.4,2.3,2.4,75665	
0.3,0.4,3.1,3.2,93190	
0.3,0.4,3.8,3.9,73961	
0.3,0.4,4.6,4.7,60150	
0.3,0.4,5.4,5.5,81741	
0.3,0.4,6.2,6.3,87991	
0.3,0.4,6.9,7.0,57212	
0.3,0.4,7.0,7.1,51759	
0.3,0.4,7.7,7.8,19216	
0.3,0.4,8.5,8.6,3488	
0.3,0.4,9.3,9.4,326	
0.4,0.5,0.3,0.4,6718	
0.4,0.5,1.1,1.2,18396	
0.4,0.5,1.8,1.9,47228	
0.4,0.5,10.3,10.4,9	
0.4,0.5,2.6,2.7,85350	
0.4,0.5,3.4,3.5,85098	
0.4,0.5,4.2,4.3,59732	
0.4,0.5,4.9,5.0,62730	
0.4,0.5,5.0,5.1,65891	
0.4,0.5,5.7,5.8,85528	
0.4,0.5,6.5,6.6,73845	
0.4,0.5,7.3,7.4,34824	
0.4,0.5,8.1,8.2,8358	
0.4,0.5,8.8,8.9,1531	
0.4,0.5,9.6,9.7,109	
0.5,0.6,0.6,0.7,9603	
0.5,0.6,1.4,1.5,27702	
0.5,0.6,10.5,10.6,1	
0.5,0.6,2.2,2.3,66465	
0.5,0.6,2.9,3.0,87695	
0.5,0.6,3.0,3.1,87648	
0.5,0.6,3.7,3.8,72091	
0.5,0.6,4.5,4.6,54936	
0.5,0.6,5.3,5.4,71903	
0.5,0.6,6.1,6.2,81471	
0.5,0.6,6.8,6.9,57420	
0.5,0.6,7.6,7.7,20969	
0.5,0.6,8.4,8.5,4194	
0.5,0.6,9.2,9.3,397	
0.5,0.6,9.9,10.0,33	
0.6,0.7,0.2,0.3,8187	
0.6,0.7,0.9,1.0,14120	
0.6,0.7,1.0,1.1,16044	
0.6,0.7,1.7,1.8,39352	
0.6,0.7,10.0,10.1,19	
0.6,0.7,10.7,10.8,1	
0.6,0.7,2.5,2.6,75889	
0.6,0.7,3.3,3.4,80859	
0.6,0.7,4.1,4.2,57037	
0.6,0.7,4.8,4.9,55168	
0.6,0.7,5.6,5.7,75237	
0.6,0.7,6.4,6.5,69924	
0.6,0.7,7.2,7.3,35315	
0.6,0.7,7.9,8.0,11625	
0.6,0.7,8.0,8.1,9429	
0.6,0.7,8.7,8.8,1705	
0.6,0.7,9.5,9.6,140	
0.7,0.8,0.5,0.6,10680	
0.7,0.8,1.3,1.4,23601	
0.7,0.8,10.2,10.3,9	
0.7,0.8,2.1,2.2,56369	
0.7,0.8,2.8,2.9,79439	
0.7,0.8,3.6,3.7,69215	
0.7,0.8,4.4,4.5,49456	
0.7,0.8,5.2,5.3,61064	
0.7,0.8,5.9,6.0,72799	
0.7,0.8,6.0,6.1,72720	
0.7,0.8,6.7,6.8,54385	
0.7,0.8,7.5,7.6,21522	
0.7,0.8,8.3,8.4,4654	
0.7,0.8,9.1,9.2,528	
0.7,0.8,9.8,9.9,45	
0.8,0.9,0.1,0.2,11018	
0.8,0.9,0.8,0.9,14273	
0.8,0.9,1.6,1.7,33014	
0.8,0.9,10.4,10.5,3	
0.8,0.9,2.4,2.5,65894	
0.8,0.9,3.2,3.3,75495	
0.8,0.9,3.9,4.0,56376	
0.8,0.9,4.0,4.1,54268	
0.8,0.9,4.7,4.8,46578	
0.8,0.9,5.5,5.6,63420	
0.8,0.9,6.3,6.4,62869	
0.8,0.9,7.1,7.2,34666	
0.8,0.9,7.8,7.9,11993	
0.8,0.9,8.6,8.7,1966	
0.8,0.9,9.4,9.5,206	
0.9,1.0,0.4,0.5,13516	
0.9,1.0,1.2,1.3,21061	
0.9,1.0,1.9,2.0,43445	
0.9,1.0,10.6,10.7,2	
0.9,1.0,2.0,2.1,47420	
0.9,1.0,2.7,2.8,71123	
0.9,1.0,3.5,3.6,65759	
0.9,1.0,4.3,4.4,44738	
0.9,1.0,5.1,5.2,49795	
0.9,1.0,5.8,5.9,61573	
0.9,1.0,6.6,6.7,49323	
0.9,1.0,7.4,7.5,21273	
0.9,1.0,8.2,8.3,4935	
0.9,1.0,8.9,9.0,838	
0.9,1.0,9.0,9.1,608	
0.9,1.0,9.7,9.8,55	
1.0,1.1,0.4,0.5,15791	
1.0,1.1,1.2,1.3,21456	
1.0,1.1,1.9,2.0,42139	
1.0,1.1,10.4,10.5,2	
1.0,1.1,2.0,2.1,46044	
1.0,1.1,2.7,2.8,67806	
1.0,1.1,3.5,3.6,62201	
1.0,1.1,4.3,4.4,42258	
1.0,1.1,5.1,5.2,45418	
1.0,1.1,5.8,5.9,55864	
1.0,1.1,6.6,6.7,44335	
1.0,1.1,7.4,7.5,19135	
1.0,1.1,8.2,8.3,4409	
1.0,1.1,8.9,9.0,724	
1.0,1.1,9.0,9.1,485	
1.0,1.1,9.7,9.8,48	
1.1,1.2,0.0,0.1,18633	
1.1,1.2,0.7,0.8,18578	
1.1,1.2,1.5,1.6,28354	
1.1,1.2,10.6,10.7,1	
1.1,1.2,2.3,2.4,55706	
1.1,1.2,3.1,3.2,67111	
1.1,1.2,3.8,3.9,51088	
1.1,1.2,4.6,4.7,37074	
1.1,1.2,5.4,5.5,46007	
1.1,1.2,6.2,6.3,48350	
1.1,1.2,6.9,7.0,30981	
1.1,1.2,7.0,7.1,28465	
1.1,1.2,7.7,7.8,10621	
1.1,1.2,8.5,8.6,1904	
1.1,1.2,9.3,9.4,167	
1.2,1.3,0.3,0.4,21781	
1.2,1.3,1.1,1.2,22606	
1.2,1.3,1.8,1.9,36749	
1.2,1.3,10.1,10.2,4	
1.2,1.3,2.6,2.7,61407	
1.2,1.3,3.4,3.5,60381	
1.2,1.3,4.2,4.3,38826	
1.2,1.3,4.9,5.0,34801	
1.2,1.3,5.0,5.1,36231	
1.2,1.3,5.7,5.8,43453	
1.2,1.3,6.5,6.6,37505	
1.2,1.3,7.3,7.4,18084	
1.2,1.3,8.1,8.2,4231	
1.2,1.3,8.8,8.9,807	
1.2,1.3,9.6,9.7,69	
1.3,1.4,0.6,0.7,24258	
1.3,1.4,1.4,1.5,27677	
1.3,1.4,10.3,10.4,2	
1.3,1.4,2.2,2.3,49475	
1.3,1.4,2.9,3.0,63749	
1.3,1.4,3.0,3.1,63474	
1.3,1.4,3.7,3.8,50552	
1.3,1.4,4.5,4.6,32553	
1.3,1.4,5.3,5.4,35059	
1.3,1.4,6.1,6.2,38138	
1.3,1.4,6.8,6.9,26807	
1.3,1.4,7.6,7.7,9640	
1.3,1.4,8.4,8.5,1932	
1.3,1.4,9.2,9.3,201	
1.3,1.4,9.9,10.0,14	
1.4,1.5,0.2,0.3,29647	
1.4,1.5,0.9,1.0,25952	
1.4,1.5,1.0,1.1,25915	
1.4,1.5,1.7,1.8,34569	
1.4,1.5,2.5,2.6,57289	
1.4,1.5,3.3,3.4,59349	
1.4,1.5,4.1,4.2,38187	
1.4,1.5,4.8,4.9,28373	
1.4,1.5,5.6,5.7,33378	
1.4,1.5,6.4,6.5,30586	
1.4,1.5,7.2,7.3,15052	
1.4,1.5,7.9,8.0,4947	
1.4,1.5,8.0,8.1,4067	
1.4,1.5,8.7,8.8,826	
1.4,1.5,9.5,9.6,73	
1.5,1.6,0.5,0.6,32080	
1.5,1.6,1.3,1.4,29425	
1.5,1.6,10.0,10.1,8	
1.5,1.6,10.7,10.8,1	
1.5,1.6,2.1,2.2,46479	
1.5,1.6,2.8,2.9,62036	
1.5,1.6,3.6,3.7,52204	
1.5,1.6,4.4,4.5,30300	
1.5,1.6,5.2,5.3,26721	
1.5,1.6,5.9,6.0,29394	
1.5,1.6,6.0,6.1,29181	
1.5,1.6,6.7,6.8,21786	
1.5,1.6,7.5,7.6,8697	
1.5,1.6,8.3,8.4,1833	
1.5,1.6,9.1,9.2,184	
1.5,1.6,9.8,9.9,22	
1.6,1.7,0.1,0.2,39589	
1.6,1.7,0.8,0.9,33324	
1.6,1.7,1.6,1.7,35230	
1.6,1.7,10.2,10.3,4	
1.6,1.7,11.0,11.1,1	
1.6,1.7,2.4,2.5,55725	
1.6,1.7,3.2,3.3,61413	
1.6,1.7,3.9,4.0,43122	
1.6,1.7,4.0,4.1,39564	
1.6,1.7,4.7,4.8,24566	
1.6,1.7,5.5,5.6,24643	
1.6,1.7,6.3,6.4,23310	
1.6,1.7,7.1,7.2,12397	
1.6,1.7,7.8,7.9,4309	
1.6,1.7,8.6,8.7,786	
1.6,1.7,9.4,9.5,59	
1.7,1.8,0.4,0.5,42097	
1.7,1.8,1.2,1.3,33844	
1.7,1.8,1.9,2.0,43935	
1.7,1.8,2.0,2.1,46564	
1.7,1.8,2.7,2.8,63655	
1.7,1.8,3.5,3.6,56182	
1.7,1.8,4.3,4.4,31177	
1.7,1.8,5.1,5.2,20836	
1.7,1.8,5.8,5.9,21452	
1.7,1.8,6.6,6.7,16909	
1.7,1.8,7.4,7.5,7175	
1.7,1.8,8.2,8.3,1636	
1.7,1.8,8.9,9.0,307	
1.7,1.8,9.0,9.1,195	
1.7,1.8,9.7,9.8,23	
1.8,1.9,0.0,0.1,50227	
1.8,1.9,0.7,0.8,42787	
1.8,1.9,1.5,1.6,38248	
1.8,1.9,2.3,2.4,56875	
1.8,1.9,3.1,3.2,65824	
1.8,1.9,3.8,3.9,48095	
1.8,1.9,4.6,4.7,24069	
1.8,1.9,5.4,5.5,18157	
1.8,1.9,6.2,6.3,16888	
1.8,1.9,6.9,7.0,10995	
1.8,1.9,7.0,7.1,10008	
1.8,1.9,7.7,7.8,3686	
1.8,1.9,8.5,8.6,670	
1.8,1.9,9.3,9.4,66	
1.9,2.0,0.3,0.4,54212	
1.9,2.0,1.1,1.2,40943	
1.9,2.0,1.8,1.9,46102	
1.9,2.0,10.1,10.2,1	
1.9,2.0,2.6,2.7,66926	
1.9,2.0,3.4,3.5,63287	
1.9,2.0,4.2,4.3,35225	
1.9,2.0,4.9,5.0,18619	
1.9,2.0,5.0,5.1,17468	
1.9,2.0,5.7,5.8,15311	
1.9,2.0,6.5,6.6,12434	
1.9,2.0,7.3,7.4,5745	
1.9,2.0,8.1,8.2,1370	
1.9,2.0,8.8,8.9,269	
1.9,2.0,9.6,9.7,15	
10.0,10.1,0.0,0.1,21	
10.0,10.1,0.7,0.8,20	
10.0,10.1,1.5,1.6,5	
10.0,10.1,2.3,2.4,1	
10.1,10.2,0.3,0.4,14	
10.1,10.2,1.1,1.2,11	
10.1,10.2,1.8,1.9,3	
10.2,10.3,0.6,0.7,3	
10.2,10.3,1.4,1.5,4	
10.3,10.4,0.2,0.3,10	
10.3,10.4,0.9,1.0,6	
10.3,10.4,1.0,1.1,2	
10.3,10.4,1.7,1.8,4	
10.4,10.5,0.5,0.6,2	
10.4,10.5,1.3,1.4,2	
10.4,10.5,2.1,2.2,2	
10.5,10.6,0.1,0.2,2	
10.5,10.6,0.8,0.9,2	
10.5,10.6,1.6,1.7,3	
10.6,10.7,1.9,2.0,1	
10.8,10.9,1.1,1.2,1	
11.3,11.4,0.1,0.2,1	
2.0,2.1,0.5,0.6,55745	
2.0,2.1,1.3,1.4,43317	
2.0,2.1,2.1,2.2,56967	
2.0,2.1,2.8,2.9,72735	
2.0,2.1,3.6,3.7,59523	
2.0,2.1,4.4,4.5,29017	
2.0,2.1,5.2,5.3,14450	
2.0,2.1,5.9,6.0,12605	
2.0,2.1,6.0,6.1,12320	
2.0,2.1,6.7,6.8,8790	
2.0,2.1,7.5,7.6,3394	
2.0,2.1,8.3,8.4,797	
2.0,2.1,9.1,9.2,79	
2.0,2.1,9.8,9.9,9	
2.1,2.2,0.1,0.2,68082	
2.1,2.2,0.8,0.9,54174	
2.1,2.2,1.6,1.7,47611	
2.1,2.2,2.4,2.5,68557	
2.1,2.2,3.2,3.3,74043	
2.1,2.2,3.9,4.0,49357	
2.1,2.2,4.0,4.1,45536	
2.1,2.2,4.7,4.8,20728	
2.1,2.2,5.5,5.6,11460	
2.1,2.2,6.3,6.4,9334	
2.1,2.2,7.1,7.2,4993	
2.1,2.2,7.8,7.9,1711	
2.1,2.2,8.6,8.7,288	
2.1,2.2,9.4,9.5,21	
2.2,2.3,0.4,0.5,68272	
2.2,2.3,1.2,1.3,50381	
2.2,2.3,1.9,2.0,56731	
2.2,2.3,2.0,2.1,59493	
2.2,2.3,2.7,2.8,78093	
2.2,2.3,3.5,3.6,69249	
2.2,2.3,4.3,4.4,33811	
2.2,2.3,5.1,5.2,13289	
2.2,2.3,5.8,5.9,8817	
2.2,2.3,6.6,6.7,6251	
2.2,2.3,7.4,7.5,2677	
2.2,2.3,8.2,8.3,591	
2.2,2.3,8.9,9.0,83	
2.2,2.3,9.0,9.1,68	
2.2,2.3,9.7,9.8,7	
2.3,2.4,0.0,0.1,78817	
2.3,2.4,0.7,0.8,65224	
2.3,2.4,1.5,1.6,52112	
2.3,2.4,2.3,2.4,72147	
2.3,2.4,3.1,3.2,83540	
2.3,2.4,3.8,3.9,58474	
2.3,2.4,4.6,4.7,23707	
2.3,2.4,5.4,5.5,9338	
2.3,2.4,6.2,6.3,6175	
2.3,2.4,6.9,7.0,3913	
2.3,2.4,7.0,7.1,3531	
2.3,2.4,7.7,7.8,1328	
2.3,2.4,8.5,8.6,245	
2.3,2.4,9.3,9.4,26	
2.4,2.5,0.3,0.4,80335	
2.4,2.5,1.1,1.2,57850	
2.4,2.5,1.8,1.9,59822	
2.4,2.5,10.0,10.1,2	
2.4,2.5,2.6,2.7,83841	
2.4,2.5,3.4,3.5,79590	
2.4,2.5,4.2,4.3,41051	
2.4,2.5,4.9,5.0,15715	
2.4,2.5,5.0,5.1,13544	
2.4,2.5,5.7,5.8,6506	
2.4,2.5,6.5,6.6,4246	
2.4,2.5,7.3,7.4,1933	
2.4,2.5,8.1,8.2,474	
2.4,2.5,8.8,8.9,90	
2.4,2.5,9.6,9.7,9	
2.5,2.6,0.6,0.7,75827	
2.5,2.6,1.4,1.5,57274	
2.5,2.6,2.2,2.3,75084	
2.5,2.6,2.9,3.0,90297	
2.5,2.6,3.0,3.1,90314	
2.5,2.6,3.7,3.8,68567	
2.5,2.6,4.5,4.6,28669	
2.5,2.6,5.3,5.4,8676	
2.5,2.6,6.1,6.2,4282	
2.5,2.6,6.8,6.9,2625	
2.5,2.6,7.6,7.7,957	
2.5,2.6,8.4,8.5,201	
2.5,2.6,9.2,9.3,14	
2.5,2.6,9.9,10.0,3	
2.6,2.7,0.2,0.3,90172	
2.6,2.7,0.9,1.0,68688	
2.6,2.7,1.0,1.1,66259	
2.6,2.7,1.7,1.8,61510	
2.6,2.7,10.4,10.5,1	
2.6,2.7,2.5,2.6,87000	
2.6,2.7,3.3,3.4,87218	
2.6,2.7,4.1,4.2,48706	
2.6,2.7,4.8,4.9,18381	
2.6,2.7,5.6,5.7,5467	
2.6,2.7,6.4,6.5,2937	
2.6,2.7,7.2,7.3,1300	
2.6,2.7,7.9,8.0,449	
2.6,2.7,8.0,8.1,391	
2.6,2.7,8.7,8.8,49	
2.6,2.7,9.5,9.6,7	
2.7,2.8,0.5,0.6,85243	
2.7,2.8,1.3,1.4,61668	
2.7,2.8,2.1,2.2,75109	
2.7,2.8,2.8,2.9,95623	
2.7,2.8,3.6,3.7,76306	
2.7,2.8,4.4,4.5,33836	
2.7,2.8,5.2,5.3,9113	
2.7,2.8,5.9,6.0,3516	
2.7,2.8,6.0,6.1,3168	
2.7,2.8,6.7,6.8,1613	
2.7,2.8,7.5,7.6,658	
2.7,2.8,8.3,8.4,141	
2.7,2.8,9.1,9.2,8	
2.7,2.8,9.8,9.9,1	
2.8,2.9,0.1,0.2,96905	
2.8,2.9,0.8,0.9,76083	
2.8,2.9,1.6,1.7,63003	
2.8,2.9,2.4,2.5,87119	
2.8,2.9,3.2,3.3,93890	
2.8,2.9,3.9,4.0,61331	
2.8,2.9,4.0,4.1,55913	
2.8,2.9,4.7,4.8,21573	
2.8,2.9,5.5,5.6,5227	
2.8,2.9,6.3,6.4,1918	
2.8,2.9,7.1,7.2,910	
2.8,2.9,7.8,7.9,326	
2.8,2.9,8.6,8.7,60	
2.8,2.9,9.4,9.5,7	
2.9,3.0,0.4,0.5,90978	
2.9,3.0,1.2,1.3,65122	
2.9,3.0,1.9,2.0,70389	
2.9,3.0,2.0,2.1,73399	
2.9,3.0,2.7,2.8,95504	
2.9,3.0,3.5,3.6,83061	
2.9,3.0,4.3,4.4,39443	
2.9,3.0,5.1,5.2,10490	
2.9,3.0,5.8,5.9,2836	
2.9,3.0,6.6,6.7,1195	
2.9,3.0,7.4,7.5,463	
2.9,3.0,8.2,8.3,103	
2.9,3.0,8.9,9.0,21	
2.9,3.0,9.0,9.1,19	
2.9,3.0,9.7,9.8,4	
3.0,3.1,0.4,0.5,90830	
3.0,3.1,1.2,1.3,65251	
3.0,3.1,1.9,2.0,69652	
3.0,3.1,2.0,2.1,73257	
3.0,3.1,2.7,2.8,95867	
3.0,3.1,3.5,3.6,83045	
3.0,3.1,4.3,4.4,38976	
3.0,3.1,5.1,5.2,10300	
3.0,3.1,5.8,5.9,2641	
3.0,3.1,6.6,6.7,888	
3.0,3.1,7.4,7.5,363	
3.0,3.1,8.2,8.3,69	
3.0,3.1,8.9,9.0,12	
3.0,3.1,9.0,9.1,10	
3.1,3.2,0.0,0.1,97789	
3.1,3.2,0.7,0.8,80320	
3.1,3.2,1.5,1.6,62167	
3.1,3.2,2.3,2.4,83126	
3.1,3.2,3.1,3.2,94063	
3.1,3.2,3.8,3.9,66477	
3.1,3.2,4.6,4.7,24435	
3.1,3.2,5.4,5.5,5163	
3.1,3.2,6.2,6.3,1124	
3.1,3.2,6.9,7.0,470	
3.1,3.2,7.0,7.1,403	
3.1,3.2,7.7,7.8,153	
3.1,3.2,8.5,8.6,19	
3.1,3.2,9.3,9.4,4	
3.2,3.3,0.3,0.4,91950	
3.2,3.3,1.1,1.2,65807	
3.2,3.3,1.8,1.9,65245	
3.2,3.3,2.6,2.7,90009	
3.2,3.3,3.4,3.5,84590	
3.2,3.3,4.2,4.3,42581	
3.2,3.3,4.9,5.0,14225	
3.2,3.3,5.0,5.1,11867	
3.2,3.3,5.7,5.8,2568	
3.2,3.3,6.5,6.6,575	
3.2,3.3,7.3,7.4,219	
3.2,3.3,8.1,8.2,55	
3.2,3.3,8.8,8.9,9	
3.2,3.3,9.6,9.7,3	
3.3,3.4,0.6,0.7,80469	
3.3,3.4,1.4,1.5,59333	
3.3,3.4,2.2,2.3,74998	
3.3,3.4,2.9,3.0,91653	
3.3,3.4,3.0,3.1,91232	
3.3,3.4,3.7,3.8,68386	
3.3,3.4,4.5,4.6,27166	
3.3,3.4,5.3,5.4,5920	
3.3,3.4,6.1,6.2,969	
3.3,3.4,6.8,6.9,294	
3.3,3.4,7.6,7.7,89	
3.3,3.4,8.4,8.5,15	
3.3,3.4,9.2,9.3,2	
3.3,3.4,9.9,10.0,3	
3.4,3.5,0.2,0.3,89637	
3.4,3.5,0.9,1.0,67720	
3.4,3.5,1.0,1.1,64812	
3.4,3.5,1.7,1.8,59270	
3.4,3.5,2.5,2.6,82105	
3.4,3.5,3.3,3.4,81794	
3.4,3.5,4.1,4.2,44663	
3.4,3.5,4.8,4.9,15631	
3.4,3.5,5.6,5.7,2777	
3.4,3.5,6.4,6.5,475	
3.4,3.5,7.2,7.3,139	
3.4,3.5,7.9,8.0,38	
3.4,3.5,8.0,8.1,24	
3.4,3.5,8.7,8.8,3	
3.5,3.6,0.5,0.6,78353	
3.5,3.6,1.3,1.4,56073	
3.5,3.6,2.1,2.2,65899	
3.5,3.6,2.8,2.9,82391	
3.5,3.6,3.6,3.7,66943	
3.5,3.6,4.4,4.5,28838	
3.5,3.6,5.2,5.3,6787	
3.5,3.6,5.9,6.0,1200	
3.5,3.6,6.0,6.1,985	
3.5,3.6,6.7,6.8,227	
3.5,3.6,7.5,7.6,53	
3.5,3.6,8.3,8.4,8	
3.5,3.6,9.1,9.2,2	
3.5,3.6,9.8,9.9,1	
3.6,3.7,0.1,0.2,84672	
3.6,3.7,0.8,0.9,65749	
3.6,3.7,1.6,1.7,52309	
3.6,3.7,2.4,2.5,70390	
3.6,3.7,3.2,3.3,75818	
3.6,3.7,3.9,4.0,49479	
3.6,3.7,4.0,4.1,45123	
3.6,3.7,4.7,4.8,16839	
3.6,3.7,5.5,5.6,3227	
3.6,3.7,6.3,6.4,398	
3.6,3.7,7.1,7.2,86	
3.6,3.7,7.8,7.9,17	
3.6,3.7,8.6,8.7,4	
3.7,3.8,0.4,0.5,74709	
3.7,3.8,1.2,1.3,51994	
3.7,3.8,1.9,2.0,53496	
3.7,3.8,2.0,2.1,55729	
3.7,3.8,2.7,2.8,71717	
3.7,3.8,3.5,3.6,62171	
3.7,3.8,4.3,4.4,28858	
3.7,3.8,5.1,5.2,7341	
3.7,3.8,5.8,5.9,1307	
3.7,3.8,6.6,6.7,148	
3.7,3.8,7.4,7.5,32	
3.7,3.8,8.2,8.3,10	
3.7,3.8,8.9,9.0,3	
3.7,3.8,9.0,9.1,2	
3.7,3.8,9.7,9.8,1	
3.8,3.9,0.0,0.1,77641	
3.8,3.9,0.7,0.8,62459	
3.8,3.9,1.5,1.6,46084	
3.8,3.9,2.3,2.4,58583	
3.8,3.9,3.1,3.2,66235	
3.8,3.9,3.8,3.9,46580	
3.8,3.9,4.6,4.7,17179	
3.8,3.9,5.4,5.5,3434	
3.8,3.9,6.2,6.3,407	
3.8,3.9,6.9,7.0,71	
3.8,3.9,7.0,7.1,47	
3.8,3.9,7.7,7.8,18	
3.8,3.9,8.5,8.6,5	
3.8,3.9,9.3,9.4,1	
3.9,4.0,0.3,0.4,70246	
3.9,4.0,1.1,1.2,48705	
3.9,4.0,1.8,1.9,44284	
3.9,4.0,2.6,2.7,59366	
3.9,4.0,3.4,3.5,55248	
3.9,4.0,4.2,4.3,27533	
3.9,4.0,4.9,5.0,9064	
3.9,4.0,5.0,5.1,7433	
3.9,4.0,5.7,5.8,1391	
3.9,4.0,6.5,6.6,131	
3.9,4.0,7.3,7.4,13	
3.9,4.0,8.1,8.2,3	
3.9,4.0,8.8,8.9,1	
3.9,4.0,9.6,9.7,1	
4.0,4.1,0.3,0.4,66756	
4.0,4.1,1.1,1.2,45881	
4.0,4.1,1.8,1.9,41174	
4.0,4.1,2.6,2.7,53792	
4.0,4.1,3.4,3.5,49979	
4.0,4.1,4.2,4.3,25043	
4.0,4.1,4.9,5.0,8147	
4.0,4.1,5.0,5.1,6831	
4.0,4.1,5.7,5.8,1306	
4.0,4.1,6.5,6.6,121	
4.0,4.1,7.3,7.4,17	
4.0,4.1,8.1,8.2,2	
4.0,4.1,8.8,8.9,2	
4.1,4.2,0.6,0.7,57002	
4.1,4.2,1.4,1.5,38157	
4.1,4.2,2.2,2.3,42661	
4.1,4.2,2.9,3.0,49733	
4.1,4.2,3.0,3.1,49993	
4.1,4.2,3.7,3.8,37467	
4.1,4.2,4.5,4.6,14767	
4.1,4.2,5.3,5.4,3060	
4.1,4.2,6.1,6.2,348	
4.1,4.2,6.8,6.9,41	
4.1,4.2,7.6,7.7,7	
4.1,4.2,8.4,8.5,1	
4.1,4.2,9.2,9.3,1	
4.1,4.2,9.9,10.0,3	
4.2,4.3,0.2,0.3,63631	
4.2,4.3,0.9,1.0,46649	
4.2,4.3,1.0,1.1,43834	
4.2,4.3,1.7,1.8,34241	
4.2,4.3,2.5,2.6,42049	
4.2,4.3,3.3,3.4,41037	
4.2,4.3,4.1,4.2,22548	
4.2,4.3,4.8,4.9,7888	
4.2,4.3,5.6,5.7,1311	
4.2,4.3,6.4,6.5,131	
4.2,4.3,7.2,7.3,7	
4.2,4.3,7.9,8.0,5	
4.2,4.3,8.0,8.1,3	
4.2,4.3,8.7,8.8,2	
4.3,4.4,0.5,0.6,56174	
4.3,4.4,1.3,1.4,35141	
4.3,4.4,2.1,2.2,32792	
4.3,4.4,2.8,2.9,39076	
4.3,4.4,3.6,3.7,31160	
4.3,4.4,4.4,4.5,13385	
4.3,4.4,5.2,5.3,3082	
4.3,4.4,5.9,6.0,495	
4.3,4.4,6.0,6.1,386	
4.3,4.4,6.7,6.8,35	
4.3,4.4,7.5,7.6,7	
4.3,4.4,8.3,8.4,3	
4.4,4.5,0.1,0.2,62358	
4.4,4.5,0.8,0.9,46572	
4.4,4.5,1.6,1.7,29402	
4.4,4.5,2.4,2.5,31748	
4.4,4.5,3.2,3.3,32761	
4.4,4.5,3.9,4.0,21015	
4.4,4.5,4.0,4.1,19280	
4.4,4.5,4.7,4.8,7233	
4.4,4.5,5.5,5.6,1265	
4.4,4.5,6.3,6.4,117	
4.4,4.5,7.1,7.2,8	
4.4,4.5,7.8,7.9,2	
4.4,4.5,8.6,8.7,1	
4.5,4.6,0.4,0.5,57872	
4.5,4.6,1.2,1.3,34472	
4.5,4.6,1.9,2.0,25730	
4.5,4.6,2.0,2.1,25901	
4.5,4.6,2.7,2.8,29257	
4.5,4.6,3.5,3.6,25079	
4.5,4.6,4.3,4.4,11642	
4.5,4.6,5.1,5.2,2852	
4.5,4.6,5.8,5.9,543	
4.5,4.6,6.6,6.7,36	
4.5,4.6,7.4,7.5,1	
4.5,4.6,8.9,9.0,1	
4.6,4.7,0.0,0.1,63450	
4.6,4.7,0.7,0.8,49272	
4.6,4.7,1.5,1.6,27496	
4.6,4.7,2.3,2.4,23876	
4.6,4.7,3.1,3.2,24652	
4.6,4.7,3.8,3.9,17173	
4.6,4.7,4.6,4.7,6261	
4.6,4.7,5.4,5.5,1214	
4.6,4.7,6.2,6.3,121	
4.6,4.7,6.9,7.0,10	
4.6,4.7,7.0,7.1,12	
4.6,4.7,7.7,7.8,3	
4.6,4.7,8.5,8.6,1	
4.6,4.7,9.3,9.4,2	
4.7,4.8,0.3,0.4,61797	
4.7,4.8,1.1,1.2,37073	
4.7,4.8,1.8,1.9,22256	
4.7,4.8,2.6,2.7,21366	
4.7,4.8,3.4,3.5,18840	
4.7,4.8,4.2,4.3,9423	
4.7,4.8,4.9,5.0,3181	
4.7,4.8,5.0,5.1,2480	
4.7,4.8,5.7,5.8,465	
4.7,4.8,6.5,6.6,43	
4.7,4.8,7.3,7.4,3	
4.7,4.8,8.1,8.2,1	
4.7,4.8,8.8,8.9,1	
4.7,4.8,9.6,9.7,1	
4.8,4.9,0.6,0.7,55038	
4.8,4.9,1.4,1.5,28421	
4.8,4.9,2.2,2.3,18186	
4.8,4.9,2.9,3.0,18488	
4.8,4.9,3.0,3.1,17973	
4.8,4.9,3.7,3.8,13320	
4.8,4.9,4.5,4.6,5248	
4.8,4.9,5.3,5.4,1098	
4.8,4.9,6.1,6.2,125	
4.8,4.9,6.8,6.9,13	
4.8,4.9,7.6,7.7,1	
4.8,4.9,9.9,10.0,1	
4.9,5.0,0.2,0.3,67593	
4.9,5.0,0.9,1.0,46048	
4.9,5.0,1.0,1.1,42071	
4.9,5.0,1.7,1.8,21305	
4.9,5.0,2.5,2.6,15605	
4.9,5.0,3.3,3.4,13528	
4.9,5.0,4.1,4.2,7298	
4.9,5.0,4.8,4.9,2584	
4.9,5.0,5.6,5.7,391	
4.9,5.0,6.4,6.5,38	
4.9,5.0,7.2,7.3,7	
4.9,5.0,7.9,8.0,1	
4.9,5.0,8.0,8.1,2	
4.9,5.0,8.7,8.8,1	
5.0,5.1,0.4,0.5,65701	
5.0,5.1,1.2,1.3,35956	
5.0,5.1,1.9,2.0,17532	
5.0,5.1,2.0,2.1,16339	
5.0,5.1,2.7,2.8,13036	
5.0,5.1,3.5,3.6,10245	
5.0,5.1,4.3,4.4,4671	
5.0,5.1,5.1,5.2,1187	
5.0,5.1,5.8,5.9,209	
5.0,5.1,6.6,6.7,21	
5.0,5.1,7.4,7.5,4	
5.0,5.1,8.9,9.0,2	
5.1,5.2,0.0,0.1,75504	
5.1,5.2,0.7,0.8,58530	
5.1,5.2,1.5,1.6,26360	
5.1,5.2,2.3,2.4,12559	
5.1,5.2,3.1,3.2,9727	
5.1,5.2,3.8,3.9,6623	
5.1,5.2,4.6,4.7,2431	
5.1,5.2,5.4,5.5,454	
5.1,5.2,6.2,6.3,48	
5.1,5.2,6.9,7.0,6	
5.1,5.2,7.0,7.1,5	
5.1,5.2,7.7,7.8,3	
5.1,5.2,8.5,8.6,3	
5.2,5.3,0.3,0.4,75251	
5.2,5.3,1.1,1.2,42673	
5.2,5.3,1.8,1.9,18112	
5.2,5.3,2.6,2.7,9543	
5.2,5.3,3.4,3.5,7021	
5.2,5.3,4.2,4.3,3525	
5.2,5.3,4.9,5.0,1129	
5.2,5.3,5.0,5.1,906	
5.2,5.3,5.7,5.8,179	
5.2,5.3,6.5,6.6,6	
5.2,5.3,7.3,7.4,3	
5.2,5.3,8.1,8.2,1	
5.2,5.3,8.8,8.9,1	
5.2,5.3,9.6,9.7,1	
5.3,5.4,0.6,0.7,67597	
5.3,5.4,1.4,1.5,30893	
5.3,5.4,2.2,2.3,11265	
5.3,5.4,2.9,3.0,7130	
5.3,5.4,3.0,3.1,6936	
5.3,5.4,3.7,3.8,4639	
5.3,5.4,4.5,4.6,1960	
5.3,5.4,5.3,5.4,399	
5.3,5.4,6.1,6.2,46	
5.3,5.4,6.8,6.9,3	
5.3,5.4,7.6,7.7,1	
5.3,5.4,9.2,9.3,2	
5.3,5.4,9.9,10.0,2	
5.4,5.5,0.2,0.3,83724	
5.4,5.5,0.9,1.0,55976	
5.4,5.5,1.0,1.1,50805	
5.4,5.5,1.7,1.8,21078	
5.4,5.5,2.5,2.6,7575	
5.4,5.5,3.3,3.4,4821	
5.4,5.5,4.1,4.2,2541	
5.4,5.5,4.8,4.9,829	
5.4,5.5,5.6,5.7,147	
5.4,5.5,6.4,6.5,17	
5.4,5.5,7.2,7.3,2	
5.4,5.5,7.9,8.0,2	
5.4,5.5,8.0,8.1,1	
5.5,5.6,0.5,0.6,77779	
5.5,5.6,1.3,1.4,36955	
5.5,5.6,2.1,2.2,11637	
5.5,5.6,2.8,2.9,5209	
5.5,5.6,3.6,3.7,3097	
5.5,5.6,4.4,4.5,1274	
5.5,5.6,5.2,5.3,317	
5.5,5.6,5.9,6.0,49	
5.5,5.6,6.0,6.1,29	
5.5,5.6,6.7,6.8,5	
5.5,5.6,7.5,7.6,1	
5.5,5.6,8.3,8.4,1	
5.5,5.6,9.1,9.2,2	
5.6,5.7,0.1,0.2,91252	
5.6,5.7,0.8,0.9,64430	
5.6,5.7,1.6,1.7,24803	
5.6,5.7,2.4,2.5,7147	
5.6,5.7,3.2,3.3,3333	
5.6,5.7,3.9,4.0,1879	
5.6,5.7,4.0,4.1,1622	
5.6,5.7,4.7,4.8,661	
5.6,5.7,5.5,5.6,117	
5.6,5.7,6.3,6.4,17	
5.6,5.7,7.1,7.2,2	
5.6,5.7,7.8,7.9,2	
5.6,5.7,8.6,8.7,3	
5.7,5.8,0.4,0.5,86014	
5.7,5.8,1.2,1.3,44101	
5.7,5.8,1.9,2.0,15559	
5.7,5.8,2.0,2.1,12805	
5.7,5.8,2.7,2.8,4214	
5.7,5.8,3.5,3.6,1987	
5.7,5.8,4.3,4.4,881	
5.7,5.8,5.1,5.2,237	
5.7,5.8,5.8,5.9,46	
5.7,5.8,6.6,6.7,5	
5.7,5.8,7.4,7.5,2	
5.7,5.8,9.0,9.1,1	
5.8,5.9,0.0,0.1,95701	
5.8,5.9,0.7,0.8,72427	
5.8,5.9,1.5,1.6,29398	
5.8,5.9,2.3,2.4,7560	
5.8,5.9,3.1,3.2,2269	
5.8,5.9,3.8,3.9,1243	
5.8,5.9,4.6,4.7,399	
5.8,5.9,5.4,5.5,98	
5.8,5.9,6.2,6.3,8	
5.8,5.9,6.9,7.0,3	
5.8,5.9,7.0,7.1,1	
5.8,5.9,7.7,7.8,2	
5.8,5.9,8.5,8.6,1	
5.8,5.9,9.3,9.4,1	
5.9,6.0,0.3,0.4,90815	
5.9,6.0,1.1,1.2,50189	
5.9,6.0,1.8,1.9,18178	
5.9,6.0,2.6,2.7,4081	
5.9,6.0,3.4,3.5,1396	
5.9,6.0,4.2,4.3,614	
5.9,6.0,4.9,5.0,173	
5.9,6.0,5.0,5.1,160	
5.9,6.0,5.7,5.8,28	
5.9,6.0,6.5,6.6,4	
5.9,6.0,7.3,7.4,1	
5.9,6.0,8.1,8.2,1	
5.9,6.0,8.8,8.9,2	
5.9,6.0,9.6,9.7,1	
6.0,6.1,0.3,0.4,90629	
6.0,6.1,1.1,1.2,49807	
6.0,6.1,1.8,1.9,17850	
6.0,6.1,2.6,2.7,3786	
6.0,6.1,3.4,3.5,1085	
6.0,6.1,4.2,4.3,426	
6.0,6.1,4.9,5.0,139	
6.0,6.1,5.0,5.1,99	
6.0,6.1,5.7,5.8,25	
6.0,6.1,6.5,6.6,2	
6.0,6.1,7.3,7.4,1	
6.0,6.1,8.1,8.2,2	
6.0,6.1,8.8,8.9,2	
6.0,6.1,9.6,9.7,2	
6.1,6.2,0.6,0.7,77589	
6.1,6.2,1.4,1.5,33193	
6.1,6.2,2.2,2.3,7999	
6.1,6.2,2.9,3.0,1879	
6.1,6.2,3.0,3.1,1646	
6.1,6.2,3.7,3.8,587	
6.1,6.2,4.5,4.6,206	
6.1,6.2,5.3,5.4,34	
6.1,6.2,6.1,6.2,7	
6.1,6.2,6.8,6.9,2	
6.1,6.2,9.2,9.3,5	
6.1,6.2,9.9,10.0,1	
6.2,6.3,0.2,0.3,90260	
6.2,6.3,0.9,1.0,59455	
6.2,6.3,1.0,1.1,53806	
6.2,6.3,1.7,1.8,20466	
6.2,6.3,2.5,2.6,3978	
6.2,6.3,3.3,3.4,826	
6.2,6.3,4.1,4.2,268	
6.2,6.3,4.8,4.9,72	
6.2,6.3,5.6,5.7,17	
6.2,6.3,6.4,6.5,1	
6.2,6.3,7.2,7.3,3	
6.2,6.3,7.9,8.0,1	
6.2,6.3,8.0,8.1,1	
6.3,6.4,0.5,0.6,77572	
6.3,6.4,1.3,1.4,36294	
6.3,6.4,2.1,2.2,9044	
6.3,6.4,2.8,2.9,1921	
6.3,6.4,3.6,3.7,408	
6.3,6.4,4.4,4.5,158	
6.3,6.4,5.2,5.3,26	
6.3,6.4,5.9,6.0,5	
6.3,6.4,6.0,6.1,6	
6.3,6.4,6.7,6.8,2	
6.3,6.4,8.3,8.4,2	
6.3,6.4,9.8,9.9,2	
6.4,6.5,0.1,0.2,85575	
6.4,6.5,0.8,0.9,60646	
6.4,6.5,1.6,1.7,22046	
6.4,6.5,2.4,2.5,4544	
6.4,6.5,3.2,3.3,701	
6.4,6.5,3.9,4.0,218	
6.4,6.5,4.0,4.1,191	
6.4,6.5,4.7,4.8,62	
6.4,6.5,5.5,5.6,13	
6.4,6.5,6.3,6.4,3	
6.4,6.5,7.1,7.2,3	
6.4,6.5,8.6,8.7,1	
6.5,6.6,0.4,0.5,74302	
6.5,6.6,1.2,1.3,37496	
6.5,6.6,1.9,2.0,12202	
6.5,6.6,2.0,2.1,10150	
6.5,6.6,2.7,2.8,2100	
6.5,6.6,3.5,3.6,307	
6.5,6.6,4.3,4.4,89	
6.5,6.6,5.1,5.2,19	
6.5,6.6,5.8,5.9,6	
6.5,6.6,6.6,6.7,2	
6.5,6.6,7.4,7.5,1	
6.5,6.6,8.2,8.3,1	
6.5,6.6,8.9,9.0,1	
6.5,6.6,9.0,9.1,1	
6.5,6.6,9.7,9.8,1	
6.6,6.7,0.0,0.1,76839	
6.6,6.7,0.7,0.8,58357	
6.6,6.7,1.5,1.6,23161	
6.6,6.7,2.3,2.4,5137	
6.6,6.7,3.1,3.2,690	
6.6,6.7,3.8,3.9,129	
6.6,6.7,4.6,4.7,37	
6.6,6.7,5.4,5.5,5	
6.6,6.7,6.2,6.3,2	
6.6,6.7,6.9,7.0,1	
6.6,6.7,7.0,7.1,1	
6.6,6.7,7.7,7.8,1	
6.6,6.7,8.5,8.6,1	
6.6,6.7,9.3,9.4,1	
6.7,6.8,0.3,0.4,68148	
6.7,6.8,1.1,1.2,37333	
6.7,6.8,1.8,1.9,13187	
6.7,6.8,2.6,2.7,2183	
6.7,6.8,3.4,3.5,285	
6.7,6.8,4.2,4.3,41	
6.7,6.8,4.9,5.0,20	
6.7,6.8,5.0,5.1,10	
6.7,6.8,5.7,5.8,2	
6.7,6.8,6.5,6.6,2	
6.7,6.8,7.3,7.4,2	
6.7,6.8,8.1,8.2,1	
6.7,6.8,8.8,8.9,1	
6.8,6.9,0.6,0.7,53846	
6.8,6.9,1.4,1.5,23367	
6.8,6.9,2.2,2.3,5387	
6.8,6.9,2.9,3.0,878	
6.8,6.9,3.0,3.1,734	
6.8,6.9,3.7,3.8,114	
6.8,6.9,4.5,4.6,23	
6.8,6.9,5.3,5.4,4	
6.8,6.9,6.1,6.2,1	
6.8,6.9,6.8,6.9,5	
6.8,6.9,8.4,8.5,3	
6.8,6.9,9.9,10.0,1	
6.9,7.0,0.2,0.3,58392	
6.9,7.0,0.9,1.0,38486	
6.9,7.0,1.0,1.1,35238	
6.9,7.0,1.7,1.8,13029	
6.9,7.0,2.5,2.6,2512	
6.9,7.0,3.3,3.4,275	
6.9,7.0,4.1,4.2,28	
6.9,7.0,4.8,4.9,7	
6.9,7.0,5.6,5.7,2	
6.9,7.0,6.4,6.5,1	
6.9,7.0,8.0,8.1,2	
6.9,7.0,8.7,8.8,1	
7.0,7.1,0.4,0.5,50041	
7.0,7.1,1.2,1.3,25629	
7.0,7.1,1.9,2.0,8344	
7.0,7.1,2.0,2.1,6792	
7.0,7.1,2.7,2.8,1310	
7.0,7.1,3.5,3.6,127	
7.0,7.1,4.3,4.4,13	
7.0,7.1,5.1,5.2,4	
7.0,7.1,5.8,5.9,3	
7.0,7.1,6.6,6.7,3	
7.0,7.1,7.4,7.5,2	
7.0,7.1,8.2,8.3,3	
7.0,7.1,9.0,9.1,2	
7.1,7.2,0.0,0.1,48837	
7.1,7.2,0.7,0.8,37060	
7.1,7.2,1.5,1.6,14703	
7.1,7.2,2.3,2.4,3103	
7.1,7.2,3.1,3.2,357	
7.1,7.2,3.8,3.9,50	
7.1,7.2,4.6,4.7,6	
7.1,7.2,5.4,5.5,6	
7.1,7.2,6.2,6.3,3	
7.1,7.2,6.9,7.0,2	
7.2,7.3,0.3,0.4,41009	
7.2,7.3,1.1,1.2,22467	
7.2,7.3,1.8,1.9,7990	
7.2,7.3,2.6,2.7,1345	
7.2,7.3,3.4,3.5,129	
7.2,7.3,4.2,4.3,11	
7.2,7.3,4.9,5.0,3	
7.2,7.3,5.0,5.1,4	
7.2,7.3,5.7,5.8,3	
7.2,7.3,6.5,6.6,1	
7.2,7.3,8.1,8.2,1	
7.2,7.3,8.8,8.9,1	
7.2,7.3,9.6,9.7,1	
7.3,7.4,0.6,0.7,31249	
7.3,7.4,1.4,1.5,13221	
7.3,7.4,2.2,2.3,3046	
7.3,7.4,2.9,3.0,517	
7.3,7.4,3.0,3.1,387	
7.3,7.4,3.7,3.8,26	
7.3,7.4,4.5,4.6,3	
7.3,7.4,5.3,5.4,2	
7.3,7.4,6.1,6.2,1	
7.3,7.4,6.8,6.9,2	
7.3,7.4,7.6,7.7,1	
7.3,7.4,8.4,8.5,1	
7.3,7.4,9.9,10.0,1	
7.4,7.5,0.2,0.3,32509	
7.4,7.5,0.9,1.0,21440	
7.4,7.5,1.0,1.1,19192	
7.4,7.5,1.7,1.8,7214	
7.4,7.5,2.5,2.6,1250	
7.4,7.5,3.3,3.4,123	
7.4,7.5,4.1,4.2,11	
7.4,7.5,4.8,4.9,2	
7.4,7.5,5.6,5.7,2	
7.4,7.5,6.4,6.5,2	
7.4,7.5,7.2,7.3,1	
7.4,7.5,8.0,8.1,1	
7.5,7.6,0.5,0.6,24747	
7.5,7.6,1.3,1.4,11594	
7.5,7.6,2.1,2.2,2910	
7.5,7.6,2.8,2.9,546	
7.5,7.6,3.6,3.7,48	
7.5,7.6,4.4,4.5,4	
7.5,7.6,5.2,5.3,1	
7.5,7.6,5.9,6.0,2	
7.5,7.6,6.0,6.1,2	
7.5,7.6,6.7,6.8,1	
7.5,7.6,7.5,7.6,1	
7.5,7.6,9.1,9.2,1	
7.6,7.7,0.1,0.2,24220	
7.6,7.7,0.8,0.9,17293	
7.6,7.7,1.6,1.7,6519	
7.6,7.7,2.4,2.5,1237	
7.6,7.7,3.2,3.3,119	
7.6,7.7,3.9,4.0,13	
7.6,7.7,4.0,4.1,11	
7.6,7.7,4.7,4.8,2	
7.6,7.7,5.5,5.6,1	
7.6,7.7,6.3,6.4,1	
7.6,7.7,7.1,7.2,2	
7.6,7.7,8.6,8.7,1	
7.7,7.8,0.4,0.5,18559	
7.7,7.8,1.2,1.3,9512	
7.7,7.8,1.9,2.0,3066	
7.7,7.8,2.0,2.1,2573	
7.7,7.8,2.7,2.8,462	
7.7,7.8,3.5,3.6,35	
7.7,7.8,4.3,4.4,1	
7.7,7.8,5.1,5.2,3	
7.7,7.8,7.4,7.5,1	
7.7,7.8,8.9,9.0,1	
7.8,7.9,0.0,0.1,17030	
7.8,7.9,0.7,0.8,12974	
7.8,7.9,1.5,1.6,5273	
7.8,7.9,2.3,2.4,1117	
7.8,7.9,3.1,3.2,119	
7.8,7.9,3.8,3.9,10	
7.8,7.9,4.6,4.7,1	
7.8,7.9,5.4,5.5,4	
7.8,7.9,6.2,6.3,1	
7.8,7.9,6.9,7.0,2	
7.8,7.9,7.0,7.1,1	
7.9,8.0,0.3,0.4,13351	
7.9,8.0,1.1,1.2,7136	
7.9,8.0,1.8,1.9,2587	
7.9,8.0,2.6,2.7,437	
7.9,8.0,3.4,3.5,35	
7.9,8.0,4.9,5.0,1	
7.9,8.0,5.7,5.8,3	
7.9,8.0,6.5,6.6,1	
7.9,8.0,7.3,7.4,1	
8.0,8.1,0.3,0.4,11217	
8.0,8.1,1.1,1.2,6131	
8.0,8.1,1.8,1.9,2099	
8.0,8.1,2.6,2.7,346	
8.0,8.1,3.4,3.5,26	
8.0,8.1,4.2,4.3,3	
8.0,8.1,4.9,5.0,2	
8.0,8.1,5.0,5.1,3	
8.0,8.1,6.5,6.6,1	
8.0,8.1,8.8,8.9,1	
8.1,8.2,0.6,0.7,7710	
8.1,8.2,1.4,1.5,3256	
8.1,8.2,2.2,2.3,750	
8.1,8.2,2.9,3.0,160	
8.1,8.2,3.0,3.1,85	
8.1,8.2,3.7,3.8,4	
8.1,8.2,5.3,5.4,1	
8.1,8.2,6.1,6.2,1	
8.1,8.2,6.8,6.9,3	
8.2,8.3,0.2,0.3,7412	
8.2,8.3,0.9,1.0,4852	
8.2,8.3,1.0,1.1,4432	
8.2,8.3,1.7,1.8,1717	
8.2,8.3,2.5,2.6,339	
8.2,8.3,3.3,3.4,26	
8.2,8.3,4.1,4.2,2	
8.2,8.3,4.8,4.9,1	
8.2,8.3,5.6,5.7,2	
8.2,8.3,6.4,6.5,2	
8.2,8.3,7.2,7.3,1	
8.3,8.4,0.5,0.6,5214	
8.3,8.4,1.3,1.4,2452	
8.3,8.4,2.1,2.2,582	
8.3,8.4,2.8,2.9,108	
8.3,8.4,3.6,3.7,11	
8.3,8.4,4.4,4.5,1	
8.3,8.4,5.2,5.3,2	
8.3,8.4,7.5,7.6,1	
8.4,8.5,0.1,0.2,4756	
8.4,8.5,0.8,0.9,3274	
8.4,8.5,1.6,1.7,1203	
8.4,8.5,2.4,2.5,238	
8.4,8.5,3.2,3.3,26	
8.4,8.5,3.9,4.0,2	
8.4,8.5,4.0,4.1,2	
8.4,8.5,4.7,4.8,1	
8.4,8.5,5.5,5.6,2	
8.4,8.5,7.1,7.2,1	
8.5,8.6,0.4,0.5,3199	
8.5,8.6,1.2,1.3,1673	
8.5,8.6,1.9,2.0,591	
8.5,8.6,2.0,2.1,426	
8.5,8.6,2.7,2.8,85	
8.5,8.6,3.5,3.6,8	
8.5,8.6,4.3,4.4,2	
8.5,8.6,5.1,5.2,1	
8.5,8.6,5.8,5.9,1	
8.5,8.6,7.4,7.5,1	
8.6,8.7,0.0,0.1,3056	
8.6,8.7,0.7,0.8,2195	
8.6,8.7,1.5,1.6,838	
8.6,8.7,2.3,2.4,173	
8.6,8.7,3.1,3.2,19	
8.6,8.7,3.8,3.9,3	
8.6,8.7,6.2,6.3,2	
8.6,8.7,6.9,7.0,1	
8.6,8.7,7.0,7.1,1	
8.6,8.7,7.7,7.8,1	
8.7,8.8,0.3,0.4,2123	
8.7,8.8,1.1,1.2,1116	
8.7,8.8,1.8,1.9,424	
8.7,8.8,2.6,2.7,62	
8.7,8.8,3.4,3.5,5	
8.7,8.8,4.2,4.3,2	
8.7,8.8,5.0,5.1,1	
8.7,8.8,5.7,5.8,2	
8.7,8.8,6.5,6.6,3	
8.8,8.9,0.6,0.7,1373	
8.8,8.9,1.4,1.5,609	
8.8,8.9,2.2,2.3,133	
8.8,8.9,2.9,3.0,20	
8.8,8.9,3.0,3.1,23	
8.8,8.9,3.7,3.8,3	
8.8,8.9,4.5,4.6,1	
8.8,8.9,7.6,7.7,1	
8.9,9.0,0.2,0.3,1197	
8.9,9.0,0.9,1.0,812	
8.9,9.0,1.0,1.1,693	
8.9,9.0,1.7,1.8,261	
8.9,9.0,2.5,2.6,49	
8.9,9.0,3.3,3.4,8	
8.9,9.0,4.8,4.9,1	
8.9,9.0,5.6,5.7,1	
8.9,9.0,6.4,6.5,2	
8.9,9.0,7.2,7.3,1	
8.9,9.0,7.9,8.0,1	
9.0,9.1,0.4,0.5,813	
9.0,9.1,1.2,1.3,404	
9.0,9.1,1.9,2.0,135	
9.0,9.1,2.0,2.1,115	
9.0,9.1,2.7,2.8,20	
9.0,9.1,3.5,3.6,5	
9.0,9.1,4.3,4.4,1	
9.0,9.1,5.1,5.2,2	
9.1,9.2,0.0,0.1,655	
9.1,9.2,0.7,0.8,490	
9.1,9.2,1.5,1.6,206	
9.1,9.2,2.3,2.4,38	
9.1,9.2,3.1,3.2,6	
9.1,9.2,3.8,3.9,3	
9.1,9.2,5.4,5.5,1	
9.1,9.2,6.2,6.3,3	
9.1,9.2,6.9,7.0,1	
9.2,9.3,0.3,0.4,447	
9.2,9.3,1.1,1.2,256	
9.2,9.3,1.8,1.9,83	
9.2,9.3,2.6,2.7,14	
9.2,9.3,3.4,3.5,1	
9.2,9.3,4.9,5.0,3	
9.2,9.3,5.7,5.8,1	
9.2,9.3,6.5,6.6,2	
9.2,9.3,7.3,7.4,1	
9.2,9.3,8.1,8.2,1	
9.3,9.4,0.6,0.7,274	
9.3,9.4,1.4,1.5,119	
9.3,9.4,2.2,2.3,20	
9.3,9.4,2.9,3.0,8	
9.3,9.4,3.0,3.1,5	
9.3,9.4,5.3,5.4,1	
9.3,9.4,6.1,6.2,1	
9.3,9.4,7.6,7.7,1	
9.4,9.5,0.2,0.3,247	
9.4,9.5,0.9,1.0,155	
9.4,9.5,1.0,1.1,143	
9.4,9.5,1.7,1.8,58	
9.4,9.5,2.5,2.6,9	
9.4,9.5,3.3,3.4,2	
9.4,9.5,4.8,4.9,1	
9.4,9.5,5.6,5.7,2	
9.4,9.5,6.4,6.5,1	
9.4,9.5,7.2,7.3,1	
9.5,9.6,0.5,0.6,180	
9.5,9.6,1.3,1.4,74	
9.5,9.6,2.1,2.2,14	
9.5,9.6,2.8,2.9,5	
9.5,9.6,3.6,3.7,1	
9.5,9.6,5.9,6.0,2	
9.5,9.6,6.0,6.1,2	
9.5,9.6,6.7,6.8,1	
9.6,9.7,0.1,0.2,102	
9.6,9.7,0.8,0.9,83	
9.6,9.7,1.6,1.7,24	
9.6,9.7,2.4,2.5,5	
9.6,9.7,3.2,3.3,3	
9.6,9.7,3.9,4.0,2	
9.6,9.7,4.0,4.1,1	
9.6,9.7,4.7,4.8,1	
9.6,9.7,5.5,5.6,4	
9.6,9.7,6.3,6.4,1	
9.6,9.7,7.8,7.9,2	
9.7,9.8,0.4,0.5,78	
9.7,9.8,1.2,1.3,51	
9.7,9.8,1.9,2.0,15	
9.7,9.8,2.0,2.1,9	
9.7,9.8,2.7,2.8,6	
9.7,9.8,3.5,3.6,1	
9.7,9.8,5.1,5.2,3	
9.8,9.9,0.0,0.1,60	
9.8,9.9,0.7,0.8,55	
9.8,9.9,1.5,1.6,14	
9.8,9.9,2.3,2.4,8	
9.8,9.9,5.4,5.5,4	
9.8,9.9,6.2,6.3,1	
9.8,9.9,6.9,7.0,1	
9.8,9.9,7.0,7.1,1	
9.9,10.0,0.3,0.4,32	
9.9,10.0,1.1,1.2,15	
9.9,10.0,1.8,1.9,4	
9.9,10.0,2.6,2.7,3	
9.9,10.0,3.4,3.5,2	
9.9,10.0,4.2,4.3,1	
9.9,10.0,5.0,5.1,1	
9.9,10.0,5.7,5.8,1	
9.9,10.0,8.1,8.2,1	
