0.0,0.1,0.6,0.7,7917	
0.0,0.1,1.4,1.5,30343	
0.0,0.1,10.3,10.4,10	
0.0,0.1,2.2,2.3,73925	
0.0,0.1,2.9,3.0,98415	
0.0,0.1,3.0,3.1,98029	
0.0,0.1,3.7,3.8,81057	
0.0,0.1,4.5,4.6,62990	
0.0,0.1,5.3,5.4,82980	
0.0,0.1,6.1,6.2,94411	
0.0,0.1,6.8,6.9,66342	
0.0,0.1,7.6,7.7,24253	
0.0,0.1,8.4,8.5,4547	
0.0,0.1,9.2,9.3,477	
0.0,0.1,9.9,10.0,39	
0.1,0.2,0.2,0.3,4933	
0.1,0.2,0.9,1.0,13295	
0.1,0.2,1.0,1.1,15838	
0.1,0.2,1.7,1.8,45253	
0.1,0.2,10.5,10.6,3	
0.1,0.2,2.5,2.6,87733	
0.1,0.2,3.3,3.4,93887	
0.1,0.2,4.1,4.2,66871	
0.1,0.2,4.8,4.9,66140	
0.1,0.2,5.6,5.7,91971	
0.1,0.2,6.4,6.5,85736	
0.1,0.2,7.2,7.3,42980	
0.1,0.2,7.9,8.0,14174	
0.1,0.2,8.0,8.1,11506	
0.1,0.2,8.7,8.8,2124	
0.1,0.2,9.5,9.6,172	
0.2,0.3,0.5,0.6,7098	
0.2,0.3,1.3,1.4,25536	
0.2,0.3,10.0,10.1,24	
0.2,0.3,2.1,2.2,66676	
0.2,0.3,2.8,2.9,94288	
0.2,0.3,3.6,3.7,82731	
0.2,0.3,4.4,4.5,61083	
0.2,0.3,5.2,5.3,76996	
0.2,0.3,5.9,6.0,93123	
0.2,0.3,6.0,6.1,93427	
0.2,0.3,6.7,6.8,69727	
0.2,0.3,7.5,7.6,27563	
0.2,0.3,8.3,8.4,5969	
0.2,0.3,9.1,9.2,608	
0.2,0.3,9.8,9.9,75	
0.3,0.4,0.1,0.2,5370	
0.3,0.4,0.8,0.9,11491	
0.3,0.4,1.6,1.7,38194	
0.3,0.4,10.2,10.3,12	
0.3,0.4,10.9,11.0,2	
0.3,0.4,2.4,2.5,79842	
0.3,0.4,3.2,3.3,92576	
0.3,0.4,3.9,4.0,70081	
0.3,0.4,4.0,4.1,67691	
0.3,0.4,4.7,4.8,61262	
0.3,0.4,5.5,5.6,84573	
0.3,0.4,6.3,6.4,85100	
0.3,0.4,7.1,7.2,46716	
0.3,0.4,7.8,7.9,16163	
0.3,0.4,8.6,8.7,2752	
0.3,0.4,9.4,9.5,196	
0.4,0.5,0.4,0.5,7325	
0.4,0.5,1.2,1.3,21315	
0.4,0.5,1.9,2.0,52942	
0.4,0.5,10.4,10.5,3	
0.4,0.5,2.0,2.1,58004	
0.4,0.5,2.7,2.8,88329	
0.4,0.5,3.5,3.6,81852	
0.4,0.5,4.3,4.4,58597	
0.4,0.5,5.1,5.2,69148	
0.4,0.5,5.8,5.9,87170	
0.4,0.5,6.6,6.7,69979	
0.4,0.5,7.4,7.5,30277	
0.4,0.5,8.2,8.3,6973	
0.4,0.5,8.9,9.0,1121	
0.4,0.5,9.0,9.1,867	
0.4,0.5,9.7,9.8,68	
0.5,0.6,0.0,0.1,7031	
0.5,0.6,0.7,0.8,10802	
0.5,0.6,1.5,1.6,31557	
0.5,0.6,10.6,10.7,4	
0.5,0.6,2.3,2.4,71046	
0.5,0.6,3.1,3.2,87397	
0.5,0.6,3.8,3.9,68652	
0.5,0.6,4.6,4.7,55578	
0.5,0.6,5.4,5.5,74977	
0.5,0.6,6.2,6.3,79982	
0.5,0.6,6.9,7.0,52382	
0.5,0.6,7.0,7.1,46854	
0.5,0.6,7.7,7.8,17840	
0.5,0.6,8.5,8.6,3222	
0.5,0.6,9.3,9.4,298	
0.6,0.7,0.3,0.4,8585	
0.6,0.7,1.1,1.2,18411	
0.6,0.7,1.8,1.9,44542	
0.6,0.7,10.1,10.2,14	
0.6,0.7,10.8,10.9,1	
0.6,0.7,2.6,2.7,78710	
0.6,0.7,3.4,3.5,78370	
0.6,0.7,4.2,4.3,54961	
0.6,0.7,4.9,5.0,56967	
0.6,0.7,5.0,5.1,59570	
0.6,0.7,5.7,5.8,76765	
0.6,0.7,6.5,6.6,66799	
0.6,0.7,7.3,7.4,31019	
0.6,0.7,8.1,8.2,7636	
0.6,0.7,8.8,8.9,1313	
0.6,0.7,9.6,9.7,96	
0.7,0.8,0.6,0.7,11532	
0.7,0.8,1.4,1.5,26429	
0.7,0.8,10.3,10.4,4	
0.7,0.8,2.2,2.3,60979	
0.7,0.8,2.9,3.0,80649	
0.7,0.8,3.0,3.1,80509	
0.7,0.8,3.7,3.8,65902	
0.7,0.8,4.5,4.6,49047	
0.7,0.8,5.3,5.4,63405	
0.7,0.8,6.1,6.2,71709	
0.7,0.8,6.8,6.9,50185	
0.7,0.8,7.6,7.7,18619	
0.7,0.8,8.4,8.5,3543	
0.7,0.8,9.2,9.3,329	
0.7,0.8,9.9,10.0,35	
0.8,0.9,0.2,0.3,11311	
0.8,0.9,0.9,1.0,15463	
0.8,0.9,1.0,1.1,16831	
0.8,0.9,1.7,1.8,37034	
0.8,0.9,10.5,10.6,3	
0.8,0.9,2.5,2.6,69601	
0.8,0.9,3.3,3.4,73817	
0.8,0.9,4.1,4.2,51198	
0.8,0.9,4.8,4.9,47984	
0.8,0.9,5.6,5.7,65162	
0.8,0.9,6.4,6.5,60244	
0.8,0.9,7.2,7.3,30299	
0.8,0.9,7.9,8.0,10014	
0.8,0.9,8.0,8.1,8040	
0.8,0.9,8.7,8.8,1475	
0.8,0.9,9.5,9.6,141	
0.9,1.0,0.5,0.6,14048	
0.9,1.0,1.3,1.4,23272	
0.9,1.0,10.0,10.1,16	
0.9,1.0,2.1,2.2,51979	
0.9,1.0,2.8,2.9,72477	
0.9,1.0,3.6,3.7,62968	
0.9,1.0,4.4,4.5,43469	
0.9,1.0,5.2,5.3,51437	
0.9,1.0,5.9,6.0,61682	
0.9,1.0,6.0,6.1,61128	
0.9,1.0,6.7,6.8,45526	
0.9,1.0,7.5,7.6,18228	
0.9,1.0,8.3,8.4,3868	
0.9,1.0,9.1,9.2,439	
0.9,1.0,9.8,9.9,27	
1.0,1.1,0.5,0.6,16056	
1.0,1.1,1.3,1.4,23549	
1.0,1.1,10.5,10.6,1	
1.0,1.1,2.1,2.2,49718	
1.0,1.1,2.8,2.9,69186	
1.0,1.1,3.6,3.7,59640	
1.0,1.1,4.4,4.5,41040	
1.0,1.1,5.2,5.3,47317	
1.0,1.1,5.9,6.0,55891	
1.0,1.1,6.0,6.1,55227	
1.0,1.1,6.7,6.8,41839	
1.0,1.1,7.5,7.6,16623	
1.0,1.1,8.3,8.4,3537	
1.0,1.1,9.1,9.2,380	
1.0,1.1,9.8,9.9,39	
1.1,1.2,0.1,0.2,18726	
1.1,1.2,0.8,0.9,18766	
1.1,1.2,1.6,1.7,30860	
1.1,1.2,10.0,10.1,9	
1.1,1.2,10.7,10.8,1	
1.1,1.2,2.4,2.5,58726	
1.1,1.2,3.2,3.3,65792	
1.1,1.2,3.9,4.0,48188	
1.1,1.2,4.0,4.1,45995	
1.1,1.2,4.7,4.8,37140	
1.1,1.2,5.5,5.6,47023	
1.1,1.2,6.3,6.4,46813	
1.1,1.2,7.1,7.2,25319	
1.1,1.2,7.8,7.9,8699	
1.1,1.2,8.6,8.7,1533	
1.1,1.2,9.4,9.5,128	
1.2,1.3,0.4,0.5,21272	
1.2,1.3,1.2,1.3,23617	
1.2,1.3,1.9,2.0,40659	
1.2,1.3,10.2,10.3,4	
1.2,1.3,2.0,2.1,43148	
1.2,1.3,2.7,2.8,63185	
1.2,1.3,3.5,3.6,57800	
1.2,1.3,4.3,4.4,36944	
1.2,1.3,5.1,5.2,36956	
1.2,1.3,5.8,5.9,44438	
1.2,1.3,6.6,6.7,35194	
1.2,1.3,7.4,7.5,15139	
1.2,1.3,8.2,8.3,3534	
1.2,1.3,8.9,9.0,582	
1.2,1.3,9.0,9.1,414	
1.2,1.3,9.7,9.8,41	
1.3,1.4,0.0,0.1,25858	
1.3,1.4,0.7,0.8,23430	
1.3,1.4,1.5,1.6,29124	
1.3,1.4,10.4,10.5,1	
1.3,1.4,2.3,2.4,52086	
1.3,1.4,3.1,3.2,62879	
1.3,1.4,3.8,3.9,47536	
1.3,1.4,4.6,4.7,31492	
1.3,1.4,5.4,5.5,36300	
1.3,1.4,6.2,6.3,37536	
1.3,1.4,6.9,7.0,24661	
1.3,1.4,7.0,7.1,22192	
1.3,1.4,7.7,7.8,8405	
1.3,1.4,8.5,8.6,1445	
1.3,1.4,9.3,9.4,141	
1.4,1.5,0.3,0.4,29148	
1.4,1.5,1.1,1.2,26054	
1.4,1.5,1.8,1.9,37278	
1.4,1.5,2.6,2.7,59270	
1.4,1.5,3.4,3.5,57464	
1.4,1.5,4.2,4.3,35477	
1.4,1.5,4.9,5.0,28765	
1.4,1.5,5.0,5.1,28991	
1.4,1.5,5.7,5.8,33654	
1.4,1.5,6.5,6.6,28958	
1.4,1.5,7.3,7.4,13604	
1.4,1.5,8.1,8.2,3340	
1.4,1.5,8.8,8.9,587	
1.4,1.5,9.6,9.7,52	
1.5,1.6,0.6,0.7,30817	
1.5,1.6,1.4,1.5,30485	
1.5,1.6,10.1,10.2,4	
1.5,1.6,2.2,2.3,49742	
1.5,1.6,2.9,3.0,62446	
1.5,1.6,3.0,3.1,62598	
1.5,1.6,3.7,3.8,49268	
1.5,1.6,4.5,4.6,28704	
1.5,1.6,5.3,5.4,27354	
1.5,1.6,6.1,6.2,28949	
1.5,1.6,6.8,6.9,19836	
1.5,1.6,7.6,7.7,7421	
1.5,1.6,8.4,8.5,1418	
1.5,1.6,9.2,9.3,132	
1.5,1.6,9.9,10.0,7	
1.6,1.7,0.2,0.3,38843	
1.6,1.7,0.9,1.0,32066	
1.6,1.7,1.0,1.1,31333	
1.6,1.7,1.7,1.8,37025	
1.6,1.7,10.3,10.4,1	
1.6,1.7,2.5,2.6,58622	
1.6,1.7,3.3,3.4,60365	
1.6,1.7,4.1,4.2,37046	
1.6,1.7,4.8,4.9,23774	
1.6,1.7,5.6,5.7,25001	
1.6,1.7,6.4,6.5,22258	
1.6,1.7,7.2,7.3,11100	
1.6,1.7,7.9,8.0,3552	
1.6,1.7,8.0,8.1,2910	
1.6,1.7,8.7,8.8,583	
1.6,1.7,9.5,9.6,45	
1.7,1.8,0.5,0.6,40898	
1.7,1.8,1.3,1.4,33768	
1.7,1.8,10.5,10.6,1	
1.7,1.8,2.1,2.2,48901	
1.7,1.8,2.8,2.9,64710	
1.7,1.8,3.6,3.7,53499	
1.7,1.8,4.4,4.5,28764	
1.7,1.8,5.2,5.3,20358	
1.7,1.8,5.9,6.0,21407	
1.7,1.8,6.0,6.1,21030	
1.7,1.8,6.7,6.8,15673	
1.7,1.8,7.5,7.6,6252	
1.7,1.8,8.3,8.4,1378	
1.7,1.8,9.1,9.2,134	
1.7,1.8,9.8,9.9,19	
1.8,1.9,0.1,0.2,50157	
1.8,1.9,0.8,0.9,41009	
1.8,1.9,1.6,1.7,39457	
1.8,1.9,10.0,10.1,3	
1.8,1.9,2.4,2.5,59571	
1.8,1.9,3.2,3.3,65005	
1.8,1.9,3.9,4.0,44537	
1.8,1.9,4.0,4.1,41325	
1.8,1.9,4.7,4.8,22229	
1.8,1.9,5.5,5.6,18294	
1.8,1.9,6.3,6.4,16437	
1.8,1.9,7.1,7.2,8746	
1.8,1.9,7.8,7.9,3098	
1.8,1.9,8.6,8.7,507	
1.8,1.9,9.4,9.5,38	
1.9,2.0,0.4,0.5,52305	
1.9,2.0,1.2,1.3,40184	
1.9,2.0,1.9,2.0,48572	
1.9,2.0,2.0,2.1,50780	
1.9,2.0,2.7,2.8,68854	
1.9,2.0,3.5,3.6,60550	
1.9,2.0,4.3,4.4,31292	
1.9,2.0,5.1,5.2,17067	
1.9,2.0,5.8,5.9,15325	
1.9,2.0,6.6,6.7,11752	
1.9,2.0,7.4,7.5,4895	
1.9,2.0,8.2,8.3,1084	
1.9,2.0,8.9,9.0,195	
1.9,2.0,9.0,9.1,137	
1.9,2.0,9.7,9.8,16	
10.0,10.1,0.1,0.2,22	
10.0,10.1,0.8,0.9,14	
10.0,10.1,1.6,1.7,3	
10.0,10.1,2.4,2.5,2	
10.1,10.2,0.4,0.5,20	
10.1,10.2,1.2,1.3,5	
10.1,10.2,1.9,2.0,1	
10.1,10.2,2.0,2.1,1	
10.1,10.2,2.7,2.8,1	
10.2,10.3,0.0,0.1,11	
10.2,10.3,0.7,0.8,3	
10.2,10.3,1.5,1.6,1	
10.2,10.3,2.3,2.4,1	
10.3,10.4,0.3,0.4,6	
10.3,10.4,1.1,1.2,5	
10.3,10.4,1.8,1.9,5	
10.3,10.4,3.4,3.5,1	
10.4,10.5,0.6,0.7,5	
10.4,10.5,1.4,1.5,1	
10.5,10.6,0.2,0.3,4	
10.5,10.6,0.9,1.0,2	
10.5,10.6,1.0,1.1,1	
10.6,10.7,0.5,0.6,2	
10.6,10.7,1.3,1.4,1	
10.7,10.8,0.1,0.2,3	
10.8,10.9,0.4,0.5,1	
10.8,10.9,1.2,1.3,1	
11.1,11.2,0.3,0.4,1	
11.1,11.2,1.1,1.2,1	
2.0,2.1,0.6,0.7,53395	
2.0,2.1,1.4,1.5,42906	
2.0,2.1,10.0,10.1,3	
2.0,2.1,2.2,2.3,59034	
2.0,2.1,2.9,3.0,73472	
2.0,2.1,3.0,3.1,73068	
2.0,2.1,3.7,3.8,55697	
2.0,2.1,4.5,4.6,26149	
2.0,2.1,5.3,5.4,14120	
2.0,2.1,6.1,6.2,11973	
2.0,2.1,6.8,6.9,8234	
2.0,2.1,7.6,7.7,3015	
2.0,2.1,8.4,8.5,604	
2.0,2.1,9.2,9.3,44	
2.0,2.1,9.9,10.0,6	
2.1,2.2,0.2,0.3,66174	
2.1,2.2,0.9,1.0,51870	
2.1,2.2,1.0,1.1,49983	
2.1,2.2,1.7,1.8,48900	
2.1,2.2,2.5,2.6,71100	
2.1,2.2,3.3,3.4,71814	
2.1,2.2,4.1,4.2,40992	
2.1,2.2,4.8,4.9,18694	
2.1,2.2,5.6,5.7,11132	
2.1,2.2,6.4,6.5,8763	
2.1,2.2,7.2,7.3,4386	
2.1,2.2,7.9,8.0,1402	
2.1,2.2,8.0,8.1,1191	
2.1,2.2,8.7,8.8,198	
2.1,2.2,9.5,9.6,18	
2.2,2.3,0.5,0.6,66320	
2.2,2.3,1.3,1.4,49305	
2.2,2.3,2.1,2.2,62646	
2.2,2.3,2.8,2.9,80276	
2.2,2.3,3.6,3.7,65224	
2.2,2.3,4.4,4.5,30124	
2.2,2.3,5.2,5.3,12222	
2.2,2.3,5.9,6.0,8817	
2.2,2.3,6.0,6.1,8357	
2.2,2.3,6.7,6.8,5651	
2.2,2.3,7.5,7.6,2309	
2.2,2.3,8.3,8.4,508	
2.2,2.3,9.1,9.2,52	
2.2,2.3,9.8,9.9,3	
2.3,2.4,0.1,0.2,78815	
2.3,2.4,0.8,0.9,61816	
2.3,2.4,1.6,1.7,52957	
2.3,2.4,2.4,2.5,75500	
2.3,2.4,3.2,3.3,80940	
2.3,2.4,3.9,4.0,53581	
2.3,2.4,4.0,4.1,48745	
2.3,2.4,4.7,4.8,20842	
2.3,2.4,5.5,5.6,8814	
2.3,2.4,6.3,6.4,5994	
2.3,2.4,7.1,7.2,3203	
2.3,2.4,7.8,7.9,1091	
2.3,2.4,8.6,8.7,189	
2.3,2.4,9.4,9.5,31	
2.4,2.5,0.4,0.5,77791	
2.4,2.5,1.2,1.3,56851	
2.4,2.5,1.9,2.0,62500	
2.4,2.5,10.1,10.2,1	
2.4,2.5,2.0,2.1,65815	
2.4,2.5,2.7,2.8,85883	
2.4,2.5,3.5,3.6,75028	
2.4,2.5,4.3,4.4,36133	
2.4,2.5,5.1,5.2,11996	
2.4,2.5,5.8,5.9,6202	
2.4,2.5,6.6,6.7,4061	
2.4,2.5,7.4,7.5,1643	
2.4,2.5,8.2,8.3,336	
2.4,2.5,8.9,9.0,76	
2.4,2.5,9.0,9.1,49	
2.4,2.5,9.7,9.8,5	
2.5,2.6,0.0,0.1,88245	
2.5,2.6,0.7,0.8,72234	
2.5,2.6,1.5,1.6,57742	
2.5,2.6,2.3,2.4,77873	
2.5,2.6,3.1,3.2,89895	
2.5,2.6,3.8,3.9,63237	
2.5,2.6,4.6,4.7,24929	
2.5,2.6,5.4,5.5,7791	
2.5,2.6,6.2,6.3,4103	
2.5,2.6,6.9,7.0,2379	
2.5,2.6,7.0,7.1,2148	
2.5,2.6,7.7,7.8,835	
2.5,2.6,8.5,8.6,145	
2.5,2.6,9.3,9.4,15	
2.6,2.7,0.3,0.4,87479	
2.6,2.7,1.1,1.2,63554	
2.6,2.7,1.8,1.9,64358	
2.6,2.7,2.6,2.7,89638	
2.6,2.7,3.4,3.5,84298	
2.6,2.7,4.2,4.3,43548	
2.6,2.7,4.9,5.0,15527	
2.6,2.7,5.0,5.1,13257	
2.6,2.7,5.7,5.8,4930	
2.6,2.7,6.5,6.6,2653	
2.6,2.7,7.3,7.4,1102	
2.6,2.7,8.1,8.2,280	
2.6,2.7,8.8,8.9,63	
2.6,2.7,9.6,9.7,3	
2.7,2.8,0.6,0.7,81255	
2.7,2.8,1.4,1.5,61019	
2.7,2.8,10.0,10.1,1	
2.7,2.8,2.2,2.3,79073	
2.7,2.8,2.9,3.0,95626	
2.7,2.8,3.0,3.1,95811	
2.7,2.8,3.7,3.8,71682	
2.7,2.8,4.5,4.6,29219	
2.7,2.8,5.3,5.4,7804	
2.7,2.8,6.1,6.2,2757	
2.7,2.8,6.8,6.9,1546	
2.7,2.8,7.6,7.7,519	
2.7,2.8,8.4,8.5,112	
2.7,2.8,9.2,9.3,10	
2.8,2.9,0.2,0.3,94694	
2.8,2.9,0.9,1.0,72325	
2.8,2.9,1.0,1.1,69053	
2.8,2.9,1.7,1.8,65082	
2.8,2.9,2.5,2.6,89831	
2.8,2.9,3.3,3.4,90388	
2.8,2.9,4.1,4.2,49865	
2.8,2.9,4.8,4.9,18518	
2.8,2.9,5.6,5.7,4507	
2.8,2.9,6.4,6.5,1760	
2.8,2.9,7.2,7.3,781	
2.8,2.9,7.9,8.0,231	
2.8,2.9,8.0,8.1,221	
2.8,2.9,8.7,8.8,43	
2.8,2.9,9.5,9.6,7	
2.9,3.0,0.5,0.6,87545	
2.9,3.0,1.3,1.4,63897	
2.9,3.0,2.1,2.2,77142	
2.9,3.0,2.8,2.9,96789	
2.9,3.0,3.6,3.7,78993	
2.9,3.0,4.4,4.5,34192	
2.9,3.0,5.2,5.3,8799	
2.9,3.0,5.9,6.0,2521	
2.9,3.0,6.0,6.1,2190	
2.9,3.0,6.7,6.8,1055	
2.9,3.0,7.5,7.6,350	
2.9,3.0,8.3,8.4,65	
2.9,3.0,9.1,9.2,10	
2.9,3.0,9.8,9.9,3	
3.0,3.1,0.5,0.6,87927	
3.0,3.1,1.3,1.4,63273	
3.0,3.1,2.1,2.2,77021	
3.0,3.1,2.8,2.9,96707	
3.0,3.1,3.6,3.7,77953	
3.0,3.1,4.4,4.5,33992	
3.0,3.1,5.2,5.3,8268	
3.0,3.1,5.9,6.0,2053	
3.0,3.1,6.0,6.1,1807	
3.0,3.1,6.7,6.8,797	
3.0,3.1,7.5,7.6,277	
3.0,3.1,8.3,8.4,70	
3.0,3.1,9.1,9.2,9	
3.0,3.1,9.8,9.9,3	
3.1,3.2,0.1,0.2,97705	
3.1,3.2,0.8,0.9,76682	
3.1,3.2,1.6,1.7,63245	
3.1,3.2,2.4,2.5,86653	
3.1,3.2,3.2,3.3,92521	
3.1,3.2,3.9,4.0,60815	
3.1,3.2,4.0,4.1,54707	
3.1,3.2,4.7,4.8,21062	
3.1,3.2,5.5,5.6,4259	
3.1,3.2,6.3,6.4,983	
3.1,3.2,7.1,7.2,377	
3.1,3.2,7.8,7.9,125	
3.1,3.2,8.6,8.7,20	
3.1,3.2,9.4,9.5,3	
3.2,3.3,0.4,0.5,89338	
3.2,3.3,1.2,1.3,63499	
3.2,3.3,1.9,2.0,67657	
3.2,3.3,2.0,2.1,71253	
3.2,3.3,2.7,2.8,92470	
3.2,3.3,3.5,3.6,79622	
3.2,3.3,4.3,4.4,37724	
3.2,3.3,5.1,5.2,9689	
3.2,3.3,5.8,5.9,2113	
3.2,3.3,6.6,6.7,523	
3.2,3.3,7.4,7.5,153	
3.2,3.3,8.2,8.3,44	
3.2,3.3,8.9,9.0,5	
3.2,3.3,9.0,9.1,6	
3.2,3.3,9.7,9.8,1	
3.3,3.4,0.0,0.1,94273	
3.3,3.4,0.7,0.8,77535	
3.3,3.4,1.5,1.6,59495	
3.3,3.4,2.3,2.4,78722	
3.3,3.4,3.1,3.2,89377	
3.3,3.4,3.8,3.9,63230	
3.3,3.4,4.6,4.7,23378	
3.3,3.4,5.4,5.5,4816	
3.3,3.4,6.2,6.3,820	
3.3,3.4,6.9,7.0,259	
3.3,3.4,7.0,7.1,250	
3.3,3.4,7.7,7.8,87	
3.3,3.4,8.5,8.6,14	
3.3,3.4,9.3,9.4,1	
3.4,3.5,0.3,0.4,87190	
3.4,3.5,1.1,1.2,61793	
3.4,3.5,1.8,1.9,60636	
3.4,3.5,2.6,2.7,84757	
3.4,3.5,3.4,3.5,78246	
3.4,3.5,4.2,4.3,39760	
3.4,3.5,4.9,5.0,13071	
3.4,3.5,5.0,5.1,10577	
3.4,3.5,5.7,5.8,2202	
3.4,3.5,6.5,6.6,361	
3.4,3.5,7.3,7.4,111	
3.4,3.5,8.1,8.2,25	
3.4,3.5,8.8,8.9,3	
3.4,3.5,9.6,9.7,2	
3.5,3.6,0.6,0.7,75354	
3.5,3.6,1.4,1.5,54993	
3.5,3.6,2.2,2.3,68420	
3.5,3.6,2.9,3.0,83256	
3.5,3.6,3.0,3.1,82579	
3.5,3.6,3.7,3.8,62104	
3.5,3.6,4.5,4.6,25034	
3.5,3.6,5.3,5.4,5326	
3.5,3.6,6.1,6.2,748	
3.5,3.6,6.8,6.9,173	
3.5,3.6,7.6,7.7,52	
3.5,3.6,8.4,8.5,12	
3.5,3.6,9.2,9.3,3	
3.5,3.6,9.9,10.0,1	
3.6,3.7,0.2,0.3,82589	
3.6,3.7,0.9,1.0,62620	
3.6,3.7,1.0,1.1,59846	
3.6,3.7,1.7,1.8,53372	
3.6,3.7,2.5,2.6,73078	
3.6,3.7,3.3,3.4,72914	
3.6,3.7,4.1,4.2,40138	
3.6,3.7,4.8,4.9,14014	
3.6,3.7,5.6,5.7,2513	
3.6,3.7,6.4,6.5,302	
3.6,3.7,7.2,7.3,69	
3.6,3.7,7.9,8.0,20	
3.6,3.7,8.0,8.1,22	
3.6,3.7,8.7,8.8,4	
3.6,3.7,9.5,9.6,1	
3.7,3.8,0.5,0.6,72044	
3.7,3.8,1.3,1.4,50630	
3.7,3.8,2.1,2.2,58715	
3.7,3.8,2.8,2.9,73291	
3.7,3.8,3.6,3.7,58374	
3.7,3.8,4.4,4.5,25447	
3.7,3.8,5.2,5.3,5979	
3.7,3.8,5.9,6.0,976	
3.7,3.8,6.0,6.1,770	
3.7,3.8,6.7,6.8,149	
3.7,3.8,7.5,7.6,31	
3.7,3.8,8.3,8.4,6	
3.7,3.8,9.1,9.2,1	
3.7,3.8,9.8,9.9,1	
3.8,3.9,0.1,0.2,76666	
3.8,3.9,0.8,0.9,59783	
3.8,3.9,1.6,1.7,46466	
3.8,3.9,2.4,2.5,60939	
3.8,3.9,3.2,3.3,65135	
3.8,3.9,3.9,4.0,42632	
3.8,3.9,4.0,4.1,38269	
3.8,3.9,4.7,4.8,14331	
3.8,3.9,5.5,5.6,2613	
3.8,3.9,6.3,6.4,322	
3.8,3.9,7.1,7.2,51	
3.8,3.9,7.8,7.9,9	
3.8,3.9,9.4,9.5,1	
3.9,4.0,0.4,0.5,67972	
3.9,4.0,1.2,1.3,46481	
3.9,4.0,1.9,2.0,45889	
3.9,4.0,2.0,2.1,47828	
3.9,4.0,2.7,2.8,60233	
3.9,4.0,3.5,3.6,52453	
3.9,4.0,4.3,4.4,24636	
3.9,4.0,5.1,5.2,6057	
3.9,4.0,5.8,5.9,1085	
3.9,4.0,6.6,6.7,97	
3.9,4.0,7.4,7.5,13	
3.9,4.0,8.2,8.3,4	
3.9,4.0,8.9,9.0,2	
3.9,4.0,9.0,9.1,1	
3.9,4.0,9.7,9.8,2	
4.0,4.1,0.4,0.5,64846	
4.0,4.1,1.2,1.3,43618	
4.0,4.1,1.9,2.0,42072	
4.0,4.1,2.0,2.1,43524	
4.0,4.1,2.7,2.8,55089	
4.0,4.1,3.5,3.6,47139	
4.0,4.1,4.3,4.4,22141	
4.0,4.1,5.1,5.2,5571	
4.0,4.1,5.8,5.9,991	
4.0,4.1,6.6,6.7,78	
4.0,4.1,7.4,7.5,18	
4.0,4.1,8.2,8.3,3	
4.0,4.1,9.0,9.1,1	
4.0,4.1,9.7,9.8,1	
4.1,4.2,0.0,0.1,67526	
4.1,4.2,0.7,0.8,54155	
4.1,4.2,1.5,1.6,37117	
4.1,4.2,2.3,2.4,44463	
4.1,4.2,3.1,3.2,49309	
4.1,4.2,3.8,3.9,34577	
4.1,4.2,4.6,4.7,12413	
4.1,4.2,5.4,5.5,2505	
4.1,4.2,6.2,6.3,289	
4.1,4.2,6.9,7.0,34	
4.1,4.2,7.0,7.1,20	
4.1,4.2,7.7,7.8,9	
4.1,4.2,8.5,8.6,2	
4.1,4.2,9.3,9.4,1	
4.2,4.3,0.3,0.4,61775	
4.2,4.3,1.1,1.2,41154	
4.2,4.3,1.8,1.9,34108	
4.2,4.3,2.6,2.7,42986	
4.2,4.3,3.4,3.5,39459	
4.2,4.3,4.2,4.3,20214	
4.2,4.3,4.9,5.0,6545	
4.2,4.3,5.0,5.1,5276	
4.2,4.3,5.7,5.8,1038	
4.2,4.3,6.5,6.6,87	
4.2,4.3,7.3,7.4,8	
4.2,4.3,8.1,8.2,4	
4.2,4.3,8.8,8.9,1	
4.3,4.4,0.6,0.7,53450	
4.3,4.4,1.4,1.5,33712	
4.3,4.4,2.2,2.3,34129	
4.3,4.4,2.9,3.0,39050	
4.3,4.4,3.0,3.1,39189	
4.3,4.4,3.7,3.8,29308	
4.3,4.4,4.5,4.6,11674	
4.3,4.4,5.3,5.4,2505	
4.3,4.4,6.1,6.2,282	
4.3,4.4,6.8,6.9,39	
4.3,4.4,7.6,7.7,7	
4.3,4.4,8.4,8.5,2	
4.3,4.4,9.2,9.3,1	
4.4,4.5,0.2,0.3,61418	
4.4,4.5,0.9,1.0,43810	
4.4,4.5,1.0,1.1,40983	
4.4,4.5,1.7,1.8,29047	
4.4,4.5,2.5,2.6,32473	
4.4,4.5,3.3,3.4,31863	
4.4,4.5,4.1,4.2,17321	
4.4,4.5,4.8,4.9,6028	
4.4,4.5,5.6,5.7,1058	
4.4,4.5,6.4,6.5,79	
4.4,4.5,7.2,7.3,9	
4.4,4.5,7.9,8.0,1	
4.4,4.5,8.0,8.1,1	
4.4,4.5,8.7,8.8,1	
4.5,4.6,0.5,0.6,54816	
4.5,4.6,1.3,1.4,32655	
4.5,4.6,2.1,2.2,26149	
4.5,4.6,2.8,2.9,29535	
4.5,4.6,3.6,3.7,23513	
4.5,4.6,4.4,4.5,9944	
4.5,4.6,5.2,5.3,2240	
4.5,4.6,5.9,6.0,382	
4.5,4.6,6.0,6.1,248	
4.5,4.6,6.7,6.8,27	
4.5,4.6,7.5,7.6,3	
4.5,4.6,8.3,8.4,1	
4.5,4.6,9.8,9.9,1	
4.6,4.7,0.1,0.2,63134	
4.6,4.7,0.8,0.9,46122	
4.6,4.7,1.6,1.7,25962	
4.6,4.7,2.4,2.5,24218	
4.6,4.7,3.2,3.3,23901	
4.6,4.7,3.9,4.0,15714	
4.6,4.7,4.0,4.1,14054	
4.6,4.7,4.7,4.8,5415	
4.6,4.7,5.5,5.6,949	
4.6,4.7,6.3,6.4,92	
4.6,4.7,7.1,7.2,7	
4.6,4.7,8.6,8.7,1	
4.6,4.7,9.4,9.5,1	
4.7,4.8,0.4,0.5,58782	
4.7,4.8,1.2,1.3,34162	
4.7,4.8,1.9,2.0,21681	
4.7,4.8,2.0,2.1,20867	
4.7,4.8,2.7,2.8,21452	
4.7,4.8,3.5,3.6,17924	
4.7,4.8,4.3,4.4,8232	
4.7,4.8,5.1,5.2,1971	
4.7,4.8,5.8,5.9,366	
4.7,4.8,6.6,6.7,37	
4.7,4.8,7.4,7.5,2	
4.7,4.8,8.2,8.3,1	
4.7,4.8,9.0,9.1,1	
4.8,4.9,0.0,0.1,66908	
4.8,4.9,0.7,0.8,51570	
4.8,4.9,1.5,1.6,25928	
4.8,4.9,2.3,2.4,18398	
4.8,4.9,3.1,3.2,17492	
4.8,4.9,3.8,3.9,12234	
4.8,4.9,4.6,4.7,4301	
4.8,4.9,5.4,5.5,868	
4.8,4.9,6.2,6.3,93	
4.8,4.9,6.9,7.0,10	
4.8,4.9,7.0,7.1,6	
4.8,4.9,7.7,7.8,4	
4.8,4.9,9.3,9.4,1	
4.9,5.0,0.3,0.4,65695	
4.9,5.0,1.1,1.2,38345	
4.9,5.0,1.8,1.9,19968	
4.9,5.0,2.6,2.7,15481	
4.9,5.0,3.4,3.5,13114	
4.9,5.0,4.2,4.3,6592	
4.9,5.0,4.9,5.0,2155	
4.9,5.0,5.0,5.1,1837	
4.9,5.0,5.7,5.8,323	
4.9,5.0,6.5,6.6,21	
4.9,5.0,7.3,7.4,2	
4.9,5.0,8.1,8.2,3	
4.9,5.0,9.6,9.7,1	
5.0,5.1,0.5,0.6,63000	
5.0,5.1,1.3,1.4,32170	
5.0,5.1,2.1,2.2,15222	
5.0,5.1,2.8,2.9,12668	
5.0,5.1,3.6,3.7,9374	
5.0,5.1,4.4,4.5,4150	
5.0,5.1,5.2,5.3,925	
5.0,5.1,5.9,6.0,173	
5.0,5.1,6.0,6.1,112	
5.0,5.1,6.7,6.8,7	
5.0,5.1,7.5,7.6,1	
5.0,5.1,9.8,9.9,2	
5.1,5.2,0.1,0.2,75553	
5.1,5.2,0.8,0.9,53769	
5.1,5.2,1.6,1.7,23439	
5.1,5.2,2.4,2.5,11725	
5.1,5.2,3.2,3.3,9433	
5.1,5.2,3.9,4.0,5958	
5.1,5.2,4.0,4.1,5544	
5.1,5.2,4.7,4.8,2170	
5.1,5.2,5.5,5.6,376	
5.1,5.2,6.3,6.4,42	
5.1,5.2,7.1,7.2,2	
5.2,5.3,0.4,0.5,72106	
5.2,5.3,1.2,1.3,38031	
5.2,5.3,1.9,2.0,16231	
5.2,5.3,2.0,2.1,14365	
5.2,5.3,2.7,2.8,9250	
5.2,5.3,3.5,3.6,6733	
5.2,5.3,4.3,4.4,3089	
5.2,5.3,5.1,5.2,727	
5.2,5.3,5.8,5.9,134	
5.2,5.3,6.6,6.7,8	
5.2,5.3,7.4,7.5,3	
5.2,5.3,8.2,8.3,1	
5.2,5.3,9.0,9.1,2	
5.3,5.4,0.0,0.1,83132	
5.3,5.4,0.7,0.8,63258	
5.3,5.4,1.5,1.6,26939	
5.3,5.4,2.3,2.4,10149	
5.3,5.4,3.1,3.2,6624	
5.3,5.4,3.8,3.9,4156	
5.3,5.4,4.6,4.7,1534	
5.3,5.4,5.4,5.5,307	
5.3,5.4,6.2,6.3,26	
5.3,5.4,6.9,7.0,3	
5.3,5.4,7.0,7.1,4	
5.3,5.4,7.7,7.8,1	
5.3,5.4,9.3,9.4,1	
5.4,5.5,0.3,0.4,81441	
5.4,5.5,1.1,1.2,45699	
5.4,5.5,1.8,1.9,18261	
5.4,5.5,2.6,2.7,7152	
5.4,5.5,3.4,3.5,4561	
5.4,5.5,4.2,4.3,2191	
5.4,5.5,4.9,5.0,692	
5.4,5.5,5.0,5.1,582	
5.4,5.5,5.7,5.8,94	
5.4,5.5,6.5,6.6,7	
5.4,5.5,7.3,7.4,1	
5.4,5.5,8.1,8.2,1	
5.4,5.5,8.8,8.9,1	
5.4,5.5,9.6,9.7,1	
5.5,5.6,0.6,0.7,72958	
5.5,5.6,1.4,1.5,32520	
5.5,5.6,2.2,2.3,9947	
5.5,5.6,2.9,3.0,4818	
5.5,5.6,3.0,3.1,4516	
5.5,5.6,3.7,3.8,2863	
5.5,5.6,4.5,4.6,1120	
5.5,5.6,5.3,5.4,240	
5.5,5.6,6.1,6.2,25	
5.5,5.6,6.8,6.9,2	
5.5,5.6,7.6,7.7,1	
5.5,5.6,8.4,8.5,1	
5.5,5.6,9.2,9.3,1	
5.5,5.6,9.9,10.0,2	
5.6,5.7,0.2,0.3,89815	
5.6,5.7,0.9,1.0,59735	
5.6,5.7,1.0,1.1,54036	
5.6,5.7,1.7,1.8,21377	
5.6,5.7,2.5,2.6,6188	
5.6,5.7,3.3,3.4,2964	
5.6,5.7,4.1,4.2,1465	
5.6,5.7,4.8,4.9,524	
5.6,5.7,5.6,5.7,92	
5.6,5.7,6.4,6.5,10	
5.6,5.7,7.2,7.3,3	
5.6,5.7,7.9,8.0,1	
5.6,5.7,8.0,8.1,2	
5.6,5.7,8.7,8.8,2	
5.6,5.7,9.5,9.6,1	
5.7,5.8,0.5,0.6,81509	
5.7,5.8,1.3,1.4,38592	
5.7,5.8,2.1,2.2,10847	
5.7,5.8,2.8,2.9,3822	
5.7,5.8,3.6,3.7,1953	
5.7,5.8,4.4,4.5,806	
5.7,5.8,5.2,5.3,169	
5.7,5.8,5.9,6.0,27	
5.7,5.8,6.0,6.1,31	
5.7,5.8,6.7,6.8,4	
5.7,5.8,8.3,8.4,1	
5.7,5.8,9.1,9.2,2	
5.7,5.8,9.8,9.9,1	
5.8,5.9,0.1,0.2,95303	
5.8,5.9,0.8,0.9,67240	
5.8,5.9,1.6,1.7,25286	
5.8,5.9,2.4,2.5,6139	
5.8,5.9,3.2,3.3,2126	
5.8,5.9,3.9,4.0,1077	
5.8,5.9,4.0,4.1,992	
5.8,5.9,4.7,4.8,351	
5.8,5.9,5.5,5.6,66	
5.8,5.9,6.3,6.4,7	
5.8,5.9,7.1,7.2,2	
5.8,5.9,7.8,7.9,2	
5.8,5.9,8.6,8.7,2	
5.8,5.9,9.4,9.5,3	
5.9,6.0,0.4,0.5,87381	
5.9,6.0,1.2,1.3,44507	
5.9,6.0,1.9,2.0,15414	
5.9,6.0,2.0,2.1,12680	
5.9,6.0,2.7,2.8,3334	
5.9,6.0,3.5,3.6,1224	
5.9,6.0,4.3,4.4,527	
5.9,6.0,5.1,5.2,118	
5.9,6.0,5.8,5.9,25	
5.9,6.0,6.6,6.7,5	
5.9,6.0,7.4,7.5,3	
5.9,6.0,8.2,8.3,3	
5.9,6.0,8.9,9.0,1	
5.9,6.0,9.0,9.1,2	
6.0,6.1,0.4,0.5,86176	
6.0,6.1,1.2,1.3,44180	
6.0,6.1,1.9,2.0,14854	
6.0,6.1,2.0,2.1,12495	
6.0,6.1,2.7,2.8,3048	
6.0,6.1,3.5,3.6,972	
6.0,6.1,4.3,4.4,382	
6.0,6.1,5.1,5.2,101	
6.0,6.1,5.8,5.9,15	
6.0,6.1,6.6,6.7,4	
6.0,6.1,7.4,7.5,2	
6.0,6.1,8.9,9.0,2	
6.1,6.2,0.0,0.1,94836	
6.1,6.2,0.7,0.8,71841	
6.1,6.2,1.5,1.6,28798	
6.1,6.2,2.3,2.4,6752	
6.1,6.2,3.1,3.2,1272	
6.1,6.2,3.8,3.9,543	
6.1,6.2,4.6,4.7,175	
6.1,6.2,5.4,5.5,35	
6.1,6.2,6.2,6.3,1	
6.1,6.2,6.9,7.0,2	
6.1,6.2,7.0,7.1,1	
6.1,6.2,8.5,8.6,1	
6.2,6.3,0.3,0.4,87772	
6.2,6.3,1.1,1.2,48305	
6.2,6.3,1.8,1.9,17166	
6.2,6.3,2.6,2.7,3248	
6.2,6.3,3.4,3.5,672	
6.2,6.3,4.2,4.3,223	
6.2,6.3,4.9,5.0,70	
6.2,6.3,5.0,5.1,65	
6.2,6.3,5.7,5.8,11	
6.2,6.3,6.5,6.6,4	
6.2,6.3,8.1,8.2,1	
6.2,6.3,8.8,8.9,1	
6.2,6.3,9.6,9.7,2	
6.3,6.4,0.6,0.7,72754	
6.3,6.4,1.4,1.5,32059	
6.3,6.4,2.2,2.3,7302	
6.3,6.4,2.9,3.0,1495	
6.3,6.4,3.0,3.1,1197	
6.3,6.4,3.7,3.8,332	
6.3,6.4,4.5,4.6,113	
6.3,6.4,5.3,5.4,38	
6.3,6.4,6.1,6.2,10	
6.3,6.4,6.8,6.9,1	
6.3,6.4,7.6,7.7,3	
6.3,6.4,8.4,8.5,3	
6.3,6.4,9.2,9.3,2	
6.3,6.4,9.9,10.0,2	
6.4,6.5,0.2,0.3,83487	
6.4,6.5,0.9,1.0,55363	
6.4,6.5,1.0,1.1,50372	
6.4,6.5,1.7,1.8,18972	
6.4,6.5,2.5,2.6,3557	
6.4,6.5,3.3,3.4,558	
6.4,6.5,4.1,4.2,147	
6.4,6.5,4.8,4.9,59	
6.4,6.5,5.6,5.7,12	
6.4,6.5,6.4,6.5,6	
6.4,6.5,7.2,7.3,3	
6.4,6.5,7.9,8.0,3	
6.4,6.5,8.7,8.8,1	
6.4,6.5,9.5,9.6,2	
6.5,6.6,0.5,0.6,71057	
6.5,6.6,1.3,1.4,32928	
6.5,6.6,2.1,2.2,8326	
6.5,6.6,2.8,2.9,1611	
6.5,6.6,3.6,3.7,259	
6.5,6.6,4.4,4.5,58	
6.5,6.6,5.2,5.3,17	
6.5,6.6,5.9,6.0,3	
6.5,6.6,6.0,6.1,1	
6.5,6.6,6.7,6.8,1	
6.5,6.6,8.3,8.4,1	
6.5,6.6,9.8,9.9,2	
6.6,6.7,0.1,0.2,76300	
6.6,6.7,0.8,0.9,53762	
6.6,6.7,1.6,1.7,19807	
6.6,6.7,2.4,2.5,4004	
6.6,6.7,3.2,3.3,491	
6.6,6.7,3.9,4.0,100	
6.6,6.7,4.0,4.1,100	
6.6,6.7,4.7,4.8,30	
6.6,6.7,5.5,5.6,6	
6.6,6.7,6.3,6.4,3	
6.6,6.7,7.1,7.2,2	
6.6,6.7,7.8,7.9,1	
6.6,6.7,9.4,9.5,2	
6.7,6.8,0.4,0.5,65201	
6.7,6.8,1.2,1.3,32686	
6.7,6.8,1.9,2.0,10790	
6.7,6.8,2.0,2.1,9054	
6.7,6.8,2.7,2.8,1733	
6.7,6.8,3.5,3.6,225	
6.7,6.8,4.3,4.4,44	
6.7,6.8,5.1,5.2,7	
6.7,6.8,5.8,5.9,3	
6.7,6.8,6.6,6.7,1	
6.7,6.8,7.4,7.5,4	
6.7,6.8,8.2,8.3,2	
6.7,6.8,8.9,9.0,1	
6.8,6.9,0.0,0.1,66636	
6.8,6.9,0.7,0.8,50088	
6.8,6.9,1.5,1.6,19892	
6.8,6.9,2.3,2.4,4262	
6.8,6.9,3.1,3.2,516	
6.8,6.9,3.8,3.9,71	
6.8,6.9,4.6,4.7,17	
6.8,6.9,5.4,5.5,5	
6.8,6.9,6.2,6.3,4	
6.8,6.9,6.9,7.0,1	
6.8,6.9,7.0,7.1,2	
6.8,6.9,7.7,7.8,2	
6.8,6.9,9.3,9.4,2	
6.9,7.0,0.3,0.4,57463	
6.9,7.0,1.1,1.2,31309	
6.9,7.0,1.8,1.9,10812	
6.9,7.0,2.6,2.7,1882	
6.9,7.0,3.4,3.5,188	
6.9,7.0,4.2,4.3,22	
6.9,7.0,4.9,5.0,7	
6.9,7.0,5.0,5.1,5	
6.9,7.0,5.7,5.8,3	
6.9,7.0,7.3,7.4,1	
6.9,7.0,8.8,8.9,1	
6.9,7.0,9.6,9.7,1	
7.0,7.1,0.5,0.6,47703	
7.0,7.1,1.3,1.4,22148	
7.0,7.1,2.1,2.2,5493	
7.0,7.1,2.8,2.9,955	
7.0,7.1,3.6,3.7,89	
7.0,7.1,4.4,4.5,14	
7.0,7.1,5.2,5.3,1	
7.0,7.1,5.9,6.0,2	
7.0,7.1,6.0,6.1,2	
7.0,7.1,6.7,6.8,2	
7.0,7.1,7.5,7.6,1	
7.0,7.1,8.3,8.4,1	
7.1,7.2,0.1,0.2,48720	
7.1,7.2,0.8,0.9,34330	
7.1,7.2,1.6,1.7,12670	
7.1,7.2,2.4,2.5,2445	
7.1,7.2,3.2,3.3,240	
7.1,7.2,3.9,4.0,31	
7.1,7.2,4.0,4.1,27	
7.1,7.2,4.7,4.8,6	
7.1,7.2,5.5,5.6,2	
7.1,7.2,6.3,6.4,3	
7.1,7.2,8.6,8.7,1	
7.2,7.3,0.4,0.5,39213	
7.2,7.3,1.2,1.3,20138	
7.2,7.3,1.9,2.0,6474	
7.2,7.3,2.0,2.1,5368	
7.2,7.3,2.7,2.8,1032	
7.2,7.3,3.5,3.6,87	
7.2,7.3,4.3,4.4,15	
7.2,7.3,5.1,5.2,3	
7.2,7.3,6.6,6.7,3	
7.2,7.3,9.0,9.1,2	
7.3,7.4,0.0,0.1,38549	
7.3,7.4,0.7,0.8,28767	
7.3,7.4,1.5,1.6,11531	
7.3,7.4,2.3,2.4,2532	
7.3,7.4,3.1,3.2,265	
7.3,7.4,3.8,3.9,31	
7.3,7.4,4.6,4.7,3	
7.3,7.4,5.4,5.5,2	
7.3,7.4,6.2,6.3,1	
7.3,7.4,7.0,7.1,2	
7.3,7.4,9.3,9.4,2	
7.4,7.5,0.3,0.4,31862	
7.4,7.5,1.1,1.2,17641	
7.4,7.5,1.8,1.9,6020	
7.4,7.5,2.6,2.7,1044	
7.4,7.5,3.4,3.5,109	
7.4,7.5,4.2,4.3,3	
7.4,7.5,4.9,5.0,6	
7.4,7.5,5.0,5.1,2	
7.4,7.5,5.7,5.8,3	
7.4,7.5,6.5,6.6,2	
7.4,7.5,8.1,8.2,2	
7.5,7.6,0.6,0.7,23316	
7.5,7.6,1.4,1.5,10145	
7.5,7.6,2.2,2.3,2353	
7.5,7.6,2.9,3.0,352	
7.5,7.6,3.0,3.1,294	
7.5,7.6,3.7,3.8,26	
7.5,7.6,4.5,4.6,1	
7.5,7.6,5.3,5.4,2	
7.5,7.6,6.1,6.2,1	
7.5,7.6,6.8,6.9,1	
7.5,7.6,7.6,7.7,1	
7.5,7.6,9.2,9.3,1	
7.6,7.7,0.2,0.3,23625	
7.6,7.7,0.9,1.0,15657	
7.6,7.7,1.0,1.1,14091	
7.6,7.7,1.7,1.8,5371	
7.6,7.7,2.5,2.6,936	
7.6,7.7,3.3,3.4,102	
7.6,7.7,4.1,4.2,4	
7.6,7.7,4.8,4.9,1	
7.6,7.7,5.6,5.7,2	
7.6,7.7,6.4,6.5,2	
7.6,7.7,7.9,8.0,1	
7.7,7.8,0.5,0.6,17757	
7.7,7.8,1.3,1.4,8395	
7.7,7.8,2.1,2.2,2067	
7.7,7.8,2.8,2.9,395	
7.7,7.8,3.6,3.7,23	
7.7,7.8,4.4,4.5,1	
7.7,7.8,5.2,5.3,1	
7.7,7.8,5.9,6.0,1	
7.7,7.8,6.0,6.1,4	
7.7,7.8,6.7,6.8,2	
7.7,7.8,9.1,9.2,1	
7.8,7.9,0.1,0.2,17018	
7.8,7.9,0.8,0.9,12327	
7.8,7.9,1.6,1.7,4369	
7.8,7.9,2.4,2.5,826	
7.8,7.9,3.2,3.3,82	
7.8,7.9,3.9,4.0,9	
7.8,7.9,4.0,4.1,6	
7.8,7.9,6.3,6.4,3	
7.8,7.9,8.6,8.7,1	
7.9,8.0,0.4,0.5,12779	
7.9,8.0,1.2,1.3,6475	
7.9,8.0,1.9,2.0,2066	
7.9,8.0,2.0,2.1,1750	
7.9,8.0,2.7,2.8,298	
7.9,8.0,3.5,3.6,35	
7.9,8.0,4.3,4.4,1	
7.9,8.0,5.1,5.2,4	
7.9,8.0,5.8,5.9,1	
7.9,8.0,6.6,6.7,2	
8.0,8.1,0.4,0.5,10456	
8.0,8.1,1.2,1.3,5345	
8.0,8.1,1.9,2.0,1721	
8.0,8.1,2.0,2.1,1364	
8.0,8.1,2.7,2.8,249	
8.0,8.1,3.5,3.6,28	
8.0,8.1,4.3,4.4,1	
8.0,8.1,5.1,5.2,2	
8.0,8.1,5.8,5.9,1	
8.0,8.1,8.9,9.0,1	
8.1,8.2,0.0,0.1,9562	
8.1,8.2,0.7,0.8,7228	
8.1,8.2,1.5,1.6,2878	
8.1,8.2,2.3,2.4,583	
8.1,8.2,3.1,3.2,58	
8.1,8.2,3.8,3.9,10	
8.1,8.2,4.6,4.7,1	
8.1,8.2,6.2,6.3,1	
8.1,8.2,6.9,7.0,1	
8.1,8.2,9.3,9.4,1	
8.2,8.3,0.3,0.4,7267	
8.2,8.3,1.1,1.2,3903	
8.2,8.3,1.8,1.9,1354	
8.2,8.3,2.6,2.7,253	
8.2,8.3,3.4,3.5,25	
8.2,8.3,4.9,5.0,1	
8.2,8.3,5.0,5.1,3	
8.2,8.3,5.7,5.8,1	
8.2,8.3,6.5,6.6,1	
8.3,8.4,0.6,0.7,4774	
8.3,8.4,1.4,1.5,2057	
8.3,8.4,2.2,2.3,481	
8.3,8.4,2.9,3.0,88	
8.3,8.4,3.0,3.1,73	
8.3,8.4,3.7,3.8,4	
8.3,8.4,4.5,4.6,1	
8.3,8.4,5.3,5.4,1	
8.3,8.4,6.1,6.2,2	
8.3,8.4,6.8,6.9,2	
8.3,8.4,7.6,7.7,2	
8.4,8.5,0.2,0.3,4658	
8.4,8.5,0.9,1.0,3129	
8.4,8.5,1.0,1.1,2823	
8.4,8.5,1.7,1.8,985	
8.4,8.5,2.5,2.6,214	
8.4,8.5,3.3,3.4,20	
8.4,8.5,6.4,6.5,3	
8.4,8.5,7.2,7.3,1	
8.4,8.5,8.0,8.1,1	
8.4,8.5,9.5,9.6,1	
8.5,8.6,0.5,0.6,3319	
8.5,8.6,1.3,1.4,1509	
8.5,8.6,2.1,2.2,353	
8.5,8.6,2.8,2.9,71	
8.5,8.6,3.6,3.7,6	
8.5,8.6,5.9,6.0,1	
8.6,8.7,0.1,0.2,2860	
8.6,8.7,0.8,0.9,2048	
8.6,8.7,1.6,1.7,739	
8.6,8.7,2.4,2.5,134	
8.6,8.7,3.2,3.3,14	
8.6,8.7,3.9,4.0,3	
8.6,8.7,4.0,4.1,5	
8.6,8.7,5.5,5.6,2	
8.6,8.7,6.3,6.4,1	
8.6,8.7,7.1,7.2,1	
8.6,8.7,7.8,7.9,1	
8.7,8.8,0.4,0.5,1993	
8.7,8.8,1.2,1.3,975	
8.7,8.8,1.9,2.0,333	
8.7,8.8,2.0,2.1,259	
8.7,8.8,2.7,2.8,50	
8.7,8.8,3.5,3.6,5	
8.7,8.8,4.3,4.4,2	
8.7,8.8,5.1,5.2,1	
8.8,8.9,0.0,0.1,1667	
8.8,8.9,0.7,0.8,1213	
8.8,8.9,1.5,1.6,479	
8.8,8.9,2.3,2.4,104	
8.8,8.9,3.1,3.2,12	
8.8,8.9,3.8,3.9,3	
8.8,8.9,4.6,4.7,1	
8.8,8.9,5.4,5.5,2	
8.8,8.9,6.2,6.3,2	
8.8,8.9,7.0,7.1,1	
8.8,8.9,8.5,8.6,1	
8.9,9.0,0.3,0.4,1171	
8.9,9.0,1.1,1.2,621	
8.9,9.0,1.8,1.9,201	
8.9,9.0,2.6,2.7,47	
8.9,9.0,3.4,3.5,4	
8.9,9.0,4.2,4.3,2	
8.9,9.0,5.7,5.8,1	
8.9,9.0,6.5,6.6,2	
8.9,9.0,7.3,7.4,1	
8.9,9.0,9.6,9.7,1	
9.0,9.1,0.5,0.6,796	
9.0,9.1,1.3,1.4,391	
9.0,9.1,2.1,2.2,101	
9.0,9.1,2.8,2.9,11	
9.0,9.1,3.6,3.7,1	
9.0,9.1,4.4,4.5,2	
9.0,9.1,5.2,5.3,1	
9.0,9.1,5.9,6.0,1	
9.0,9.1,6.0,6.1,1	
9.0,9.1,6.7,6.8,1	
9.1,9.2,0.1,0.2,626	
9.1,9.2,0.8,0.9,441	
9.1,9.2,1.6,1.7,161	
9.1,9.2,2.4,2.5,42	
9.1,9.2,3.2,3.3,4	
9.1,9.2,4.7,4.8,1	
9.1,9.2,6.3,6.4,1	
9.2,9.3,0.4,0.5,449	
9.2,9.3,1.2,1.3,231	
9.2,9.3,1.9,2.0,58	
9.2,9.3,2.0,2.1,63	
9.2,9.3,2.7,2.8,15	
9.2,9.3,3.5,3.6,2	
9.2,9.3,5.1,5.2,1	
9.2,9.3,6.6,6.7,2	
9.3,9.4,0.0,0.1,336	
9.3,9.4,0.7,0.8,290	
9.3,9.4,1.5,1.6,92	
9.3,9.4,2.3,2.4,21	
9.3,9.4,3.1,3.2,3	
9.3,9.4,3.8,3.9,1	
9.3,9.4,5.4,5.5,1	
9.3,9.4,6.2,6.3,1	
9.3,9.4,6.9,7.0,2	
9.3,9.4,7.0,7.1,1	
9.4,9.5,0.3,0.4,246	
9.4,9.5,1.1,1.2,121	
9.4,9.5,1.8,1.9,42	
9.4,9.5,2.6,2.7,11	
9.4,9.5,3.4,3.5,3	
9.4,9.5,5.0,5.1,1	
9.4,9.5,5.7,5.8,3	
9.4,9.5,7.3,7.4,1	
9.5,9.6,0.6,0.7,158	
9.5,9.6,1.4,1.5,56	
9.5,9.6,2.2,2.3,13	
9.5,9.6,2.9,3.0,2	
9.5,9.6,3.0,3.1,1	
9.5,9.6,3.7,3.8,2	
9.5,9.6,4.5,4.6,1	
9.5,9.6,6.1,6.2,2	
9.6,9.7,0.2,0.3,138	
9.6,9.7,0.9,1.0,80	
9.6,9.7,1.0,1.1,63	
9.6,9.7,1.7,1.8,26	
9.6,9.7,2.5,2.6,5	
9.6,9.7,3.3,3.4,2	
9.6,9.7,4.1,4.2,2	
9.6,9.7,6.4,6.5,2	
9.7,9.8,0.5,0.6,85	
9.7,9.8,1.3,1.4,28	
9.7,9.8,2.1,2.2,11	
9.7,9.8,2.8,2.9,2	
9.7,9.8,3.6,3.7,2	
9.7,9.8,4.4,4.5,1	
9.7,9.8,5.2,5.3,1	
9.7,9.8,6.0,6.1,2	
9.7,9.8,6.7,6.8,1	
9.8,9.9,0.1,0.2,60	
9.8,9.9,0.8,0.9,36	
9.8,9.9,1.6,1.7,12	
9.8,9.9,2.4,2.5,3	
9.8,9.9,3.2,3.3,2	
9.8,9.9,4.0,4.1,2	
9.8,9.9,4.7,4.8,4	
9.8,9.9,6.3,6.4,3	
9.9,10.0,0.4,0.5,26	
9.9,10.0,1.2,1.3,20	
9.9,10.0,1.9,2.0,7	
9.9,10.0,2.0,2.1,3	
9.9,10.0,2.7,2.8,2	
9.9,10.0,3.5,3.6,1	
9.9,10.0,4.3,4.4,1	
9.9,10.0,5.1,5.2,2	
9.9,10.0,5.8,5.9,1	
9.9,10.0,6.6,6.7,2	
