0.0,0.1,0.2,0.3,4789	
0.0,0.1,0.9,1.0,13378	
0.0,0.1,1.0,1.1,15833	
0.0,0.1,1.7,1.8,45054	
0.0,0.1,10.6,10.7,2	
0.0,0.1,2.5,2.6,87929	
0.0,0.1,3.3,3.4,94425	
0.0,0.1,4.1,4.2,67859	
0.0,0.1,4.8,4.9,66590	
0.0,0.1,5.6,5.7,92226	
0.0,0.1,6.4,6.5,86027	
0.0,0.1,7.2,7.3,43887	
0.0,0.1,7.9,8.0,14327	
0.0,0.1,8.0,8.1,11593	
0.0,0.1,8.7,8.8,2200	
0.0,0.1,9.5,9.6,196	
0.1,0.2,0.5,0.6,6911	
0.1,0.2,1.3,1.4,25813	
0.1,0.2,10.1,10.2,13	
0.1,0.2,2.1,2.2,67705	
0.1,0.2,2.8,2.9,96515	
0.1,0.2,3.6,3.7,84954	
0.1,0.2,4.4,4.5,62247	
0.1,0.2,5.2,5.3,78693	
0.1,0.2,5.9,6.0,95827	
0.1,0.2,6.0,6.1,94964	
0.1,0.2,6.7,6.8,71335	
0.1,0.2,7.5,7.6,28517	
0.1,0.2,8.3,8.4,5964	
0.1,0.2,9.1,9.2,651	
0.1,0.2,9.8,9.9,66	
0.2,0.3,0.1,0.2,4848	
0.2,0.3,0.8,0.9,11359	
0.2,0.3,1.6,1.7,38646	
0.2,0.3,10.3,10.4,7	
0.2,0.3,2.4,2.5,82232	
0.2,0.3,3.2,3.3,94174	
0.2,0.3,3.9,4.0,71540	
0.2,0.3,4.0,4.1,68862	
0.2,0.3,4.7,4.8,62843	
0.2,0.3,5.5,5.6,86910	
0.2,0.3,6.3,6.4,87183	
0.2,0.3,7.1,7.2,47612	
0.2,0.3,7.8,7.9,16753	
0.2,0.3,8.6,8.7,2796	
0.2,0.3,9.4,9.5,253	
0.3,0.4,0.4,0.5,6840	
0.3,0.4,1.2,1.3,21578	
0.3,0.4,1.9,2.0,54324	
0.3,0.4,10.5,10.6,4	
0.3,0.4,2.0,2.1,59805	
0.3,0.4,2.7,2.8,90050	
0.3,0.4,3.5,3.6,84367	
0.3,0.4,4.3,4.4,60613	
0.3,0.4,5.1,5.2,72008	
0.3,0.4,5.8,5.9,90345	
0.3,0.4,6.6,6.7,72949	
0.3,0.4,7.4,7.5,31447	
0.3,0.4,8.2,8.3,7186	
0.3,0.4,8.9,9.0,1145	
0.3,0.4,9.0,9.1,834	
0.3,0.4,9.7,9.8,84	
0.4,0.5,0.0,0.1,5938	
0.4,0.5,0.7,0.8,10270	
0.4,0.5,1.5,1.6,32635	
0.4,0.5,10.0,10.1,25	
0.4,0.5,10.7,10.8,3	
0.4,0.5,2.3,2.4,73386	
0.4,0.5,3.1,3.2,90753	
0.4,0.5,3.8,3.9,71383	
0.4,0.5,4.6,4.7,57594	
0.4,0.5,5.4,5.5,78202	
0.4,0.5,6.2,6.3,84197	
0.4,0.5,6.9,7.0,54686	
0.4,0.5,7.0,7.1,49836	
0.4,0.5,7.7,7.8,18807	
0.4,0.5,8.5,8.6,3349	
0.4,0.5,9.3,9.4,311	
0.5,0.6,0.3,0.4,7663	
0.5,0.6,1.1,1.2,18136	
0.5,0.6,1.8,1.9,45556	
0.5,0.6,10.2,10.3,4	
0.5,0.6,2.6,2.7,82319	
0.5,0.6,3.4,3.5,81530	
0.5,0.6,4.2,4.3,57507	
0.5,0.6,4.9,5.0,60399	
0.5,0.6,5.0,5.1,62669	
0.5,0.6,5.7,5.8,81664	
0.5,0.6,6.5,6.6,70848	
0.5,0.6,7.3,7.4,33067	
0.5,0.6,8.1,8.2,8277	
0.5,0.6,8.8,8.9,1472	
0.5,0.6,9.6,9.7,120	
0.6,0.7,0.6,0.7,10285	
0.6,0.7,1.4,1.5,27218	
0.6,0.7,10.4,10.5,2	
0.6,0.7,2.2,2.3,63378	
0.6,0.7,2.9,3.0,84288	
0.6,0.7,3.0,3.1,84392	
0.6,0.7,3.7,3.8,69128	
0.6,0.7,4.5,4.6,51983	
0.6,0.7,5.3,5.4,68010	
0.6,0.7,6.1,6.2,76417	
0.6,0.7,6.8,6.9,54217	
0.6,0.7,7.6,7.7,20072	
0.6,0.7,8.4,8.5,3859	
0.6,0.7,9.2,9.3,427	
0.6,0.7,9.9,10.0,41	
0.7,0.8,0.2,0.3,9539	
0.7,0.8,0.9,1.0,14764	
0.7,0.8,1.0,1.1,16180	
0.7,0.8,1.7,1.8,38187	
0.7,0.8,10.6,10.7,2	
0.7,0.8,2.5,2.6,71899	
0.7,0.8,3.3,3.4,77399	
0.7,0.8,4.1,4.2,53821	
0.7,0.8,4.8,4.9,51393	
0.7,0.8,5.6,5.7,70383	
0.7,0.8,6.4,6.5,65270	
0.7,0.8,7.2,7.3,33039	
0.7,0.8,7.9,8.0,10673	
0.7,0.8,8.0,8.1,8948	
0.7,0.8,8.7,8.8,1638	
0.7,0.8,9.5,9.6,132	
0.8,0.9,0.5,0.6,12053	
0.8,0.9,1.3,1.4,23434	
0.8,0.9,10.1,10.2,11	
0.8,0.9,2.1,2.2,54473	
0.8,0.9,2.8,2.9,76190	
0.8,0.9,3.6,3.7,65778	
0.8,0.9,4.4,4.5,46517	
0.8,0.9,5.2,5.3,56350	
0.8,0.9,5.9,6.0,67114	
0.8,0.9,6.0,6.1,67315	
0.8,0.9,6.7,6.8,50346	
0.8,0.9,7.5,7.6,19842	
0.8,0.9,8.3,8.4,4142	
0.8,0.9,9.1,9.2,463	
0.8,0.9,9.8,9.9,42	
0.9,1.0,0.1,0.2,13397	
0.9,1.0,0.8,0.9,15311	
0.9,1.0,1.6,1.7,31792	
0.9,1.0,10.3,10.4,3	
0.9,1.0,2.4,2.5,62693	
0.9,1.0,3.2,3.3,71685	
0.9,1.0,3.9,4.0,53678	
0.9,1.0,4.0,4.1,50405	
0.9,1.0,4.7,4.8,43742	
0.9,1.0,5.5,5.6,58313	
0.9,1.0,6.3,6.4,57420	
0.9,1.0,7.1,7.2,31236	
0.9,1.0,7.8,7.9,10835	
0.9,1.0,8.6,8.7,1807	
0.9,1.0,9.4,9.5,151	
1.0,1.1,0.1,0.2,15957	
1.0,1.1,0.8,0.9,16914	
1.0,1.1,1.6,1.7,31673	
1.0,1.1,10.1,10.2,13	
1.0,1.1,2.4,2.5,60375	
1.0,1.1,3.2,3.3,68693	
1.0,1.1,3.9,4.0,51008	
1.0,1.1,4.0,4.1,47983	
1.0,1.1,4.7,4.8,40187	
1.0,1.1,5.5,5.6,52457	
1.0,1.1,6.3,6.4,51898	
1.0,1.1,7.1,7.2,28351	
1.0,1.1,7.8,7.9,10016	
1.0,1.1,8.6,8.7,1623	
1.0,1.1,9.4,9.5,141	
1.1,1.2,0.4,0.5,18489	
1.1,1.2,1.2,1.3,22323	
1.1,1.2,1.9,2.0,41075	
1.1,1.2,10.3,10.4,2	
1.1,1.2,2.0,2.1,44056	
1.1,1.2,2.7,2.8,65152	
1.1,1.2,3.5,3.6,59531	
1.1,1.2,4.3,4.4,39394	
1.1,1.2,5.1,5.2,41182	
1.1,1.2,5.8,5.9,49651	
1.1,1.2,6.6,6.7,39767	
1.1,1.2,7.4,7.5,17343	
1.1,1.2,8.2,8.3,3905	
1.1,1.2,8.9,9.0,624	
1.1,1.2,9.0,9.1,477	
1.1,1.2,9.7,9.8,49	
1.2,1.3,0.0,0.1,22011	
1.2,1.3,0.7,0.8,20899	
1.2,1.3,1.5,1.6,28841	
1.2,1.3,10.5,10.6,7	
1.2,1.3,2.3,2.4,54326	
1.2,1.3,3.1,3.2,64406	
1.2,1.3,3.8,3.9,49416	
1.2,1.3,4.6,4.7,34371	
1.2,1.3,5.4,5.5,40930	
1.2,1.3,6.2,6.3,42581	
1.2,1.3,6.9,7.0,27814	
1.2,1.3,7.0,7.1,25095	
1.2,1.3,7.7,7.8,9457	
1.2,1.3,8.5,8.6,1697	
1.2,1.3,9.3,9.4,140	
1.3,1.4,0.3,0.4,25088	
1.3,1.4,1.1,1.2,24080	
1.3,1.4,1.8,1.9,37066	
1.3,1.4,10.0,10.1,19	
1.3,1.4,10.7,10.8,1	
1.3,1.4,2.6,2.7,59762	
1.3,1.4,3.4,3.5,58211	
1.3,1.4,4.2,4.3,37177	
1.3,1.4,4.9,5.0,31556	
1.3,1.4,5.0,5.1,32294	
1.3,1.4,5.7,5.8,39018	
1.3,1.4,6.5,6.6,33072	
1.3,1.4,7.3,7.4,15434	
1.3,1.4,8.1,8.2,3908	
1.3,1.4,8.8,8.9,671	
1.3,1.4,9.6,9.7,36	
1.4,1.5,0.6,0.7,27177	
1.4,1.5,1.4,1.5,28778	
1.4,1.5,10.2,10.3,2	
1.4,1.5,2.2,2.3,48976	
1.4,1.5,2.9,3.0,63029	
1.4,1.5,3.0,3.1,62939	
1.4,1.5,3.7,3.8,49189	
1.4,1.5,4.5,4.6,30336	
1.4,1.5,5.3,5.4,31041	
1.4,1.5,6.1,6.2,33438	
1.4,1.5,6.8,6.9,23492	
1.4,1.5,7.6,7.7,8439	
1.4,1.5,8.4,8.5,1637	
1.4,1.5,9.2,9.3,171	
1.4,1.5,9.9,10.0,12	
1.5,1.6,0.2,0.3,33981	
1.5,1.6,0.9,1.0,28920	
1.5,1.6,1.0,1.1,28365	
1.5,1.6,1.7,1.8,35561	
1.5,1.6,10.4,10.5,1	
1.5,1.6,2.5,2.6,57469	
1.5,1.6,3.3,3.4,59201	
1.5,1.6,4.1,4.2,37136	
1.5,1.6,4.8,4.9,26080	
1.5,1.6,5.6,5.7,28886	
1.5,1.6,6.4,6.5,26322	
1.5,1.6,7.2,7.3,13002	
1.5,1.6,7.9,8.0,4323	
1.5,1.6,8.0,8.1,3417	
1.5,1.6,8.7,8.8,649	
1.5,1.6,9.5,9.6,54	
1.6,1.7,0.5,0.6,36395	
1.6,1.7,1.3,1.4,31581	
1.6,1.7,2.1,2.2,47627	
1.6,1.7,2.8,2.9,63240	
1.6,1.7,3.6,3.7,52513	
1.6,1.7,4.4,4.5,29538	
1.6,1.7,5.2,5.3,23578	
1.6,1.7,5.9,6.0,25419	
1.6,1.7,6.0,6.1,24794	
1.6,1.7,6.7,6.8,18799	
1.6,1.7,7.5,7.6,7472	
1.6,1.7,8.3,8.4,1558	
1.6,1.7,9.1,9.2,168	
1.6,1.7,9.8,9.9,17	
1.7,1.8,0.1,0.2,44881	
1.7,1.8,0.8,0.9,37241	
1.7,1.8,1.6,1.7,37067	
1.7,1.8,10.1,10.2,6	
1.7,1.8,2.4,2.5,57665	
1.7,1.8,3.2,3.3,63246	
1.7,1.8,3.9,4.0,43505	
1.7,1.8,4.0,4.1,39889	
1.7,1.8,4.7,4.8,23482	
1.7,1.8,5.5,5.6,21403	
1.7,1.8,6.3,6.4,19639	
1.7,1.8,7.1,7.2,10591	
1.7,1.8,7.8,7.9,3724	
1.7,1.8,8.6,8.7,645	
1.7,1.8,9.4,9.5,51	
1.8,1.9,0.4,0.5,47793	
1.8,1.9,1.2,1.3,36744	
1.8,1.9,1.9,2.0,45465	
1.8,1.9,2.0,2.1,48315	
1.8,1.9,2.7,2.8,65613	
1.8,1.9,3.5,3.6,57863	
1.8,1.9,4.3,4.4,31132	
1.8,1.9,5.1,5.2,18764	
1.8,1.9,5.8,5.9,18387	
1.8,1.9,6.6,6.7,14038	
1.8,1.9,7.4,7.5,5992	
1.8,1.9,8.2,8.3,1384	
1.8,1.9,8.9,9.0,246	
1.8,1.9,9.0,9.1,165	
1.8,1.9,9.7,9.8,25	
1.9,2.0,0.0,0.1,56198	
1.9,2.0,0.7,0.8,46729	
1.9,2.0,1.5,1.6,41055	
1.9,2.0,2.3,2.4,59639	
1.9,2.0,3.1,3.2,69215	
1.9,2.0,3.8,3.9,49874	
1.9,2.0,4.6,4.7,23430	
1.9,2.0,5.4,5.5,15803	
1.9,2.0,6.2,6.3,14192	
1.9,2.0,6.9,7.0,8922	
1.9,2.0,7.0,7.1,8356	
1.9,2.0,7.7,7.8,3142	
1.9,2.0,8.5,8.6,567	
1.9,2.0,9.3,9.4,64	
10.0,10.1,0.4,0.5,23	
10.0,10.1,1.2,1.3,9	
10.0,10.1,1.9,2.0,2	
10.0,10.1,2.0,2.1,2	
10.0,10.1,2.7,2.8,1	
10.1,10.2,0.0,0.1,28	
10.1,10.2,0.7,0.8,14	
10.1,10.2,1.5,1.6,3	
10.1,10.2,2.3,2.4,4	
10.2,10.3,0.3,0.4,5	
10.2,10.3,1.1,1.2,11	
10.2,10.3,1.8,1.9,3	
10.2,10.3,2.6,2.7,1	
10.3,10.4,0.6,0.7,9	
10.3,10.4,1.4,1.5,2	
10.4,10.5,0.2,0.3,4	
10.4,10.5,0.9,1.0,4	
10.4,10.5,1.0,1.1,3	
10.4,10.5,1.7,1.8,1	
10.5,10.6,1.3,1.4,2	
10.6,10.7,0.8,0.9,2	
10.6,10.7,3.2,3.3,1	
10.7,10.8,1.2,1.3,1	
10.8,10.9,0.7,0.8,1	
2.0,2.1,0.2,0.3,61392	
2.0,2.1,0.9,1.0,47522	
2.0,2.1,1.0,1.1,45877	
2.0,2.1,1.7,1.8,46032	
2.0,2.1,10.3,10.4,1	
2.0,2.1,2.5,2.6,67862	
2.0,2.1,3.3,3.4,68903	
2.0,2.1,4.1,4.2,39694	
2.0,2.1,4.8,4.9,19273	
2.0,2.1,5.6,5.7,13052	
2.0,2.1,6.4,6.5,10679	
2.0,2.1,7.2,7.3,5505	
2.0,2.1,7.9,8.0,1766	
2.0,2.1,8.0,8.1,1378	
2.0,2.1,8.7,8.8,258	
2.0,2.1,9.5,9.6,19	
2.1,2.2,0.5,0.6,61409	
2.1,2.2,1.3,1.4,46452	
2.1,2.2,2.1,2.2,59459	
2.1,2.2,2.8,2.9,76129	
2.1,2.2,3.6,3.7,62522	
2.1,2.2,4.4,4.5,29719	
2.1,2.2,5.2,5.3,13349	
2.1,2.2,5.9,6.0,10271	
2.1,2.2,6.0,6.1,10045	
2.1,2.2,6.7,6.8,7263	
2.1,2.2,7.5,7.6,2796	
2.1,2.2,8.3,8.4,606	
2.1,2.2,9.1,9.2,75	
2.1,2.2,9.8,9.9,3	
2.2,2.3,0.1,0.2,73154	
2.2,2.3,0.8,0.9,57753	
2.2,2.3,1.6,1.7,50696	
2.2,2.3,10.0,10.1,2	
2.2,2.3,10.7,10.8,1	
2.2,2.3,2.4,2.5,72250	
2.2,2.3,3.2,3.3,77760	
2.2,2.3,3.9,4.0,51731	
2.2,2.3,4.0,4.1,47153	
2.2,2.3,4.7,4.8,20837	
2.2,2.3,5.5,5.6,9999	
2.2,2.3,6.3,6.4,7372	
2.2,2.3,7.1,7.2,3971	
2.2,2.3,7.8,7.9,1477	
2.2,2.3,8.6,8.7,267	
2.2,2.3,9.4,9.5,10	
2.3,2.4,0.4,0.5,72915	
2.3,2.4,1.2,1.3,53217	
2.3,2.4,1.9,2.0,59642	
2.3,2.4,2.0,2.1,62460	
2.3,2.4,2.7,2.8,82535	
2.3,2.4,3.5,3.6,71742	
2.3,2.4,4.3,4.4,35126	
2.3,2.4,5.1,5.2,12372	
2.3,2.4,5.8,5.9,7483	
2.3,2.4,6.6,6.7,4916	
2.3,2.4,7.4,7.5,2121	
2.3,2.4,8.2,8.3,494	
2.3,2.4,8.9,9.0,86	
2.3,2.4,9.0,9.1,54	
2.3,2.4,9.7,9.8,2	
2.4,2.5,0.0,0.1,83892	
2.4,2.5,0.7,0.8,68820	
2.4,2.5,1.5,1.6,55450	
2.4,2.5,2.3,2.4,75733	
2.4,2.5,3.1,3.2,86994	
2.4,2.5,3.8,3.9,61143	
2.4,2.5,4.6,4.7,24280	
2.4,2.5,5.4,5.5,8411	
2.4,2.5,6.2,6.3,5174	
2.4,2.5,6.9,7.0,3109	
2.4,2.5,7.0,7.1,2849	
2.4,2.5,7.7,7.8,1018	
2.4,2.5,8.5,8.6,182	
2.4,2.5,9.3,9.4,23	
2.5,2.6,0.3,0.4,83996	
2.5,2.6,1.1,1.2,60965	
2.5,2.6,1.8,1.9,62240	
2.5,2.6,2.6,2.7,87083	
2.5,2.6,3.4,3.5,82136	
2.5,2.6,4.2,4.3,41870	
2.5,2.6,4.9,5.0,15568	
2.5,2.6,5.0,5.1,13341	
2.5,2.6,5.7,5.8,5605	
2.5,2.6,6.5,6.6,3293	
2.5,2.6,7.3,7.4,1455	
2.5,2.6,8.1,8.2,382	
2.5,2.6,8.8,8.9,49	
2.5,2.6,9.6,9.7,3	
2.6,2.7,0.6,0.7,79017	
2.6,2.7,1.4,1.5,59355	
2.6,2.7,10.1,10.2,2	
2.6,2.7,2.2,2.3,76728	
2.6,2.7,2.9,3.0,93817	
2.6,2.7,3.0,3.1,93429	
2.6,2.7,3.7,3.8,69558	
2.6,2.7,4.5,4.6,28725	
2.6,2.7,5.3,5.4,8231	
2.6,2.7,6.1,6.2,3514	
2.6,2.7,6.8,6.9,2040	
2.6,2.7,7.6,7.7,769	
2.6,2.7,8.4,8.5,149	
2.6,2.7,9.2,9.3,10	
2.7,2.8,0.2,0.3,92566	
2.7,2.8,0.9,1.0,70757	
2.7,2.8,1.0,1.1,67771	
2.7,2.8,1.7,1.8,63870	
2.7,2.8,2.5,2.6,88935	
2.7,2.8,3.3,3.4,90061	
2.7,2.8,4.1,4.2,49783	
2.7,2.8,4.8,4.9,18253	
2.7,2.8,5.6,5.7,4939	
2.7,2.8,6.4,6.5,2260	
2.7,2.8,7.2,7.3,1024	
2.7,2.8,7.9,8.0,316	
2.7,2.8,8.0,8.1,271	
2.7,2.8,8.7,8.8,46	
2.7,2.8,9.5,9.6,3	
2.8,2.9,0.5,0.6,86767	
2.8,2.9,1.3,1.4,62759	
2.8,2.9,2.1,2.2,76248	
2.8,2.9,2.8,2.9,96282	
2.8,2.9,3.6,3.7,78016	
2.8,2.9,4.4,4.5,34196	
2.8,2.9,5.2,5.3,8891	
2.8,2.9,5.9,6.0,2832	
2.8,2.9,6.0,6.1,2547	
2.8,2.9,6.7,6.8,1318	
2.8,2.9,7.5,7.6,497	
2.8,2.9,8.3,8.4,103	
2.8,2.9,9.1,9.2,7	
2.8,2.9,9.8,9.9,4	
2.9,3.0,0.1,0.2,97579	
2.9,3.0,0.8,0.9,76856	
2.9,3.0,1.6,1.7,63471	
2.9,3.0,10.0,10.1,1	
2.9,3.0,2.4,2.5,87809	
2.9,3.0,3.2,3.3,94216	
2.9,3.0,3.9,4.0,61763	
2.9,3.0,4.0,4.1,55536	
2.9,3.0,4.7,4.8,21729	
2.9,3.0,5.5,5.6,4710	
2.9,3.0,6.3,6.4,1480	
2.9,3.0,7.1,7.2,662	
2.9,3.0,7.8,7.9,219	
2.9,3.0,8.6,8.7,35	
2.9,3.0,9.4,9.5,4	
3.0,3.1,0.1,0.2,97931	
3.0,3.1,0.8,0.9,77354	
3.0,3.1,1.6,1.7,63376	
3.0,3.1,2.4,2.5,87561	
3.0,3.1,3.2,3.3,93338	
3.0,3.1,3.9,4.0,61690	
3.0,3.1,4.0,4.1,55310	
3.0,3.1,4.7,4.8,21198	
3.0,3.1,5.5,5.6,4622	
3.0,3.1,6.3,6.4,1278	
3.0,3.1,7.1,7.2,522	
3.0,3.1,7.8,7.9,166	
3.0,3.1,8.6,8.7,23	
3.0,3.1,9.4,9.5,5	
3.1,3.2,0.4,0.5,90941	
3.1,3.2,1.2,1.3,64359	
3.1,3.2,1.9,2.0,68645	
3.1,3.2,2.0,2.1,72404	
3.1,3.2,2.7,2.8,94042	
3.1,3.2,3.5,3.6,81990	
3.1,3.2,4.3,4.4,38263	
3.1,3.2,5.1,5.2,10021	
3.1,3.2,5.8,5.9,2318	
3.1,3.2,6.6,6.7,591	
3.1,3.2,7.4,7.5,246	
3.1,3.2,8.2,8.3,50	
3.1,3.2,8.9,9.0,8	
3.1,3.2,9.0,9.1,3	
3.2,3.3,0.0,0.1,96700	
3.2,3.3,0.7,0.8,78752	
3.2,3.3,1.5,1.6,61172	
3.2,3.3,2.3,2.4,81403	
3.2,3.3,3.1,3.2,92478	
3.2,3.3,3.8,3.9,64763	
3.2,3.3,4.6,4.7,23920	
3.2,3.3,5.4,5.5,5159	
3.2,3.3,6.2,6.3,930	
3.2,3.3,6.9,7.0,360	
3.2,3.3,7.0,7.1,289	
3.2,3.3,7.7,7.8,95	
3.2,3.3,8.5,8.6,20	
3.2,3.3,9.3,9.4,2	
3.3,3.4,0.3,0.4,90399	
3.3,3.4,1.1,1.2,64202	
3.3,3.4,1.8,1.9,63713	
3.3,3.4,2.6,2.7,87679	
3.3,3.4,3.4,3.5,81493	
3.3,3.4,4.2,4.3,41756	
3.3,3.4,4.9,5.0,13604	
3.3,3.4,5.0,5.1,11298	
3.3,3.4,5.7,5.8,2351	
3.3,3.4,6.5,6.6,483	
3.3,3.4,7.3,7.4,141	
3.3,3.4,8.1,8.2,38	
3.3,3.4,8.8,8.9,10	
3.3,3.4,9.6,9.7,3	
3.4,3.5,0.6,0.7,78373	
3.4,3.5,1.4,1.5,57830	
3.4,3.5,2.2,2.3,72994	
3.4,3.5,2.9,3.0,87965	
3.4,3.5,3.0,3.1,87223	
3.4,3.5,3.7,3.8,65552	
3.4,3.5,4.5,4.6,26351	
3.4,3.5,5.3,5.4,5578	
3.4,3.5,6.1,6.2,840	
3.4,3.5,6.8,6.9,223	
3.4,3.5,7.6,7.7,65	
3.4,3.5,8.4,8.5,15	
3.4,3.5,9.2,9.3,2	
3.4,3.5,9.9,10.0,2	
3.5,3.6,0.2,0.3,86477	
3.5,3.6,0.9,1.0,65159	
3.5,3.6,1.0,1.1,62034	
3.5,3.6,1.7,1.8,56113	
3.5,3.6,2.5,2.6,77528	
3.5,3.6,3.3,3.4,77382	
3.5,3.6,4.1,4.2,42654	
3.5,3.6,4.8,4.9,14646	
3.5,3.6,5.6,5.7,2685	
3.5,3.6,6.4,6.5,394	
3.5,3.6,7.2,7.3,89	
3.5,3.6,7.9,8.0,31	
3.5,3.6,8.0,8.1,28	
3.5,3.6,8.7,8.8,4	
3.5,3.6,9.5,9.6,1	
3.6,3.7,0.5,0.6,76186	
3.6,3.7,1.3,1.4,53608	
3.6,3.7,2.1,2.2,62726	
3.6,3.7,2.8,2.9,77748	
3.6,3.7,3.6,3.7,62753	
3.6,3.7,4.4,4.5,26804	
3.6,3.7,5.2,5.3,6339	
3.6,3.7,5.9,6.0,1161	
3.6,3.7,6.0,6.1,890	
3.6,3.7,6.7,6.8,150	
3.6,3.7,7.5,7.6,51	
3.6,3.7,8.3,8.4,9	
3.6,3.7,9.1,9.2,1	
3.6,3.7,9.8,9.9,2	
3.7,3.8,0.1,0.2,80481	
3.7,3.8,0.8,0.9,62416	
3.7,3.8,1.6,1.7,49305	
3.7,3.8,2.4,2.5,66128	
3.7,3.8,3.2,3.3,70262	
3.7,3.8,3.9,4.0,45890	
3.7,3.8,4.0,4.1,41558	
3.7,3.8,4.7,4.8,15618	
3.7,3.8,5.5,5.6,2848	
3.7,3.8,6.3,6.4,370	
3.7,3.8,7.1,7.2,59	
3.7,3.8,7.8,7.9,23	
3.7,3.8,8.6,8.7,3	
3.7,3.8,9.4,9.5,1	
3.8,3.9,0.4,0.5,71075	
3.8,3.9,1.2,1.3,49034	
3.8,3.9,1.9,2.0,49682	
3.8,3.9,2.0,2.1,51496	
3.8,3.9,2.7,2.8,65986	
3.8,3.9,3.5,3.6,56904	
3.8,3.9,4.3,4.4,26756	
3.8,3.9,5.1,5.2,6810	
3.8,3.9,5.8,5.9,1179	
3.8,3.9,6.6,6.7,128	
3.8,3.9,7.4,7.5,25	
3.8,3.9,8.2,8.3,5	
3.8,3.9,8.9,9.0,5	
3.8,3.9,9.0,9.1,1	
3.9,4.0,0.0,0.1,74231	
3.9,4.0,0.7,0.8,59551	
3.9,4.0,1.5,1.6,43260	
3.9,4.0,2.3,2.4,53797	
3.9,4.0,3.1,3.2,60956	
3.9,4.0,3.8,3.9,42352	
3.9,4.0,4.6,4.7,15582	
3.9,4.0,5.4,5.5,3031	
3.9,4.0,6.2,6.3,336	
3.9,4.0,6.9,7.0,52	
3.9,4.0,7.0,7.1,35	
3.9,4.0,7.7,7.8,7	
3.9,4.0,8.5,8.6,2	
4.0,4.1,0.0,0.1,70522	
4.0,4.1,0.7,0.8,56603	
4.0,4.1,1.5,1.6,39841	
4.0,4.1,2.3,2.4,48949	
4.0,4.1,3.1,3.2,55073	
4.0,4.1,3.8,3.9,38136	
4.0,4.1,4.6,4.7,14127	
4.0,4.1,5.4,5.5,2709	
4.0,4.1,6.2,6.3,265	
4.0,4.1,6.9,7.0,31	
4.0,4.1,7.0,7.1,24	
4.0,4.1,7.7,7.8,6	
4.0,4.1,8.5,8.6,1	
4.1,4.2,0.3,0.4,64067	
4.1,4.2,1.1,1.2,43454	
4.1,4.2,1.8,1.9,37682	
4.1,4.2,2.6,2.7,48170	
4.1,4.2,3.4,3.5,44609	
4.1,4.2,4.2,4.3,22575	
4.1,4.2,4.9,5.0,7461	
4.1,4.2,5.0,5.1,6180	
4.1,4.2,5.7,5.8,1087	
4.1,4.2,6.5,6.6,102	
4.1,4.2,7.3,7.4,5	
4.1,4.2,8.1,8.2,1	
4.1,4.2,8.8,8.9,1	
4.2,4.3,0.6,0.7,55089	
4.2,4.3,1.4,1.5,35690	
4.2,4.3,2.2,2.3,38200	
4.2,4.3,2.9,3.0,44523	
4.2,4.3,3.0,3.1,44541	
4.2,4.3,3.7,3.8,33375	
4.2,4.3,4.5,4.6,13213	
4.2,4.3,5.3,5.4,2863	
4.2,4.3,6.1,6.2,308	
4.2,4.3,6.8,6.9,35	
4.2,4.3,7.6,7.7,4	
4.3,4.4,0.2,0.3,61899	
4.3,4.4,0.9,1.0,44903	
4.3,4.4,1.0,1.1,42197	
4.3,4.4,1.7,1.8,31239	
4.3,4.4,2.5,2.6,37242	
4.3,4.4,3.3,3.4,36455	
4.3,4.4,4.1,4.2,19850	
4.3,4.4,4.8,4.9,6916	
4.3,4.4,5.6,5.7,1200	
4.3,4.4,6.4,6.5,114	
4.3,4.4,7.2,7.3,12	
4.3,4.4,7.9,8.0,1	
4.3,4.4,8.0,8.1,5	
4.4,4.5,0.5,0.6,55426	
4.4,4.5,1.3,1.4,33721	
4.4,4.5,2.1,2.2,29476	
4.4,4.5,2.8,2.9,34124	
4.4,4.5,3.6,3.7,26993	
4.4,4.5,4.4,4.5,11700	
4.4,4.5,5.2,5.3,2754	
4.4,4.5,5.9,6.0,430	
4.4,4.5,6.0,6.1,347	
4.4,4.5,6.7,6.8,34	
4.4,4.5,7.5,7.6,4	
4.4,4.5,8.3,8.4,1	
4.4,4.5,9.1,9.2,2	
4.4,4.5,9.8,9.9,1	
4.5,4.6,0.1,0.2,62441	
4.5,4.6,0.8,0.9,46453	
4.5,4.6,1.6,1.7,27699	
4.5,4.6,2.4,2.5,27822	
4.5,4.6,3.2,3.3,27966	
4.5,4.6,3.9,4.0,18331	
4.5,4.6,4.0,4.1,16604	
4.5,4.6,4.7,4.8,6195	
4.5,4.6,5.5,5.6,1137	
4.5,4.6,6.3,6.4,102	
4.5,4.6,7.1,7.2,7	
4.5,4.6,8.6,8.7,1	
4.6,4.7,0.4,0.5,57612	
4.6,4.7,1.2,1.3,34212	
4.6,4.7,1.9,2.0,23379	
4.6,4.7,2.0,2.1,23130	
4.6,4.7,2.7,2.8,24970	
4.6,4.7,3.5,3.6,21370	
4.6,4.7,4.3,4.4,9908	
4.6,4.7,5.1,5.2,2436	
4.6,4.7,5.8,5.9,446	
4.6,4.7,6.6,6.7,42	
4.6,4.7,7.4,7.5,7	
4.6,4.7,9.0,9.1,1	
4.6,4.7,9.7,9.8,1	
4.7,4.8,0.0,0.1,64687	
4.7,4.8,0.7,0.8,50462	
4.7,4.8,1.5,1.6,26471	
4.7,4.8,2.3,2.4,20763	
4.7,4.8,3.1,3.2,21028	
4.7,4.8,3.8,3.9,14504	
4.7,4.8,4.6,4.7,5276	
4.7,4.8,5.4,5.5,1041	
4.7,4.8,6.2,6.3,109	
4.7,4.8,6.9,7.0,10	
4.7,4.8,7.0,7.1,7	
4.7,4.8,7.7,7.8,1	
4.7,4.8,9.3,9.4,3	
4.8,4.9,0.3,0.4,62920	
4.8,4.9,1.1,1.2,37540	
4.8,4.9,1.8,1.9,20998	
4.8,4.9,2.6,2.7,18150	
4.8,4.9,3.4,3.5,15749	
4.8,4.9,4.2,4.3,7917	
4.8,4.9,4.9,5.0,2549	
4.8,4.9,5.0,5.1,2011	
4.8,4.9,5.7,5.8,393	
4.8,4.9,6.5,6.6,35	
4.8,4.9,7.3,7.4,5	
4.8,4.9,8.1,8.2,1	
4.8,4.9,8.8,8.9,2	
4.9,5.0,0.6,0.7,56814	
4.9,5.0,1.4,1.5,28409	
4.9,5.0,2.2,2.3,16238	
4.9,5.0,2.9,3.0,14942	
4.9,5.0,3.0,3.1,15002	
4.9,5.0,3.7,3.8,10622	
4.9,5.0,4.5,4.6,4333	
4.9,5.0,5.3,5.4,924	
4.9,5.0,6.1,6.2,96	
4.9,5.0,6.8,6.9,12	
4.9,5.0,7.6,7.7,3	
4.9,5.0,9.9,10.0,1	
5.0,5.1,0.1,0.2,71677	
5.0,5.1,0.8,0.9,51418	
5.0,5.1,1.6,1.7,23557	
5.0,5.1,2.4,2.5,13979	
5.0,5.1,3.2,3.3,11744	
5.0,5.1,3.9,4.0,7533	
5.0,5.1,4.0,4.1,6752	
5.0,5.1,4.7,4.8,2460	
5.0,5.1,5.5,5.6,438	
5.0,5.1,6.3,6.4,50	
5.0,5.1,7.1,7.2,4	
5.0,5.1,7.8,7.9,1	
5.0,5.1,9.4,9.5,2	
5.1,5.2,0.4,0.5,68915	
5.1,5.2,1.2,1.3,36940	
5.1,5.2,1.9,2.0,16441	
5.1,5.2,2.0,2.1,15474	
5.1,5.2,2.7,2.8,11028	
5.1,5.2,3.5,3.6,8307	
5.1,5.2,4.3,4.4,3743	
5.1,5.2,5.1,5.2,911	
5.1,5.2,5.8,5.9,148	
5.1,5.2,6.6,6.7,16	
5.1,5.2,7.4,7.5,4	
5.1,5.2,8.2,8.3,2	
5.1,5.2,8.9,9.0,2	
5.1,5.2,9.0,9.1,1	
5.1,5.2,9.7,9.8,2	
5.2,5.3,0.0,0.1,79732	
5.2,5.3,0.7,0.8,60512	
5.2,5.3,1.5,1.6,26696	
5.2,5.3,2.3,2.4,11063	
5.2,5.3,3.1,3.2,8302	
5.2,5.3,3.8,3.9,5379	
5.2,5.3,4.6,4.7,2018	
5.2,5.3,5.4,5.5,391	
5.2,5.3,6.2,6.3,36	
5.2,5.3,6.9,7.0,4	
5.2,5.3,7.0,7.1,2	
5.2,5.3,7.7,7.8,2	
5.2,5.3,8.5,8.6,1	
5.3,5.4,0.3,0.4,78425	
5.3,5.4,1.1,1.2,43804	
5.3,5.4,1.8,1.9,18405	
5.3,5.4,2.6,2.7,8162	
5.3,5.4,3.4,3.5,5696	
5.3,5.4,4.2,4.3,2731	
5.3,5.4,4.9,5.0,907	
5.3,5.4,5.0,5.1,718	
5.3,5.4,5.7,5.8,126	
5.3,5.4,6.5,6.6,20	
5.3,5.4,7.3,7.4,2	
5.3,5.4,8.8,8.9,1	
5.3,5.4,9.6,9.7,1	
5.4,5.5,0.6,0.7,70303	
5.4,5.5,1.4,1.5,31602	
5.4,5.5,2.2,2.3,10488	
5.4,5.5,2.9,3.0,5960	
5.4,5.5,3.0,3.1,5443	
5.4,5.5,3.7,3.8,3650	
5.4,5.5,4.5,4.6,1435	
5.4,5.5,5.3,5.4,290	
5.4,5.5,6.1,6.2,36	
5.4,5.5,6.8,6.9,5	
5.4,5.5,7.6,7.7,3	
5.4,5.5,8.4,8.5,1	
5.4,5.5,9.2,9.3,1	
5.4,5.5,9.9,10.0,1	
5.5,5.6,0.2,0.3,87828	
5.5,5.6,0.9,1.0,57666	
5.5,5.6,1.0,1.1,52512	
5.5,5.6,1.7,1.8,21133	
5.5,5.6,2.5,2.6,6929	
5.5,5.6,3.3,3.4,3857	
5.5,5.6,4.1,4.2,1965	
5.5,5.6,4.8,4.9,704	
5.5,5.6,5.6,5.7,121	
5.5,5.6,6.4,6.5,14	
5.5,5.6,7.2,7.3,6	
5.5,5.6,7.9,8.0,2	
5.5,5.6,8.0,8.1,2	
5.5,5.6,8.7,8.8,1	
5.5,5.6,9.5,9.6,1	
5.6,5.7,0.5,0.6,80070	
5.6,5.7,1.3,1.4,38171	
5.6,5.7,2.1,2.2,10976	
5.6,5.7,2.8,2.9,4443	
5.6,5.7,3.6,3.7,2382	
5.6,5.7,4.4,4.5,1027	
5.6,5.7,5.2,5.3,236	
5.6,5.7,5.9,6.0,27	
5.6,5.7,6.0,6.1,26	
5.6,5.7,6.7,6.8,8	
5.6,5.7,7.5,7.6,2	
5.6,5.7,8.3,8.4,1	
5.6,5.7,9.8,9.9,3	
5.7,5.8,0.1,0.2,94129	
5.7,5.8,0.8,0.9,65860	
5.7,5.8,1.6,1.7,24899	
5.7,5.8,2.4,2.5,6567	
5.7,5.8,3.2,3.3,2575	
5.7,5.8,3.9,4.0,1440	
5.7,5.8,4.0,4.1,1305	
5.7,5.8,4.7,4.8,472	
5.7,5.8,5.5,5.6,92	
5.7,5.8,6.3,6.4,5	
5.7,5.8,7.1,7.2,2	
5.7,5.8,9.4,9.5,2	
5.8,5.9,0.4,0.5,87008	
5.8,5.9,1.2,1.3,44409	
5.8,5.9,1.9,2.0,15159	
5.8,5.9,2.0,2.1,12973	
5.8,5.9,2.7,2.8,3698	
5.8,5.9,3.5,3.6,1548	
5.8,5.9,4.3,4.4,716	
5.8,5.9,5.1,5.2,170	
5.8,5.9,5.8,5.9,24	
5.8,5.9,6.6,6.7,6	
5.8,5.9,7.4,7.5,1	
5.8,5.9,8.2,8.3,2	
5.8,5.9,8.9,9.0,1	
5.8,5.9,9.0,9.1,2	
5.9,6.0,0.0,0.1,96176	
5.9,6.0,0.7,0.8,72824	
5.9,6.0,1.5,1.6,29460	
5.9,6.0,2.3,2.4,7107	
5.9,6.0,3.1,3.2,1856	
5.9,6.0,3.8,3.9,926	
5.9,6.0,4.6,4.7,320	
5.9,6.0,5.4,5.5,68	
5.9,6.0,6.2,6.3,5	
5.9,6.0,6.9,7.0,1	
5.9,6.0,7.0,7.1,1	
5.9,6.0,7.7,7.8,2	
5.9,6.0,8.5,8.6,1	
5.9,6.0,9.3,9.4,1	
6.0,6.1,0.0,0.1,95680	
6.0,6.1,0.7,0.8,72906	
6.0,6.1,1.5,1.6,29472	
6.0,6.1,2.3,2.4,6895	
6.0,6.1,3.1,3.2,1600	
6.0,6.1,3.8,3.9,681	
6.0,6.1,4.6,4.7,200	
6.0,6.1,5.4,5.5,56	
6.0,6.1,6.2,6.3,10	
6.0,6.1,6.9,7.0,2	
6.0,6.1,7.0,7.1,5	
6.0,6.1,7.7,7.8,2	
6.0,6.1,8.5,8.6,3	
6.1,6.2,0.3,0.4,89506	
6.1,6.2,1.1,1.2,49091	
6.1,6.2,1.8,1.9,17437	
6.1,6.2,2.6,2.7,3457	
6.1,6.2,3.4,3.5,880	
6.1,6.2,4.2,4.3,337	
6.1,6.2,4.9,5.0,99	
6.1,6.2,5.0,5.1,80	
6.1,6.2,5.7,5.8,19	
6.1,6.2,7.3,7.4,2	
6.1,6.2,8.1,8.2,1	
6.1,6.2,8.8,8.9,1	
6.1,6.2,9.6,9.7,1	
6.2,6.3,0.6,0.7,75395	
6.2,6.3,1.4,1.5,32705	
6.2,6.3,2.2,2.3,7826	
6.2,6.3,2.9,3.0,1652	
6.2,6.3,3.0,3.1,1365	
6.2,6.3,3.7,3.8,463	
6.2,6.3,4.5,4.6,135	
6.2,6.3,5.3,5.4,34	
6.2,6.3,6.1,6.2,4	
6.2,6.3,6.8,6.9,3	
6.2,6.3,7.6,7.7,3	
6.2,6.3,8.4,8.5,2	
6.3,6.4,0.2,0.3,86998	
6.3,6.4,0.9,1.0,57660	
6.3,6.4,1.0,1.1,52035	
6.3,6.4,1.7,1.8,19601	
6.3,6.4,2.5,2.6,3774	
6.3,6.4,3.3,3.4,675	
6.3,6.4,4.1,4.2,190	
6.3,6.4,4.8,4.9,70	
6.3,6.4,5.6,5.7,10	
6.3,6.4,6.4,6.5,3	
6.3,6.4,7.9,8.0,1	
6.3,6.4,8.0,8.1,1	
6.3,6.4,9.5,9.6,2	
6.4,6.5,0.5,0.6,74609	
6.4,6.5,1.3,1.4,34553	
6.4,6.5,2.1,2.2,8883	
6.4,6.5,2.8,2.9,1693	
6.4,6.5,3.6,3.7,307	
6.4,6.5,4.4,4.5,99	
6.4,6.5,5.2,5.3,23	
6.4,6.5,5.9,6.0,2	
6.4,6.5,6.0,6.1,4	
6.4,6.5,6.7,6.8,4	
6.4,6.5,7.5,7.6,2	
6.4,6.5,8.3,8.4,1	
6.4,6.5,9.1,9.2,1	
6.5,6.6,0.1,0.2,81439	
6.5,6.6,0.8,0.9,57414	
6.5,6.6,1.6,1.7,21184	
6.5,6.6,2.4,2.5,4180	
6.5,6.6,3.2,3.3,590	
6.5,6.6,3.9,4.0,147	
6.5,6.6,4.0,4.1,130	
6.5,6.6,4.7,4.8,45	
6.5,6.6,5.5,5.6,4	
6.5,6.6,6.3,6.4,2	
6.5,6.6,7.1,7.2,4	
6.5,6.6,7.8,7.9,1	
6.5,6.6,8.6,8.7,4	
6.5,6.6,9.4,9.5,2	
6.6,6.7,0.4,0.5,69992	
6.6,6.7,1.2,1.3,35752	
6.6,6.7,1.9,2.0,11610	
6.6,6.7,2.0,2.1,9545	
6.6,6.7,2.7,2.8,1994	
6.6,6.7,3.5,3.6,252	
6.6,6.7,4.3,4.4,52	
6.6,6.7,5.1,5.2,15	
6.6,6.7,5.8,5.9,4	
6.6,6.7,6.6,6.7,4	
6.6,6.7,7.4,7.5,2	
6.6,6.7,8.2,8.3,1	
6.6,6.7,8.9,9.0,2	
6.7,6.8,0.0,0.1,72270	
6.7,6.8,0.7,0.8,54476	
6.7,6.8,1.5,1.6,21514	
6.7,6.8,2.3,2.4,4733	
6.7,6.8,3.1,3.2,634	
6.7,6.8,3.8,3.9,99	
6.7,6.8,4.6,4.7,20	
6.7,6.8,5.4,5.5,6	
6.7,6.8,6.2,6.3,9	
6.7,6.8,7.0,7.1,1	
6.7,6.8,7.7,7.8,3	
6.7,6.8,9.3,9.4,2	
6.8,6.9,0.3,0.4,62605	
6.8,6.9,1.1,1.2,34148	
6.8,6.9,1.8,1.9,12060	
6.8,6.9,2.6,2.7,2056	
6.8,6.9,3.4,3.5,214	
6.8,6.9,4.2,4.3,37	
6.8,6.9,4.9,5.0,9	
6.8,6.9,5.0,5.1,6	
6.8,6.9,5.7,5.8,4	
6.8,6.9,6.5,6.6,3	
6.8,6.9,7.3,7.4,1	
6.8,6.9,8.8,8.9,4	
6.8,6.9,9.6,9.7,1	
6.9,7.0,0.6,0.7,49572	
6.9,7.0,1.4,1.5,21096	
6.9,7.0,2.2,2.3,4919	
6.9,7.0,2.9,3.0,827	
6.9,7.0,3.0,3.1,651	
6.9,7.0,3.7,3.8,81	
6.9,7.0,4.5,4.6,15	
6.9,7.0,5.3,5.4,1	
6.9,7.0,6.1,6.2,1	
6.9,7.0,7.6,7.7,1	
6.9,7.0,8.4,8.5,1	
6.9,7.0,9.2,9.3,2	
7.0,7.1,0.1,0.2,54558	
7.0,7.1,0.8,0.9,38226	
7.0,7.1,1.6,1.7,14111	
7.0,7.1,2.4,2.5,2737	
7.0,7.1,3.2,3.3,301	
7.0,7.1,3.9,4.0,37	
7.0,7.1,4.0,4.1,32	
7.0,7.1,4.7,4.8,6	
7.0,7.1,5.5,5.6,3	
7.0,7.1,7.8,7.9,1	
7.0,7.1,8.6,8.7,1	
7.0,7.1,9.4,9.5,1	
7.1,7.2,0.4,0.5,44363	
7.1,7.2,1.2,1.3,22757	
7.1,7.2,1.9,2.0,7304	
7.1,7.2,2.0,2.1,6037	
7.1,7.2,2.7,2.8,1184	
7.1,7.2,3.5,3.6,101	
7.1,7.2,4.3,4.4,11	
7.1,7.2,5.1,5.2,3	
7.1,7.2,5.8,5.9,3	
7.1,7.2,6.6,6.7,1	
7.1,7.2,8.2,8.3,1	
7.1,7.2,8.9,9.0,1	
7.1,7.2,9.7,9.8,1	
7.2,7.3,0.0,0.1,43471	
7.2,7.3,0.7,0.8,33116	
7.2,7.3,1.5,1.6,13205	
7.2,7.3,2.3,2.4,2866	
7.2,7.3,3.1,3.2,307	
7.2,7.3,3.8,3.9,53	
7.2,7.3,4.6,4.7,6	
7.2,7.3,6.2,6.3,1	
7.2,7.3,6.9,7.0,1	
7.2,7.3,7.7,7.8,2	
7.3,7.4,0.3,0.4,36092	
7.3,7.4,1.1,1.2,19592	
7.3,7.4,1.8,1.9,6955	
7.3,7.4,2.6,2.7,1163	
7.3,7.4,3.4,3.5,109	
7.3,7.4,4.2,4.3,16	
7.3,7.4,4.9,5.0,1	
7.3,7.4,5.0,5.1,1	
7.3,7.4,8.1,8.2,2	
7.3,7.4,8.8,8.9,1	
7.3,7.4,9.6,9.7,1	
7.4,7.5,0.6,0.7,27043	
7.4,7.5,1.4,1.5,11717	
7.4,7.5,2.2,2.3,2636	
7.4,7.5,2.9,3.0,401	
7.4,7.5,3.0,3.1,290	
7.4,7.5,3.7,3.8,34	
7.4,7.5,4.5,4.6,1	
7.4,7.5,5.3,5.4,5	
7.4,7.5,7.6,7.7,3	
7.4,7.5,8.4,8.5,1	
7.5,7.6,0.2,0.3,27728	
7.5,7.6,0.9,1.0,18305	
7.5,7.6,1.0,1.1,16697	
7.5,7.6,1.7,1.8,6246	
7.5,7.6,2.5,2.6,1151	
7.5,7.6,3.3,3.4,119	
7.5,7.6,4.1,4.2,9	
7.5,7.6,4.8,4.9,1	
7.5,7.6,5.6,5.7,2	
7.5,7.6,7.2,7.3,1	
7.5,7.6,8.0,8.1,1	
7.6,7.7,0.5,0.6,20931	
7.6,7.7,1.3,1.4,9827	
7.6,7.7,2.1,2.2,2450	
7.6,7.7,2.8,2.9,420	
7.6,7.7,3.6,3.7,31	
7.6,7.7,4.4,4.5,3	
7.6,7.7,5.2,5.3,1	
7.6,7.7,5.9,6.0,4	
7.6,7.7,6.0,6.1,5	
7.6,7.7,7.5,7.6,2	
7.6,7.7,9.8,9.9,1	
7.7,7.8,0.1,0.2,20654	
7.7,7.8,0.8,0.9,14444	
7.7,7.8,1.6,1.7,5457	
7.7,7.8,2.4,2.5,1069	
7.7,7.8,3.2,3.3,110	
7.7,7.8,3.9,4.0,11	
7.7,7.8,4.0,4.1,6	
7.7,7.8,4.7,4.8,2	
7.7,7.8,6.3,6.4,3	
7.7,7.8,7.1,7.2,1	
7.7,7.8,7.8,7.9,1	
7.8,7.9,0.4,0.5,15677	
7.8,7.9,1.2,1.3,7838	
7.8,7.9,1.9,2.0,2579	
7.8,7.9,2.0,2.1,2227	
7.8,7.9,2.7,2.8,390	
7.8,7.9,3.5,3.6,36	
7.8,7.9,5.1,5.2,1	
7.8,7.9,5.8,5.9,2	
7.8,7.9,6.6,6.7,2	
7.8,7.9,7.4,7.5,1	
7.8,7.9,8.9,9.0,1	
7.9,8.0,0.0,0.1,14235	
7.9,8.0,0.7,0.8,10605	
7.9,8.0,1.5,1.6,4303	
7.9,8.0,2.3,2.4,916	
7.9,8.0,3.1,3.2,107	
7.9,8.0,3.8,3.9,9	
7.9,8.0,4.6,4.7,3	
7.9,8.0,5.4,5.5,1	
7.9,8.0,6.2,6.3,3	
7.9,8.0,6.9,7.0,2	
7.9,8.0,7.0,7.1,1	
8.0,8.1,0.0,0.1,11508	
8.0,8.1,0.7,0.8,8823	
8.0,8.1,1.5,1.6,3539	
8.0,8.1,2.3,2.4,717	
8.0,8.1,3.1,3.2,83	
8.0,8.1,3.8,3.9,11	
8.0,8.1,4.6,4.7,3	
8.0,8.1,6.2,6.3,3	
8.0,8.1,6.9,7.0,1	
8.0,8.1,7.0,7.1,1	
8.0,8.1,7.7,7.8,1	
8.1,8.2,0.3,0.4,9101	
8.1,8.2,1.1,1.2,4927	
8.1,8.2,1.8,1.9,1750	
8.1,8.2,2.6,2.7,276	
8.1,8.2,3.4,3.5,33	
8.1,8.2,4.2,4.3,3	
8.1,8.2,4.9,5.0,1	
8.1,8.2,5.0,5.1,1	
8.1,8.2,5.7,5.8,1	
8.1,8.2,6.5,6.6,3	
8.2,8.3,0.6,0.7,6277	
8.2,8.3,1.4,1.5,2731	
8.2,8.3,2.2,2.3,579	
8.2,8.3,2.9,3.0,97	
8.2,8.3,3.0,3.1,85	
8.2,8.3,3.7,3.8,4	
8.2,8.3,4.5,4.6,1	
8.2,8.3,5.3,5.4,3	
8.2,8.3,7.6,7.7,1	
8.3,8.4,0.2,0.3,5599	
8.3,8.4,0.9,1.0,3782	
8.3,8.4,1.0,1.1,3549	
8.3,8.4,1.7,1.8,1330	
8.3,8.4,2.5,2.6,251	
8.3,8.4,3.3,3.4,21	
8.3,8.4,4.1,4.2,3	
8.3,8.4,4.8,4.9,1	
8.3,8.4,5.6,5.7,1	
8.3,8.4,6.4,6.5,2	
8.4,8.5,0.5,0.6,4046	
8.4,8.5,1.3,1.4,1900	
8.4,8.5,2.1,2.2,457	
8.4,8.5,2.8,2.9,82	
8.4,8.5,3.6,3.7,3	
8.4,8.5,4.4,4.5,1	
8.4,8.5,5.2,5.3,2	
8.4,8.5,5.9,6.0,3	
8.4,8.5,6.0,6.1,2	
8.4,8.5,6.7,6.8,2	
8.5,8.6,0.1,0.2,3735	
8.5,8.6,0.8,0.9,2608	
8.5,8.6,1.6,1.7,956	
8.5,8.6,2.4,2.5,196	
8.5,8.6,3.2,3.3,22	
8.5,8.6,3.9,4.0,2	
8.5,8.6,4.0,4.1,3	
8.5,8.6,5.5,5.6,2	
8.5,8.6,7.1,7.2,1	
8.6,8.7,0.4,0.5,2624	
8.6,8.7,1.2,1.3,1322	
8.6,8.7,1.9,2.0,425	
8.6,8.7,2.0,2.1,367	
8.6,8.7,2.7,2.8,71	
8.6,8.7,3.5,3.6,7	
8.6,8.7,5.8,5.9,2	
8.7,8.8,0.0,0.1,2173	
8.7,8.8,0.7,0.8,1667	
8.7,8.8,1.5,1.6,627	
8.7,8.8,2.3,2.4,151	
8.7,8.8,3.1,3.2,12	
8.7,8.8,3.8,3.9,2	
8.7,8.8,4.6,4.7,1	
8.8,8.9,0.3,0.4,1528	
8.8,8.9,1.1,1.2,862	
8.8,8.9,1.8,1.9,297	
8.8,8.9,2.6,2.7,50	
8.8,8.9,3.4,3.5,7	
8.8,8.9,4.9,5.0,1	
8.8,8.9,6.5,6.6,1	
8.8,8.9,7.3,7.4,1	
8.9,9.0,0.6,0.7,1009	
8.9,9.0,1.4,1.5,439	
8.9,9.0,2.2,2.3,116	
8.9,9.0,2.9,3.0,17	
8.9,9.0,3.0,3.1,13	
8.9,9.0,3.7,3.8,1	
8.9,9.0,5.3,5.4,1	
8.9,9.0,6.1,6.2,1	
8.9,9.0,7.6,7.7,2	
9.0,9.1,0.1,0.2,901	
9.0,9.1,0.8,0.9,679	
9.0,9.1,1.6,1.7,240	
9.0,9.1,2.4,2.5,38	
9.0,9.1,3.2,3.3,5	
9.0,9.1,3.9,4.0,3	
9.0,9.1,4.7,4.8,1	
9.0,9.1,5.5,5.6,2	
9.0,9.1,7.1,7.2,1	
9.1,9.2,0.4,0.5,611	
9.1,9.2,1.2,1.3,310	
9.1,9.2,1.9,2.0,109	
9.1,9.2,2.0,2.1,95	
9.1,9.2,2.7,2.8,20	
9.1,9.2,3.5,3.6,1	
9.1,9.2,5.1,5.2,1	
9.1,9.2,5.8,5.9,1	
9.1,9.2,6.6,6.7,1	
9.1,9.2,7.4,7.5,1	
9.2,9.3,0.0,0.1,436	
9.2,9.3,0.7,0.8,355	
9.2,9.3,1.5,1.6,147	
9.2,9.3,2.3,2.4,30	
9.2,9.3,3.1,3.2,2	
9.2,9.3,5.4,5.5,1	
9.2,9.3,6.2,6.3,2	
9.3,9.4,0.3,0.4,338	
9.3,9.4,1.1,1.2,167	
9.3,9.4,1.8,1.9,65	
9.3,9.4,2.6,2.7,11	
9.3,9.4,3.4,3.5,2	
9.3,9.4,4.9,5.0,1	
9.3,9.4,6.5,6.6,2	
9.4,9.5,0.6,0.7,198	
9.4,9.5,1.4,1.5,76	
9.4,9.5,2.2,2.3,22	
9.4,9.5,2.9,3.0,4	
9.4,9.5,3.0,3.1,4	
9.4,9.5,3.7,3.8,1	
9.4,9.5,4.5,4.6,1	
9.4,9.5,6.1,6.2,2	
9.4,9.5,6.8,6.9,1	
9.4,9.5,7.6,7.7,1	
9.5,9.6,0.2,0.3,184	
9.5,9.6,0.9,1.0,112	
9.5,9.6,1.0,1.1,114	
9.5,9.6,1.7,1.8,29	
9.5,9.6,2.5,2.6,4	
9.5,9.6,3.3,3.4,4	
9.5,9.6,5.6,5.7,2	
9.5,9.6,6.4,6.5,3	
9.6,9.7,0.5,0.6,108	
9.6,9.7,1.3,1.4,56	
9.6,9.7,2.1,2.2,12	
9.6,9.7,2.8,2.9,5	
9.6,9.7,3.6,3.7,2	
9.6,9.7,4.4,4.5,1	
9.6,9.7,5.9,6.0,1	
9.6,9.7,6.0,6.1,2	
9.6,9.7,6.7,6.8,1	
9.7,9.8,0.1,0.2,85	
9.7,9.8,0.8,0.9,64	
9.7,9.8,1.6,1.7,29	
9.7,9.8,2.4,2.5,5	
9.7,9.8,3.2,3.3,2	
9.7,9.8,3.9,4.0,2	
9.7,9.8,6.3,6.4,3	
9.7,9.8,7.1,7.2,1	
9.8,9.9,0.4,0.5,57	
9.8,9.9,1.2,1.3,30	
9.8,9.9,1.9,2.0,10	
9.8,9.9,2.0,2.1,4	
9.8,9.9,2.7,2.8,3	
9.8,9.9,4.3,4.4,1	
9.8,9.9,5.1,5.2,1	
9.8,9.9,6.6,6.7,1	
9.8,9.9,7.4,7.5,1	
9.9,10.0,0.0,0.1,40	
9.9,10.0,0.7,0.8,36	
9.9,10.0,1.5,1.6,8	
9.9,10.0,2.3,2.4,3	
9.9,10.0,3.1,3.2,1	
9.9,10.0,3.8,3.9,2	
9.9,10.0,4.6,4.7,1	
9.9,10.0,5.4,5.5,1	
9.9,10.0,6.2,6.3,1	
9.9,10.0,7.0,7.1,1	
