0.0,0.1,0.1,0.2,4499	
0.0,0.1,0.8,0.9,11111	
0.0,0.1,1.6,1.7,39748	
0.0,0.1,10.5,10.6,5	
0.0,0.1,2.4,2.5,83263	
0.0,0.1,3.2,3.3,95840	
0.0,0.1,3.9,4.0,73933	
0.0,0.1,4.0,4.1,70418	
0.0,0.1,4.7,4.8,64710	
0.0,0.1,5.5,5.6,89539	
0.0,0.1,6.3,6.4,89970	
0.0,0.1,7.1,7.2,49347	
0.0,0.1,7.8,7.9,16995	
0.0,0.1,8.6,8.7,2806	
0.0,0.1,9.4,9.5,215	
0.1,0.2,0.4,0.5,6064	
0.1,0.2,1.2,1.3,21861	
0.1,0.2,1.9,2.0,56096	
0.1,0.2,10.0,10.1,33	
0.1,0.2,2.0,2.1,61727	
0.1,0.2,2.7,2.8,94264	
0.1,0.2,3.5,3.6,87988	
0.1,0.2,4.3,4.4,62600	
0.1,0.2,5.1,5.2,75165	
0.1,0.2,5.8,5.9,95842	
0.1,0.2,6.6,6.7,76817	
0.1,0.2,7.4,7.5,32969	
0.1,0.2,8.2,8.3,7440	
0.1,0.2,8.9,9.0,1242	
0.1,0.2,9.0,9.1,941	
0.1,0.2,9.7,9.8,102	
0.2,0.3,0.0,0.1,4797	
0.2,0.3,0.7,0.8,9855	
0.2,0.3,1.5,1.6,33985	
0.2,0.3,10.2,10.3,12	
0.2,0.3,10.9,11.0,1	
0.2,0.3,11.0,11.1,1	
0.2,0.3,2.3,2.4,77056	
0.2,0.3,3.1,3.2,95653	
0.2,0.3,3.8,3.9,75394	
0.2,0.3,4.6,4.7,61522	
0.2,0.3,5.4,5.5,84195	
0.2,0.3,6.2,6.3,90155	
0.2,0.3,6.9,7.0,58905	
0.2,0.3,7.0,7.1,53478	
0.2,0.3,7.7,7.8,20098	
0.2,0.3,8.5,8.6,3609	
0.2,0.3,9.3,9.4,349	
0.3,0.4,0.3,0.4,6141	
0.3,0.4,1.1,1.2,18426	
0.3,0.4,1.8,1.9,48706	
0.3,0.4,10.4,10.5,2	
0.3,0.4,2.6,2.7,87790	
0.3,0.4,3.4,3.5,87976	
0.3,0.4,4.2,4.3,62030	
0.3,0.4,4.9,5.0,66113	
0.3,0.4,5.0,5.1,68681	
0.3,0.4,5.7,5.8,88857	
0.3,0.4,6.5,6.6,77498	
0.3,0.4,7.3,7.4,36511	
0.3,0.4,8.1,8.2,8774	
0.3,0.4,8.8,8.9,1505	
0.3,0.4,9.6,9.7,120	
0.4,0.5,0.6,0.7,9040	
0.4,0.5,1.4,1.5,28562	
0.4,0.5,10.6,10.7,2	
0.4,0.5,2.2,2.3,68006	
0.4,0.5,2.9,3.0,90808	
0.4,0.5,3.0,3.1,91334	
0.4,0.5,3.7,3.8,74751	
0.4,0.5,4.5,4.6,57012	
0.4,0.5,5.3,5.4,75009	
0.4,0.5,6.1,6.2,85962	
0.4,0.5,6.8,6.9,60178	
0.4,0.5,7.6,7.7,22386	
0.4,0.5,8.4,8.5,4380	
0.4,0.5,9.2,9.3,441	
0.4,0.5,9.9,10.0,29	
0.5,0.6,0.2,0.3,7265	
0.5,0.6,0.9,1.0,13771	
0.5,0.6,1.0,1.1,16027	
0.5,0.6,1.7,1.8,40903	
0.5,0.6,10.1,10.2,15	
0.5,0.6,10.8,10.9,1	
0.5,0.6,2.5,2.6,79406	
0.5,0.6,3.3,3.4,84378	
0.5,0.6,4.1,4.2,59952	
0.5,0.6,4.8,4.9,58101	
0.5,0.6,5.6,5.7,79923	
0.5,0.6,6.4,6.5,74052	
0.5,0.6,7.2,7.3,37361	
0.5,0.6,7.9,8.0,12293	
0.5,0.6,8.0,8.1,10018	
0.5,0.6,8.7,8.8,1884	
0.5,0.6,9.5,9.6,144	
0.6,0.7,0.5,0.6,9653	
0.6,0.7,1.3,1.4,23955	
0.6,0.7,10.3,10.4,6	
0.6,0.7,2.1,2.2,58623	
0.6,0.7,2.8,2.9,82850	
0.6,0.7,3.6,3.7,72293	
0.6,0.7,4.4,4.5,52235	
0.6,0.7,5.2,5.3,64809	
0.6,0.7,5.9,6.0,77837	
0.6,0.7,6.0,6.1,77802	
0.6,0.7,6.7,6.8,58308	
0.6,0.7,7.5,7.6,23122	
0.6,0.7,8.3,8.4,4871	
0.6,0.7,9.1,9.2,511	
0.6,0.7,9.8,9.9,50	
0.7,0.8,0.1,0.2,9568	
0.7,0.8,0.8,0.9,13216	
0.7,0.8,1.6,1.7,33856	
0.7,0.8,11.3,11.4,1	
0.7,0.8,2.4,2.5,68941	
0.7,0.8,3.2,3.3,78610	
0.7,0.8,3.9,4.0,59585	
0.7,0.8,4.0,4.1,56830	
0.7,0.8,4.7,4.8,50206	
0.7,0.8,5.5,5.6,68268	
0.7,0.8,6.3,6.4,68696	
0.7,0.8,7.1,7.2,37188	
0.7,0.8,7.8,7.9,13095	
0.7,0.8,8.6,8.7,2173	
0.7,0.8,9.4,9.5,191	
0.8,0.9,0.4,0.5,11888	
0.8,0.9,1.2,1.3,20747	
0.8,0.9,1.9,2.0,45034	
0.8,0.9,10.0,10.1,13	
0.8,0.9,2.0,2.1,49201	
0.8,0.9,2.7,2.8,73988	
0.8,0.9,3.5,3.6,68967	
0.8,0.9,4.3,4.4,47696	
0.8,0.9,5.1,5.2,53894	
0.8,0.9,5.8,5.9,67148	
0.8,0.9,6.6,6.7,53870	
0.8,0.9,7.4,7.5,23250	
0.8,0.9,8.2,8.3,5327	
0.8,0.9,8.9,9.0,902	
0.8,0.9,9.0,9.1,593	
0.8,0.9,9.7,9.8,68	
0.9,1.0,0.0,0.1,13323	
0.9,1.0,0.7,0.8,14842	
0.9,1.0,1.5,1.6,29233	
0.9,1.0,10.2,10.3,6	
0.9,1.0,11.0,11.1,1	
0.9,1.0,2.3,2.4,59753	
0.9,1.0,3.1,3.2,72744	
0.9,1.0,3.8,3.9,56696	
0.9,1.0,4.6,4.7,42969	
0.9,1.0,5.4,5.5,55453	
0.9,1.0,6.2,6.3,59541	
0.9,1.0,6.9,7.0,38655	
0.9,1.0,7.0,7.1,35065	
0.9,1.0,7.7,7.8,13138	
0.9,1.0,8.5,8.6,2331	
0.9,1.0,9.3,9.4,234	
1.0,1.1,0.0,0.1,15882	
1.0,1.1,0.7,0.8,16259	
1.0,1.1,1.5,1.6,28545	
1.0,1.1,10.0,10.1,16	
1.0,1.1,10.7,10.8,1	
1.0,1.1,2.3,2.4,57275	
1.0,1.1,3.1,3.2,70213	
1.0,1.1,3.8,3.9,53997	
1.0,1.1,4.6,4.7,39573	
1.0,1.1,5.4,5.5,50781	
1.0,1.1,6.2,6.3,53663	
1.0,1.1,6.9,7.0,34885	
1.0,1.1,7.0,7.1,31634	
1.0,1.1,7.7,7.8,12073	
1.0,1.1,8.5,8.6,2161	
1.0,1.1,9.3,9.4,175	
1.1,1.2,0.3,0.4,18652	
1.1,1.2,1.1,1.2,20790	
1.1,1.2,1.8,1.9,37519	
1.1,1.2,10.2,10.3,4	
1.1,1.2,2.6,2.7,63590	
1.1,1.2,3.4,3.5,62074	
1.1,1.2,4.2,4.3,41074	
1.1,1.2,4.9,5.0,38353	
1.1,1.2,5.0,5.1,39473	
1.1,1.2,5.7,5.8,49485	
1.1,1.2,6.5,6.6,42512	
1.1,1.2,7.3,7.4,19891	
1.1,1.2,8.1,8.2,4895	
1.1,1.2,8.8,8.9,841	
1.1,1.2,9.6,9.7,53	
1.2,1.3,0.6,0.7,20940	
1.2,1.3,1.4,1.5,26557	
1.2,1.3,10.4,10.5,4	
1.2,1.3,2.2,2.3,50646	
1.2,1.3,2.9,3.0,65016	
1.2,1.3,3.0,3.1,65326	
1.2,1.3,3.7,3.8,52123	
1.2,1.3,4.5,4.6,34761	
1.2,1.3,5.3,5.4,39372	
1.2,1.3,6.1,6.2,43837	
1.2,1.3,6.8,6.9,30295	
1.2,1.3,7.6,7.7,11096	
1.2,1.3,8.4,8.5,2163	
1.2,1.3,9.2,9.3,210	
1.2,1.3,9.9,10.0,23	
1.3,1.4,0.2,0.3,25300	
1.3,1.4,0.9,1.0,23412	
1.3,1.4,1.0,1.1,23715	
1.3,1.4,1.7,1.8,34266	
1.3,1.4,10.6,10.7,3	
1.3,1.4,2.5,2.6,57551	
1.3,1.4,3.3,3.4,59930	
1.3,1.4,4.1,4.2,39184	
1.3,1.4,4.8,4.9,31171	
1.3,1.4,5.6,5.7,38144	
1.3,1.4,6.4,6.5,34867	
1.3,1.4,7.2,7.3,17403	
1.3,1.4,7.9,8.0,5765	
1.3,1.4,8.0,8.1,4696	
1.3,1.4,8.7,8.8,883	
1.3,1.4,9.5,9.6,61	
1.4,1.5,0.5,0.6,28058	
1.4,1.5,1.3,1.4,27778	
1.4,1.5,10.1,10.2,7	
1.4,1.5,10.8,10.9,1	
1.4,1.5,2.1,2.2,46398	
1.4,1.5,2.8,2.9,61995	
1.4,1.5,3.6,3.7,52493	
1.4,1.5,4.4,4.5,32025	
1.4,1.5,5.2,5.3,30280	
1.4,1.5,5.9,6.0,33809	
1.4,1.5,6.0,6.1,33807	
1.4,1.5,6.7,6.8,25582	
1.4,1.5,7.5,7.6,10199	
1.4,1.5,8.3,8.4,2190	
1.4,1.5,9.1,9.2,230	
1.4,1.5,9.8,9.9,20	
1.5,1.6,0.1,0.2,34522	
1.5,1.6,0.8,0.9,29793	
1.5,1.6,1.6,1.7,33307	
1.5,1.6,10.3,10.4,2	
1.5,1.6,2.4,2.5,55131	
1.5,1.6,3.2,3.3,60996	
1.5,1.6,3.9,4.0,43362	
1.5,1.6,4.0,4.1,39977	
1.5,1.6,4.7,4.8,26727	
1.5,1.6,5.5,5.6,28666	
1.5,1.6,6.3,6.4,27315	
1.5,1.6,7.1,7.2,14783	
1.5,1.6,7.8,7.9,5197	
1.5,1.6,8.6,8.7,857	
1.5,1.6,9.4,9.5,84	
1.6,1.7,0.4,0.5,36994	
1.6,1.7,1.2,1.3,31455	
1.6,1.7,1.9,2.0,42315	
1.6,1.7,2.0,2.1,44847	
1.6,1.7,2.7,2.8,61900	
1.6,1.7,3.5,3.6,55131	
1.6,1.7,4.3,4.4,31348	
1.6,1.7,5.1,5.2,23451	
1.6,1.7,5.8,5.9,25465	
1.6,1.7,6.6,6.7,20164	
1.6,1.7,7.4,7.5,8799	
1.6,1.7,8.2,8.3,1988	
1.6,1.7,8.9,9.0,333	
1.6,1.7,9.0,9.1,204	
1.6,1.7,9.7,9.8,17	
1.7,1.8,0.0,0.1,45116	
1.7,1.8,0.7,0.8,37907	
1.7,1.8,1.5,1.6,35462	
1.7,1.8,10.0,10.1,6	
1.7,1.8,2.3,2.4,55031	
1.7,1.8,3.1,3.2,64066	
1.7,1.8,3.8,3.9,47256	
1.7,1.8,4.6,4.7,24931	
1.7,1.8,5.4,5.5,20893	
1.7,1.8,6.2,6.3,20223	
1.7,1.8,6.9,7.0,13085	
1.7,1.8,7.0,7.1,11913	
1.7,1.8,7.7,7.8,4557	
1.7,1.8,8.5,8.6,796	
1.7,1.8,9.3,9.4,85	
1.8,1.9,0.3,0.4,48128	
1.8,1.9,1.1,1.2,37422	
1.8,1.9,1.8,1.9,43245	
1.8,1.9,10.2,10.3,2	
1.8,1.9,2.6,2.7,64285	
1.8,1.9,3.4,3.5,61021	
1.8,1.9,4.2,4.3,34272	
1.8,1.9,4.9,5.0,19831	
1.8,1.9,5.0,5.1,19329	
1.8,1.9,5.7,5.8,18262	
1.8,1.9,6.5,6.6,15250	
1.8,1.9,7.3,7.4,6932	
1.8,1.9,8.1,8.2,1735	
1.8,1.9,8.8,8.9,291	
1.8,1.9,9.6,9.7,25	
1.9,2.0,0.6,0.7,49029	
1.9,2.0,1.4,1.5,40109	
1.9,2.0,10.4,10.5,1	
1.9,2.0,2.2,2.3,56760	
1.9,2.0,2.9,3.0,69705	
1.9,2.0,3.0,3.1,69749	
1.9,2.0,3.7,3.8,53712	
1.9,2.0,4.5,4.6,25748	
1.9,2.0,5.3,5.4,15775	
1.9,2.0,6.1,6.2,14630	
1.9,2.0,6.8,6.9,9984	
1.9,2.0,7.6,7.7,3643	
1.9,2.0,8.4,8.5,630	
1.9,2.0,9.2,9.3,63	
1.9,2.0,9.9,10.0,5	
10.0,10.1,0.3,0.4,17	
10.0,10.1,1.1,1.2,16	
10.0,10.1,1.8,1.9,3	
10.0,10.1,2.6,2.7,1	
10.1,10.2,0.6,0.7,11	
10.1,10.2,1.4,1.5,3	
10.1,10.2,2.2,2.3,1	
10.2,10.3,0.2,0.3,18	
10.2,10.3,0.9,1.0,6	
10.2,10.3,1.0,1.1,8	
10.2,10.3,1.7,1.8,3	
10.3,10.4,0.5,0.6,6	
10.3,10.4,1.3,1.4,5	
10.3,10.4,2.1,2.2,2	
10.3,10.4,2.8,2.9,1	
10.4,10.5,0.1,0.2,4	
10.4,10.5,0.8,0.9,1	
10.4,10.5,2.4,2.5,1	
10.5,10.6,0.4,0.5,2	
10.6,10.7,0.0,0.1,7	
10.6,10.7,0.7,0.8,5	
10.7,10.8,0.3,0.4,2	
11.1,11.2,0.5,0.6,1	
11.3,11.4,0.4,0.5,1	
2.0,2.1,0.1,0.2,61491	
2.0,2.1,0.8,0.9,49517	
2.0,2.1,1.6,1.7,45037	
2.0,2.1,10.2,10.3,1	
2.0,2.1,2.4,2.5,65406	
2.0,2.1,3.2,3.3,71223	
2.0,2.1,3.9,4.0,47617	
2.0,2.1,4.0,4.1,43483	
2.0,2.1,4.7,4.8,21038	
2.0,2.1,5.5,5.6,13357	
2.0,2.1,6.3,6.4,11327	
2.0,2.1,7.1,7.2,6013	
2.0,2.1,7.8,7.9,2157	
2.0,2.1,8.6,8.7,369	
2.0,2.1,9.4,9.5,40	
2.1,2.2,0.4,0.5,62985	
2.1,2.2,1.2,1.3,47067	
2.1,2.2,1.9,2.0,54202	
2.1,2.2,10.4,10.5,1	
2.1,2.2,2.0,2.1,56407	
2.1,2.2,2.7,2.8,75593	
2.1,2.2,3.5,3.6,65954	
2.1,2.2,4.3,4.4,33039	
2.1,2.2,5.1,5.2,14349	
2.1,2.2,5.8,5.9,10805	
2.1,2.2,6.6,6.7,7845	
2.1,2.2,7.4,7.5,3351	
2.1,2.2,8.2,8.3,746	
2.1,2.2,8.9,9.0,144	
2.1,2.2,9.0,9.1,82	
2.1,2.2,9.7,9.8,9	
2.2,2.3,0.0,0.1,74080	
2.2,2.3,0.7,0.8,60656	
2.2,2.3,1.5,1.6,49074	
2.2,2.3,10.6,10.7,1	
2.2,2.3,2.3,2.4,69031	
2.2,2.3,3.1,3.2,79211	
2.2,2.3,3.8,3.9,56391	
2.2,2.3,4.6,4.7,23654	
2.2,2.3,5.4,5.5,10527	
2.2,2.3,6.2,6.3,7803	
2.2,2.3,6.9,7.0,4916	
2.2,2.3,7.0,7.1,4424	
2.2,2.3,7.7,7.8,1559	
2.2,2.3,8.5,8.6,316	
2.2,2.3,9.3,9.4,24	
2.3,2.4,0.3,0.4,75303	
2.3,2.4,1.1,1.2,54813	
2.3,2.4,1.8,1.9,57088	
2.3,2.4,2.6,2.7,80856	
2.3,2.4,3.4,3.5,75981	
2.3,2.4,4.2,4.3,39371	
2.3,2.4,4.9,5.0,15882	
2.3,2.4,5.0,5.1,14218	
2.3,2.4,5.7,5.8,7690	
2.3,2.4,6.5,6.6,5427	
2.3,2.4,7.3,7.4,2465	
2.3,2.4,8.1,8.2,617	
2.3,2.4,8.8,8.9,96	
2.3,2.4,9.6,9.7,11	
2.4,2.5,0.6,0.7,72346	
2.4,2.5,1.4,1.5,55051	
2.4,2.5,10.3,10.4,2	
2.4,2.5,2.2,2.3,71825	
2.4,2.5,2.9,3.0,87820	
2.4,2.5,3.0,3.1,87660	
2.4,2.5,3.7,3.8,66274	
2.4,2.5,4.5,4.6,27571	
2.4,2.5,5.3,5.4,9361	
2.4,2.5,6.1,6.2,5137	
2.4,2.5,6.8,6.9,3392	
2.4,2.5,7.6,7.7,1294	
2.4,2.5,8.4,8.5,215	
2.4,2.5,9.2,9.3,23	
2.4,2.5,9.9,10.0,3	
2.5,2.6,0.2,0.3,86055	
2.5,2.6,0.9,1.0,66092	
2.5,2.6,1.0,1.1,63286	
2.5,2.6,1.7,1.8,59890	
2.5,2.6,10.5,10.6,1	
2.5,2.6,2.5,2.6,84537	
2.5,2.6,3.3,3.4,85051	
2.5,2.6,4.1,4.2,47308	
2.5,2.6,4.8,4.9,18172	
2.5,2.6,5.6,5.7,6067	
2.5,2.6,6.4,6.5,3606	
2.5,2.6,7.2,7.3,1716	
2.5,2.6,7.9,8.0,578	
2.5,2.6,8.0,8.1,442	
2.5,2.6,8.7,8.8,80	
2.5,2.6,9.5,9.6,8	
2.6,2.7,0.5,0.6,81608	
2.6,2.7,1.3,1.4,60252	
2.6,2.7,10.0,10.1,3	
2.6,2.7,2.1,2.2,73857	
2.6,2.7,2.8,2.9,92881	
2.6,2.7,3.6,3.7,75183	
2.6,2.7,4.4,4.5,33449	
2.6,2.7,5.2,5.3,9653	
2.6,2.7,5.9,6.0,4051	
2.6,2.7,6.0,6.1,3602	
2.6,2.7,6.7,6.8,2262	
2.6,2.7,7.5,7.6,906	
2.6,2.7,8.3,8.4,195	
2.6,2.7,9.1,9.2,20	
2.6,2.7,9.8,9.9,3	
2.7,2.8,0.1,0.2,94417	
2.7,2.8,0.8,0.9,74431	
2.7,2.8,1.6,1.7,62102	
2.7,2.8,2.4,2.5,86181	
2.7,2.8,3.2,3.3,92510	
2.7,2.8,3.9,4.0,60403	
2.7,2.8,4.0,4.1,54918	
2.7,2.8,4.7,4.8,21226	
2.7,2.8,5.5,5.6,5783	
2.7,2.8,6.3,6.4,2448	
2.7,2.8,7.1,7.2,1108	
2.7,2.8,7.8,7.9,396	
2.7,2.8,8.6,8.7,72	
2.7,2.8,9.4,9.5,4	
2.8,2.9,0.4,0.5,90258	
2.8,2.9,1.2,1.3,63816	
2.8,2.9,1.9,2.0,69733	
2.8,2.9,2.0,2.1,72367	
2.8,2.9,2.7,2.8,95196	
2.8,2.9,3.5,3.6,82745	
2.8,2.9,4.3,4.4,39145	
2.8,2.9,5.1,5.2,10829	
2.8,2.9,5.8,5.9,3262	
2.8,2.9,6.6,6.7,1419	
2.8,2.9,7.4,7.5,601	
2.8,2.9,8.2,8.3,149	
2.8,2.9,8.9,9.0,10	
2.8,2.9,9.0,9.1,22	
2.8,2.9,9.7,9.8,3	
2.9,3.0,0.0,0.1,98356	
2.9,3.0,0.7,0.8,80349	
2.9,3.0,1.5,1.6,62736	
2.9,3.0,2.3,2.4,84232	
2.9,3.0,3.1,3.2,96245	
2.9,3.0,3.8,3.9,67129	
2.9,3.0,4.6,4.7,25143	
2.9,3.0,5.4,5.5,5871	
2.9,3.0,6.2,6.3,1751	
2.9,3.0,6.9,7.0,888	
2.9,3.0,7.0,7.1,714	
2.9,3.0,7.7,7.8,265	
2.9,3.0,8.5,8.6,55	
2.9,3.0,9.3,9.4,4	
3.0,3.1,0.0,0.1,98674	
3.0,3.1,0.7,0.8,80676	
3.0,3.1,1.5,1.6,62680	
3.0,3.1,10.4,10.5,1	
3.0,3.1,2.3,2.4,84047	
3.0,3.1,3.1,3.2,95025	
3.0,3.1,3.8,3.9,67036	
3.0,3.1,4.6,4.7,25110	
3.0,3.1,5.4,5.5,5735	
3.0,3.1,6.2,6.3,1396	
3.0,3.1,6.9,7.0,592	
3.0,3.1,7.0,7.1,538	
3.0,3.1,7.7,7.8,202	
3.0,3.1,8.5,8.6,30	
3.0,3.1,9.3,9.4,4	
3.1,3.2,0.3,0.4,93591	
3.1,3.2,1.1,1.2,66933	
3.1,3.2,1.8,1.9,66771	
3.1,3.2,2.6,2.7,92175	
3.1,3.2,3.4,3.5,86002	
3.1,3.2,4.2,4.3,43765	
3.1,3.2,4.9,5.0,14645	
3.1,3.2,5.0,5.1,12150	
3.1,3.2,5.7,5.8,2909	
3.1,3.2,6.5,6.6,798	
3.1,3.2,7.3,7.4,279	
3.1,3.2,8.1,8.2,78	
3.1,3.2,8.8,8.9,15	
3.1,3.2,9.6,9.7,1	
3.2,3.3,0.6,0.7,82577	
3.2,3.3,1.4,1.5,61150	
3.2,3.3,2.2,2.3,77697	
3.2,3.3,2.9,3.0,94493	
3.2,3.3,3.0,3.1,93582	
3.2,3.3,3.7,3.8,69495	
3.2,3.3,4.5,4.6,28283	
3.2,3.3,5.3,5.4,6244	
3.2,3.3,6.1,6.2,1126	
3.2,3.3,6.8,6.9,400	
3.2,3.3,7.6,7.7,119	
3.2,3.3,8.4,8.5,20	
3.2,3.3,9.2,9.3,6	
3.2,3.3,9.9,10.0,1	
3.3,3.4,0.2,0.3,92198	
3.3,3.4,0.9,1.0,69925	
3.3,3.4,1.0,1.1,67186	
3.3,3.4,1.7,1.8,60661	
3.3,3.4,2.5,2.6,84924	
3.3,3.4,3.3,3.4,84942	
3.3,3.4,4.1,4.2,46223	
3.3,3.4,4.8,4.9,16555	
3.3,3.4,5.6,5.7,3101	
3.3,3.4,6.4,6.5,554	
3.3,3.4,7.2,7.3,151	
3.3,3.4,7.9,8.0,64	
3.3,3.4,8.0,8.1,50	
3.3,3.4,8.7,8.8,6	
3.3,3.4,9.5,9.6,3	
3.4,3.5,0.5,0.6,81847	
3.4,3.5,1.3,1.4,58213	
3.4,3.5,2.1,2.2,69428	
3.4,3.5,2.8,2.9,87287	
3.4,3.5,3.6,3.7,69689	
3.4,3.5,4.4,4.5,30449	
3.4,3.5,5.2,5.3,7074	
3.4,3.5,5.9,6.0,1369	
3.4,3.5,6.0,6.1,1045	
3.4,3.5,6.7,6.8,258	
3.4,3.5,7.5,7.6,94	
3.4,3.5,8.3,8.4,15	
3.4,3.5,9.1,9.2,1	
3.4,3.5,9.8,9.9,1	
3.5,3.6,0.1,0.2,87644	
3.5,3.6,0.8,0.9,68537	
3.5,3.6,1.6,1.7,55418	
3.5,3.6,2.4,2.5,75568	
3.5,3.6,3.2,3.3,79863	
3.5,3.6,3.9,4.0,52800	
3.5,3.6,4.0,4.1,47353	
3.5,3.6,4.7,4.8,17940	
3.5,3.6,5.5,5.6,3319	
3.5,3.6,6.3,6.4,454	
3.5,3.6,7.1,7.2,119	
3.5,3.6,7.8,7.9,28	
3.5,3.6,8.6,8.7,6	
3.6,3.7,0.4,0.5,78071	
3.6,3.7,1.2,1.3,54608	
3.6,3.7,1.9,2.0,57245	
3.6,3.7,2.0,2.1,59125	
3.6,3.7,2.7,2.8,76857	
3.6,3.7,3.5,3.6,67159	
3.6,3.7,4.3,4.4,31178	
3.6,3.7,5.1,5.2,7867	
3.6,3.7,5.8,5.9,1570	
3.6,3.7,6.6,6.7,183	
3.6,3.7,7.4,7.5,50	
3.6,3.7,8.2,8.3,8	
3.6,3.7,8.9,9.0,2	
3.6,3.7,9.0,9.1,4	
3.6,3.7,9.7,9.8,2	
3.7,3.8,0.0,0.1,81048	
3.7,3.8,0.7,0.8,66025	
3.7,3.8,1.5,1.6,49404	
3.7,3.8,2.3,2.4,63396	
3.7,3.8,3.1,3.2,71554	
3.7,3.8,3.8,3.9,50535	
3.7,3.8,4.6,4.7,18440	
3.7,3.8,5.4,5.5,3709	
3.7,3.8,6.2,6.3,446	
3.7,3.8,6.9,7.0,64	
3.7,3.8,7.0,7.1,55	
3.7,3.8,7.7,7.8,21	
3.7,3.8,8.5,8.6,6	
3.8,3.9,0.3,0.4,73201	
3.8,3.9,1.1,1.2,51115	
3.8,3.9,1.8,1.9,47926	
3.8,3.9,2.6,2.7,65061	
3.8,3.9,3.4,3.5,60512	
3.8,3.9,4.2,4.3,30644	
3.8,3.9,4.9,5.0,10034	
3.8,3.9,5.0,5.1,8085	
3.8,3.9,5.7,5.8,1617	
3.8,3.9,6.5,6.6,177	
3.8,3.9,7.3,7.4,37	
3.8,3.9,8.1,8.2,2	
3.8,3.9,8.8,8.9,1	
3.9,4.0,0.6,0.7,62599	
3.9,4.0,1.4,1.5,43744	
3.9,4.0,2.2,2.3,51228	
3.9,4.0,2.9,3.0,61501	
3.9,4.0,3.0,3.1,61606	
3.9,4.0,3.7,3.8,45942	
3.9,4.0,4.5,4.6,18031	
3.9,4.0,5.3,5.4,3930	
3.9,4.0,6.1,6.2,429	
3.9,4.0,6.8,6.9,65	
3.9,4.0,7.6,7.7,17	
3.9,4.0,8.4,8.5,1	
4.0,4.1,0.6,0.7,59558	
4.0,4.1,1.4,1.5,40622	
4.0,4.1,2.2,2.3,47282	
4.0,4.1,2.9,3.0,56001	
4.0,4.1,3.0,3.1,55928	
4.0,4.1,3.7,3.8,41350	
4.0,4.1,4.5,4.6,16487	
4.0,4.1,5.3,5.4,3455	
4.0,4.1,6.1,6.2,442	
4.0,4.1,6.8,6.9,47	
4.0,4.1,7.6,7.7,13	
4.0,4.1,8.4,8.5,1	
4.0,4.1,9.9,10.0,3	
4.1,4.2,0.2,0.3,66183	
4.1,4.2,0.9,1.0,48439	
4.1,4.2,1.0,1.1,45768	
4.1,4.2,1.7,1.8,36949	
4.1,4.2,2.5,2.6,46623	
4.1,4.2,3.3,3.4,46505	
4.1,4.2,4.1,4.2,25940	
4.1,4.2,4.8,4.9,8926	
4.1,4.2,5.6,5.7,1507	
4.1,4.2,6.4,6.5,153	
4.1,4.2,7.2,7.3,16	
4.1,4.2,7.9,8.0,2	
4.1,4.2,8.0,8.1,5	
4.1,4.2,8.7,8.8,2	
4.1,4.2,9.5,9.6,2	
4.2,4.3,0.5,0.6,57677	
4.2,4.3,1.3,1.4,37168	
4.2,4.3,2.1,2.2,36680	
4.2,4.3,2.8,2.9,44283	
4.2,4.3,3.6,3.7,35746	
4.2,4.3,4.4,4.5,15352	
4.2,4.3,5.2,5.3,3441	
4.2,4.3,5.9,6.0,571	
4.2,4.3,6.0,6.1,433	
4.2,4.3,6.7,6.8,46	
4.2,4.3,7.5,7.6,5	
4.2,4.3,9.1,9.2,1	
4.3,4.4,0.1,0.2,63209	
4.3,4.4,0.8,0.9,47321	
4.3,4.4,1.6,1.7,31646	
4.3,4.4,2.4,2.5,36102	
4.3,4.4,3.2,3.3,37514	
4.3,4.4,3.9,4.0,24671	
4.3,4.4,4.0,4.1,22247	
4.3,4.4,4.7,4.8,8374	
4.3,4.4,5.5,5.6,1434	
4.3,4.4,6.3,6.4,151	
4.3,4.4,7.1,7.2,12	
4.3,4.4,7.8,7.9,4	
4.3,4.4,8.6,8.7,2	
4.3,4.4,9.4,9.5,1	
4.4,4.5,0.4,0.5,57789	
4.4,4.5,1.2,1.3,35488	
4.4,4.5,1.9,2.0,28490	
4.4,4.5,2.0,2.1,28857	
4.4,4.5,2.7,2.8,33954	
4.4,4.5,3.5,3.6,28943	
4.4,4.5,4.3,4.4,13437	
4.4,4.5,5.1,5.2,3394	
4.4,4.5,5.8,5.9,613	
4.4,4.5,6.6,6.7,48	
4.4,4.5,7.4,7.5,6	
4.4,4.5,8.2,8.3,2	
4.4,4.5,8.9,9.0,1	
4.5,4.6,0.0,0.1,62463	
4.5,4.6,0.7,0.8,49505	
4.5,4.6,1.5,1.6,28829	
4.5,4.6,2.3,2.4,26967	
4.5,4.6,3.1,3.2,28689	
4.5,4.6,3.8,3.9,20120	
4.5,4.6,4.6,4.7,7185	
4.5,4.6,5.4,5.5,1417	
4.5,4.6,6.2,6.3,158	
4.5,4.6,6.9,7.0,13	
4.5,4.6,7.0,7.1,11	
4.5,4.6,7.7,7.8,1	
4.6,4.7,0.3,0.4,59928	
4.6,4.7,1.1,1.2,36705	
4.6,4.7,1.8,1.9,24306	
4.6,4.7,2.6,2.7,24687	
4.6,4.7,3.4,3.5,22215	
4.6,4.7,4.2,4.3,11146	
4.6,4.7,4.9,5.0,3708	
4.6,4.7,5.0,5.1,3051	
4.6,4.7,5.7,5.8,511	
4.6,4.7,6.5,6.6,49	
4.6,4.7,7.3,7.4,1	
4.7,4.8,0.6,0.7,53293	
4.7,4.8,1.4,1.5,28773	
4.7,4.8,2.2,2.3,20595	
4.7,4.8,2.9,3.0,21454	
4.7,4.8,3.0,3.1,21348	
4.7,4.8,3.7,3.8,15892	
4.7,4.8,4.5,4.6,6322	
4.7,4.8,5.3,5.4,1340	
4.7,4.8,6.1,6.2,136	
4.7,4.8,6.8,6.9,22	
4.7,4.8,9.9,10.0,1	
4.8,4.9,0.2,0.3,64795	
4.8,4.9,0.9,1.0,44674	
4.8,4.9,1.0,1.1,41021	
4.8,4.9,1.7,1.8,22136	
4.8,4.9,2.5,2.6,18249	
4.8,4.9,3.3,3.4,16768	
4.8,4.9,4.1,4.2,9002	
4.8,4.9,4.8,4.9,3137	
4.8,4.9,5.6,5.7,534	
4.8,4.9,6.4,6.5,50	
4.8,4.9,7.2,7.3,2	
4.8,4.9,8.7,8.8,1	
4.8,4.9,9.5,9.6,1	
4.9,5.0,0.5,0.6,60269	
4.9,5.0,1.3,1.4,31504	
4.9,5.0,2.1,2.2,16717	
4.9,5.0,2.8,2.9,15303	
4.9,5.0,3.6,3.7,11694	
4.9,5.0,4.4,4.5,5072	
4.9,5.0,5.2,5.3,1166	
4.9,5.0,5.9,6.0,210	
4.9,5.0,6.0,6.1,132	
4.9,5.0,6.7,6.8,20	
4.9,5.0,7.5,7.6,3	
4.9,5.0,8.3,8.4,1	
4.9,5.0,9.1,9.2,3	
4.9,5.0,9.8,9.9,1	
5.0,5.1,0.0,0.1,72723	
5.0,5.1,0.7,0.8,56177	
5.0,5.1,1.5,1.6,26143	
5.0,5.1,2.3,2.4,13927	
5.0,5.1,3.1,3.2,11969	
5.0,5.1,3.8,3.9,8101	
5.0,5.1,4.6,4.7,2964	
5.0,5.1,5.4,5.5,610	
5.0,5.1,6.2,6.3,51	
5.0,5.1,6.9,7.0,5	
5.0,5.1,7.0,7.1,7	
5.0,5.1,9.3,9.4,1	
5.1,5.2,0.3,0.4,71989	
5.1,5.2,1.1,1.2,40949	
5.1,5.2,1.8,1.9,18704	
5.1,5.2,2.6,2.7,11079	
5.1,5.2,3.4,3.5,8576	
5.1,5.2,4.2,4.3,4259	
5.1,5.2,4.9,5.0,1414	
5.1,5.2,5.0,5.1,1208	
5.1,5.2,5.7,5.8,224	
5.1,5.2,6.5,6.6,22	
5.1,5.2,7.3,7.4,3	
5.1,5.2,8.8,8.9,1	
5.1,5.2,9.6,9.7,2	
5.2,5.3,0.6,0.7,64902	
5.2,5.3,1.4,1.5,30389	
5.2,5.3,2.2,2.3,12057	
5.2,5.3,2.9,3.0,8806	
5.2,5.3,3.0,3.1,8275	
5.2,5.3,3.7,3.8,5633	
5.2,5.3,4.5,4.6,2312	
5.2,5.3,5.3,5.4,519	
5.2,5.3,6.1,6.2,56	
5.2,5.3,6.8,6.9,3	
5.2,5.3,7.6,7.7,1	
5.2,5.3,8.4,8.5,1	
5.2,5.3,9.9,10.0,1	
5.3,5.4,0.2,0.3,80791	
5.3,5.4,0.9,1.0,53653	
5.3,5.4,1.0,1.1,48870	
5.3,5.4,1.7,1.8,20810	
5.3,5.4,2.5,2.6,8828	
5.3,5.4,3.3,3.4,5987	
5.3,5.4,4.1,4.2,3191	
5.3,5.4,4.8,4.9,1102	
5.3,5.4,5.6,5.7,161	
5.3,5.4,6.4,6.5,21	
5.3,5.4,7.2,7.3,1	
5.3,5.4,7.9,8.0,1	
5.3,5.4,8.0,8.1,2	
5.3,5.4,9.5,9.6,1	
5.4,5.5,0.5,0.6,74413	
5.4,5.5,1.3,1.4,36342	
5.4,5.5,2.1,2.2,11874	
5.4,5.5,2.8,2.9,6164	
5.4,5.5,3.6,3.7,4013	
5.4,5.5,4.4,4.5,1663	
5.4,5.5,5.2,5.3,391	
5.4,5.5,5.9,6.0,60	
5.4,5.5,6.0,6.1,42	
5.4,5.5,6.7,6.8,2	
5.4,5.5,7.5,7.6,1	
5.4,5.5,8.3,8.4,5	
5.4,5.5,9.1,9.2,1	
5.4,5.5,9.8,9.9,1	
5.5,5.6,0.1,0.2,89102	
5.5,5.6,0.8,0.9,63043	
5.5,5.6,1.6,1.7,24739	
5.5,5.6,2.4,2.5,7600	
5.5,5.6,3.2,3.3,4078	
5.5,5.6,3.9,4.0,2381	
5.5,5.6,4.0,4.1,2196	
5.5,5.6,4.7,4.8,810	
5.5,5.6,5.5,5.6,134	
5.5,5.6,6.3,6.4,13	
5.6,5.7,0.4,0.5,84261	
5.6,5.7,1.2,1.3,43108	
5.6,5.7,1.9,2.0,15564	
5.6,5.7,2.0,2.1,13063	
5.6,5.7,2.7,2.8,4940	
5.6,5.7,3.5,3.6,2687	
5.6,5.7,4.3,4.4,1174	
5.6,5.7,5.1,5.2,279	
5.6,5.7,5.8,5.9,50	
5.6,5.7,6.6,6.7,9	
5.6,5.7,7.4,7.5,3	
5.6,5.7,9.0,9.1,3	
5.7,5.8,0.0,0.1,94546	
5.7,5.8,0.7,0.8,71556	
5.7,5.8,1.5,1.6,29068	
5.7,5.8,2.3,2.4,7787	
5.7,5.8,3.1,3.2,2755	
5.7,5.8,3.8,3.9,1563	
5.7,5.8,4.6,4.7,594	
5.7,5.8,5.4,5.5,115	
5.7,5.8,6.2,6.3,8	
5.7,5.8,6.9,7.0,3	
5.7,5.8,7.0,7.1,2	
5.7,5.8,8.5,8.6,1	
5.7,5.8,9.3,9.4,1	
5.8,5.9,0.3,0.4,90434	
5.8,5.9,1.1,1.2,49916	
5.8,5.9,1.8,1.9,18109	
5.8,5.9,2.6,2.7,4533	
5.8,5.9,3.4,3.5,1773	
5.8,5.9,4.2,4.3,802	
5.8,5.9,4.9,5.0,233	
5.8,5.9,5.0,5.1,211	
5.8,5.9,5.7,5.8,30	
5.8,5.9,6.5,6.6,7	
5.8,5.9,7.3,7.4,2	
5.8,5.9,8.1,8.2,1	
5.8,5.9,9.6,9.7,1	
5.9,6.0,0.6,0.7,78517	
5.9,6.0,1.4,1.5,33945	
5.9,6.0,2.2,2.3,8632	
5.9,6.0,2.9,3.0,2506	
5.9,6.0,3.0,3.1,2168	
5.9,6.0,3.7,3.8,1119	
5.9,6.0,4.5,4.6,376	
5.9,6.0,5.3,5.4,93	
5.9,6.0,6.1,6.2,13	
5.9,6.0,6.8,6.9,5	
5.9,6.0,7.6,7.7,6	
5.9,6.0,9.2,9.3,3	
6.0,6.1,0.6,0.7,77818	
6.0,6.1,1.4,1.5,33694	
6.0,6.1,2.2,2.3,8306	
6.0,6.1,2.9,3.0,2077	
6.0,6.1,3.0,3.1,1855	
6.0,6.1,3.7,3.8,826	
6.0,6.1,4.5,4.6,284	
6.0,6.1,5.3,5.4,69	
6.0,6.1,6.1,6.2,8	
6.0,6.1,6.8,6.9,2	
6.0,6.1,7.6,7.7,4	
6.0,6.1,8.4,8.5,3	
6.0,6.1,9.2,9.3,1	
6.1,6.2,0.2,0.3,92410	
6.1,6.2,0.9,1.0,60434	
6.1,6.2,1.0,1.1,54720	
6.1,6.2,1.7,1.8,21074	
6.1,6.2,2.5,2.6,4291	
6.1,6.2,3.3,3.4,978	
6.1,6.2,4.1,4.2,375	
6.1,6.2,4.8,4.9,116	
6.1,6.2,5.6,5.7,19	
6.1,6.2,6.4,6.5,4	
6.1,6.2,7.2,7.3,3	
6.1,6.2,7.9,8.0,2	
6.2,6.3,0.5,0.6,80028	
6.2,6.3,1.3,1.4,37172	
6.2,6.3,2.1,2.2,9444	
6.2,6.3,2.8,2.9,2051	
6.2,6.3,3.6,3.7,533	
6.2,6.3,4.4,4.5,160	
6.2,6.3,5.2,5.3,36	
6.2,6.3,5.9,6.0,4	
6.2,6.3,6.0,6.1,5	
6.2,6.3,6.7,6.8,1	
6.2,6.3,7.5,7.6,2	
6.2,6.3,8.3,8.4,2	
6.2,6.3,9.1,9.2,1	
6.3,6.4,0.1,0.2,89506	
6.3,6.4,0.8,0.9,62672	
6.3,6.4,1.6,1.7,23158	
6.3,6.4,2.4,2.5,4728	
6.3,6.4,3.2,3.3,769	
6.3,6.4,3.9,4.0,282	
6.3,6.4,4.0,4.1,224	
6.3,6.4,4.7,4.8,87	
6.3,6.4,5.5,5.6,14	
6.3,6.4,6.3,6.4,2	
6.3,6.4,7.1,7.2,1	
6.3,6.4,7.8,7.9,2	
6.3,6.4,8.6,8.7,1	
6.3,6.4,9.4,9.5,1	
6.4,6.5,0.4,0.5,77910	
6.4,6.5,1.2,1.3,39668	
6.4,6.5,1.9,2.0,13257	
6.4,6.5,2.0,2.1,10691	
6.4,6.5,2.7,2.8,2285	
6.4,6.5,3.5,3.6,399	
6.4,6.5,4.3,4.4,110	
6.4,6.5,5.1,5.2,26	
6.4,6.5,5.8,5.9,3	
6.4,6.5,6.6,6.7,2	
6.4,6.5,7.4,7.5,2	
6.4,6.5,8.2,8.3,1	
6.4,6.5,9.0,9.1,1	
6.4,6.5,9.7,9.8,1	
6.5,6.6,0.0,0.1,81709	
6.5,6.6,0.7,0.8,62081	
6.5,6.6,1.5,1.6,24590	
6.5,6.6,2.3,2.4,5320	
6.5,6.6,3.1,3.2,768	
6.5,6.6,3.8,3.9,170	
6.5,6.6,4.6,4.7,54	
6.5,6.6,5.4,5.5,8	
6.5,6.6,6.2,6.3,3	
6.5,6.6,6.9,7.0,1	
6.5,6.6,7.0,7.1,3	
6.5,6.6,7.7,7.8,2	
6.5,6.6,8.5,8.6,1	
6.5,6.6,9.3,9.4,2	
6.6,6.7,0.3,0.4,72622	
6.6,6.7,1.1,1.2,40003	
6.6,6.7,1.8,1.9,14134	
6.6,6.7,2.6,2.7,2455	
6.6,6.7,3.4,3.5,312	
6.6,6.7,4.2,4.3,55	
6.6,6.7,4.9,5.0,20	
6.6,6.7,5.0,5.1,19	
6.6,6.7,5.7,5.8,5	
6.6,6.7,6.5,6.6,4	
6.6,6.7,7.3,7.4,2	
6.6,6.7,8.1,8.2,2	
6.7,6.8,0.6,0.7,58469	
6.7,6.8,1.4,1.5,25558	
6.7,6.8,2.2,2.3,5893	
6.7,6.8,2.9,3.0,1013	
6.7,6.8,3.0,3.1,754	
6.7,6.8,3.7,3.8,132	
6.7,6.8,4.5,4.6,25	
6.7,6.8,5.3,5.4,4	
6.7,6.8,6.1,6.2,2	
6.7,6.8,6.8,6.9,2	
6.7,6.8,7.6,7.7,2	
6.7,6.8,8.4,8.5,1	
6.7,6.8,9.2,9.3,2	
6.7,6.8,9.9,10.0,2	
6.8,6.9,0.2,0.3,64369	
6.8,6.9,0.9,1.0,42176	
6.8,6.9,1.0,1.1,38416	
6.8,6.9,1.7,1.8,14255	
6.8,6.9,2.5,2.6,2681	
6.8,6.9,3.3,3.4,290	
6.8,6.9,4.1,4.2,37	
6.8,6.9,4.8,4.9,10	
6.8,6.9,5.6,5.7,1	
6.8,6.9,6.4,6.5,2	
6.8,6.9,7.9,8.0,1	
6.8,6.9,9.5,9.6,1	
6.9,7.0,0.5,0.6,52214	
6.9,7.0,1.3,1.4,24385	
6.9,7.0,2.1,2.2,6079	
6.9,7.0,2.8,2.9,1100	
6.9,7.0,3.6,3.7,98	
6.9,7.0,4.4,4.5,19	
6.9,7.0,5.2,5.3,4	
6.9,7.0,5.9,6.0,1	
6.9,7.0,6.0,6.1,1	
6.9,7.0,6.7,6.8,2	
6.9,7.0,7.5,7.6,1	
6.9,7.0,8.3,8.4,1	
6.9,7.0,9.8,9.9,2	
7.0,7.1,0.0,0.1,55124	
7.0,7.1,0.7,0.8,41585	
7.0,7.1,1.5,1.6,16675	
7.0,7.1,2.3,2.4,3611	
7.0,7.1,3.1,3.2,410	
7.0,7.1,3.8,3.9,50	
7.0,7.1,4.6,4.7,6	
7.0,7.1,5.4,5.5,6	
7.0,7.1,6.2,6.3,3	
7.0,7.1,6.9,7.0,1	
7.0,7.1,7.0,7.1,1	
7.0,7.1,7.7,7.8,1	
7.0,7.1,9.3,9.4,1	
7.1,7.2,0.3,0.4,45900	
7.1,7.2,1.1,1.2,25057	
7.1,7.2,1.8,1.9,8905	
7.1,7.2,2.6,2.7,1536	
7.1,7.2,3.4,3.5,145	
7.1,7.2,4.2,4.3,12	
7.1,7.2,4.9,5.0,6	
7.1,7.2,5.0,5.1,10	
7.1,7.2,5.7,5.8,4	
7.1,7.2,6.5,6.6,2	
7.2,7.3,0.6,0.7,35362	
7.2,7.3,1.4,1.5,15291	
7.2,7.3,2.2,2.3,3460	
7.2,7.3,2.9,3.0,590	
7.2,7.3,3.0,3.1,461	
7.2,7.3,3.7,3.8,49	
7.2,7.3,4.5,4.6,6	
7.2,7.3,6.1,6.2,1	
7.2,7.3,6.8,6.9,2	
7.2,7.3,7.6,7.7,1	
7.2,7.3,9.2,9.3,3	
7.3,7.4,0.2,0.3,37524	
7.3,7.4,0.9,1.0,24227	
7.3,7.4,1.0,1.1,22078	
7.3,7.4,1.7,1.8,8418	
7.3,7.4,2.5,2.6,1575	
7.3,7.4,3.3,3.4,161	
7.3,7.4,4.1,4.2,7	
7.3,7.4,4.8,4.9,4	
7.3,7.4,5.6,5.7,2	
7.3,7.4,6.4,6.5,1	
7.3,7.4,7.2,7.3,2	
7.3,7.4,8.0,8.1,1	
7.3,7.4,9.5,9.6,1	
7.4,7.5,0.5,0.6,28611	
7.4,7.5,1.3,1.4,13521	
7.4,7.5,2.1,2.2,3219	
7.4,7.5,2.8,2.9,568	
7.4,7.5,3.6,3.7,58	
7.4,7.5,4.4,4.5,5	
7.4,7.5,5.2,5.3,1	
7.4,7.5,5.9,6.0,1	
7.4,7.5,6.0,6.1,2	
7.4,7.5,6.7,6.8,1	
7.4,7.5,7.5,7.6,1	
7.4,7.5,8.3,8.4,1	
7.5,7.6,0.1,0.2,28176	
7.5,7.6,0.8,0.9,19837	
7.5,7.6,1.6,1.7,7327	
7.5,7.6,2.4,2.5,1404	
7.5,7.6,3.2,3.3,165	
7.5,7.6,3.9,4.0,14	
7.5,7.6,4.0,4.1,10	
7.5,7.6,4.7,4.8,2	
7.5,7.6,5.5,5.6,1	
7.5,7.6,7.1,7.2,1	
7.6,7.7,0.4,0.5,22210	
7.6,7.7,1.2,1.3,11357	
7.6,7.7,1.9,2.0,3684	
7.6,7.7,2.0,2.1,2993	
7.6,7.7,2.7,2.8,565	
7.6,7.7,3.5,3.6,51	
7.6,7.7,4.3,4.4,3	
7.6,7.7,5.8,5.9,2	
7.6,7.7,9.0,9.1,1	
7.6,7.7,9.7,9.8,1	
7.7,7.8,0.0,0.1,20672	
7.7,7.8,0.7,0.8,15728	
7.7,7.8,1.5,1.6,6220	
7.7,7.8,2.3,2.4,1285	
7.7,7.8,3.1,3.2,144	
7.7,7.8,3.8,3.9,23	
7.7,7.8,4.6,4.7,2	
7.7,7.8,5.4,5.5,1	
7.7,7.8,6.2,6.3,1	
7.7,7.8,6.9,7.0,1	
7.7,7.8,7.7,7.8,1	
7.7,7.8,8.5,8.6,2	
7.8,7.9,0.3,0.4,16080	
7.8,7.9,1.1,1.2,9005	
7.8,7.9,1.8,1.9,3133	
7.8,7.9,2.6,2.7,479	
7.8,7.9,3.4,3.5,54	
7.8,7.9,4.2,4.3,3	
7.8,7.9,4.9,5.0,3	
7.8,7.9,5.7,5.8,2	
7.8,7.9,7.3,7.4,1	
7.9,8.0,0.6,0.7,11723	
7.9,8.0,1.4,1.5,5028	
7.9,8.0,2.2,2.3,1121	
7.9,8.0,2.9,3.0,164	
7.9,8.0,3.0,3.1,132	
7.9,8.0,3.7,3.8,12	
7.9,8.0,5.3,5.4,2	
7.9,8.0,9.2,9.3,1	
8.0,8.1,0.6,0.7,9593	
8.0,8.1,1.4,1.5,4170	
8.0,8.1,2.2,2.3,964	
8.0,8.1,2.9,3.0,158	
8.0,8.1,3.0,3.1,131	
8.0,8.1,3.7,3.8,5	
8.0,8.1,4.5,4.6,1	
8.0,8.1,6.1,6.2,1	
8.0,8.1,6.8,6.9,1	
8.0,8.1,9.9,10.0,1	
8.1,8.2,0.2,0.3,9121	
8.1,8.2,0.9,1.0,6078	
8.1,8.2,1.0,1.1,5635	
8.1,8.2,1.7,1.8,2127	
8.1,8.2,2.5,2.6,413	
8.1,8.2,3.3,3.4,37	
8.1,8.2,4.1,4.2,2	
8.1,8.2,5.6,5.7,4	
8.1,8.2,7.2,7.3,1	
8.2,8.3,0.5,0.6,6474	
8.2,8.3,1.3,1.4,3056	
8.2,8.3,2.1,2.2,824	
8.2,8.3,2.8,2.9,147	
8.2,8.3,3.6,3.7,9	
8.2,8.3,4.4,4.5,1	
8.2,8.3,5.2,5.3,2	
8.2,8.3,5.9,6.0,1	
8.2,8.3,6.0,6.1,1	
8.2,8.3,6.7,6.8,1	
8.3,8.4,0.1,0.2,5881	
8.3,8.4,0.8,0.9,4258	
8.3,8.4,1.6,1.7,1599	
8.3,8.4,2.4,2.5,295	
8.3,8.4,3.2,3.3,32	
8.3,8.4,3.9,4.0,5	
8.3,8.4,4.0,4.1,2	
8.3,8.4,5.5,5.6,2	
8.4,8.5,0.4,0.5,4291	
8.4,8.5,1.2,1.3,2194	
8.4,8.5,1.9,2.0,706	
8.4,8.5,2.0,2.1,560	
8.4,8.5,2.7,2.8,103	
8.4,8.5,3.5,3.6,16	
8.4,8.5,4.3,4.4,3	
8.4,8.5,5.1,5.2,3	
8.4,8.5,5.8,5.9,2	
8.5,8.6,0.0,0.1,3603	
8.5,8.6,0.7,0.8,2731	
8.5,8.6,1.5,1.6,1161	
8.5,8.6,2.3,2.4,241	
8.5,8.6,3.1,3.2,28	
8.5,8.6,3.8,3.9,6	
8.5,8.6,4.6,4.7,3	
8.5,8.6,6.2,6.3,1	
8.5,8.6,6.9,7.0,1	
8.6,8.7,0.3,0.4,2655	
8.6,8.7,1.1,1.2,1454	
8.6,8.7,1.8,1.9,497	
8.6,8.7,2.6,2.7,100	
8.6,8.7,3.4,3.5,10	
8.6,8.7,4.2,4.3,1	
8.6,8.7,5.7,5.8,2	
8.6,8.7,7.3,7.4,1	
8.7,8.8,0.6,0.7,1783	
8.7,8.8,1.4,1.5,775	
8.7,8.8,2.2,2.3,168	
8.7,8.8,2.9,3.0,26	
8.7,8.8,3.0,3.1,26	
8.7,8.8,3.7,3.8,2	
8.7,8.8,5.3,5.4,2	
8.7,8.8,6.8,6.9,1	
8.8,8.9,0.2,0.3,1542	
8.8,8.9,0.9,1.0,1034	
8.8,8.9,1.0,1.1,996	
8.8,8.9,1.7,1.8,357	
8.8,8.9,2.5,2.6,60	
8.8,8.9,3.3,3.4,6	
8.8,8.9,4.8,4.9,1	
8.8,8.9,5.6,5.7,1	
8.8,8.9,7.9,8.0,1	
8.9,9.0,0.5,0.6,1082	
8.9,9.0,1.3,1.4,491	
8.9,9.0,2.1,2.2,122	
8.9,9.0,2.8,2.9,24	
8.9,9.0,3.6,3.7,5	
9.0,9.1,0.0,0.1,920	
9.0,9.1,0.7,0.8,694	
9.0,9.1,1.5,1.6,264	
9.0,9.1,2.3,2.4,62	
9.0,9.1,3.1,3.2,6	
9.0,9.1,4.6,4.7,1	
9.0,9.1,6.2,6.3,1	
9.0,9.1,6.9,7.0,2	
9.0,9.1,7.0,7.1,2	
9.1,9.2,0.3,0.4,645	
9.1,9.2,1.1,1.2,327	
9.1,9.2,1.8,1.9,133	
9.1,9.2,2.6,2.7,22	
9.1,9.2,3.4,3.5,3	
9.1,9.2,4.9,5.0,1	
9.1,9.2,5.7,5.8,1	
9.2,9.3,0.6,0.7,370	
9.2,9.3,1.4,1.5,158	
9.2,9.3,2.2,2.3,44	
9.2,9.3,2.9,3.0,3	
9.2,9.3,3.0,3.1,6	
9.2,9.3,3.7,3.8,1	
9.2,9.3,6.1,6.2,1	
9.2,9.3,6.8,6.9,1	
9.3,9.4,0.2,0.3,358	
9.3,9.4,0.9,1.0,222	
9.3,9.4,1.0,1.1,192	
9.3,9.4,1.7,1.8,65	
9.3,9.4,2.5,2.6,11	
9.3,9.4,3.3,3.4,2	
9.3,9.4,4.1,4.2,2	
9.3,9.4,4.8,4.9,1	
9.3,9.4,5.6,5.7,1	
9.3,9.4,7.2,7.3,3	
9.4,9.5,0.5,0.6,201	
9.4,9.5,1.3,1.4,106	
9.4,9.5,2.1,2.2,28	
9.4,9.5,2.8,2.9,7	
9.4,9.5,3.6,3.7,2	
9.4,9.5,5.2,5.3,1	
9.4,9.5,6.0,6.1,1	
9.4,9.5,7.5,7.6,2	
9.5,9.6,0.1,0.2,159	
9.5,9.6,0.8,0.9,120	
9.5,9.6,1.6,1.7,57	
9.5,9.6,2.4,2.5,9	
9.5,9.6,3.2,3.3,7	
9.5,9.6,6.3,6.4,2	
9.5,9.6,7.1,7.2,1	
9.5,9.6,7.8,7.9,1	
9.6,9.7,0.4,0.5,121	
9.6,9.7,1.2,1.3,50	
9.6,9.7,1.9,2.0,29	
9.6,9.7,2.0,2.1,19	
9.6,9.7,2.7,2.8,4	
9.6,9.7,3.5,3.6,2	
9.6,9.7,5.1,5.2,1	
9.6,9.7,5.8,5.9,1	
9.6,9.7,6.6,6.7,1	
9.6,9.7,7.4,7.5,2	
9.7,9.8,0.0,0.1,72	
9.7,9.8,0.7,0.8,58	
9.7,9.8,1.5,1.6,37	
9.7,9.8,2.3,2.4,11	
9.7,9.8,3.1,3.2,1	
9.8,9.9,0.3,0.4,51	
9.8,9.9,1.1,1.2,31	
9.8,9.9,1.8,1.9,18	
9.8,9.9,2.6,2.7,1	
9.8,9.9,3.4,3.5,4	
9.8,9.9,5.0,5.1,1	
9.8,9.9,5.7,5.8,2	
9.8,9.9,6.5,6.6,1	
9.9,10.0,0.6,0.7,37	
9.9,10.0,1.4,1.5,10	
9.9,10.0,2.2,2.3,6	
9.9,10.0,2.9,3.0,3	
9.9,10.0,3.0,3.1,1	
9.9,10.0,3.7,3.8,1	
9.9,10.0,4.5,4.6,2	
9.9,10.0,5.3,5.4,1	
9.9,10.0,7.6,7.7,1	
