0.0,0.1,0.3,0.4,5353	
0.0,0.1,1.1,1.2,18813	
0.0,0.1,1.8,1.9,50751	
0.0,0.1,10.0,10.1,25	
0.0,0.1,2.6,2.7,92083	
0.0,0.1,3.4,3.5,91505	
0.0,0.1,4.2,4.3,65046	
0.0,0.1,4.9,5.0,69682	
0.0,0.1,5.0,5.1,72319	
0.0,0.1,5.7,5.8,94887	
0.0,0.1,6.5,6.6,82253	
0.0,0.1,7.3,7.4,38306	
0.0,0.1,8.1,8.2,9219	
0.0,0.1,8.8,8.9,1575	
0.0,0.1,9.6,9.7,114	
0.1,0.2,0.6,0.7,8318	
0.1,0.2,1.4,1.5,29686	
0.1,0.2,10.2,10.3,14	
0.1,0.2,10.9,11.0,1	
0.1,0.2,2.2,2.3,73480	
0.1,0.2,2.9,3.0,97852	
0.1,0.2,3.0,3.1,98046	
0.1,0.2,3.7,3.8,80376	
0.1,0.2,4.5,4.6,62075	
0.1,0.2,5.3,5.4,82750	
0.1,0.2,6.1,6.2,93990	
0.1,0.2,6.8,6.9,66128	
0.1,0.2,7.6,7.7,24041	
0.1,0.2,8.4,8.5,4782	
0.1,0.2,9.2,9.3,537	
0.1,0.2,9.9,10.0,50	
0.2,0.3,0.2,0.3,5158	
0.2,0.3,0.9,1.0,13460	
0.2,0.3,1.0,1.1,15908	
0.2,0.3,1.7,1.8,44123	
0.2,0.3,10.4,10.5,8	
0.2,0.3,2.5,2.6,86804	
0.2,0.3,3.3,3.4,92077	
0.2,0.3,4.1,4.2,65838	
0.2,0.3,4.8,4.9,64902	
0.2,0.3,5.6,5.7,89589	
0.2,0.3,6.4,6.5,83976	
0.2,0.3,7.2,7.3,42301	
0.2,0.3,7.9,8.0,13804	
0.2,0.3,8.0,8.1,11177	
0.2,0.3,8.7,8.8,2185	
0.2,0.3,9.5,9.6,154	
0.3,0.4,0.5,0.6,7396	
0.3,0.4,1.3,1.4,24932	
0.3,0.4,10.6,10.7,4	
0.3,0.4,2.1,2.2,65111	
0.3,0.4,2.8,2.9,92692	
0.3,0.4,3.6,3.7,80357	
0.3,0.4,4.4,4.5,59673	
0.3,0.4,5.2,5.3,75833	
0.3,0.4,5.9,6.0,90581	
0.3,0.4,6.0,6.1,89661	
0.3,0.4,6.7,6.8,67888	
0.3,0.4,7.5,7.6,26878	
0.3,0.4,8.3,8.4,5646	
0.3,0.4,9.1,9.2,581	
0.3,0.4,9.8,9.9,55	
0.4,0.5,0.1,0.2,5998	
0.4,0.5,0.8,0.9,11927	
0.4,0.5,1.6,1.7,37469	
0.4,0.5,10.1,10.2,16	
0.4,0.5,2.4,2.5,78322	
0.4,0.5,3.2,3.3,88821	
0.4,0.5,3.9,4.0,68089	
0.4,0.5,4.0,4.1,64526	
0.4,0.5,4.7,4.8,58987	
0.4,0.5,5.5,5.6,81866	
0.4,0.5,6.3,6.4,81441	
0.4,0.5,7.1,7.2,44688	
0.4,0.5,7.8,7.9,15523	
0.4,0.5,8.6,8.7,2530	
0.4,0.5,9.4,9.5,232	
0.5,0.6,0.4,0.5,8066	
0.5,0.6,1.2,1.3,21040	
0.5,0.6,1.9,2.0,51051	
0.5,0.6,10.3,10.4,7	
0.5,0.6,2.0,2.1,55759	
0.5,0.6,2.7,2.8,85130	
0.5,0.6,3.5,3.6,79014	
0.5,0.6,4.3,4.4,55586	
0.5,0.6,5.1,5.2,65726	
0.5,0.6,5.8,5.9,82854	
0.5,0.6,6.6,6.7,66610	
0.5,0.6,7.4,7.5,28604	
0.5,0.6,8.2,8.3,6672	
0.5,0.6,8.9,9.0,1025	
0.5,0.6,9.0,9.1,764	
0.5,0.6,9.7,9.8,61	
0.6,0.7,0.0,0.1,7989	
0.6,0.7,0.7,0.8,11303	
0.6,0.7,1.5,1.6,30964	
0.6,0.7,10.5,10.6,1	
0.6,0.7,11.3,11.4,1	
0.6,0.7,2.3,2.4,67724	
0.6,0.7,3.1,3.2,83636	
0.6,0.7,3.8,3.9,65451	
0.6,0.7,4.6,4.7,52738	
0.6,0.7,5.4,5.5,70959	
0.6,0.7,6.2,6.3,75577	
0.6,0.7,6.9,7.0,49370	
0.6,0.7,7.0,7.1,44610	
0.6,0.7,7.7,7.8,16722	
0.6,0.7,8.5,8.6,3040	
0.6,0.7,9.3,9.4,309	
0.7,0.8,0.3,0.4,9903	
0.7,0.8,1.1,1.2,18341	
0.7,0.8,1.8,1.9,42434	
0.7,0.8,10.0,10.1,14	
0.7,0.8,10.7,10.8,2	
0.7,0.8,2.6,2.7,75379	
0.7,0.8,3.4,3.5,75025	
0.7,0.8,4.2,4.3,52139	
0.7,0.8,4.9,5.0,53429	
0.7,0.8,5.0,5.1,55934	
0.7,0.8,5.7,5.8,71928	
0.7,0.8,6.5,6.6,61919	
0.7,0.8,7.3,7.4,28970	
0.7,0.8,8.1,8.2,7235	
0.7,0.8,8.8,8.9,1244	
0.7,0.8,9.6,9.7,85	
0.8,0.9,0.6,0.7,12714	
0.8,0.9,1.4,1.5,26317	
0.8,0.9,10.2,10.3,10	
0.8,0.9,2.2,2.3,58082	
0.8,0.9,2.9,3.0,76750	
0.8,0.9,3.0,3.1,76694	
0.8,0.9,3.7,3.8,62913	
0.8,0.9,4.5,4.6,46039	
0.8,0.9,5.3,5.4,58797	
0.8,0.9,6.1,6.2,66054	
0.8,0.9,6.8,6.9,46275	
0.8,0.9,7.6,7.7,17067	
0.8,0.9,8.4,8.5,3384	
0.8,0.9,9.2,9.3,355	
0.8,0.9,9.9,10.0,23	
0.9,1.0,0.2,0.3,13441	
0.9,1.0,0.9,1.0,16679	
0.9,1.0,1.0,1.1,17823	
0.9,1.0,1.7,1.8,35481	
0.9,1.0,10.4,10.5,3	
0.9,1.0,2.5,2.6,66453	
0.9,1.0,3.3,3.4,69734	
0.9,1.0,4.1,4.2,48139	
0.9,1.0,4.8,4.9,44211	
0.9,1.0,5.6,5.7,59011	
0.9,1.0,6.4,6.5,55041	
0.9,1.0,7.2,7.3,27731	
0.9,1.0,7.9,8.0,9150	
0.9,1.0,8.0,8.1,7509	
0.9,1.0,8.7,8.8,1341	
0.9,1.0,9.5,9.6,110	
1.0,1.1,0.2,0.3,15968	
1.0,1.1,0.9,1.0,17752	
1.0,1.1,1.0,1.1,18757	
1.0,1.1,1.7,1.8,34800	
1.0,1.1,10.2,10.3,6	
1.0,1.1,2.5,2.6,63534	
1.0,1.1,3.3,3.4,66353	
1.0,1.1,4.1,4.2,45681	
1.0,1.1,4.8,4.9,40805	
1.0,1.1,5.6,5.7,53635	
1.0,1.1,6.4,6.5,49960	
1.0,1.1,7.2,7.3,25292	
1.0,1.1,7.9,8.0,8210	
1.0,1.1,8.0,8.1,6736	
1.0,1.1,8.7,8.8,1196	
1.0,1.1,9.5,9.6,105	
1.1,1.2,0.5,0.6,18198	
1.1,1.2,1.3,1.4,23624	
1.1,1.2,10.4,10.5,2	
1.1,1.2,2.1,2.2,48045	
1.1,1.2,2.8,2.9,66341	
1.1,1.2,3.6,3.7,56946	
1.1,1.2,4.4,4.5,38212	
1.1,1.2,5.2,5.3,42437	
1.1,1.2,5.9,6.0,50021	
1.1,1.2,6.0,6.1,49640	
1.1,1.2,6.7,6.8,37025	
1.1,1.2,7.5,7.6,14934	
1.1,1.2,8.3,8.4,3090	
1.1,1.2,9.1,9.2,345	
1.1,1.2,9.8,9.9,26	
1.2,1.3,0.1,0.2,22014	
1.2,1.3,0.8,0.9,21111	
1.2,1.3,1.6,1.7,31102	
1.2,1.3,2.4,2.5,56415	
1.2,1.3,3.2,3.3,63347	
1.2,1.3,3.9,4.0,46608	
1.2,1.3,4.0,4.1,43743	
1.2,1.3,4.7,4.8,34028	
1.2,1.3,5.5,5.6,42284	
1.2,1.3,6.3,6.4,41636	
1.2,1.3,7.1,7.2,22392	
1.2,1.3,7.8,7.9,7980	
1.2,1.3,8.6,8.7,1370	
1.2,1.3,9.4,9.5,107	
1.3,1.4,0.4,0.5,24833	
1.3,1.4,1.2,1.3,24588	
1.3,1.4,1.9,2.0,39970	
1.3,1.4,10.1,10.2,9	
1.3,1.4,2.0,2.1,42852	
1.3,1.4,2.7,2.8,61685	
1.3,1.4,3.5,3.6,56236	
1.3,1.4,4.3,4.4,35506	
1.3,1.4,5.1,5.2,32842	
1.3,1.4,5.8,5.9,39003	
1.3,1.4,6.6,6.7,31273	
1.3,1.4,7.4,7.5,13381	
1.3,1.4,8.2,8.3,3101	
1.3,1.4,8.9,9.0,480	
1.3,1.4,9.0,9.1,363	
1.3,1.4,9.7,9.8,40	
1.4,1.5,0.0,0.1,30156	
1.4,1.5,0.7,0.8,26709	
1.4,1.5,1.5,1.6,30882	
1.4,1.5,10.3,10.4,1	
1.4,1.5,2.3,2.4,52010	
1.4,1.5,3.1,3.2,62406	
1.4,1.5,3.8,3.9,47088	
1.4,1.5,4.6,4.7,29180	
1.4,1.5,5.4,5.5,31833	
1.4,1.5,6.2,6.3,32839	
1.4,1.5,6.9,7.0,21454	
1.4,1.5,7.0,7.1,19371	
1.4,1.5,7.7,7.8,7346	
1.4,1.5,8.5,8.6,1321	
1.4,1.5,9.3,9.4,113	
1.5,1.6,0.3,0.4,33432	
1.5,1.6,1.1,1.2,28265	
1.5,1.6,1.8,1.9,37946	
1.5,1.6,2.6,2.7,59293	
1.5,1.6,3.4,3.5,57665	
1.5,1.6,4.2,4.3,34480	
1.5,1.6,4.9,5.0,25699	
1.5,1.6,5.0,5.1,26015	
1.5,1.6,5.7,5.8,29449	
1.5,1.6,6.5,6.6,24797	
1.5,1.6,7.3,7.4,11514	
1.5,1.6,8.1,8.2,2795	
1.5,1.6,8.8,8.9,471	
1.5,1.6,9.6,9.7,24	
1.6,1.7,0.6,0.7,35048	
1.6,1.7,1.4,1.5,32309	
1.6,1.7,10.0,10.1,2	
1.6,1.7,2.2,2.3,50637	
1.6,1.7,2.9,3.0,63209	
1.6,1.7,3.0,3.1,63784	
1.6,1.7,3.7,3.8,49223	
1.6,1.7,4.5,4.6,27642	
1.6,1.7,5.3,5.4,23829	
1.6,1.7,6.1,6.2,24750	
1.6,1.7,6.8,6.9,17082	
1.6,1.7,7.6,7.7,6367	
1.6,1.7,8.4,8.5,1240	
1.6,1.7,9.2,9.3,124	
1.6,1.7,9.9,10.0,11	
1.7,1.8,0.2,0.3,44037	
1.7,1.8,0.9,1.0,35751	
1.7,1.8,1.0,1.1,34802	
1.7,1.8,1.7,1.8,38953	
1.7,1.8,10.2,10.3,2	
1.7,1.8,10.9,11.0,1	
1.7,1.8,2.5,2.6,59880	
1.7,1.8,3.3,3.4,61478	
1.7,1.8,4.1,4.2,36899	
1.7,1.8,4.8,4.9,22368	
1.7,1.8,5.6,5.7,21531	
1.7,1.8,6.4,6.5,18983	
1.7,1.8,7.2,7.3,9416	
1.7,1.8,7.9,8.0,3104	
1.7,1.8,8.0,8.1,2565	
1.7,1.8,8.7,8.8,465	
1.7,1.8,9.5,9.6,44	
1.8,1.9,0.5,0.6,45792	
1.8,1.9,1.3,1.4,36985	
1.8,1.9,2.1,2.2,51294	
1.8,1.9,2.8,2.9,66082	
1.8,1.9,3.6,3.7,54835	
1.8,1.9,4.4,4.5,28317	
1.8,1.9,5.2,5.3,18471	
1.8,1.9,5.9,6.0,18104	
1.8,1.9,6.0,6.1,17718	
1.8,1.9,6.7,6.8,13010	
1.8,1.9,7.5,7.6,5074	
1.8,1.9,8.3,8.4,1130	
1.8,1.9,9.1,9.2,133	
1.8,1.9,9.8,9.9,8	
1.9,2.0,0.1,0.2,56102	
1.9,2.0,0.8,0.9,45239	
1.9,2.0,1.6,1.7,41780	
1.9,2.0,2.4,2.5,62459	
1.9,2.0,3.2,3.3,67562	
1.9,2.0,3.9,4.0,45971	
1.9,2.0,4.0,4.1,42370	
1.9,2.0,4.7,4.8,21692	
1.9,2.0,5.5,5.6,15721	
1.9,2.0,6.3,6.4,13480	
1.9,2.0,7.1,7.2,7322	
1.9,2.0,7.8,7.9,2515	
1.9,2.0,8.6,8.7,437	
1.9,2.0,9.4,9.5,36	
10.0,10.1,0.5,0.6,20	
10.0,10.1,1.3,1.4,8	
10.0,10.1,2.1,2.2,2	
10.0,10.1,2.8,2.9,2	
10.1,10.2,0.1,0.2,17	
10.1,10.2,0.8,0.9,14	
10.1,10.2,1.6,1.7,3	
10.1,10.2,2.4,2.5,3	
10.2,10.3,0.4,0.5,8	
10.2,10.3,1.2,1.3,8	
10.2,10.3,1.9,2.0,1	
10.2,10.3,2.0,2.1,2	
10.3,10.4,0.0,0.1,4	
10.3,10.4,0.7,0.8,11	
10.3,10.4,1.5,1.6,2	
10.4,10.5,0.3,0.4,5	
10.4,10.5,1.1,1.2,3	
10.4,10.5,1.8,1.9,1	
10.5,10.6,0.6,0.7,1	
10.5,10.6,1.4,1.5,1	
10.6,10.7,0.2,0.3,2	
10.6,10.7,0.9,1.0,1	
10.6,10.7,1.0,1.1,1	
10.8,10.9,0.1,0.2,1	
10.8,10.9,0.8,0.9,1	
2.0,2.1,0.3,0.4,59730	
2.0,2.1,1.1,1.2,44553	
2.0,2.1,1.8,1.9,48151	
2.0,2.1,2.6,2.7,69660	
2.0,2.1,3.4,3.5,65811	
2.0,2.1,4.2,4.3,35735	
2.0,2.1,4.9,5.0,17446	
2.0,2.1,5.0,5.1,16290	
2.0,2.1,5.7,5.8,13054	
2.0,2.1,6.5,6.6,10200	
2.0,2.1,7.3,7.4,4657	
2.0,2.1,8.1,8.2,1096	
2.0,2.1,8.8,8.9,184	
2.0,2.1,9.6,9.7,17	
2.1,2.2,0.6,0.7,58994	
2.1,2.2,1.4,1.5,46003	
2.1,2.2,2.2,2.3,62862	
2.1,2.2,2.9,3.0,76908	
2.1,2.2,3.0,3.1,77059	
2.1,2.2,3.7,3.8,58417	
2.1,2.2,4.5,4.6,26015	
2.1,2.2,5.3,5.4,12753	
2.1,2.2,6.1,6.2,9879	
2.1,2.2,6.8,6.9,6591	
2.1,2.2,7.6,7.7,2482	
2.1,2.2,8.4,8.5,500	
2.1,2.2,9.2,9.3,60	
2.1,2.2,9.9,10.0,10	
2.2,2.3,0.2,0.3,72599	
2.2,2.3,0.9,1.0,56081	
2.2,2.3,1.0,1.1,53298	
2.2,2.3,1.7,1.8,51943	
2.2,2.3,2.5,2.6,74387	
2.2,2.3,3.3,3.4,75686	
2.2,2.3,4.1,4.2,42285	
2.2,2.3,4.8,4.9,18331	
2.2,2.3,5.6,5.7,9346	
2.2,2.3,6.4,6.5,7072	
2.2,2.3,7.2,7.3,3455	
2.2,2.3,7.9,8.0,1175	
2.2,2.3,8.0,8.1,977	
2.2,2.3,8.7,8.8,168	
2.2,2.3,9.5,9.6,18	
2.3,2.4,0.5,0.6,70902	
2.3,2.4,1.3,1.4,52522	
2.3,2.4,2.1,2.2,65833	
2.3,2.4,2.8,2.9,83941	
2.3,2.4,3.6,3.7,68251	
2.3,2.4,4.4,4.5,30959	
2.3,2.4,5.2,5.3,11220	
2.3,2.4,5.9,6.0,7047	
2.3,2.4,6.0,6.1,6814	
2.3,2.4,6.7,6.8,4590	
2.3,2.4,7.5,7.6,1822	
2.3,2.4,8.3,8.4,385	
2.3,2.4,9.1,9.2,52	
2.3,2.4,9.8,9.9,3	
2.4,2.5,0.1,0.2,83301	
2.4,2.5,0.8,0.9,66159	
2.4,2.5,1.6,1.7,55997	
2.4,2.5,2.4,2.5,79124	
2.4,2.5,3.2,3.3,84676	
2.4,2.5,3.9,4.0,55951	
2.4,2.5,4.0,4.1,51077	
2.4,2.5,4.7,4.8,21163	
2.4,2.5,5.5,5.6,7661	
2.4,2.5,6.3,6.4,4747	
2.4,2.5,7.1,7.2,2572	
2.4,2.5,7.8,7.9,849	
2.4,2.5,8.6,8.7,140	
2.4,2.5,9.4,9.5,13	
2.5,2.6,0.4,0.5,81835	
2.5,2.6,1.2,1.3,58602	
2.5,2.6,1.9,2.0,64765	
2.5,2.6,10.0,10.1,1	
2.5,2.6,2.0,2.1,68034	
2.5,2.6,2.7,2.8,89591	
2.5,2.6,3.5,3.6,77295	
2.5,2.6,4.3,4.4,36915	
2.5,2.6,5.1,5.2,11468	
2.5,2.6,5.8,5.9,5106	
2.5,2.6,6.6,6.7,3123	
2.5,2.6,7.4,7.5,1327	
2.5,2.6,8.2,8.3,332	
2.5,2.6,8.9,9.0,53	
2.5,2.6,9.0,9.1,51	
2.5,2.6,9.7,9.8,6	
2.6,2.7,0.0,0.1,91865	
2.6,2.7,0.7,0.8,75467	
2.6,2.7,1.5,1.6,59565	
2.6,2.7,2.3,2.4,80725	
2.6,2.7,3.1,3.2,92477	
2.6,2.7,3.8,3.9,65032	
2.6,2.7,4.6,4.7,25060	
2.6,2.7,5.4,5.5,7132	
2.6,2.7,6.2,6.3,3270	
2.6,2.7,6.9,7.0,1875	
2.6,2.7,7.0,7.1,1709	
2.6,2.7,7.7,7.8,579	
2.6,2.7,8.5,8.6,123	
2.6,2.7,9.3,9.4,5	
2.7,2.8,0.3,0.4,91330	
2.7,2.8,1.1,1.2,65263	
2.7,2.8,1.8,1.9,66066	
2.7,2.8,2.6,2.7,91523	
2.7,2.8,3.4,3.5,86194	
2.7,2.8,4.2,4.3,43256	
2.7,2.8,4.9,5.0,15491	
2.7,2.8,5.0,5.1,12836	
2.7,2.8,5.7,5.8,4290	
2.7,2.8,6.5,6.6,2043	
2.7,2.8,7.3,7.4,894	
2.7,2.8,8.1,8.2,205	
2.7,2.8,8.8,8.9,45	
2.7,2.8,9.6,9.7,2	
2.8,2.9,0.6,0.7,83295	
2.8,2.9,1.4,1.5,62100	
2.8,2.9,2.2,2.3,79889	
2.8,2.9,2.9,3.0,97199	
2.8,2.9,3.0,3.1,96583	
2.8,2.9,3.7,3.8,72114	
2.8,2.9,4.5,4.6,29521	
2.8,2.9,5.3,5.4,7255	
2.8,2.9,6.1,6.2,2257	
2.8,2.9,6.8,6.9,1191	
2.8,2.9,7.6,7.7,458	
2.8,2.9,8.4,8.5,82	
2.8,2.9,9.2,9.3,6	
2.8,2.9,9.9,10.0,2	
2.9,3.0,0.2,0.3,96000	
2.9,3.0,0.9,1.0,73284	
2.9,3.0,1.0,1.1,69984	
2.9,3.0,1.7,1.8,65135	
2.9,3.0,10.1,10.2,1	
2.9,3.0,2.5,2.6,91382	
2.9,3.0,3.3,3.4,91020	
2.9,3.0,4.1,4.2,49907	
2.9,3.0,4.8,4.9,18077	
2.9,3.0,5.6,5.7,3991	
2.9,3.0,6.4,6.5,1345	
2.9,3.0,7.2,7.3,592	
2.9,3.0,7.9,8.0,187	
2.9,3.0,8.0,8.1,160	
2.9,3.0,8.7,8.8,37	
2.9,3.0,9.5,9.6,4	
3.0,3.1,0.2,0.3,96066	
3.0,3.1,0.9,1.0,73511	
3.0,3.1,1.0,1.1,69867	
3.0,3.1,1.7,1.8,65168	
3.0,3.1,2.5,2.6,90492	
3.0,3.1,3.3,3.4,90824	
3.0,3.1,4.1,4.2,49869	
3.0,3.1,4.8,4.9,18063	
3.0,3.1,5.6,5.7,3755	
3.0,3.1,6.4,6.5,1135	
3.0,3.1,7.2,7.3,413	
3.0,3.1,7.9,8.0,149	
3.0,3.1,8.0,8.1,93	
3.0,3.1,8.7,8.8,25	
3.0,3.1,9.5,9.6,3	
3.1,3.2,0.5,0.6,87305	
3.1,3.2,1.3,1.4,63069	
3.1,3.2,2.1,2.2,75895	
3.1,3.2,2.8,2.9,94765	
3.1,3.2,3.6,3.7,77022	
3.1,3.2,4.4,4.5,33174	
3.1,3.2,5.2,5.3,8067	
3.1,3.2,5.9,6.0,1858	
3.1,3.2,6.0,6.1,1653	
3.1,3.2,6.7,6.8,619	
3.1,3.2,7.5,7.6,217	
3.1,3.2,8.3,8.4,42	
3.1,3.2,9.1,9.2,6	
3.1,3.2,9.8,9.9,2	
3.2,3.3,0.1,0.2,96683	
3.2,3.3,0.8,0.9,75440	
3.2,3.3,1.6,1.7,61669	
3.2,3.3,2.4,2.5,84686	
3.2,3.3,3.2,3.3,90695	
3.2,3.3,3.9,4.0,59277	
3.2,3.3,4.0,4.1,53604	
3.2,3.3,4.7,4.8,20499	
3.2,3.3,5.5,5.6,4033	
3.2,3.3,6.3,6.4,806	
3.2,3.3,7.1,7.2,300	
3.2,3.3,7.8,7.9,95	
3.2,3.3,8.6,8.7,17	
3.2,3.3,9.4,9.5,2	
3.3,3.4,0.4,0.5,87187	
3.3,3.4,1.2,1.3,61805	
3.3,3.4,1.9,2.0,65856	
3.3,3.4,2.0,2.1,68925	
3.3,3.4,2.7,2.8,89587	
3.3,3.4,3.5,3.6,78034	
3.3,3.4,4.3,4.4,36351	
3.3,3.4,5.1,5.2,9186	
3.3,3.4,5.8,5.9,1899	
3.3,3.4,6.6,6.7,395	
3.3,3.4,7.4,7.5,140	
3.3,3.4,8.2,8.3,29	
3.3,3.4,8.9,9.0,5	
3.3,3.4,9.0,9.1,3	
3.3,3.4,9.7,9.8,1	
3.4,3.5,0.0,0.1,91507	
3.4,3.5,0.7,0.8,75100	
3.4,3.5,1.5,1.6,57593	
3.4,3.5,2.3,2.4,75785	
3.4,3.5,3.1,3.2,86999	
3.4,3.5,3.8,3.9,60142	
3.4,3.5,4.6,4.7,22304	
3.4,3.5,5.4,5.5,4402	
3.4,3.5,6.2,6.3,698	
3.4,3.5,6.9,7.0,184	
3.4,3.5,7.0,7.1,188	
3.4,3.5,7.7,7.8,50	
3.4,3.5,8.5,8.6,6	
3.4,3.5,9.3,9.4,2	
3.5,3.6,0.3,0.4,84521	
3.5,3.6,1.1,1.2,59807	
3.5,3.6,1.8,1.9,58154	
3.5,3.6,2.6,2.7,80101	
3.5,3.6,3.4,3.5,74515	
3.5,3.6,4.2,4.3,38064	
3.5,3.6,4.9,5.0,12528	
3.5,3.6,5.0,5.1,9954	
3.5,3.6,5.7,5.8,2010	
3.5,3.6,6.5,6.6,295	
3.5,3.6,7.3,7.4,61	
3.5,3.6,8.1,8.2,19	
3.5,3.6,8.8,8.9,7	
3.5,3.6,9.6,9.7,1	
3.6,3.7,0.6,0.7,72749	
3.6,3.7,1.4,1.5,51948	
3.6,3.7,2.2,2.3,64672	
3.6,3.7,2.9,3.0,77910	
3.6,3.7,3.0,3.1,77730	
3.6,3.7,3.7,3.8,58164	
3.6,3.7,4.5,4.6,23756	
3.6,3.7,5.3,5.4,4841	
3.6,3.7,6.1,6.2,658	
3.6,3.7,6.8,6.9,116	
3.6,3.7,7.6,7.7,38	
3.6,3.7,8.4,8.5,8	
3.6,3.7,9.2,9.3,1	
3.6,3.7,9.9,10.0,1	
3.7,3.8,0.2,0.3,78952	
3.7,3.8,0.9,1.0,59859	
3.7,3.8,1.0,1.1,56870	
3.7,3.8,1.7,1.8,50347	
3.7,3.8,2.5,2.6,68216	
3.7,3.8,3.3,3.4,67978	
3.7,3.8,4.1,4.2,37082	
3.7,3.8,4.8,4.9,13187	
3.7,3.8,5.6,5.7,2195	
3.7,3.8,6.4,6.5,246	
3.7,3.8,7.2,7.3,49	
3.7,3.8,7.9,8.0,14	
3.7,3.8,8.0,8.1,11	
3.7,3.8,8.7,8.8,4	
3.8,3.9,0.5,0.6,68753	
3.8,3.9,1.3,1.4,47580	
3.8,3.9,2.1,2.2,54360	
3.8,3.9,2.8,2.9,67388	
3.8,3.9,3.6,3.7,53701	
3.8,3.9,4.4,4.5,23407	
3.8,3.9,5.2,5.3,5393	
3.8,3.9,5.9,6.0,857	
3.8,3.9,6.0,6.1,712	
3.8,3.9,6.7,6.8,96	
3.8,3.9,7.5,7.6,17	
3.8,3.9,8.3,8.4,8	
3.8,3.9,9.1,9.2,1	
3.9,4.0,0.1,0.2,73027	
3.9,4.0,0.8,0.9,56466	
3.9,4.0,1.6,1.7,43226	
3.9,4.0,2.4,2.5,55830	
3.9,4.0,3.2,3.3,59229	
3.9,4.0,3.9,4.0,38451	
3.9,4.0,4.0,4.1,35147	
3.9,4.0,4.7,4.8,13314	
3.9,4.0,5.5,5.6,2348	
3.9,4.0,6.3,6.4,252	
3.9,4.0,7.1,7.2,37	
3.9,4.0,7.8,7.9,6	
3.9,4.0,8.6,8.7,1	
3.9,4.0,9.4,9.5,2	
4.0,4.1,0.1,0.2,69451	
4.0,4.1,0.8,0.9,53906	
4.0,4.1,1.6,1.7,39971	
4.0,4.1,2.4,2.5,50469	
4.0,4.1,3.2,3.3,53580	
4.0,4.1,3.9,4.0,35341	
4.0,4.1,4.0,4.1,31966	
4.0,4.1,4.7,4.8,12052	
4.0,4.1,5.5,5.6,2180	
4.0,4.1,6.3,6.4,227	
4.0,4.1,7.1,7.2,21	
4.0,4.1,7.8,7.9,12	
4.0,4.1,8.6,8.7,1	
4.0,4.1,9.4,9.5,3	
4.1,4.2,0.4,0.5,62342	
4.1,4.2,1.2,1.3,41441	
4.1,4.2,1.9,2.0,38218	
4.1,4.2,2.0,2.1,39743	
4.1,4.2,2.7,2.8,48881	
4.1,4.2,3.5,3.6,42617	
4.1,4.2,4.3,4.4,19789	
4.1,4.2,5.1,5.2,4983	
4.1,4.2,5.8,5.9,902	
4.1,4.2,6.6,6.7,88	
4.1,4.2,7.4,7.5,7	
4.1,4.2,8.2,8.3,3	
4.1,4.2,8.9,9.0,2	
4.1,4.2,9.0,9.1,2	
4.2,4.3,0.0,0.1,64943	
4.2,4.3,0.7,0.8,52139	
4.2,4.3,1.5,1.6,34930	
4.2,4.3,2.3,2.4,39524	
4.2,4.3,3.1,3.2,43587	
4.2,4.3,3.8,3.9,30319	
4.2,4.3,4.6,4.7,11186	
4.2,4.3,5.4,5.5,2159	
4.2,4.3,6.2,6.3,213	
4.2,4.3,6.9,7.0,26	
4.2,4.3,7.0,7.1,19	
4.2,4.3,7.7,7.8,4	
4.2,4.3,8.5,8.6,3	
4.2,4.3,9.3,9.4,2	
4.3,4.4,0.3,0.4,60622	
4.3,4.4,1.1,1.2,39116	
4.3,4.4,1.8,1.9,31080	
4.3,4.4,2.6,2.7,37842	
4.3,4.4,3.4,3.5,34815	
4.3,4.4,4.2,4.3,17655	
4.3,4.4,4.9,5.0,5787	
4.3,4.4,5.0,5.1,4652	
4.3,4.4,5.7,5.8,830	
4.3,4.4,6.5,6.6,78	
4.3,4.4,7.3,7.4,7	
4.3,4.4,8.1,8.2,4	
4.3,4.4,9.6,9.7,1	
4.4,4.5,0.6,0.7,52424	
4.4,4.5,1.4,1.5,31624	
4.4,4.5,2.2,2.3,29945	
4.4,4.5,2.9,3.0,34095	
4.4,4.5,3.0,3.1,34142	
4.4,4.5,3.7,3.8,25449	
4.4,4.5,4.5,4.6,9985	
4.4,4.5,5.3,5.4,2104	
4.4,4.5,6.1,6.2,236	
4.4,4.5,6.8,6.9,25	
4.4,4.5,7.6,7.7,6	
4.4,4.5,8.4,8.5,4	
4.5,4.6,0.2,0.3,60931	
4.5,4.6,0.9,1.0,42792	
4.5,4.6,1.0,1.1,40001	
4.5,4.6,1.7,1.8,26706	
4.5,4.6,2.5,2.6,28227	
4.5,4.6,3.3,3.4,26920	
4.5,4.6,4.1,4.2,14842	
4.5,4.6,4.8,4.9,5313	
4.5,4.6,5.6,5.7,851	
4.5,4.6,6.4,6.5,86	
4.5,4.6,7.2,7.3,6	
4.5,4.6,8.0,8.1,1	
4.5,4.6,8.7,8.8,2	
4.6,4.7,0.5,0.6,54970	
4.6,4.7,1.3,1.4,31781	
4.6,4.7,2.1,2.2,23678	
4.6,4.7,2.8,2.9,25366	
4.6,4.7,3.6,3.7,19977	
4.6,4.7,4.4,4.5,8460	
4.6,4.7,5.2,5.3,1954	
4.6,4.7,5.9,6.0,369	
4.6,4.7,6.0,6.1,275	
4.6,4.7,6.7,6.8,22	
4.6,4.7,7.5,7.6,6	
4.6,4.7,8.3,8.4,1	
4.6,4.7,9.8,9.9,1	
4.7,4.8,0.1,0.2,64200	
4.7,4.8,0.8,0.9,47044	
4.7,4.8,1.6,1.7,24882	
4.7,4.8,2.4,2.5,20769	
4.7,4.8,3.2,3.3,20318	
4.7,4.8,3.9,4.0,13389	
4.7,4.8,4.0,4.1,11976	
4.7,4.8,4.7,4.8,4538	
4.7,4.8,5.5,5.6,802	
4.7,4.8,6.3,6.4,90	
4.7,4.8,7.1,7.2,6	
4.7,4.8,8.6,8.7,1	
4.8,4.9,0.4,0.5,60633	
4.8,4.9,1.2,1.3,34089	
4.8,4.9,1.9,2.0,20082	
4.8,4.9,2.0,2.1,19390	
4.8,4.9,2.7,2.8,18247	
4.8,4.9,3.5,3.6,15014	
4.8,4.9,4.3,4.4,6854	
4.8,4.9,5.1,5.2,1778	
4.8,4.9,5.8,5.9,316	
4.8,4.9,6.6,6.7,15	
4.8,4.9,7.4,7.5,1	
4.8,4.9,8.2,8.3,1	
4.8,4.9,9.0,9.1,1	
4.9,5.0,0.0,0.1,69223	
4.9,5.0,0.7,0.8,54133	
4.9,5.0,1.5,1.6,25941	
4.9,5.0,2.3,2.4,15509	
4.9,5.0,3.1,3.2,14705	
4.9,5.0,3.8,3.9,10063	
4.9,5.0,4.6,4.7,3769	
4.9,5.0,5.4,5.5,713	
4.9,5.0,6.2,6.3,73	
4.9,5.0,6.9,7.0,12	
4.9,5.0,7.0,7.1,3	
4.9,5.0,7.7,7.8,1	
4.9,5.0,8.5,8.6,1	
5.0,5.1,0.2,0.3,70380	
5.0,5.1,0.9,1.0,47659	
5.0,5.1,1.0,1.1,43438	
5.0,5.1,1.7,1.8,20848	
5.0,5.1,2.5,2.6,13382	
5.0,5.1,3.3,3.4,11370	
5.0,5.1,4.1,4.2,6004	
5.0,5.1,4.8,4.9,2169	
5.0,5.1,5.6,5.7,361	
5.0,5.1,6.4,6.5,34	
5.0,5.1,7.2,7.3,4	
5.0,5.1,7.9,8.0,1	
5.1,5.2,0.5,0.6,66192	
5.1,5.2,1.3,1.4,33148	
5.1,5.2,2.1,2.2,14139	
5.1,5.2,2.8,2.9,10815	
5.1,5.2,3.6,3.7,7784	
5.1,5.2,4.4,4.5,3352	
5.1,5.2,5.2,5.3,743	
5.1,5.2,5.9,6.0,129	
5.1,5.2,6.0,6.1,87	
5.1,5.2,6.7,6.8,13	
5.1,5.2,7.5,7.6,4	
5.1,5.2,8.3,8.4,1	
5.2,5.3,0.1,0.2,78528	
5.2,5.3,0.8,0.9,56108	
5.2,5.3,1.6,1.7,23574	
5.2,5.3,2.4,2.5,10202	
5.2,5.3,3.2,3.3,7634	
5.2,5.3,3.9,4.0,4828	
5.2,5.3,4.0,4.1,4373	
5.2,5.3,4.7,4.8,1611	
5.2,5.3,5.5,5.6,309	
5.2,5.3,6.3,6.4,28	
5.2,5.3,7.1,7.2,2	
5.2,5.3,9.4,9.5,1	
5.3,5.4,0.4,0.5,75445	
5.3,5.4,1.2,1.3,39201	
5.3,5.4,1.9,2.0,15886	
5.3,5.4,2.0,2.1,14037	
5.3,5.4,2.7,2.8,7787	
5.3,5.4,3.5,3.6,5265	
5.3,5.4,4.3,4.4,2431	
5.3,5.4,5.1,5.2,627	
5.3,5.4,5.8,5.9,109	
5.3,5.4,6.6,6.7,7	
5.3,5.4,7.4,7.5,1	
5.3,5.4,8.2,8.3,3	
5.3,5.4,8.9,9.0,2	
5.3,5.4,9.7,9.8,2	
5.4,5.5,0.0,0.1,86884	
5.4,5.5,0.7,0.8,65799	
5.4,5.5,1.5,1.6,27927	
5.4,5.5,2.3,2.4,9438	
5.4,5.5,3.1,3.2,5386	
5.4,5.5,3.8,3.9,3295	
5.4,5.5,4.6,4.7,1285	
5.4,5.5,5.4,5.5,232	
5.4,5.5,6.2,6.3,29	
5.4,5.5,6.9,7.0,4	
5.4,5.5,7.0,7.1,4	
5.4,5.5,7.7,7.8,1	
5.4,5.5,8.5,8.6,1	
5.4,5.5,9.3,9.4,1	
5.5,5.6,0.3,0.4,84652	
5.5,5.6,1.1,1.2,46799	
5.5,5.6,1.8,1.9,18124	
5.5,5.6,2.6,2.7,6165	
5.5,5.6,3.4,3.5,3622	
5.5,5.6,4.2,4.3,1752	
5.5,5.6,4.9,5.0,559	
5.5,5.6,5.0,5.1,442	
5.5,5.6,5.7,5.8,90	
5.5,5.6,6.5,6.6,9	
5.5,5.6,7.3,7.4,1	
5.5,5.6,8.1,8.2,2	
5.5,5.6,9.6,9.7,4	
5.6,5.7,0.6,0.7,74308	
5.6,5.7,1.4,1.5,33258	
5.6,5.7,2.2,2.3,9495	
5.6,5.7,2.9,3.0,4064	
5.6,5.7,3.0,3.1,3679	
5.6,5.7,3.7,3.8,2258	
5.6,5.7,4.5,4.6,797	
5.6,5.7,5.3,5.4,156	
5.6,5.7,6.1,6.2,22	
5.6,5.7,6.8,6.9,2	
5.6,5.7,7.6,7.7,2	
5.6,5.7,8.4,8.5,3	
5.7,5.8,0.2,0.3,91798	
5.7,5.8,0.9,1.0,60425	
5.7,5.8,1.0,1.1,55084	
5.7,5.8,1.7,1.8,21718	
5.7,5.8,2.5,2.6,5629	
5.7,5.8,3.3,3.4,2518	
5.7,5.8,4.1,4.2,1156	
5.7,5.8,4.8,4.9,396	
5.7,5.8,5.6,5.7,82	
5.7,5.8,6.4,6.5,8	
5.7,5.8,7.2,7.3,2	
5.7,5.8,8.7,8.8,1	
5.7,5.8,9.5,9.6,1	
5.8,5.9,0.5,0.6,82086	
5.8,5.9,1.3,1.4,38971	
5.8,5.9,2.1,2.2,10794	
5.8,5.9,2.8,2.9,3334	
5.8,5.9,3.6,3.7,1491	
5.8,5.9,4.4,4.5,601	
5.8,5.9,5.2,5.3,117	
5.8,5.9,5.9,6.0,21	
5.8,5.9,6.0,6.1,17	
5.8,5.9,6.7,6.8,2	
5.8,5.9,7.5,7.6,3	
5.8,5.9,8.3,8.4,1	
5.8,5.9,9.8,9.9,1	
5.9,6.0,0.1,0.2,94879	
5.9,6.0,0.8,0.9,66943	
5.9,6.0,1.6,1.7,25150	
5.9,6.0,2.4,2.5,5950	
5.9,6.0,3.2,3.3,1712	
5.9,6.0,3.9,4.0,853	
5.9,6.0,4.0,4.1,721	
5.9,6.0,4.7,4.8,240	
5.9,6.0,5.5,5.6,51	
5.9,6.0,6.3,6.4,5	
5.9,6.0,7.1,7.2,1	
5.9,6.0,7.8,7.9,4	
6.0,6.1,0.1,0.2,95537	
6.0,6.1,0.8,0.9,67525	
6.0,6.1,1.6,1.7,24871	
6.0,6.1,2.4,2.5,5631	
6.0,6.1,3.2,3.3,1415	
6.0,6.1,3.9,4.0,625	
6.0,6.1,4.0,4.1,539	
6.0,6.1,4.7,4.8,198	
6.0,6.1,5.5,5.6,41	
6.0,6.1,6.3,6.4,7	
6.0,6.1,7.1,7.2,1	
6.0,6.1,7.8,7.9,2	
6.0,6.1,8.6,8.7,2	
6.1,6.2,0.4,0.5,85729	
6.1,6.2,1.2,1.3,43820	
6.1,6.2,1.9,2.0,14610	
6.1,6.2,2.0,2.1,12029	
6.1,6.2,2.7,2.8,2854	
6.1,6.2,3.5,3.6,785	
6.1,6.2,4.3,4.4,302	
6.1,6.2,5.1,5.2,70	
6.1,6.2,5.8,5.9,16	
6.1,6.2,6.6,6.7,4	
6.1,6.2,8.2,8.3,3	
6.1,6.2,9.0,9.1,1	
6.2,6.3,0.0,0.1,93119	
6.2,6.3,0.7,0.8,70080	
6.2,6.3,1.5,1.6,28139	
6.2,6.3,2.3,2.4,6230	
6.2,6.3,3.1,3.2,1117	
6.2,6.3,3.8,3.9,406	
6.2,6.3,4.6,4.7,129	
6.2,6.3,5.4,5.5,26	
6.2,6.3,6.2,6.3,4	
6.2,6.3,6.9,7.0,1	
6.2,6.3,7.0,7.1,2	
6.2,6.3,7.7,7.8,1	
6.2,6.3,8.5,8.6,1	
6.2,6.3,9.3,9.4,2	
6.3,6.4,0.3,0.4,84531	
6.3,6.4,1.1,1.2,46736	
6.3,6.4,1.8,1.9,16491	
6.3,6.4,2.6,2.7,2952	
6.3,6.4,3.4,3.5,514	
6.3,6.4,4.2,4.3,200	
6.3,6.4,4.9,5.0,64	
6.3,6.4,5.0,5.1,52	
6.3,6.4,5.7,5.8,12	
6.3,6.4,6.5,6.6,4	
6.3,6.4,7.3,7.4,2	
6.3,6.4,8.1,8.2,1	
6.3,6.4,8.8,8.9,2	
6.3,6.4,9.6,9.7,2	
6.4,6.5,0.6,0.7,69736	
6.4,6.5,1.4,1.5,30630	
6.4,6.5,2.2,2.3,7103	
6.4,6.5,2.9,3.0,1386	
6.4,6.5,3.0,3.1,1116	
6.4,6.5,3.7,3.8,263	
6.4,6.5,4.5,4.6,75	
6.4,6.5,5.3,5.4,17	
6.4,6.5,6.1,6.2,4	
6.4,6.5,7.6,7.7,2	
6.4,6.5,9.2,9.3,3	
6.5,6.6,0.2,0.3,79472	
6.5,6.6,0.9,1.0,52281	
6.5,6.6,1.0,1.1,47368	
6.5,6.6,1.7,1.8,17998	
6.5,6.6,2.5,2.6,3281	
6.5,6.6,3.3,3.4,465	
6.5,6.6,4.1,4.2,115	
6.5,6.6,4.8,4.9,36	
6.5,6.6,5.6,5.7,8	
6.5,6.6,7.2,7.3,2	
6.5,6.6,7.9,8.0,1	
6.5,6.6,8.7,8.8,1	
6.5,6.6,9.5,9.6,4	
6.6,6.7,0.5,0.6,66291	
6.6,6.7,1.3,1.4,31468	
6.6,6.7,2.1,2.2,7870	
6.6,6.7,2.8,2.9,1518	
6.6,6.7,3.6,3.7,200	
6.6,6.7,4.4,4.5,43	
6.6,6.7,5.2,5.3,8	
6.6,6.7,5.9,6.0,2	
6.6,6.7,6.0,6.1,4	
6.6,6.7,6.7,6.8,1	
6.6,6.7,9.8,9.9,2	
6.7,6.8,0.1,0.2,71908	
6.7,6.8,0.8,0.9,50259	
6.7,6.8,1.6,1.7,18497	
6.7,6.8,2.4,2.5,3700	
6.7,6.8,3.2,3.3,498	
6.7,6.8,3.9,4.0,94	
6.7,6.8,4.0,4.1,75	
6.7,6.8,4.7,4.8,22	
6.7,6.8,5.5,5.6,7	
6.7,6.8,6.3,6.4,2	
6.7,6.8,7.1,7.2,4	
6.7,6.8,8.6,8.7,2	
6.8,6.9,0.4,0.5,60489	
6.8,6.9,1.2,1.3,30600	
6.8,6.9,1.9,2.0,10196	
6.8,6.9,2.0,2.1,8199	
6.8,6.9,2.7,2.8,1553	
6.8,6.9,3.5,3.6,164	
6.8,6.9,4.3,4.4,32	
6.8,6.9,5.1,5.2,6	
6.8,6.9,5.8,5.9,4	
6.8,6.9,6.6,6.7,2	
6.8,6.9,8.2,8.3,1	
6.8,6.9,8.9,9.0,1	
6.9,7.0,0.0,0.1,60690	
6.9,7.0,0.7,0.8,45992	
6.9,7.0,1.5,1.6,18329	
6.9,7.0,2.3,2.4,3790	
6.9,7.0,3.1,3.2,470	
6.9,7.0,3.8,3.9,78	
6.9,7.0,4.6,4.7,7	
6.9,7.0,5.4,5.5,1	
6.9,7.0,6.9,7.0,2	
6.9,7.0,7.0,7.1,3	
6.9,7.0,8.5,8.6,1	
7.0,7.1,0.2,0.3,53567	
7.0,7.1,0.9,1.0,35000	
7.0,7.1,1.0,1.1,32022	
7.0,7.1,1.7,1.8,12172	
7.0,7.1,2.5,2.6,2086	
7.0,7.1,3.3,3.4,215	
7.0,7.1,4.1,4.2,23	
7.0,7.1,4.8,4.9,4	
7.0,7.1,6.4,6.5,1	
7.0,7.1,7.9,8.0,1	
7.0,7.1,8.7,8.8,2	
7.0,7.1,9.5,9.6,1	
7.1,7.2,0.5,0.6,42406	
7.1,7.2,1.3,1.4,19879	
7.1,7.2,2.1,2.2,4952	
7.1,7.2,2.8,2.9,883	
7.1,7.2,3.6,3.7,79	
7.1,7.2,4.4,4.5,11	
7.1,7.2,5.2,5.3,3	
7.1,7.2,5.9,6.0,2	
7.1,7.2,6.0,6.1,2	
7.2,7.3,0.1,0.2,43337	
7.2,7.3,0.8,0.9,30527	
7.2,7.3,1.6,1.7,11337	
7.2,7.3,2.4,2.5,2060	
7.2,7.3,3.2,3.3,250	
7.2,7.3,3.9,4.0,31	
7.2,7.3,4.0,4.1,21	
7.2,7.3,4.7,4.8,3	
7.2,7.3,5.5,5.6,1	
7.2,7.3,6.3,6.4,1	
7.2,7.3,9.4,9.5,1	
7.3,7.4,0.4,0.5,34740	
7.3,7.4,1.2,1.3,17761	
7.3,7.4,1.9,2.0,5781	
7.3,7.4,2.0,2.1,4739	
7.3,7.4,2.7,2.8,895	
7.3,7.4,3.5,3.6,77	
7.3,7.4,4.3,4.4,7	
7.3,7.4,5.1,5.2,3	
7.3,7.4,6.6,6.7,1	
7.3,7.4,7.4,7.5,1	
7.4,7.5,0.0,0.1,33407	
7.4,7.5,0.7,0.8,25319	
7.4,7.5,1.5,1.6,10151	
7.4,7.5,2.3,2.4,2072	
7.4,7.5,3.1,3.2,266	
7.4,7.5,3.8,3.9,32	
7.4,7.5,4.6,4.7,4	
7.4,7.5,5.4,5.5,2	
7.4,7.5,6.2,6.3,2	
7.4,7.5,7.0,7.1,1	
7.4,7.5,7.7,7.8,1	
7.4,7.5,8.5,8.6,1	
7.5,7.6,0.3,0.4,26735	
7.5,7.6,1.1,1.2,14905	
7.5,7.6,1.8,1.9,5261	
7.5,7.6,2.6,2.7,836	
7.5,7.6,3.4,3.5,96	
7.5,7.6,4.2,4.3,4	
7.5,7.6,5.7,5.8,2	
7.5,7.6,6.5,6.6,3	
7.5,7.6,8.8,8.9,1	
7.6,7.7,0.6,0.7,19626	
7.6,7.7,1.4,1.5,8540	
7.6,7.7,2.2,2.3,1958	
7.6,7.7,2.9,3.0,310	
7.6,7.7,3.0,3.1,240	
7.6,7.7,3.7,3.8,22	
7.6,7.7,4.5,4.6,3	
7.6,7.7,5.3,5.4,2	
7.6,7.7,6.1,6.2,2	
7.6,7.7,7.6,7.7,1	
7.6,7.7,9.2,9.3,1	
7.7,7.8,0.2,0.3,19964	
7.7,7.8,0.9,1.0,13102	
7.7,7.8,1.0,1.1,11920	
7.7,7.8,1.7,1.8,4442	
7.7,7.8,2.5,2.6,798	
7.7,7.8,3.3,3.4,91	
7.7,7.8,4.1,4.2,2	
7.7,7.8,4.8,4.9,2	
7.7,7.8,5.6,5.7,2	
7.7,7.8,6.4,6.5,2	
7.7,7.8,7.9,8.0,2	
7.7,7.8,8.0,8.1,1	
7.8,7.9,0.5,0.6,14845	
7.8,7.9,1.3,1.4,7085	
7.8,7.9,2.1,2.2,1734	
7.8,7.9,2.8,2.9,297	
7.8,7.9,3.6,3.7,24	
7.8,7.9,4.4,4.5,3	
7.8,7.9,6.0,6.1,1	
7.8,7.9,7.5,7.6,2	
7.9,8.0,0.1,0.2,14019	
7.9,8.0,0.8,0.9,10013	
7.9,8.0,1.6,1.7,3692	
7.9,8.0,2.4,2.5,724	
7.9,8.0,3.2,3.3,75	
7.9,8.0,3.9,4.0,9	
7.9,8.0,4.0,4.1,8	
7.9,8.0,7.8,7.9,2	
8.0,8.1,0.1,0.2,11446	
8.0,8.1,0.8,0.9,8131	
8.0,8.1,1.6,1.7,3046	
8.0,8.1,2.4,2.5,573	
8.0,8.1,3.2,3.3,67	
8.0,8.1,3.9,4.0,1	
8.0,8.1,4.0,4.1,4	
8.0,8.1,5.5,5.6,1	
8.0,8.1,6.3,6.4,1	
8.0,8.1,7.1,7.2,2	
8.0,8.1,8.6,8.7,1	
8.1,8.2,0.4,0.5,8571	
8.1,8.2,1.2,1.3,4280	
8.1,8.2,1.9,2.0,1380	
8.1,8.2,2.0,2.1,1157	
8.1,8.2,2.7,2.8,214	
8.1,8.2,3.5,3.6,18	
8.1,8.2,4.3,4.4,3	
8.1,8.2,5.1,5.2,1	
8.1,8.2,5.8,5.9,4	
8.1,8.2,6.6,6.7,1	
8.2,8.3,0.0,0.1,7602	
8.2,8.3,0.7,0.8,5592	
8.2,8.3,1.5,1.6,2300	
8.2,8.3,2.3,2.4,469	
8.2,8.3,3.1,3.2,65	
8.2,8.3,3.8,3.9,5	
8.2,8.3,6.2,6.3,3	
8.2,8.3,6.9,7.0,1	
8.3,8.4,0.3,0.4,5783	
8.3,8.4,1.1,1.2,3135	
8.3,8.4,1.8,1.9,1116	
8.3,8.4,2.6,2.7,178	
8.3,8.4,3.4,3.5,15	
8.3,8.4,4.2,4.3,2	
8.3,8.4,5.0,5.1,1	
8.3,8.4,5.7,5.8,2	
8.3,8.4,6.5,6.6,2	
8.3,8.4,8.8,8.9,1	
8.4,8.5,0.6,0.7,3855	
8.4,8.5,1.4,1.5,1672	
8.4,8.5,2.2,2.3,377	
8.4,8.5,2.9,3.0,64	
8.4,8.5,3.0,3.1,58	
8.4,8.5,3.7,3.8,3	
8.4,8.5,4.5,4.6,1	
8.4,8.5,5.3,5.4,2	
8.4,8.5,6.8,6.9,1	
8.5,8.6,0.2,0.3,3539	
8.5,8.6,0.9,1.0,2333	
8.5,8.6,1.0,1.1,2134	
8.5,8.6,1.7,1.8,827	
8.5,8.6,2.5,2.6,132	
8.5,8.6,3.3,3.4,13	
8.5,8.6,4.1,4.2,2	
8.5,8.6,5.6,5.7,2	
8.5,8.6,6.4,6.5,1	
8.5,8.6,7.2,7.3,1	
8.6,8.7,0.5,0.6,2485	
8.6,8.7,1.3,1.4,1178	
8.6,8.7,2.1,2.2,276	
8.6,8.7,2.8,2.9,50	
8.6,8.7,3.6,3.7,6	
8.6,8.7,4.4,4.5,1	
8.6,8.7,5.9,6.0,4	
8.6,8.7,6.0,6.1,1	
8.6,8.7,6.7,6.8,2	
8.6,8.7,9.1,9.2,1	
8.7,8.8,0.1,0.2,2116	
8.7,8.8,0.8,0.9,1515	
8.7,8.8,1.6,1.7,545	
8.7,8.8,2.4,2.5,114	
8.7,8.8,3.2,3.3,16	
8.7,8.8,3.9,4.0,3	
8.7,8.8,4.0,4.1,3	
8.7,8.8,5.5,5.6,2	
8.7,8.8,6.3,6.4,1	
8.7,8.8,9.4,9.5,1	
8.8,8.9,0.4,0.5,1479	
8.8,8.9,1.2,1.3,768	
8.8,8.9,1.9,2.0,232	
8.8,8.9,2.0,2.1,195	
8.8,8.9,2.7,2.8,33	
8.8,8.9,3.5,3.6,4	
8.8,8.9,5.1,5.2,2	
8.8,8.9,5.8,5.9,2	
8.8,8.9,6.6,6.7,1	
8.9,9.0,0.0,0.1,1307	
8.9,9.0,0.7,0.8,878	
8.9,9.0,1.5,1.6,382	
8.9,9.0,2.3,2.4,78	
8.9,9.0,3.1,3.2,8	
8.9,9.0,3.8,3.9,2	
8.9,9.0,6.2,6.3,1	
8.9,9.0,6.9,7.0,1	
8.9,9.0,8.5,8.6,1	
9.0,9.1,0.2,0.3,870	
9.0,9.1,0.9,1.0,599	
9.0,9.1,1.0,1.1,530	
9.0,9.1,1.7,1.8,181	
9.0,9.1,2.5,2.6,42	
9.0,9.1,3.3,3.4,5	
9.0,9.1,6.4,6.5,1	
9.0,9.1,8.7,8.8,1	
9.1,9.2,0.5,0.6,542	
9.1,9.2,1.3,1.4,264	
9.1,9.2,2.1,2.2,63	
9.1,9.2,2.8,2.9,10	
9.1,9.2,3.6,3.7,3	
9.1,9.2,4.4,4.5,1	
9.1,9.2,6.0,6.1,2	
9.1,9.2,6.7,6.8,1	
9.1,9.2,7.5,7.6,1	
9.2,9.3,0.1,0.2,492	
9.2,9.3,0.8,0.9,328	
9.2,9.3,1.6,1.7,137	
9.2,9.3,2.4,2.5,26	
9.2,9.3,3.2,3.3,2	
9.2,9.3,4.0,4.1,1	
9.2,9.3,4.7,4.8,3	
9.2,9.3,7.8,7.9,1	
9.3,9.4,0.4,0.5,297	
9.3,9.4,1.2,1.3,181	
9.3,9.4,1.9,2.0,42	
9.3,9.4,2.0,2.1,48	
9.3,9.4,2.7,2.8,4	
9.4,9.5,0.0,0.1,230	
9.4,9.5,0.7,0.8,202	
9.4,9.5,1.5,1.6,79	
9.4,9.5,2.3,2.4,12	
9.4,9.5,3.1,3.2,1	
9.4,9.5,4.6,4.7,1	
9.4,9.5,5.4,5.5,2	
9.4,9.5,6.9,7.0,1	
9.5,9.6,0.3,0.4,157	
9.5,9.6,1.1,1.2,93	
9.5,9.6,1.8,1.9,43	
9.5,9.6,2.6,2.7,5	
9.5,9.6,4.2,4.3,1	
9.5,9.6,5.0,5.1,2	
9.5,9.6,5.7,5.8,2	
9.5,9.6,6.5,6.6,1	
9.6,9.7,0.6,0.7,110	
9.6,9.7,1.4,1.5,34	
9.6,9.7,2.2,2.3,13	
9.6,9.7,2.9,3.0,3	
9.6,9.7,3.0,3.1,1	
9.6,9.7,3.7,3.8,3	
9.6,9.7,4.5,4.6,1	
9.6,9.7,5.3,5.4,1	
9.6,9.7,6.1,6.2,2	
9.6,9.7,6.8,6.9,1	
9.7,9.8,0.2,0.3,88	
9.7,9.8,0.9,1.0,40	
9.7,9.8,1.0,1.1,50	
9.7,9.8,1.7,1.8,10	
9.7,9.8,2.5,2.6,2	
9.7,9.8,3.3,3.4,2	
9.7,9.8,5.6,5.7,1	
9.7,9.8,6.4,6.5,1	
9.7,9.8,9.5,9.6,1	
9.8,9.9,0.5,0.6,64	
9.8,9.9,1.3,1.4,21	
9.8,9.9,2.1,2.2,4	
9.8,9.9,2.8,2.9,1	
9.8,9.9,3.6,3.7,2	
9.8,9.9,4.4,4.5,1	
9.8,9.9,5.9,6.0,1	
9.8,9.9,6.0,6.1,1	
9.9,10.0,0.1,0.2,40	
9.9,10.0,0.8,0.9,36	
9.9,10.0,1.6,1.7,7	
9.9,10.0,2.4,2.5,3	
9.9,10.0,3.2,3.3,2	
9.9,10.0,3.9,4.0,1	
9.9,10.0,4.7,4.8,1	
9.9,10.0,7.8,7.9,1	
