0.0,0.1,0.4,0.5,5884	
0.0,0.1,1.2,1.3,22074	
0.0,0.1,1.9,2.0,56584	
0.0,0.1,10.1,10.2,27	
0.0,0.1,10.8,10.9,3	
0.0,0.1,2.0,2.1,62573	
0.0,0.1,2.7,2.8,94707	
0.0,0.1,3.5,3.6,88053	
0.0,0.1,4.3,4.4,63861	
0.0,0.1,5.1,5.2,76242	
0.0,0.1,5.8,5.9,96087	
0.0,0.1,6.6,6.7,77038	
0.0,0.1,7.4,7.5,33410	
0.0,0.1,8.2,8.3,7560	
0.0,0.1,8.9,9.0,1265	
0.0,0.1,9.0,9.1,957	
0.0,0.1,9.7,9.8,97	
0.1,0.2,0.0,0.1,4476	
0.1,0.2,0.7,0.8,9563	
0.1,0.2,1.5,1.6,34357	
0.1,0.2,10.3,10.4,10	
0.1,0.2,2.3,2.4,78445	
0.1,0.2,3.1,3.2,96984	
0.1,0.2,3.8,3.9,76561	
0.1,0.2,4.6,4.7,62717	
0.1,0.2,5.4,5.5,85855	
0.1,0.2,6.2,6.3,92167	
0.1,0.2,6.9,7.0,60303	
0.1,0.2,7.0,7.1,54479	
0.1,0.2,7.7,7.8,20485	
0.1,0.2,8.5,8.6,3647	
0.1,0.2,9.3,9.4,348	
0.2,0.3,0.3,0.4,5772	
0.2,0.3,1.1,1.2,18747	
0.2,0.3,1.8,1.9,49569	
0.2,0.3,10.5,10.6,3	
0.2,0.3,2.6,2.7,89622	
0.2,0.3,3.4,3.5,89705	
0.2,0.3,4.2,4.3,63406	
0.2,0.3,4.9,5.0,67446	
0.2,0.3,5.0,5.1,70488	
0.2,0.3,5.7,5.8,91992	
0.2,0.3,6.5,6.6,79714	
0.2,0.3,7.3,7.4,37093	
0.2,0.3,8.1,8.2,9119	
0.2,0.3,8.8,8.9,1623	
0.2,0.3,9.6,9.7,124	
0.3,0.4,0.6,0.7,8687	
0.3,0.4,1.4,1.5,28908	
0.3,0.4,10.0,10.1,18	
0.3,0.4,10.7,10.8,2	
0.3,0.4,2.2,2.3,70613	
0.3,0.4,2.9,3.0,93260	
0.3,0.4,3.0,3.1,94272	
0.3,0.4,3.7,3.8,77176	
0.3,0.4,4.5,4.6,59677	
0.3,0.4,5.3,5.4,78405	
0.3,0.4,6.1,6.2,89140	
0.3,0.4,6.8,6.9,62397	
0.3,0.4,7.6,7.7,23067	
0.3,0.4,8.4,8.5,4510	
0.3,0.4,9.2,9.3,468	
0.3,0.4,9.9,10.0,38	
0.4,0.5,0.2,0.3,6193	
0.4,0.5,0.9,1.0,13646	
0.4,0.5,1.0,1.1,15885	
0.4,0.5,1.7,1.8,42374	
0.4,0.5,10.2,10.3,15	
0.4,0.5,10.9,11.0,1	
0.4,0.5,11.0,11.1,2	
0.4,0.5,2.5,2.6,81812	
0.4,0.5,3.3,3.4,87507	
0.4,0.5,4.1,4.2,62067	
0.4,0.5,4.8,4.9,60623	
0.4,0.5,5.6,5.7,83660	
0.4,0.5,6.4,6.5,78547	
0.4,0.5,7.2,7.3,39271	
0.4,0.5,7.9,8.0,12922	
0.4,0.5,8.0,8.1,10435	
0.4,0.5,8.7,8.8,1929	
0.4,0.5,9.5,9.6,179	
0.5,0.6,0.5,0.6,8683	
0.5,0.6,1.3,1.4,24013	
0.5,0.6,10.4,10.5,3	
0.5,0.6,2.1,2.2,60713	
0.5,0.6,2.8,2.9,86871	
0.5,0.6,3.6,3.7,75670	
0.5,0.6,4.4,4.5,55151	
0.5,0.6,5.2,5.3,68656	
0.5,0.6,5.9,6.0,82699	
0.5,0.6,6.0,6.1,82734	
0.5,0.6,6.7,6.8,62350	
0.5,0.6,7.5,7.6,24768	
0.5,0.6,8.3,8.4,5147	
0.5,0.6,9.1,9.2,584	
0.5,0.6,9.8,9.9,45	
0.6,0.7,0.1,0.2,8024	
0.6,0.7,0.8,0.9,12520	
0.6,0.7,1.6,1.7,35445	
0.6,0.7,10.6,10.7,3	
0.6,0.7,2.4,2.5,72330	
0.6,0.7,3.2,3.3,82790	
0.6,0.7,3.9,4.0,62805	
0.6,0.7,4.0,4.1,60242	
0.6,0.7,4.7,4.8,53569	
0.6,0.7,5.5,5.6,72969	
0.6,0.7,6.3,6.4,72878	
0.6,0.7,7.1,7.2,40035	
0.6,0.7,7.8,7.9,13976	
0.6,0.7,8.6,8.7,2261	
0.6,0.7,9.4,9.5,197	
0.7,0.8,0.4,0.5,10251	
0.7,0.8,1.2,1.3,20877	
0.7,0.8,1.9,2.0,47455	
0.7,0.8,10.1,10.2,21	
0.7,0.8,10.8,10.9,1	
0.7,0.8,2.0,2.1,52122	
0.7,0.8,2.7,2.8,77834	
0.7,0.8,3.5,3.6,72203	
0.7,0.8,4.3,4.4,50811	
0.7,0.8,5.1,5.2,57928	
0.7,0.8,5.8,5.9,72343	
0.7,0.8,6.6,6.7,58947	
0.7,0.8,7.4,7.5,25187	
0.7,0.8,8.2,8.3,5665	
0.7,0.8,8.9,9.0,943	
0.7,0.8,9.0,9.1,705	
0.7,0.8,9.7,9.8,61	
0.8,0.9,0.0,0.1,11190	
0.8,0.9,0.7,0.8,13206	
0.8,0.9,1.5,1.6,29697	
0.8,0.9,10.3,10.4,6	
0.8,0.9,2.3,2.4,61725	
0.8,0.9,3.1,3.2,76199	
0.8,0.9,3.8,3.9,59649	
0.8,0.9,4.6,4.7,46150	
0.8,0.9,5.4,5.5,60800	
0.8,0.9,6.2,6.3,65172	
0.8,0.9,6.9,7.0,42472	
0.8,0.9,7.0,7.1,38543	
0.8,0.9,7.7,7.8,14621	
0.8,0.9,8.5,8.6,2562	
0.8,0.9,9.3,9.4,231	
0.9,1.0,0.3,0.4,13447	
0.9,1.0,1.1,1.2,19025	
0.9,1.0,1.8,1.9,39321	
0.9,1.0,10.5,10.6,1	
0.9,1.0,2.6,2.7,68613	
0.9,1.0,3.4,3.5,67553	
0.9,1.0,4.2,4.3,46559	
0.9,1.0,4.9,5.0,45864	
0.9,1.0,5.0,5.1,47881	
0.9,1.0,5.7,5.8,60612	
0.9,1.0,6.5,6.6,52238	
0.9,1.0,7.3,7.4,24263	
0.9,1.0,8.1,8.2,6016	
0.9,1.0,8.8,8.9,1012	
0.9,1.0,9.6,9.7,81	
1.0,1.1,0.3,0.4,15842	
1.0,1.1,1.1,1.2,19975	
1.0,1.1,1.8,1.9,38335	
1.0,1.1,10.3,10.4,7	
1.0,1.1,2.6,2.7,65810	
1.0,1.1,3.4,3.5,64598	
1.0,1.1,4.2,4.3,43756	
1.0,1.1,4.9,5.0,42177	
1.0,1.1,5.0,5.1,43847	
1.0,1.1,5.7,5.8,55066	
1.0,1.1,6.5,6.6,47391	
1.0,1.1,7.3,7.4,22060	
1.0,1.1,8.1,8.2,5501	
1.0,1.1,8.8,8.9,972	
1.0,1.1,9.6,9.7,72	
1.1,1.2,0.6,0.7,17925	
1.1,1.2,1.4,1.5,26256	
1.1,1.2,10.5,10.6,1	
1.1,1.2,2.2,2.3,51525	
1.1,1.2,2.9,3.0,67290	
1.1,1.2,3.0,3.1,67055	
1.1,1.2,3.7,3.8,54242	
1.1,1.2,4.5,4.6,37016	
1.1,1.2,5.3,5.4,44256	
1.1,1.2,6.1,6.2,49271	
1.1,1.2,6.8,6.9,34562	
1.1,1.2,7.6,7.7,12504	
1.1,1.2,8.4,8.5,2365	
1.1,1.2,9.2,9.3,236	
1.1,1.2,9.9,10.0,18	
1.2,1.3,0.2,0.3,21631	
1.2,1.3,0.9,1.0,21125	
1.2,1.3,1.0,1.1,21794	
1.2,1.3,1.7,1.8,34374	
1.2,1.3,10.0,10.1,16	
1.2,1.3,2.5,2.6,59582	
1.2,1.3,3.3,3.4,62342	
1.2,1.3,4.1,4.2,41210	
1.2,1.3,4.8,4.9,34170	
1.2,1.3,5.6,5.7,42905	
1.2,1.3,6.4,6.5,39482	
1.2,1.3,7.2,7.3,19952	
1.2,1.3,7.9,8.0,6619	
1.2,1.3,8.0,8.1,5410	
1.2,1.3,8.7,8.8,999	
1.2,1.3,9.5,9.6,68	
1.3,1.4,0.5,0.6,24220	
1.3,1.4,1.3,1.4,25790	
1.3,1.4,10.2,10.3,3	
1.3,1.4,2.1,2.2,46354	
1.3,1.4,2.8,2.9,62773	
1.3,1.4,3.6,3.7,52942	
1.3,1.4,4.4,4.5,33141	
1.3,1.4,5.2,5.3,33859	
1.3,1.4,5.9,6.0,38873	
1.3,1.4,6.0,6.1,39007	
1.3,1.4,6.7,6.8,29006	
1.3,1.4,7.5,7.6,11726	
1.3,1.4,8.3,8.4,2420	
1.3,1.4,9.1,9.2,293	
1.3,1.4,9.8,9.9,18	
1.4,1.5,0.1,0.2,29802	
1.4,1.5,0.8,0.9,26179	
1.4,1.5,1.6,1.7,32362	
1.4,1.5,10.4,10.5,1	
1.4,1.5,2.4,2.5,55036	
1.4,1.5,3.2,3.3,61154	
1.4,1.5,3.9,4.0,43581	
1.4,1.5,4.0,4.1,40813	
1.4,1.5,4.7,4.8,28931	
1.4,1.5,5.5,5.6,32520	
1.4,1.5,6.3,6.4,31337	
1.4,1.5,7.1,7.2,17416	
1.4,1.5,7.8,7.9,6087	
1.4,1.5,8.6,8.7,1037	
1.4,1.5,9.4,9.5,94	
1.5,1.6,0.4,0.5,32469	
1.5,1.6,1.2,1.3,28772	
1.5,1.6,1.9,2.0,40770	
1.5,1.6,10.6,10.7,2	
1.5,1.6,2.0,2.1,43907	
1.5,1.6,2.7,2.8,60800	
1.5,1.6,3.5,3.6,54738	
1.5,1.6,4.3,4.4,32562	
1.5,1.6,5.1,5.2,26178	
1.5,1.6,5.8,5.9,29456	
1.5,1.6,6.6,6.7,23234	
1.5,1.6,7.4,7.5,10016	
1.5,1.6,8.2,8.3,2261	
1.5,1.6,8.9,9.0,397	
1.5,1.6,9.0,9.1,292	
1.5,1.6,9.7,9.8,26	
1.6,1.7,0.0,0.1,39480	
1.6,1.7,0.7,0.8,33580	
1.6,1.7,1.5,1.6,33500	
1.6,1.7,10.1,10.2,3	
1.6,1.7,2.3,2.4,53419	
1.6,1.7,3.1,3.2,62664	
1.6,1.7,3.8,3.9,46355	
1.6,1.7,4.6,4.7,25880	
1.6,1.7,5.4,5.5,24038	
1.6,1.7,6.2,6.3,23923	
1.6,1.7,6.9,7.0,15470	
1.6,1.7,7.0,7.1,14112	
1.6,1.7,7.7,7.8,5509	
1.6,1.7,8.5,8.6,1006	
1.6,1.7,9.3,9.4,112	
1.7,1.8,0.3,0.4,43556	
1.7,1.8,1.1,1.2,34063	
1.7,1.8,1.8,1.9,40764	
1.7,1.8,10.3,10.4,2	
1.7,1.8,2.6,2.7,61864	
1.7,1.8,3.4,3.5,59168	
1.7,1.8,4.2,4.3,33924	
1.7,1.8,4.9,5.0,21762	
1.7,1.8,5.0,5.1,20860	
1.7,1.8,5.7,5.8,21264	
1.7,1.8,6.5,6.6,17840	
1.7,1.8,7.3,7.4,8243	
1.7,1.8,8.1,8.2,1977	
1.7,1.8,8.8,8.9,361	
1.7,1.8,9.6,9.7,25	
1.8,1.9,0.6,0.7,44065	
1.8,1.9,1.4,1.5,37385	
1.8,1.9,10.5,10.6,1	
1.8,1.9,2.2,2.3,54166	
1.8,1.9,2.9,3.0,67261	
1.8,1.9,3.0,3.1,67417	
1.8,1.9,3.7,3.8,51711	
1.8,1.9,4.5,4.6,26418	
1.8,1.9,5.3,5.4,18040	
1.8,1.9,6.1,6.2,17317	
1.8,1.9,6.8,6.9,12146	
1.8,1.9,7.6,7.7,4418	
1.8,1.9,8.4,8.5,828	
1.8,1.9,9.2,9.3,80	
1.8,1.9,9.9,10.0,5	
1.9,2.0,0.2,0.3,55276	
1.9,2.0,0.9,1.0,43426	
1.9,2.0,1.0,1.1,42090	
1.9,2.0,1.7,1.8,43567	
1.9,2.0,10.0,10.1,1	
1.9,2.0,2.5,2.6,64289	
1.9,2.0,3.3,3.4,66386	
1.9,2.0,4.1,4.2,38599	
1.9,2.0,4.8,4.9,20040	
1.9,2.0,5.6,5.7,15597	
1.9,2.0,6.4,6.5,13049	
1.9,2.0,7.2,7.3,6442	
1.9,2.0,7.9,8.0,2052	
1.9,2.0,8.0,8.1,1707	
1.9,2.0,8.7,8.8,339	
1.9,2.0,9.5,9.6,33	
10.0,10.1,0.6,0.7,27	
10.0,10.1,1.4,1.5,11	
10.0,10.1,2.2,2.3,4	
10.1,10.2,0.2,0.3,16	
10.1,10.2,0.9,1.0,11	
10.1,10.2,1.0,1.1,13	
10.1,10.2,1.7,1.8,2	
10.1,10.2,2.5,2.6,2	
10.2,10.3,0.5,0.6,11	
10.2,10.3,1.3,1.4,5	
10.2,10.3,2.1,2.2,1	
10.3,10.4,0.1,0.2,8	
10.3,10.4,0.8,0.9,4	
10.4,10.5,0.4,0.5,1	
10.4,10.5,1.2,1.3,2	
10.4,10.5,1.9,2.0,1	
10.5,10.6,0.0,0.1,4	
10.5,10.6,0.7,0.8,1	
10.5,10.6,1.5,1.6,1	
10.6,10.7,0.3,0.4,2	
10.6,10.7,1.1,1.2,2	
10.7,10.8,0.6,0.7,1	
10.8,10.9,0.2,0.3,1	
10.9,11.0,0.5,0.6,1	
11.0,11.1,1.3,1.4,1	
2.0,2.1,0.4,0.5,57963	
2.0,2.1,1.2,1.3,43483	
2.0,2.1,1.9,2.0,51014	
2.0,2.1,2.0,2.1,53935	
2.0,2.1,2.7,2.8,71550	
2.0,2.1,3.5,3.6,62880	
2.0,2.1,4.3,4.4,31864	
2.0,2.1,5.1,5.2,15365	
2.0,2.1,5.8,5.9,12835	
2.0,2.1,6.6,6.7,9568	
2.0,2.1,7.4,7.5,4080	
2.0,2.1,8.2,8.3,901	
2.0,2.1,8.9,9.0,169	
2.0,2.1,9.0,9.1,121	
2.0,2.1,9.7,9.8,8	
2.1,2.2,0.0,0.1,68186	
2.1,2.2,0.7,0.8,56009	
2.1,2.2,1.5,1.6,46688	
2.1,2.2,10.0,10.1,1	
2.1,2.2,2.3,2.4,65976	
2.1,2.2,3.1,3.2,75536	
2.1,2.2,3.8,3.9,53972	
2.1,2.2,4.6,4.7,23239	
2.1,2.2,5.4,5.5,11855	
2.1,2.2,6.2,6.3,9438	
2.1,2.2,6.9,7.0,6057	
2.1,2.2,7.0,7.1,5310	
2.1,2.2,7.7,7.8,2125	
2.1,2.2,8.5,8.6,364	
2.1,2.2,9.3,9.4,31	
2.2,2.3,0.3,0.4,70490	
2.2,2.3,1.1,1.2,51664	
2.2,2.3,1.8,1.9,53986	
2.2,2.3,11.0,11.1,1	
2.2,2.3,2.6,2.7,76986	
2.2,2.3,3.4,3.5,72431	
2.2,2.3,4.2,4.3,37934	
2.2,2.3,4.9,5.0,16561	
2.2,2.3,5.0,5.1,14636	
2.2,2.3,5.7,5.8,9260	
2.2,2.3,6.5,6.6,6750	
2.2,2.3,7.3,7.4,3071	
2.2,2.3,8.1,8.2,764	
2.2,2.3,8.8,8.9,136	
2.2,2.3,9.6,9.7,12	
2.3,2.4,0.6,0.7,68427	
2.3,2.4,1.4,1.5,52418	
2.3,2.4,2.2,2.3,69414	
2.3,2.4,2.9,3.0,84767	
2.3,2.4,3.0,3.1,84135	
2.3,2.4,3.7,3.8,63821	
2.3,2.4,4.5,4.6,27030	
2.3,2.4,5.3,5.4,10122	
2.3,2.4,6.1,6.2,6558	
2.3,2.4,6.8,6.9,4309	
2.3,2.4,7.6,7.7,1567	
2.3,2.4,8.4,8.5,266	
2.3,2.4,9.2,9.3,38	
2.3,2.4,9.9,10.0,3	
2.4,2.5,0.2,0.3,82140	
2.4,2.5,0.9,1.0,62874	
2.4,2.5,1.0,1.1,60755	
2.4,2.5,1.7,1.8,57160	
2.4,2.5,2.5,2.6,81743	
2.4,2.5,3.3,3.4,82366	
2.4,2.5,4.1,4.2,45677	
2.4,2.5,4.8,4.9,18530	
2.4,2.5,5.6,5.7,7027	
2.4,2.5,6.4,6.5,4597	
2.4,2.5,7.2,7.3,2176	
2.4,2.5,7.9,8.0,744	
2.4,2.5,8.0,8.1,615	
2.4,2.5,8.7,8.8,113	
2.4,2.5,9.5,9.6,10	
2.5,2.6,0.5,0.6,78567	
2.5,2.6,1.3,1.4,57979	
2.5,2.6,10.1,10.2,1	
2.5,2.6,2.1,2.2,71552	
2.5,2.6,2.8,2.9,90275	
2.5,2.6,3.6,3.7,73381	
2.5,2.6,4.4,4.5,32247	
2.5,2.6,5.2,5.3,9973	
2.5,2.6,5.9,6.0,4881	
2.5,2.6,6.0,6.1,4557	
2.5,2.6,6.7,6.8,2872	
2.5,2.6,7.5,7.6,1040	
2.5,2.6,8.3,8.4,217	
2.5,2.6,9.1,9.2,24	
2.5,2.6,9.8,9.9,6	
2.6,2.7,0.1,0.2,90951	
2.6,2.7,0.8,0.9,71814	
2.6,2.7,1.6,1.7,60497	
2.6,2.7,10.3,10.4,1	
2.6,2.7,2.4,2.5,83917	
2.6,2.7,3.2,3.3,90817	
2.6,2.7,3.9,4.0,59349	
2.6,2.7,4.0,4.1,54075	
2.6,2.7,4.7,4.8,21050	
2.6,2.7,5.5,5.6,6070	
2.6,2.7,6.3,6.4,2991	
2.6,2.7,7.1,7.2,1522	
2.6,2.7,7.8,7.9,526	
2.6,2.7,8.6,8.7,89	
2.6,2.7,9.4,9.5,8	
2.7,2.8,0.4,0.5,87841	
2.7,2.8,1.2,1.3,63097	
2.7,2.8,1.9,2.0,68355	
2.7,2.8,2.0,2.1,71513	
2.7,2.8,2.7,2.8,94307	
2.7,2.8,3.5,3.6,81659	
2.7,2.8,4.3,4.4,38534	
2.7,2.8,5.1,5.2,10840	
2.7,2.8,5.8,5.9,3792	
2.7,2.8,6.6,6.7,1910	
2.7,2.8,7.4,7.5,754	
2.7,2.8,8.2,8.3,169	
2.7,2.8,8.9,9.0,27	
2.7,2.8,9.0,9.1,19	
2.7,2.8,9.7,9.8,1	
2.8,2.9,0.0,0.1,97498	
2.8,2.9,0.7,0.8,79537	
2.8,2.9,1.5,1.6,61862	
2.8,2.9,10.0,10.1,1	
2.8,2.9,2.3,2.4,83299	
2.8,2.9,3.1,3.2,95775	
2.8,2.9,3.8,3.9,67042	
2.8,2.9,4.6,4.7,25488	
2.8,2.9,5.4,5.5,6243	
2.8,2.9,6.2,6.3,2084	
2.8,2.9,6.9,7.0,1073	
2.8,2.9,7.0,7.1,974	
2.8,2.9,7.7,7.8,377	
2.8,2.9,8.5,8.6,55	
2.8,2.9,9.3,9.4,6	
2.9,3.0,0.3,0.4,93578	
2.9,3.0,1.1,1.2,67214	
2.9,3.0,1.8,1.9,67417	
2.9,3.0,2.6,2.7,93804	
2.9,3.0,3.4,3.5,87451	
2.9,3.0,4.2,4.3,44487	
2.9,3.0,4.9,5.0,15006	
2.9,3.0,5.0,5.1,12704	
2.9,3.0,5.7,5.8,3430	
2.9,3.0,6.5,6.6,1245	
2.9,3.0,7.3,7.4,515	
2.9,3.0,8.1,8.2,128	
2.9,3.0,8.8,8.9,23	
2.9,3.0,9.6,9.7,2	
3.0,3.1,0.3,0.4,94296	
3.0,3.1,1.1,1.2,66618	
3.0,3.1,1.8,1.9,67341	
3.0,3.1,2.6,2.7,93534	
3.0,3.1,3.4,3.5,87217	
3.0,3.1,4.2,4.3,44307	
3.0,3.1,4.9,5.0,14703	
3.0,3.1,5.0,5.1,12018	
3.0,3.1,5.7,5.8,3069	
3.0,3.1,6.5,6.6,1026	
3.0,3.1,7.3,7.4,369	
3.0,3.1,8.1,8.2,93	
3.0,3.1,8.8,8.9,25	
3.0,3.1,9.6,9.7,2	
3.1,3.2,0.6,0.7,84234	
3.1,3.2,1.4,1.5,62434	
3.1,3.2,2.2,2.3,79596	
3.1,3.2,2.9,3.0,95492	
3.1,3.2,3.0,3.1,95961	
3.1,3.2,3.7,3.8,71729	
3.1,3.2,4.5,4.6,28907	
3.1,3.2,5.3,5.4,6409	
3.1,3.2,6.1,6.2,1383	
3.1,3.2,6.8,6.9,483	
3.1,3.2,7.6,7.7,156	
3.1,3.2,8.4,8.5,42	
3.1,3.2,9.2,9.3,2	
3.1,3.2,9.9,10.0,3	
3.2,3.3,0.2,0.3,94065	
3.2,3.3,0.9,1.0,71879	
3.2,3.3,1.0,1.1,68621	
3.2,3.3,1.7,1.8,62663	
3.2,3.3,2.5,2.6,88146	
3.2,3.3,3.3,3.4,87844	
3.2,3.3,4.1,4.2,47808	
3.2,3.3,4.8,4.9,17177	
3.2,3.3,5.6,5.7,3142	
3.2,3.3,6.4,6.5,706	
3.2,3.3,7.2,7.3,249	
3.2,3.3,7.9,8.0,62	
3.2,3.3,8.0,8.1,68	
3.2,3.3,8.7,8.8,8	
3.2,3.3,9.5,9.6,1	
3.3,3.4,0.5,0.6,83959	
3.3,3.4,1.3,1.4,60454	
3.3,3.4,2.1,2.2,72032	
3.3,3.4,2.8,2.9,90192	
3.3,3.4,3.6,3.7,72631	
3.3,3.4,4.4,4.5,31738	
3.3,3.4,5.2,5.3,7563	
3.3,3.4,5.9,6.0,1559	
3.3,3.4,6.0,6.1,1199	
3.3,3.4,6.7,6.8,332	
3.3,3.4,7.5,7.6,97	
3.3,3.4,8.3,8.4,36	
3.3,3.4,9.1,9.2,2	
3.3,3.4,9.8,9.9,1	
3.4,3.5,0.1,0.2,90288	
3.4,3.5,0.8,0.9,71343	
3.4,3.5,1.6,1.7,57725	
3.4,3.5,2.4,2.5,78779	
3.4,3.5,3.2,3.3,84428	
3.4,3.5,3.9,4.0,55128	
3.4,3.5,4.0,4.1,50123	
3.4,3.5,4.7,4.8,18883	
3.4,3.5,5.5,5.6,3590	
3.4,3.5,6.3,6.4,512	
3.4,3.5,7.1,7.2,127	
3.4,3.5,7.8,7.9,44	
3.4,3.5,8.6,8.7,12	
3.5,3.6,0.4,0.5,81745	
3.5,3.6,1.2,1.3,57524	
3.5,3.6,1.9,2.0,60760	
3.5,3.6,2.0,2.1,63340	
3.5,3.6,2.7,2.8,82003	
3.5,3.6,3.5,3.6,70483	
3.5,3.6,4.3,4.4,32944	
3.5,3.6,5.1,5.2,8157	
3.5,3.6,5.8,5.9,1593	
3.5,3.6,6.6,6.7,267	
3.5,3.6,7.4,7.5,68	
3.5,3.6,8.2,8.3,18	
3.5,3.6,8.9,9.0,5	
3.5,3.6,9.7,9.8,3	
3.6,3.7,0.0,0.1,85552	
3.6,3.7,0.7,0.8,69350	
3.6,3.7,1.5,1.6,52028	
3.6,3.7,2.3,2.4,67807	
3.6,3.7,3.1,3.2,76721	
3.6,3.7,3.8,3.9,54005	
3.6,3.7,4.6,4.7,19956	
3.6,3.7,5.4,5.5,3964	
3.6,3.7,6.2,6.3,558	
3.6,3.7,6.9,7.0,89	
3.6,3.7,7.0,7.1,109	
3.6,3.7,7.7,7.8,24	
3.6,3.7,8.5,8.6,8	
3.6,3.7,9.3,9.4,1	
3.7,3.8,0.3,0.4,77533	
3.7,3.8,1.1,1.2,54051	
3.7,3.8,1.8,1.9,51600	
3.7,3.8,2.6,2.7,69909	
3.7,3.8,3.4,3.5,65615	
3.7,3.8,4.2,4.3,32822	
3.7,3.8,4.9,5.0,10729	
3.7,3.8,5.0,5.1,8893	
3.7,3.8,5.7,5.8,1718	
3.7,3.8,6.5,6.6,220	
3.7,3.8,7.3,7.4,43	
3.7,3.8,8.1,8.2,12	
3.7,3.8,8.8,8.9,1	
3.8,3.9,0.6,0.7,65875	
3.8,3.9,1.4,1.5,46294	
3.8,3.9,2.2,2.3,56830	
3.8,3.9,2.9,3.0,67354	
3.8,3.9,3.0,3.1,67019	
3.8,3.9,3.7,3.8,50644	
3.8,3.9,4.5,4.6,19953	
3.8,3.9,5.3,5.4,4323	
3.8,3.9,6.1,6.2,505	
3.8,3.9,6.8,6.9,99	
3.8,3.9,7.6,7.7,16	
3.8,3.9,8.4,8.5,4	
3.8,3.9,9.2,9.3,2	
3.8,3.9,9.9,10.0,2	
3.9,4.0,0.2,0.3,72297	
3.9,4.0,0.9,1.0,53191	
3.9,4.0,1.0,1.1,50460	
3.9,4.0,1.7,1.8,43807	
3.9,4.0,2.5,2.6,58178	
3.9,4.0,3.3,3.4,57222	
3.9,4.0,4.1,4.2,31521	
3.9,4.0,4.8,4.9,11108	
3.9,4.0,5.6,5.7,1969	
3.9,4.0,6.4,6.5,196	
3.9,4.0,7.2,7.3,18	
3.9,4.0,7.9,8.0,6	
3.9,4.0,8.0,8.1,5	
3.9,4.0,8.7,8.8,1	
3.9,4.0,9.5,9.6,1	
4.0,4.1,0.2,0.3,68531	
4.0,4.1,0.9,1.0,50774	
4.0,4.1,1.0,1.1,48533	
4.0,4.1,1.7,1.8,40004	
4.0,4.1,2.5,2.6,52241	
4.0,4.1,3.3,3.4,51684	
4.0,4.1,4.1,4.2,28633	
4.0,4.1,4.8,4.9,9878	
4.0,4.1,5.6,5.7,1571	
4.0,4.1,6.4,6.5,182	
4.0,4.1,7.2,7.3,19	
4.0,4.1,7.9,8.0,6	
4.0,4.1,8.0,8.1,7	
4.0,4.1,8.7,8.8,4	
4.0,4.1,9.5,9.6,1	
4.1,4.2,0.5,0.6,59380	
4.1,4.2,1.3,1.4,39632	
4.1,4.2,2.1,2.2,40994	
4.1,4.2,2.8,2.9,49809	
4.1,4.2,3.6,3.7,40191	
4.1,4.2,4.4,4.5,17201	
4.1,4.2,5.2,5.3,4022	
4.1,4.2,5.9,6.0,681	
4.1,4.2,6.0,6.1,470	
4.1,4.2,6.7,6.8,47	
4.1,4.2,7.5,7.6,3	
4.1,4.2,8.3,8.4,2	
4.1,4.2,9.8,9.9,1	
4.2,4.3,0.1,0.2,64799	
4.2,4.3,0.8,0.9,49246	
4.2,4.3,1.6,1.7,34115	
4.2,4.3,2.4,2.5,40656	
4.2,4.3,3.2,3.3,42761	
4.2,4.3,3.9,4.0,27611	
4.2,4.3,4.0,4.1,25244	
4.2,4.3,4.7,4.8,9376	
4.2,4.3,5.5,5.6,1685	
4.2,4.3,6.3,6.4,165	
4.2,4.3,7.1,7.2,11	
4.2,4.3,7.8,7.9,2	
4.2,4.3,8.6,8.7,1	
4.3,4.4,0.4,0.5,58360	
4.3,4.4,1.2,1.3,37184	
4.3,4.4,1.9,2.0,31377	
4.3,4.4,2.0,2.1,31844	
4.3,4.4,2.7,2.8,38410	
4.3,4.4,3.5,3.6,32846	
4.3,4.4,4.3,4.4,15401	
4.3,4.4,5.1,5.2,3818	
4.3,4.4,5.8,5.9,668	
4.3,4.4,6.6,6.7,72	
4.3,4.4,7.4,7.5,8	
4.3,4.4,8.2,8.3,1	
4.3,4.4,8.9,9.0,1	
4.3,4.4,9.0,9.1,1	
4.3,4.4,9.7,9.8,1	
4.4,4.5,0.0,0.1,62634	
4.4,4.5,0.7,0.8,49567	
4.4,4.5,1.5,1.6,30198	
4.4,4.5,2.3,2.4,31128	
4.4,4.5,3.1,3.2,33895	
4.4,4.5,3.8,3.9,23269	
4.4,4.5,4.6,4.7,8575	
4.4,4.5,5.4,5.5,1700	
4.4,4.5,6.2,6.3,167	
4.4,4.5,6.9,7.0,20	
4.4,4.5,7.0,7.1,8	
4.4,4.5,7.7,7.8,3	
4.5,4.6,0.3,0.4,59220	
4.5,4.6,1.1,1.2,37265	
4.5,4.6,1.8,1.9,26329	
4.5,4.6,2.6,2.7,29039	
4.5,4.6,3.4,3.5,26113	
4.5,4.6,4.2,4.3,13090	
4.5,4.6,4.9,5.0,4338	
4.5,4.6,5.0,5.1,3544	
4.5,4.6,5.7,5.8,681	
4.5,4.6,6.5,6.6,78	
4.5,4.6,7.3,7.4,7	
4.5,4.6,8.1,8.2,1	
4.5,4.6,8.8,8.9,1	
4.6,4.7,0.6,0.7,52522	
4.6,4.7,1.4,1.5,29311	
4.6,4.7,2.2,2.3,23734	
4.6,4.7,2.9,3.0,25040	
4.6,4.7,3.0,3.1,25166	
4.6,4.7,3.7,3.8,18522	
4.6,4.7,4.5,4.6,7318	
4.6,4.7,5.3,5.4,1523	
4.6,4.7,6.1,6.2,159	
4.6,4.7,6.8,6.9,20	
4.6,4.7,7.6,7.7,1	
4.6,4.7,9.2,9.3,1	
4.7,4.8,0.2,0.3,62721	
4.7,4.8,0.9,1.0,43677	
4.7,4.8,1.0,1.1,40351	
4.7,4.8,1.7,1.8,23397	
4.7,4.8,2.5,2.6,21320	
4.7,4.8,3.3,3.4,19649	
4.7,4.8,4.1,4.2,10541	
4.7,4.8,4.8,4.9,3769	
4.7,4.8,5.6,5.7,641	
4.7,4.8,6.4,6.5,68	
4.7,4.8,7.2,7.3,1	
4.7,4.8,7.9,8.0,1	
4.7,4.8,8.0,8.1,1	
4.7,4.8,8.7,8.8,1	
4.7,4.8,9.5,9.6,1	
4.8,4.9,0.5,0.6,57891	
4.8,4.9,1.3,1.4,31279	
4.8,4.9,2.1,2.2,18438	
4.8,4.9,2.8,2.9,18386	
4.8,4.9,3.6,3.7,14036	
4.8,4.9,4.4,4.5,6019	
4.8,4.9,5.2,5.3,1426	
4.8,4.9,5.9,6.0,218	
4.8,4.9,6.0,6.1,178	
4.8,4.9,6.7,6.8,21	
4.8,4.9,7.5,7.6,4	
4.8,4.9,9.1,9.2,3	
4.8,4.9,9.8,9.9,2	
4.9,5.0,0.1,0.2,68729	
4.9,5.0,0.8,0.9,49456	
4.9,5.0,1.6,1.7,23489	
4.9,5.0,2.4,2.5,15529	
4.9,5.0,3.2,3.3,14165	
4.9,5.0,3.9,4.0,9144	
4.9,5.0,4.0,4.1,8232	
4.9,5.0,4.7,4.8,3143	
4.9,5.0,5.5,5.6,551	
4.9,5.0,6.3,6.4,67	
4.9,5.0,7.1,7.2,6	
5.0,5.1,0.3,0.4,68815	
5.0,5.1,1.1,1.2,39792	
5.0,5.1,1.8,1.9,19117	
5.0,5.1,2.6,2.7,13213	
5.0,5.1,3.4,3.5,10679	
5.0,5.1,4.2,4.3,5369	
5.0,5.1,4.9,5.0,1791	
5.0,5.1,5.0,5.1,1442	
5.0,5.1,5.7,5.8,258	
5.0,5.1,6.5,6.6,24	
5.0,5.1,7.3,7.4,3	
5.0,5.1,8.8,8.9,1	
5.0,5.1,9.6,9.7,1	
5.1,5.2,0.6,0.7,62217	
5.1,5.2,1.4,1.5,29573	
5.1,5.2,2.2,2.3,13183	
5.1,5.2,2.9,3.0,10513	
5.1,5.2,3.0,3.1,10102	
5.1,5.2,3.7,3.8,7189	
5.1,5.2,4.5,4.6,2881	
5.1,5.2,5.3,5.4,582	
5.1,5.2,6.1,6.2,73	
5.1,5.2,6.8,6.9,5	
5.1,5.2,8.4,8.5,1	
5.1,5.2,9.2,9.3,1	
5.1,5.2,9.9,10.0,1	
5.2,5.3,0.2,0.3,77443	
5.2,5.3,0.9,1.0,51607	
5.2,5.3,1.0,1.1,47310	
5.2,5.3,1.7,1.8,20878	
5.2,5.3,2.5,2.6,9971	
5.2,5.3,3.3,3.4,7478	
5.2,5.3,4.1,4.2,3959	
5.2,5.3,4.8,4.9,1435	
5.2,5.3,5.6,5.7,212	
5.2,5.3,6.4,6.5,19	
5.2,5.3,7.2,7.3,3	
5.2,5.3,8.0,8.1,2	
5.2,5.3,8.7,8.8,1	
5.2,5.3,9.5,9.6,3	
5.3,5.4,0.5,0.6,72033	
5.3,5.4,1.3,1.4,35092	
5.3,5.4,2.1,2.2,12473	
5.3,5.4,2.8,2.9,7479	
5.3,5.4,3.6,3.7,4857	
5.3,5.4,4.4,4.5,2156	
5.3,5.4,5.2,5.3,470	
5.3,5.4,5.9,6.0,77	
5.3,5.4,6.0,6.1,58	
5.3,5.4,6.7,6.8,12	
5.3,5.4,8.3,8.4,2	
5.3,5.4,9.1,9.2,2	
5.3,5.4,9.8,9.9,1	
5.4,5.5,0.1,0.2,86594	
5.4,5.5,0.8,0.9,61007	
5.4,5.5,1.6,1.7,24381	
5.4,5.5,2.4,2.5,8535	
5.4,5.5,3.2,3.3,5069	
5.4,5.5,3.9,4.0,3085	
5.4,5.5,4.0,4.1,2784	
5.4,5.5,4.7,4.8,1056	
5.4,5.5,5.5,5.6,193	
5.4,5.5,6.3,6.4,17	
5.4,5.5,7.1,7.2,3	
5.4,5.5,9.4,9.5,1	
5.5,5.6,0.4,0.5,81515	
5.5,5.6,1.2,1.3,41965	
5.5,5.6,1.9,2.0,15793	
5.5,5.6,2.0,2.1,13235	
5.5,5.6,2.7,2.8,5660	
5.5,5.6,3.5,3.6,3474	
5.5,5.6,4.3,4.4,1522	
5.5,5.6,5.1,5.2,344	
5.5,5.6,5.8,5.9,64	
5.5,5.6,6.6,6.7,5	
5.5,5.6,7.4,7.5,2	
5.5,5.6,8.2,8.3,1	
5.5,5.6,8.9,9.0,2	
5.6,5.7,0.0,0.1,92406	
5.6,5.7,0.7,0.8,69715	
5.6,5.7,1.5,1.6,28746	
5.6,5.7,2.3,2.4,8279	
5.6,5.7,3.1,3.2,3526	
5.6,5.7,3.8,3.9,2059	
5.6,5.7,4.6,4.7,723	
5.6,5.7,5.4,5.5,148	
5.6,5.7,6.2,6.3,17	
5.6,5.7,6.9,7.0,1	
5.6,5.7,7.0,7.1,1	
5.6,5.7,7.7,7.8,2	
5.6,5.7,9.3,9.4,2	
5.7,5.8,0.3,0.4,89079	
5.7,5.8,1.1,1.2,49308	
5.7,5.8,1.8,1.9,18140	
5.7,5.8,2.6,2.7,4997	
5.7,5.8,3.4,3.5,2190	
5.7,5.8,4.2,4.3,1005	
5.7,5.8,4.9,5.0,330	
5.7,5.8,5.0,5.1,269	
5.7,5.8,5.7,5.8,46	
5.7,5.8,6.5,6.6,7	
5.7,5.8,7.3,7.4,2	
5.7,5.8,8.1,8.2,3	
5.7,5.8,8.8,8.9,1	
5.8,5.9,0.6,0.7,77555	
5.8,5.9,1.4,1.5,33881	
5.8,5.9,2.2,2.3,8928	
5.8,5.9,2.9,3.0,2815	
5.8,5.9,3.0,3.1,2459	
5.8,5.9,3.7,3.8,1342	
5.8,5.9,4.5,4.6,543	
5.8,5.9,5.3,5.4,131	
5.8,5.9,6.1,6.2,13	
5.8,5.9,6.8,6.9,3	
5.8,5.9,7.6,7.7,2	
5.8,5.9,8.4,8.5,1	
5.8,5.9,9.9,10.0,1	
5.9,6.0,0.2,0.3,93748	
5.9,6.0,0.9,1.0,61527	
5.9,6.0,1.0,1.1,56006	
5.9,6.0,1.7,1.8,21321	
5.9,6.0,2.5,2.6,4856	
5.9,6.0,3.3,3.4,1573	
5.9,6.0,4.1,4.2,680	
5.9,6.0,4.8,4.9,238	
5.9,6.0,5.6,5.7,40	
5.9,6.0,6.4,6.5,3	
5.9,6.0,7.2,7.3,3	
5.9,6.0,8.0,8.1,2	
5.9,6.0,8.7,8.8,1	
5.9,6.0,9.5,9.6,1	
6.0,6.1,0.2,0.3,93506	
6.0,6.1,0.9,1.0,61344	
6.0,6.1,1.0,1.1,55338	
6.0,6.1,1.7,1.8,21172	
6.0,6.1,2.5,2.6,4651	
6.0,6.1,3.3,3.4,1229	
6.0,6.1,4.1,4.2,481	
6.0,6.1,4.8,4.9,173	
6.0,6.1,5.6,5.7,25	
6.0,6.1,6.4,6.5,7	
6.0,6.1,7.2,7.3,3	
6.0,6.1,7.9,8.0,4	
6.0,6.1,8.0,8.1,1	
6.0,6.1,8.7,8.8,1	
6.0,6.1,9.5,9.6,5	
6.1,6.2,0.5,0.6,82190	
6.1,6.2,1.3,1.4,38420	
6.1,6.2,2.1,2.2,9755	
6.1,6.2,2.8,2.9,2350	
6.1,6.2,3.6,3.7,661	
6.1,6.2,4.4,4.5,248	
6.1,6.2,5.2,5.3,59	
6.1,6.2,5.9,6.0,10	
6.1,6.2,6.0,6.1,10	
6.1,6.2,6.7,6.8,1	
6.1,6.2,7.5,7.6,2	
6.1,6.2,9.1,9.2,2	
6.1,6.2,9.8,9.9,1	
6.2,6.3,0.1,0.2,91947	
6.2,6.3,0.8,0.9,64958	
6.2,6.3,1.6,1.7,23968	
6.2,6.3,2.4,2.5,4935	
6.2,6.3,3.2,3.3,967	
6.2,6.3,3.9,4.0,374	
6.2,6.3,4.0,4.1,313	
6.2,6.3,4.7,4.8,96	
6.2,6.3,5.5,5.6,21	
6.2,6.3,6.3,6.4,4	
6.2,6.3,7.1,7.2,2	
6.2,6.3,8.6,8.7,3	
6.2,6.3,9.4,9.5,4	
6.3,6.4,0.4,0.5,81730	
6.3,6.4,1.2,1.3,41562	
6.3,6.4,1.9,2.0,13643	
6.3,6.4,2.0,2.1,11410	
6.3,6.4,2.7,2.8,2463	
6.3,6.4,3.5,3.6,506	
6.3,6.4,4.3,4.4,152	
6.3,6.4,5.1,5.2,37	
6.3,6.4,5.8,5.9,6	
6.3,6.4,6.6,6.7,4	
6.3,6.4,7.4,7.5,1	
6.3,6.4,8.2,8.3,1	
6.3,6.4,8.9,9.0,1	
6.3,6.4,9.0,9.1,1	
6.3,6.4,9.7,9.8,1	
6.4,6.5,0.0,0.1,86349	
6.4,6.5,0.7,0.8,65412	
6.4,6.5,1.5,1.6,26233	
6.4,6.5,2.3,2.4,5647	
6.4,6.5,3.1,3.2,876	
6.4,6.5,3.8,3.9,241	
6.4,6.5,4.6,4.7,67	
6.4,6.5,5.4,5.5,12	
6.4,6.5,6.2,6.3,2	
6.4,6.5,6.9,7.0,1	
6.4,6.5,7.0,7.1,2	
6.4,6.5,8.5,8.6,1	
6.5,6.6,0.3,0.4,77203	
6.5,6.6,1.1,1.2,42314	
6.5,6.6,1.8,1.9,14997	
6.5,6.6,2.6,2.7,2732	
6.5,6.6,3.4,3.5,381	
6.5,6.6,4.2,4.3,75	
6.5,6.6,4.9,5.0,31	
6.5,6.6,5.0,5.1,20	
6.5,6.6,5.7,5.8,8	
6.5,6.6,6.5,6.6,2	
6.5,6.6,7.3,7.4,2	
6.5,6.6,9.6,9.7,1	
6.6,6.7,0.6,0.7,62386	
6.6,6.7,1.4,1.5,26833	
6.6,6.7,2.2,2.3,6198	
6.6,6.7,2.9,3.0,1178	
6.6,6.7,3.0,3.1,855	
6.6,6.7,3.7,3.8,170	
6.6,6.7,4.5,4.6,46	
6.6,6.7,5.3,5.4,6	
6.6,6.7,6.8,6.9,1	
6.6,6.7,8.4,8.5,3	
6.7,6.8,0.2,0.3,70191	
6.7,6.8,0.9,1.0,46341	
6.7,6.8,1.0,1.1,41669	
6.7,6.8,1.7,1.8,15695	
6.7,6.8,2.5,2.6,2919	
6.7,6.8,3.3,3.4,357	
6.7,6.8,4.1,4.2,60	
6.7,6.8,4.8,4.9,16	
6.7,6.8,5.6,5.7,3	
6.7,6.8,6.4,6.5,5	
6.7,6.8,7.9,8.0,1	
6.7,6.8,8.7,8.8,3	
6.7,6.8,9.5,9.6,1	
6.8,6.9,0.5,0.6,57595	
6.8,6.9,1.3,1.4,26690	
6.8,6.9,2.1,2.2,6610	
6.8,6.9,2.8,2.9,1257	
6.8,6.9,3.6,3.7,134	
6.8,6.9,4.4,4.5,28	
6.8,6.9,5.2,5.3,8	
6.8,6.9,5.9,6.0,2	
6.8,6.9,6.0,6.1,5	
6.8,6.9,6.7,6.8,1	
6.8,6.9,8.3,8.4,1	
6.9,7.0,0.1,0.2,59997	
6.9,7.0,0.8,0.9,42350	
6.9,7.0,1.6,1.7,15905	
6.9,7.0,2.4,2.5,3122	
6.9,7.0,3.2,3.3,331	
6.9,7.0,3.9,4.0,46	
6.9,7.0,4.0,4.1,36	
6.9,7.0,4.7,4.8,9	
6.9,7.0,5.5,5.6,2	
6.9,7.0,6.3,6.4,5	
6.9,7.0,7.1,7.2,1	
6.9,7.0,7.8,7.9,1	
6.9,7.0,9.4,9.5,1	
7.0,7.1,0.3,0.4,51986	
7.0,7.1,1.1,1.2,28588	
7.0,7.1,1.8,1.9,9985	
7.0,7.1,2.6,2.7,1654	
7.0,7.1,3.4,3.5,162	
7.0,7.1,4.2,4.3,19	
7.0,7.1,4.9,5.0,9	
7.0,7.1,5.0,5.1,8	
7.0,7.1,6.5,6.6,2	
7.0,7.1,8.1,8.2,1	
7.0,7.1,8.8,8.9,1	
7.0,7.1,9.6,9.7,1	
7.1,7.2,0.6,0.7,40082	
7.1,7.2,1.4,1.5,17385	
7.1,7.2,2.2,2.3,3918	
7.1,7.2,2.9,3.0,651	
7.1,7.2,3.0,3.1,494	
7.1,7.2,3.7,3.8,63	
7.1,7.2,4.5,4.6,7	
7.1,7.2,5.3,5.4,1	
7.1,7.2,6.1,6.2,1	
7.1,7.2,6.8,6.9,2	
7.1,7.2,7.6,7.7,1	
7.1,7.2,8.4,8.5,1	
7.1,7.2,9.2,9.3,2	
7.2,7.3,0.2,0.3,42560	
7.2,7.3,0.9,1.0,28027	
7.2,7.3,1.0,1.1,25247	
7.2,7.3,1.7,1.8,9599	
7.2,7.3,2.5,2.6,1621	
7.2,7.3,3.3,3.4,177	
7.2,7.3,4.1,4.2,8	
7.2,7.3,4.8,4.9,4	
7.2,7.3,5.6,5.7,3	
7.2,7.3,6.4,6.5,3	
7.2,7.3,7.2,7.3,2	
7.2,7.3,8.0,8.1,1	
7.3,7.4,0.5,0.6,32825	
7.3,7.4,1.3,1.4,15424	
7.3,7.4,2.1,2.2,3773	
7.3,7.4,2.8,2.9,669	
7.3,7.4,3.6,3.7,63	
7.3,7.4,4.4,4.5,4	
7.3,7.4,5.2,5.3,1	
7.3,7.4,5.9,6.0,2	
7.3,7.4,6.0,6.1,4	
7.3,7.4,6.7,6.8,1	
7.3,7.4,7.5,7.6,1	
7.4,7.5,0.1,0.2,33008	
7.4,7.5,0.8,0.9,23101	
7.4,7.5,1.6,1.7,8523	
7.4,7.5,2.4,2.5,1715	
7.4,7.5,3.2,3.3,182	
7.4,7.5,3.9,4.0,18	
7.4,7.5,4.0,4.1,21	
7.4,7.5,4.7,4.8,1	
7.4,7.5,7.8,7.9,3	
7.4,7.5,9.4,9.5,1	
7.5,7.6,0.4,0.5,25944	
7.5,7.6,1.2,1.3,13062	
7.5,7.6,1.9,2.0,4349	
7.5,7.6,2.0,2.1,3520	
7.5,7.6,2.7,2.8,671	
7.5,7.6,3.5,3.6,57	
7.5,7.6,4.3,4.4,8	
7.5,7.6,5.8,5.9,3	
7.5,7.6,6.6,6.7,3	
7.5,7.6,8.2,8.3,1	
7.5,7.6,8.9,9.0,1	
7.6,7.7,0.0,0.1,24653	
7.6,7.7,0.7,0.8,18539	
7.6,7.7,1.5,1.6,7338	
7.6,7.7,2.3,2.4,1545	
7.6,7.7,3.1,3.2,171	
7.6,7.7,3.8,3.9,13	
7.6,7.7,5.4,5.5,5	
7.6,7.7,6.2,6.3,1	
7.6,7.7,6.9,7.0,3	
7.6,7.7,7.0,7.1,3	
7.6,7.7,7.7,7.8,1	
7.7,7.8,0.3,0.4,19579	
7.7,7.8,1.1,1.2,10622	
7.7,7.8,1.8,1.9,3749	
7.7,7.8,2.6,2.7,653	
7.7,7.8,3.4,3.5,44	
7.7,7.8,4.2,4.3,5	
7.7,7.8,4.9,5.0,3	
7.7,7.8,5.0,5.1,3	
7.7,7.8,6.5,6.6,1	
7.7,7.8,7.3,7.4,1	
7.8,7.9,0.6,0.7,14019	
7.8,7.9,1.4,1.5,5987	
7.8,7.9,2.2,2.3,1396	
7.8,7.9,2.9,3.0,228	
7.8,7.9,3.0,3.1,188	
7.8,7.9,3.7,3.8,17	
7.8,7.9,4.5,4.6,1	
7.8,7.9,6.1,6.2,4	
7.8,7.9,6.8,6.9,2	
7.8,7.9,9.2,9.3,1	
7.9,8.0,0.2,0.3,13740	
7.9,8.0,0.9,1.0,9099	
7.9,8.0,1.0,1.1,8233	
7.9,8.0,1.7,1.8,3026	
7.9,8.0,2.5,2.6,539	
7.9,8.0,3.3,3.4,59	
7.9,8.0,4.1,4.2,8	
7.9,8.0,4.8,4.9,1	
7.9,8.0,7.2,7.3,1	
8.0,8.1,0.2,0.3,11235	
8.0,8.1,0.9,1.0,7585	
8.0,8.1,1.0,1.1,6587	
8.0,8.1,1.7,1.8,2550	
8.0,8.1,2.5,2.6,487	
8.0,8.1,3.3,3.4,39	
8.0,8.1,4.1,4.2,1	
8.0,8.1,4.8,4.9,1	
8.0,8.1,5.6,5.7,1	
8.0,8.1,6.4,6.5,1	
8.0,8.1,7.9,8.0,1	
8.1,8.2,0.5,0.6,8033	
8.1,8.2,1.3,1.4,3843	
8.1,8.2,2.1,2.2,917	
8.1,8.2,2.8,2.9,176	
8.1,8.2,3.6,3.7,14	
8.1,8.2,4.4,4.5,5	
8.1,8.2,5.2,5.3,2	
8.1,8.2,6.0,6.1,2	
8.1,8.2,6.7,6.8,1	
8.1,8.2,7.5,7.6,1	
8.2,8.3,0.1,0.2,7484	
8.2,8.3,0.8,0.9,5250	
8.2,8.3,1.6,1.7,1853	
8.2,8.3,2.4,2.5,372	
8.2,8.3,3.2,3.3,29	
8.2,8.3,3.9,4.0,2	
8.2,8.3,4.0,4.1,6	
8.2,8.3,4.7,4.8,2	
8.2,8.3,5.5,5.6,2	
8.2,8.3,6.3,6.4,2	
8.2,8.3,7.1,7.2,2	
8.3,8.4,0.4,0.5,5425	
8.3,8.4,1.2,1.3,2795	
8.3,8.4,1.9,2.0,922	
8.3,8.4,2.0,2.1,750	
8.3,8.4,2.7,2.8,149	
8.3,8.4,3.5,3.6,13	
8.3,8.4,5.8,5.9,3	
8.3,8.4,6.6,6.7,2	
8.3,8.4,7.4,7.5,3	
8.4,8.5,0.0,0.1,4736	
8.4,8.5,0.7,0.8,3594	
8.4,8.5,1.5,1.6,1471	
8.4,8.5,2.3,2.4,290	
8.4,8.5,3.1,3.2,39	
8.4,8.5,3.8,3.9,6	
8.4,8.5,5.4,5.5,1	
8.4,8.5,6.2,6.3,1	
8.4,8.5,7.7,7.8,1	
8.5,8.6,0.3,0.4,3482	
8.5,8.6,1.1,1.2,1912	
8.5,8.6,1.8,1.9,623	
8.5,8.6,2.6,2.7,123	
8.5,8.6,3.4,3.5,7	
8.5,8.6,4.2,4.3,2	
8.5,8.6,4.9,5.0,1	
8.5,8.6,5.7,5.8,1	
8.5,8.6,6.5,6.6,3	
8.5,8.6,8.1,8.2,1	
8.6,8.7,0.6,0.7,2295	
8.6,8.7,1.4,1.5,1008	
8.6,8.7,2.2,2.3,257	
8.6,8.7,2.9,3.0,43	
8.6,8.7,3.0,3.1,26	
8.6,8.7,3.7,3.8,2	
8.6,8.7,6.1,6.2,1	
8.7,8.8,0.2,0.3,2046	
8.7,8.8,0.9,1.0,1344	
8.7,8.8,1.0,1.1,1305	
8.7,8.8,1.7,1.8,468	
8.7,8.8,2.5,2.6,85	
8.7,8.8,3.3,3.4,10	
8.7,8.8,4.1,4.2,2	
8.7,8.8,5.6,5.7,1	
8.7,8.8,6.4,6.5,1	
8.7,8.8,7.2,7.3,1	
8.8,8.9,0.5,0.6,1383	
8.8,8.9,1.3,1.4,635	
8.8,8.9,2.1,2.2,154	
8.8,8.9,2.8,2.9,29	
8.8,8.9,3.6,3.7,1	
8.8,8.9,6.0,6.1,2	
8.8,8.9,6.7,6.8,2	
8.9,9.0,0.1,0.2,1206	
8.9,9.0,0.8,0.9,815	
8.9,9.0,1.6,1.7,307	
8.9,9.0,2.4,2.5,66	
8.9,9.0,3.2,3.3,9	
8.9,9.0,4.0,4.1,2	
8.9,9.0,4.7,4.8,2	
8.9,9.0,7.1,7.2,1	
9.0,9.1,0.3,0.4,895	
9.0,9.1,1.1,1.2,440	
9.0,9.1,1.8,1.9,157	
9.0,9.1,2.6,2.7,28	
9.0,9.1,3.4,3.5,2	
9.0,9.1,4.9,5.0,1	
9.0,9.1,6.5,6.6,1	
9.1,9.2,0.6,0.7,552	
9.1,9.2,1.4,1.5,243	
9.1,9.2,2.2,2.3,52	
9.1,9.2,2.9,3.0,11	
9.1,9.2,3.0,3.1,7	
9.1,9.2,6.1,6.2,4	
9.2,9.3,0.2,0.3,481	
9.2,9.3,0.9,1.0,315	
9.2,9.3,1.0,1.1,325	
9.2,9.3,1.7,1.8,102	
9.2,9.3,2.5,2.6,22	
9.2,9.3,3.3,3.4,3	
9.2,9.3,4.1,4.2,2	
9.2,9.3,5.6,5.7,1	
9.2,9.3,7.2,7.3,1	
9.3,9.4,0.5,0.6,277	
9.3,9.4,1.3,1.4,118	
9.3,9.4,2.1,2.2,33	
9.3,9.4,2.8,2.9,4	
9.3,9.4,3.6,3.7,1	
9.3,9.4,4.4,4.5,3	
9.3,9.4,5.9,6.0,2	
9.3,9.4,6.0,6.1,2	
9.4,9.5,0.1,0.2,230	
9.4,9.5,0.8,0.9,192	
9.4,9.5,1.6,1.7,71	
9.4,9.5,2.4,2.5,14	
9.4,9.5,3.2,3.3,1	
9.4,9.5,3.9,4.0,1	
9.4,9.5,4.0,4.1,1	
9.4,9.5,6.3,6.4,1	
9.4,9.5,7.8,7.9,1	
9.5,9.6,0.4,0.5,170	
9.5,9.6,1.2,1.3,89	
9.5,9.6,1.9,2.0,26	
9.5,9.6,2.0,2.1,29	
9.5,9.6,2.7,2.8,4	
9.5,9.6,3.5,3.6,2	
9.5,9.6,5.1,5.2,1	
9.5,9.6,5.8,5.9,3	
9.6,9.7,0.0,0.1,121	
9.6,9.7,0.7,0.8,99	
9.6,9.7,1.5,1.6,27	
9.6,9.7,2.3,2.4,15	
9.6,9.7,6.2,6.3,1	
9.6,9.7,6.9,7.0,2	
9.6,9.7,7.0,7.1,2	
9.7,9.8,0.3,0.4,74	
9.7,9.8,1.1,1.2,40	
9.7,9.8,1.8,1.9,18	
9.7,9.8,2.6,2.7,2	
9.7,9.8,3.4,3.5,2	
9.7,9.8,4.2,4.3,1	
9.7,9.8,5.0,5.1,1	
9.8,9.9,0.6,0.7,53	
9.8,9.9,1.4,1.5,13	
9.8,9.9,2.2,2.3,3	
9.8,9.9,2.9,3.0,2	
9.8,9.9,3.0,3.1,1	
9.8,9.9,6.1,6.2,1	
9.9,10.0,0.2,0.3,52	
9.9,10.0,0.9,1.0,28	
9.9,10.0,1.0,1.1,23	
9.9,10.0,1.7,1.8,13	
9.9,10.0,3.3,3.4,2	
9.9,10.0,5.6,5.7,2	
