0.0,0.1,0.0,0.1,4258	
0.0,0.1,0.7,0.8,9556	
0.0,0.1,1.5,1.6,34697	
0.0,0.1,10.4,10.5,11	
0.0,0.1,2.3,2.4,78646	
0.0,0.1,3.1,3.2,97975	
0.0,0.1,3.8,3.9,77244	
0.0,0.1,4.6,4.7,63394	
0.0,0.1,5.4,5.5,86600	
0.0,0.1,6.2,6.3,92430	
0.0,0.1,6.9,7.0,60793	
0.0,0.1,7.0,7.1,54864	
0.0,0.1,7.7,7.8,20801	
0.0,0.1,8.5,8.6,3697	
0.0,0.1,9.3,9.4,321	
0.1,0.2,0.3,0.4,5445	
0.1,0.2,1.1,1.2,18582	
0.1,0.2,1.8,1.9,50424	
0.1,0.2,10.6,10.7,2	
0.1,0.2,2.6,2.7,91608	
0.1,0.2,3.4,3.5,91280	
0.1,0.2,4.2,4.3,65088	
0.1,0.2,4.9,5.0,68670	
0.1,0.2,5.0,5.1,72198	
0.1,0.2,5.7,5.8,93356	
0.1,0.2,6.5,6.6,81758	
0.1,0.2,7.3,7.4,37874	
0.1,0.2,8.1,8.2,9338	
0.1,0.2,8.8,8.9,1628	
0.1,0.2,9.6,9.7,110	
0.2,0.3,0.6,0.7,8449	
0.2,0.3,1.4,1.5,29505	
0.2,0.3,10.1,10.2,13	
0.2,0.3,10.8,10.9,2	
0.2,0.3,2.2,2.3,71782	
0.2,0.3,2.9,3.0,95845	
0.2,0.3,3.0,3.1,96272	
0.2,0.3,3.7,3.8,78954	
0.2,0.3,4.5,4.6,60864	
0.2,0.3,5.3,5.4,81151	
0.2,0.3,6.1,6.2,91700	
0.2,0.3,6.8,6.9,64455	
0.2,0.3,7.6,7.7,23568	
0.2,0.3,8.4,8.5,4613	
0.2,0.3,9.2,9.3,514	
0.2,0.3,9.9,10.0,41	
0.3,0.4,0.2,0.3,5628	
0.3,0.4,0.9,1.0,13275	
0.3,0.4,1.0,1.1,16045	
0.3,0.4,1.7,1.8,43002	
0.3,0.4,10.3,10.4,6	
0.3,0.4,2.5,2.6,84321	
0.3,0.4,3.3,3.4,90129	
0.3,0.4,4.1,4.2,64395	
0.3,0.4,4.8,4.9,63347	
0.3,0.4,5.6,5.7,87356	
0.3,0.4,6.4,6.5,81365	
0.3,0.4,7.2,7.3,41002	
0.3,0.4,7.9,8.0,13429	
0.3,0.4,8.0,8.1,10838	
0.3,0.4,8.7,8.8,2028	
0.3,0.4,9.5,9.6,154	
0.4,0.5,0.5,0.6,8019	
0.4,0.5,1.3,1.4,24932	
0.4,0.5,10.5,10.6,2	
0.4,0.5,2.1,2.2,63075	
0.4,0.5,2.8,2.9,90212	
0.4,0.5,3.6,3.7,78497	
0.4,0.5,4.4,4.5,57569	
0.4,0.5,5.2,5.3,72244	
0.4,0.5,5.9,6.0,87537	
0.4,0.5,6.0,6.1,87004	
0.4,0.5,6.7,6.8,64947	
0.4,0.5,7.5,7.6,25887	
0.4,0.5,8.3,8.4,5427	
0.4,0.5,9.1,9.2,590	
0.4,0.5,9.8,9.9,57	
0.5,0.6,0.1,0.2,6894	
0.5,0.6,0.8,0.9,12113	
0.5,0.6,1.6,1.7,35991	
0.5,0.6,10.0,10.1,24	
0.5,0.6,10.7,10.8,2	
0.5,0.6,2.4,2.5,75264	
0.5,0.6,3.2,3.3,86283	
0.5,0.6,3.9,4.0,65568	
0.5,0.6,4.0,4.1,62501	
0.5,0.6,4.7,4.8,56584	
0.5,0.6,5.5,5.6,77634	
0.5,0.6,6.3,6.4,77486	
0.5,0.6,7.1,7.2,42078	
0.5,0.6,7.8,7.9,14883	
0.5,0.6,8.6,8.7,2462	
0.5,0.6,9.4,9.5,233	
0.6,0.7,0.4,0.5,9107	
0.6,0.7,1.2,1.3,20970	
0.6,0.7,1.9,2.0,48748	
0.6,0.7,10.2,10.3,8	
0.6,0.7,2.0,2.1,54008	
0.6,0.7,2.7,2.8,81572	
0.6,0.7,3.5,3.6,75655	
0.6,0.7,4.3,4.4,53360	
0.6,0.7,5.1,5.2,61850	
0.6,0.7,5.8,5.9,77534	
0.6,0.7,6.6,6.7,62826	
0.6,0.7,7.4,7.5,27142	
0.6,0.7,8.2,8.3,6239	
0.6,0.7,8.9,9.0,966	
0.6,0.7,9.0,9.1,725	
0.6,0.7,9.7,9.8,69	
0.7,0.8,0.0,0.1,9563	
0.7,0.8,0.7,0.8,12105	
0.7,0.8,1.5,1.6,30149	
0.7,0.8,10.4,10.5,1	
0.7,0.8,2.3,2.4,65193	
0.7,0.8,3.1,3.2,79852	
0.7,0.8,3.8,3.9,62931	
0.7,0.8,4.6,4.7,49485	
0.7,0.8,5.4,5.5,66233	
0.7,0.8,6.2,6.3,69692	
0.7,0.8,6.9,7.0,45676	
0.7,0.8,7.0,7.1,41684	
0.7,0.8,7.7,7.8,15769	
0.7,0.8,8.5,8.6,2741	
0.7,0.8,9.3,9.4,280	
0.8,0.9,0.3,0.4,11625	
0.8,0.9,1.1,1.2,18638	
0.8,0.9,1.8,1.9,40779	
0.8,0.9,11.4,11.5,1	
0.8,0.9,2.6,2.7,72525	
0.8,0.9,3.4,3.5,71253	
0.8,0.9,4.2,4.3,49388	
0.8,0.9,4.9,5.0,49609	
0.8,0.9,5.0,5.1,52005	
0.8,0.9,5.7,5.8,66454	
0.8,0.9,6.5,6.6,57777	
0.8,0.9,7.3,7.4,26610	
0.8,0.9,8.1,8.2,6526	
0.8,0.9,8.8,8.9,1162	
0.8,0.9,9.6,9.7,79	
0.9,1.0,0.6,0.7,14298	
0.9,1.0,1.4,1.5,26010	
0.9,1.0,10.1,10.2,11	
0.9,1.0,2.2,2.3,56078	
0.9,1.0,2.9,3.0,73075	
0.9,1.0,3.0,3.1,72971	
0.9,1.0,3.7,3.8,59823	
0.9,1.0,4.5,4.6,43155	
0.9,1.0,5.3,5.4,53726	
0.9,1.0,6.1,6.2,60486	
0.9,1.0,6.8,6.9,42330	
0.9,1.0,7.6,7.7,15835	
0.9,1.0,8.4,8.5,3043	
0.9,1.0,9.2,9.3,327	
0.9,1.0,9.9,10.0,25	
1.0,1.1,0.6,0.7,16007	
1.0,1.1,1.4,1.5,26063	
1.0,1.1,10.6,10.7,1	
1.0,1.1,2.2,2.3,53436	
1.0,1.1,2.9,3.0,69523	
1.0,1.1,3.0,3.1,70041	
1.0,1.1,3.7,3.8,57003	
1.0,1.1,4.5,4.6,40007	
1.0,1.1,5.3,5.4,48990	
1.0,1.1,6.1,6.2,54980	
1.0,1.1,6.8,6.9,38361	
1.0,1.1,7.6,7.7,14003	
1.0,1.1,8.4,8.5,2737	
1.0,1.1,9.2,9.3,292	
1.0,1.1,9.9,10.0,31	
1.1,1.2,0.2,0.3,18677	
1.1,1.2,0.9,1.0,19279	
1.1,1.2,1.0,1.1,20143	
1.1,1.2,1.7,1.8,34032	
1.1,1.2,10.1,10.2,11	
1.1,1.2,2.5,2.6,61103	
1.1,1.2,3.3,3.4,64304	
1.1,1.2,4.1,4.2,43665	
1.1,1.2,4.8,4.9,37657	
1.1,1.2,5.6,5.7,48258	
1.1,1.2,6.4,6.5,44566	
1.1,1.2,7.2,7.3,22618	
1.1,1.2,7.9,8.0,7338	
1.1,1.2,8.0,8.1,6023	
1.1,1.2,8.7,8.8,1160	
1.1,1.2,9.5,9.6,86	
1.2,1.3,0.5,0.6,20989	
1.2,1.3,1.3,1.4,24921	
1.2,1.3,10.3,10.4,3	
1.2,1.3,2.1,2.2,47127	
1.2,1.3,2.8,2.9,64213	
1.2,1.3,3.6,3.7,55390	
1.2,1.3,4.4,4.5,35753	
1.2,1.3,5.2,5.3,38097	
1.2,1.3,5.9,6.0,44529	
1.2,1.3,6.0,6.1,44652	
1.2,1.3,6.7,6.8,33139	
1.2,1.3,7.5,7.6,13292	
1.2,1.3,8.3,8.4,2761	
1.2,1.3,9.1,9.2,298	
1.2,1.3,9.8,9.9,26	
1.3,1.4,0.1,0.2,25928	
1.3,1.4,0.8,0.9,23374	
1.3,1.4,1.6,1.7,31565	
1.3,1.4,2.4,2.5,55576	
1.3,1.4,3.2,3.3,61795	
1.3,1.4,3.9,4.0,44677	
1.3,1.4,4.0,4.1,41930	
1.3,1.4,4.7,4.8,30988	
1.3,1.4,5.5,5.6,36697	
1.3,1.4,6.3,6.4,36442	
1.3,1.4,7.1,7.2,19971	
1.3,1.4,7.8,7.9,7006	
1.3,1.4,8.6,8.7,1149	
1.3,1.4,9.4,9.5,105	
1.4,1.5,0.4,0.5,28527	
1.4,1.5,1.2,1.3,26456	
1.4,1.5,1.9,2.0,40369	
1.4,1.5,10.0,10.1,13	
1.4,1.5,10.7,10.8,1	
1.4,1.5,2.0,2.1,43207	
1.4,1.5,2.7,2.8,61097	
1.4,1.5,3.5,3.6,55104	
1.4,1.5,4.3,4.4,33185	
1.4,1.5,5.1,5.2,29537	
1.4,1.5,5.8,5.9,33990	
1.4,1.5,6.6,6.7,27236	
1.4,1.5,7.4,7.5,11711	
1.4,1.5,8.2,8.3,2622	
1.4,1.5,8.9,9.0,435	
1.4,1.5,9.0,9.1,330	
1.4,1.5,9.7,9.8,17	
1.5,1.6,0.0,0.1,34859	
1.5,1.6,0.7,0.8,30191	
1.5,1.6,1.5,1.6,31624	
1.5,1.6,10.2,10.3,4	
1.5,1.6,2.3,2.4,52076	
1.5,1.6,3.1,3.2,62017	
1.5,1.6,3.8,3.9,45925	
1.5,1.6,4.6,4.7,27434	
1.5,1.6,5.4,5.5,27953	
1.5,1.6,6.2,6.3,28229	
1.5,1.6,6.9,7.0,18302	
1.5,1.6,7.0,7.1,16757	
1.5,1.6,7.7,7.8,6128	
1.5,1.6,8.5,8.6,1191	
1.5,1.6,9.3,9.4,95	
1.6,1.7,0.3,0.4,38180	
1.6,1.7,1.1,1.2,31585	
1.6,1.7,1.8,1.9,39443	
1.6,1.7,10.4,10.5,2	
1.6,1.7,2.6,2.7,59879	
1.6,1.7,3.4,3.5,57805	
1.6,1.7,4.2,4.3,34311	
1.6,1.7,4.9,5.0,23499	
1.6,1.7,5.0,5.1,23380	
1.6,1.7,5.7,5.8,25132	
1.6,1.7,6.5,6.6,21309	
1.6,1.7,7.3,7.4,9924	
1.6,1.7,8.1,8.2,2454	
1.6,1.7,8.8,8.9,434	
1.6,1.7,9.6,9.7,31	
1.7,1.8,0.6,0.7,39517	
1.7,1.8,1.4,1.5,34696	
1.7,1.8,2.2,2.3,52414	
1.7,1.8,2.9,3.0,64891	
1.7,1.8,3.0,3.1,64928	
1.7,1.8,3.7,3.8,50144	
1.7,1.8,4.5,4.6,26621	
1.7,1.8,5.3,5.4,20762	
1.7,1.8,6.1,6.2,21044	
1.7,1.8,6.8,6.9,14387	
1.7,1.8,7.6,7.7,5344	
1.7,1.8,8.4,8.5,1034	
1.7,1.8,9.2,9.3,111	
1.7,1.8,9.9,10.0,8	
1.8,1.9,0.2,0.3,50100	
1.8,1.9,0.9,1.0,39772	
1.8,1.9,1.0,1.1,38194	
1.8,1.9,1.7,1.8,40933	
1.8,1.9,10.1,10.2,3	
1.8,1.9,2.5,2.6,62064	
1.8,1.9,3.3,3.4,63472	
1.8,1.9,4.1,4.2,37478	
1.8,1.9,4.8,4.9,21071	
1.8,1.9,5.6,5.7,18287	
1.8,1.9,6.4,6.5,15868	
1.8,1.9,7.2,7.3,7991	
1.8,1.9,7.9,8.0,2542	
1.8,1.9,8.0,8.1,2116	
1.8,1.9,8.7,8.8,395	
1.8,1.9,9.5,9.6,31	
1.9,2.0,0.5,0.6,50977	
1.9,2.0,1.3,1.4,39867	
1.9,2.0,10.3,10.4,2	
1.9,2.0,11.1,11.2,1	
1.9,2.0,2.1,2.2,53418	
1.9,2.0,2.8,2.9,69401	
1.9,2.0,3.6,3.7,57454	
1.9,2.0,4.4,4.5,28717	
1.9,2.0,5.2,5.3,16336	
1.9,2.0,5.9,6.0,15262	
1.9,2.0,6.0,6.1,15243	
1.9,2.0,6.7,6.8,10911	
1.9,2.0,7.5,7.6,4333	
1.9,2.0,8.3,8.4,887	
1.9,2.0,9.1,9.2,94	
1.9,2.0,9.8,9.9,4	
10.0,10.1,0.2,0.3,25	
10.0,10.1,0.9,1.0,14	
10.0,10.1,1.0,1.1,16	
10.0,10.1,1.7,1.8,3	
10.0,10.1,2.5,2.6,2	
10.0,10.1,3.3,3.4,1	
10.1,10.2,0.5,0.6,14	
10.1,10.2,1.3,1.4,9	
10.1,10.2,2.1,2.2,1	
10.2,10.3,0.1,0.2,11	
10.2,10.3,0.8,0.9,7	
10.2,10.3,1.6,1.7,3	
10.3,10.4,0.4,0.5,13	
10.3,10.4,1.2,1.3,4	
10.3,10.4,1.9,2.0,1	
10.3,10.4,2.0,2.1,1	
10.4,10.5,0.0,0.1,3	
10.4,10.5,0.7,0.8,4	
10.4,10.5,1.5,1.6,3	
10.5,10.6,0.3,0.4,2	
10.5,10.6,1.1,1.2,1	
10.6,10.7,0.6,0.7,4	
10.7,10.8,0.2,0.3,5	
10.7,10.8,0.9,1.0,1	
10.7,10.8,1.0,1.1,1	
10.8,10.9,0.5,0.6,2	
10.8,10.9,2.1,2.2,2	
11.0,11.1,0.1,0.2,1	
2.0,2.1,0.0,0.1,62081	
2.0,2.1,0.7,0.8,52051	
2.0,2.1,1.5,1.6,43459	
2.0,2.1,2.3,2.4,62628	
2.0,2.1,3.1,3.2,71929	
2.0,2.1,3.8,3.9,51476	
2.0,2.1,4.6,4.7,23219	
2.0,2.1,5.4,5.5,13796	
2.0,2.1,6.2,6.3,11656	
2.0,2.1,6.9,7.0,7574	
2.0,2.1,7.0,7.1,6651	
2.0,2.1,7.7,7.8,2479	
2.0,2.1,8.5,8.6,473	
2.0,2.1,9.3,9.4,47	
2.1,2.2,0.3,0.4,65234	
2.1,2.2,1.1,1.2,48095	
2.1,2.2,1.8,1.9,51432	
2.1,2.2,2.6,2.7,73463	
2.1,2.2,3.4,3.5,69211	
2.1,2.2,4.2,4.3,37341	
2.1,2.2,4.9,5.0,16823	
2.1,2.2,5.0,5.1,15246	
2.1,2.2,5.7,5.8,10842	
2.1,2.2,6.5,6.6,8412	
2.1,2.2,7.3,7.4,3794	
2.1,2.2,8.1,8.2,878	
2.1,2.2,8.8,8.9,152	
2.1,2.2,9.6,9.7,12	
2.2,2.3,0.6,0.7,63772	
2.2,2.3,1.4,1.5,49306	
2.2,2.3,2.2,2.3,66092	
2.2,2.3,2.9,3.0,81216	
2.2,2.3,3.0,3.1,80081	
2.2,2.3,3.7,3.8,60534	
2.2,2.3,4.5,4.6,26789	
2.2,2.3,5.3,5.4,11276	
2.2,2.3,6.1,6.2,8119	
2.2,2.3,6.8,6.9,5373	
2.2,2.3,7.6,7.7,2059	
2.2,2.3,8.4,8.5,398	
2.2,2.3,9.2,9.3,39	
2.2,2.3,9.9,10.0,5	
2.3,2.4,0.2,0.3,77364	
2.3,2.4,0.9,1.0,59967	
2.3,2.4,1.0,1.1,57230	
2.3,2.4,1.7,1.8,55173	
2.3,2.4,10.0,10.1,1	
2.3,2.4,10.7,10.8,1	
2.3,2.4,2.5,2.6,78581	
2.3,2.4,3.3,3.4,78908	
2.3,2.4,4.1,4.2,44568	
2.3,2.4,4.8,4.9,18013	
2.3,2.4,5.6,5.7,8177	
2.3,2.4,6.4,6.5,5664	
2.3,2.4,7.2,7.3,2710	
2.3,2.4,7.9,8.0,916	
2.3,2.4,8.0,8.1,750	
2.3,2.4,8.7,8.8,148	
2.3,2.4,9.5,9.6,7	
2.4,2.5,0.5,0.6,75142	
2.4,2.5,1.3,1.4,55153	
2.4,2.5,2.1,2.2,69091	
2.4,2.5,2.8,2.9,86970	
2.4,2.5,3.6,3.7,70916	
2.4,2.5,4.4,4.5,31798	
2.4,2.5,5.2,5.3,10440	
2.4,2.5,5.9,6.0,5936	
2.4,2.5,6.0,6.1,5514	
2.4,2.5,6.7,6.8,3711	
2.4,2.5,7.5,7.6,1524	
2.4,2.5,8.3,8.4,278	
2.4,2.5,9.1,9.2,27	
2.4,2.5,9.8,9.9,4	
2.5,2.6,0.1,0.2,87938	
2.5,2.6,0.8,0.9,69283	
2.5,2.6,1.6,1.7,58385	
2.5,2.6,2.4,2.5,81173	
2.5,2.6,3.2,3.3,87431	
2.5,2.6,3.9,4.0,57967	
2.5,2.6,4.0,4.1,52401	
2.5,2.6,4.7,4.8,21304	
2.5,2.6,5.5,5.6,6772	
2.5,2.6,6.3,6.4,3783	
2.5,2.6,7.1,7.2,1944	
2.5,2.6,7.8,7.9,699	
2.5,2.6,8.6,8.7,91	
2.5,2.6,9.4,9.5,20	
2.6,2.7,0.4,0.5,85608	
2.6,2.7,1.2,1.3,60893	
2.6,2.7,1.9,2.0,67201	
2.6,2.7,2.0,2.1,70284	
2.6,2.7,2.7,2.8,91886	
2.6,2.7,3.5,3.6,79819	
2.6,2.7,4.3,4.4,38071	
2.6,2.7,5.1,5.2,11179	
2.6,2.7,5.8,5.9,4565	
2.6,2.7,6.6,6.7,2379	
2.6,2.7,7.4,7.5,1003	
2.6,2.7,8.2,8.3,224	
2.6,2.7,8.9,9.0,43	
2.6,2.7,9.0,9.1,28	
2.6,2.7,9.7,9.8,7	
2.7,2.8,0.0,0.1,94912	
2.7,2.8,0.7,0.8,77916	
2.7,2.8,1.5,1.6,61248	
2.7,2.8,2.3,2.4,82338	
2.7,2.8,3.1,3.2,94895	
2.7,2.8,3.8,3.9,66050	
2.7,2.8,4.6,4.7,24885	
2.7,2.8,5.4,5.5,6647	
2.7,2.8,6.2,6.3,2614	
2.7,2.8,6.9,7.0,1431	
2.7,2.8,7.0,7.1,1278	
2.7,2.8,7.7,7.8,456	
2.7,2.8,8.5,8.6,96	
2.7,2.8,9.3,9.4,9	
2.8,2.9,0.3,0.4,92945	
2.8,2.9,1.1,1.2,66904	
2.8,2.9,1.8,1.9,66900	
2.8,2.9,2.6,2.7,92873	
2.8,2.9,3.4,3.5,86925	
2.8,2.9,4.2,4.3,44570	
2.8,2.9,4.9,5.0,15483	
2.8,2.9,5.0,5.1,12783	
2.8,2.9,5.7,5.8,3792	
2.8,2.9,6.5,6.6,1562	
2.8,2.9,7.3,7.4,669	
2.8,2.9,8.1,8.2,166	
2.8,2.9,8.8,8.9,29	
2.8,2.9,9.6,9.7,1	
2.9,3.0,0.6,0.7,83960	
2.9,3.0,1.4,1.5,62396	
2.9,3.0,2.2,2.3,80623	
2.9,3.0,2.9,3.0,98169	
2.9,3.0,3.0,3.1,96853	
2.9,3.0,3.7,3.8,73331	
2.9,3.0,4.5,4.6,29265	
2.9,3.0,5.3,5.4,7252	
2.9,3.0,6.1,6.2,1897	
2.9,3.0,6.8,6.9,866	
2.9,3.0,7.6,7.7,311	
2.9,3.0,8.4,8.5,64	
2.9,3.0,9.2,9.3,11	
2.9,3.0,9.9,10.0,2	
3.0,3.1,0.6,0.7,84547	
3.0,3.1,1.4,1.5,62224	
3.0,3.1,2.2,2.3,80224	
3.0,3.1,2.9,3.0,97190	
3.0,3.1,3.0,3.1,97533	
3.0,3.1,3.7,3.8,72842	
3.0,3.1,4.5,4.6,29383	
3.0,3.1,5.3,5.4,6750	
3.0,3.1,6.1,6.2,1514	
3.0,3.1,6.8,6.9,678	
3.0,3.1,7.6,7.7,271	
3.0,3.1,8.4,8.5,57	
3.0,3.1,9.2,9.3,6	
3.1,3.2,0.2,0.3,95783	
3.1,3.2,0.9,1.0,72941	
3.1,3.2,1.0,1.1,69823	
3.1,3.2,1.7,1.8,64176	
3.1,3.2,2.5,2.6,89325	
3.1,3.2,3.3,3.4,89976	
3.1,3.2,4.1,4.2,48828	
3.1,3.2,4.8,4.9,17618	
3.1,3.2,5.6,5.7,3419	
3.1,3.2,6.4,6.5,858	
3.1,3.2,7.2,7.3,323	
3.1,3.2,7.9,8.0,108	
3.1,3.2,8.0,8.1,83	
3.1,3.2,8.7,8.8,20	
3.1,3.2,9.5,9.6,3	
3.2,3.3,0.5,0.6,86320	
3.2,3.3,1.3,1.4,61951	
3.2,3.3,2.1,2.2,74655	
3.2,3.3,2.8,2.9,93521	
3.2,3.3,3.6,3.7,75347	
3.2,3.3,4.4,4.5,32986	
3.2,3.3,5.2,5.3,7831	
3.2,3.3,5.9,6.0,1658	
3.2,3.3,6.0,6.1,1309	
3.2,3.3,6.7,6.8,408	
3.2,3.3,7.5,7.6,148	
3.2,3.3,8.3,8.4,30	
3.2,3.3,9.1,9.2,4	
3.3,3.4,0.1,0.2,93911	
3.3,3.4,0.8,0.9,73514	
3.3,3.4,1.6,1.7,59844	
3.3,3.4,2.4,2.5,82106	
3.3,3.4,3.2,3.3,87439	
3.3,3.4,3.9,4.0,57533	
3.3,3.4,4.0,4.1,51842	
3.3,3.4,4.7,4.8,19543	
3.3,3.4,5.5,5.6,3843	
3.3,3.4,6.3,6.4,659	
3.3,3.4,7.1,7.2,187	
3.3,3.4,7.8,7.9,72	
3.3,3.4,8.6,8.7,7	
3.3,3.4,9.4,9.5,4	
3.4,3.5,0.4,0.5,84974	
3.4,3.5,1.2,1.3,60384	
3.4,3.5,1.9,2.0,63240	
3.4,3.5,2.0,2.1,66171	
3.4,3.5,2.7,2.8,85661	
3.4,3.5,3.5,3.6,74395	
3.4,3.5,4.3,4.4,34674	
3.4,3.5,5.1,5.2,8719	
3.4,3.5,5.8,5.9,1783	
3.4,3.5,6.6,6.7,330	
3.4,3.5,7.4,7.5,93	
3.4,3.5,8.2,8.3,13	
3.4,3.5,8.9,9.0,1	
3.4,3.5,9.0,9.1,3	
3.5,3.6,0.0,0.1,88583	
3.5,3.6,0.7,0.8,72193	
3.5,3.6,1.5,1.6,54787	
3.5,3.6,2.3,2.4,72354	
3.5,3.6,3.1,3.2,82426	
3.5,3.6,3.8,3.9,57592	
3.5,3.6,4.6,4.7,21212	
3.5,3.6,5.4,5.5,4316	
3.5,3.6,6.2,6.3,538	
3.5,3.6,6.9,7.0,123	
3.5,3.6,7.0,7.1,118	
3.5,3.6,7.7,7.8,42	
3.5,3.6,8.5,8.6,1	
3.6,3.7,0.3,0.4,81168	
3.6,3.7,1.1,1.2,57030	
3.6,3.7,1.8,1.9,54833	
3.6,3.7,2.6,2.7,75458	
3.6,3.7,3.4,3.5,70281	
3.6,3.7,4.2,4.3,35158	
3.6,3.7,4.9,5.0,11554	
3.6,3.7,5.0,5.1,9617	
3.6,3.7,5.7,5.8,1972	
3.6,3.7,6.5,6.6,264	
3.6,3.7,7.3,7.4,50	
3.6,3.7,8.1,8.2,18	
3.6,3.7,8.8,8.9,2	
3.6,3.7,9.6,9.7,1	
3.7,3.8,0.6,0.7,69403	
3.7,3.8,1.4,1.5,49656	
3.7,3.8,2.2,2.3,61227	
3.7,3.8,2.9,3.0,72934	
3.7,3.8,3.0,3.1,73553	
3.7,3.8,3.7,3.8,54552	
3.7,3.8,4.5,4.6,21556	
3.7,3.8,5.3,5.4,4598	
3.7,3.8,6.1,6.2,591	
3.7,3.8,6.8,6.9,115	
3.7,3.8,7.6,7.7,35	
3.7,3.8,8.4,8.5,3	
3.7,3.8,9.9,10.0,2	
3.8,3.9,0.2,0.3,75163	
3.8,3.9,0.9,1.0,56406	
3.8,3.9,1.0,1.1,53545	
3.8,3.9,1.7,1.8,46694	
3.8,3.9,2.5,2.6,63499	
3.8,3.9,3.3,3.4,62937	
3.8,3.9,4.1,4.2,34213	
3.8,3.9,4.8,4.9,12075	
3.8,3.9,5.6,5.7,2038	
3.8,3.9,6.4,6.5,245	
3.8,3.9,7.2,7.3,35	
3.8,3.9,7.9,8.0,8	
3.8,3.9,8.0,8.1,6	
3.8,3.9,9.5,9.6,1	
3.9,4.0,0.5,0.6,65534	
3.9,4.0,1.3,1.4,45004	
3.9,4.0,2.1,2.2,49769	
3.9,4.0,2.8,2.9,61420	
3.9,4.0,3.6,3.7,49265	
3.9,4.0,4.4,4.5,21416	
3.9,4.0,5.2,5.3,5077	
3.9,4.0,5.9,6.0,828	
3.9,4.0,6.0,6.1,604	
3.9,4.0,6.7,6.8,98	
3.9,4.0,7.5,7.6,10	
3.9,4.0,8.3,8.4,2	
3.9,4.0,9.1,9.2,1	
3.9,4.0,9.8,9.9,1	
4.0,4.1,0.5,0.6,62519	
4.0,4.1,1.3,1.4,41765	
4.0,4.1,2.1,2.2,44882	
4.0,4.1,2.8,2.9,56091	
4.0,4.1,3.6,3.7,44530	
4.0,4.1,4.4,4.5,19338	
4.0,4.1,5.2,5.3,4368	
4.0,4.1,5.9,6.0,737	
4.0,4.1,6.0,6.1,548	
4.0,4.1,6.7,6.8,64	
4.0,4.1,7.5,7.6,10	
4.0,4.1,8.3,8.4,2	
4.1,4.2,0.1,0.2,67337	
4.1,4.2,0.8,0.9,51751	
4.1,4.2,1.6,1.7,37134	
4.1,4.2,2.4,2.5,45562	
4.1,4.2,3.2,3.3,47725	
4.1,4.2,3.9,4.0,31585	
4.1,4.2,4.0,4.1,28293	
4.1,4.2,4.7,4.8,10677	
4.1,4.2,5.5,5.6,1885	
4.1,4.2,6.3,6.4,178	
4.1,4.2,7.1,7.2,12	
4.1,4.2,7.8,7.9,2	
4.1,4.2,8.6,8.7,1	
4.2,4.3,0.4,0.5,60064	
4.2,4.3,1.2,1.3,39011	
4.2,4.3,1.9,2.0,35078	
4.2,4.3,2.0,2.1,35483	
4.2,4.3,2.7,2.8,43983	
4.2,4.3,3.5,3.6,37463	
4.2,4.3,4.3,4.4,17669	
4.2,4.3,5.1,5.2,4387	
4.2,4.3,5.8,5.9,778	
4.2,4.3,6.6,6.7,48	
4.2,4.3,7.4,7.5,9	
4.2,4.3,8.2,8.3,5	
4.2,4.3,8.9,9.0,3	
4.3,4.4,0.0,0.1,63641	
4.3,4.4,0.7,0.8,50486	
4.3,4.4,1.5,1.6,32115	
4.3,4.4,2.3,2.4,35097	
4.3,4.4,3.1,3.2,38896	
4.3,4.4,3.8,3.9,26919	
4.3,4.4,4.6,4.7,9844	
4.3,4.4,5.4,5.5,1927	
4.3,4.4,6.2,6.3,179	
4.3,4.4,6.9,7.0,25	
4.3,4.4,7.0,7.1,15	
4.3,4.4,7.7,7.8,3	
4.3,4.4,8.5,8.6,2	
4.3,4.4,9.3,9.4,1	
4.4,4.5,0.3,0.4,59351	
4.4,4.5,1.1,1.2,37951	
4.4,4.5,1.8,1.9,28579	
4.4,4.5,2.6,2.7,33118	
4.4,4.5,3.4,3.5,30291	
4.4,4.5,4.2,4.3,15249	
4.4,4.5,4.9,5.0,5012	
4.4,4.5,5.0,5.1,4083	
4.4,4.5,5.7,5.8,735	
4.4,4.5,6.5,6.6,67	
4.4,4.5,7.3,7.4,5	
4.4,4.5,8.1,8.2,2	
4.4,4.5,8.8,8.9,1	
4.5,4.6,0.6,0.7,52553	
4.5,4.6,1.4,1.5,30423	
4.5,4.6,2.2,2.3,26542	
4.5,4.6,2.9,3.0,29807	
4.5,4.6,3.0,3.1,29193	
4.5,4.6,3.7,3.8,21761	
4.5,4.6,4.5,4.6,8463	
4.5,4.6,5.3,5.4,1833	
4.5,4.6,6.1,6.2,220	
4.5,4.6,6.8,6.9,24	
4.5,4.6,7.6,7.7,2	
4.5,4.6,8.4,8.5,3	
4.5,4.6,9.2,9.3,2	
4.5,4.6,9.9,10.0,1	
4.6,4.7,0.2,0.3,61409	
4.6,4.7,0.9,1.0,42654	
4.6,4.7,1.0,1.1,39851	
4.6,4.7,1.7,1.8,24555	
4.6,4.7,2.5,2.6,24566	
4.6,4.7,3.3,3.4,23420	
4.6,4.7,4.1,4.2,12675	
4.6,4.7,4.8,4.9,4423	
4.6,4.7,5.6,5.7,728	
4.6,4.7,6.4,6.5,60	
4.6,4.7,7.2,7.3,9	
4.6,4.7,7.9,8.0,1	
4.6,4.7,8.0,8.1,3	
4.6,4.7,8.7,8.8,1	
4.6,4.7,9.5,9.6,1	
4.7,4.8,0.5,0.6,56154	
4.7,4.8,1.3,1.4,31241	
4.7,4.8,2.1,2.2,20694	
4.7,4.8,2.8,2.9,21445	
4.7,4.8,3.6,3.7,16849	
4.7,4.8,4.4,4.5,7332	
4.7,4.8,5.2,5.3,1638	
4.7,4.8,5.9,6.0,243	
4.7,4.8,6.0,6.1,191	
4.7,4.8,6.7,6.8,20	
4.7,4.8,7.5,7.6,2	
4.7,4.8,8.3,8.4,2	
4.7,4.8,9.1,9.2,1	
4.7,4.8,9.8,9.9,1	
4.8,4.9,0.1,0.2,66289	
4.8,4.9,0.8,0.9,48020	
4.8,4.9,1.6,1.7,24099	
4.8,4.9,2.4,2.5,18097	
4.8,4.9,3.2,3.3,17034	
4.8,4.9,3.9,4.0,11042	
4.8,4.9,4.0,4.1,9899	
4.8,4.9,4.7,4.8,3674	
4.8,4.9,5.5,5.6,645	
4.8,4.9,6.3,6.4,66	
4.8,4.9,7.1,7.2,7	
4.8,4.9,7.8,7.9,1	
4.8,4.9,8.6,8.7,2	
4.8,4.9,9.4,9.5,1	
4.9,5.0,0.4,0.5,63221	
4.9,5.0,1.2,1.3,35070	
4.9,5.0,1.9,2.0,18667	
4.9,5.0,2.0,2.1,17901	
4.9,5.0,2.7,2.8,15382	
4.9,5.0,3.5,3.6,12402	
4.9,5.0,4.3,4.4,5645	
4.9,5.0,5.1,5.2,1380	
4.9,5.0,5.8,5.9,249	
4.9,5.0,6.6,6.7,24	
4.9,5.0,7.4,7.5,4	
4.9,5.0,8.9,9.0,2	
4.9,5.0,9.7,9.8,2	
5.0,5.1,0.6,0.7,59431	
5.0,5.1,1.4,1.5,29067	
5.0,5.1,2.2,2.3,14443	
5.0,5.1,2.9,3.0,12743	
5.0,5.1,3.0,3.1,12505	
5.0,5.1,3.7,3.8,9008	
5.0,5.1,4.5,4.6,3519	
5.0,5.1,5.3,5.4,791	
5.0,5.1,6.1,6.2,90	
5.0,5.1,6.8,6.9,11	
5.0,5.1,9.9,10.0,1	
5.1,5.2,0.2,0.3,73987	
5.1,5.2,0.9,1.0,49743	
5.1,5.2,1.0,1.1,44902	
5.1,5.2,1.7,1.8,20564	
5.1,5.2,2.5,2.6,11450	
5.1,5.2,3.3,3.4,9208	
5.1,5.2,4.1,4.2,4921	
5.1,5.2,4.8,4.9,1735	
5.1,5.2,5.6,5.7,277	
5.1,5.2,6.4,6.5,35	
5.1,5.2,7.9,8.0,1	
5.1,5.2,8.0,8.1,4	
5.2,5.3,0.5,0.6,69032	
5.2,5.3,1.3,1.4,33875	
5.2,5.3,2.1,2.2,13443	
5.2,5.3,2.8,2.9,8937	
5.2,5.3,3.6,3.7,6368	
5.2,5.3,4.4,4.5,2707	
5.2,5.3,5.2,5.3,631	
5.2,5.3,5.9,6.0,98	
5.2,5.3,6.0,6.1,74	
5.2,5.3,6.7,6.8,16	
5.2,5.3,7.5,7.6,1	
5.3,5.4,0.1,0.2,82181	
5.3,5.4,0.8,0.9,58950	
5.3,5.4,1.6,1.7,23488	
5.3,5.4,2.4,2.5,9399	
5.3,5.4,3.2,3.3,6249	
5.3,5.4,3.9,4.0,3808	
5.3,5.4,4.0,4.1,3543	
5.3,5.4,4.7,4.8,1331	
5.3,5.4,5.5,5.6,236	
5.3,5.4,6.3,6.4,29	
5.3,5.4,7.1,7.2,1	
5.3,5.4,7.8,7.9,1	
5.4,5.5,0.4,0.5,79047	
5.4,5.5,1.2,1.3,40834	
5.4,5.5,1.9,2.0,15488	
5.4,5.5,2.0,2.1,13750	
5.4,5.5,2.7,2.8,6509	
5.4,5.5,3.5,3.6,4127	
5.4,5.5,4.3,4.4,1971	
5.4,5.5,5.1,5.2,475	
5.4,5.5,5.8,5.9,103	
5.4,5.5,6.6,6.7,14	
5.4,5.5,9.7,9.8,2	
5.5,5.6,0.0,0.1,89521	
5.5,5.6,0.7,0.8,68104	
5.5,5.6,1.5,1.6,28380	
5.5,5.6,2.3,2.4,8779	
5.5,5.6,3.1,3.2,4245	
5.5,5.6,3.8,3.9,2632	
5.5,5.6,4.6,4.7,1012	
5.5,5.6,5.4,5.5,158	
5.5,5.6,6.2,6.3,18	
5.5,5.6,6.9,7.0,6	
5.5,5.6,7.7,7.8,1	
5.5,5.6,8.5,8.6,2	
5.5,5.6,9.3,9.4,1	
5.6,5.7,0.3,0.4,86832	
5.6,5.7,1.1,1.2,48341	
5.6,5.7,1.8,1.9,18207	
5.6,5.7,2.6,2.7,5497	
5.6,5.7,3.4,3.5,2931	
5.6,5.7,4.2,4.3,1410	
5.6,5.7,4.9,5.0,452	
5.6,5.7,5.0,5.1,341	
5.6,5.7,5.7,5.8,70	
5.6,5.7,6.5,6.6,9	
5.6,5.7,7.3,7.4,2	
5.6,5.7,8.1,8.2,2	
5.6,5.7,8.8,8.9,1	
5.6,5.7,9.6,9.7,2	
5.7,5.8,0.6,0.7,77140	
5.7,5.8,1.4,1.5,33735	
5.7,5.8,2.2,2.3,9189	
5.7,5.8,2.9,3.0,3405	
5.7,5.8,3.0,3.1,3057	
5.7,5.8,3.7,3.8,1752	
5.7,5.8,4.5,4.6,640	
5.7,5.8,5.3,5.4,133	
5.7,5.8,6.1,6.2,20	
5.7,5.8,6.8,6.9,3	
5.7,5.8,7.6,7.7,1	
5.7,5.8,9.9,10.0,1	
5.8,5.9,0.2,0.3,92704	
5.8,5.9,0.9,1.0,61197	
5.8,5.9,1.0,1.1,55498	
5.8,5.9,1.7,1.8,21627	
5.8,5.9,2.5,2.6,5336	
5.8,5.9,3.3,3.4,1884	
5.8,5.9,4.1,4.2,831	
5.8,5.9,4.8,4.9,302	
5.8,5.9,5.6,5.7,60	
5.8,5.9,6.4,6.5,5	
5.8,5.9,7.2,7.3,2	
5.8,5.9,7.9,8.0,1	
5.8,5.9,8.0,8.1,1	
5.8,5.9,8.7,8.8,1	
5.9,6.0,0.5,0.6,82719	
5.9,6.0,1.3,1.4,38771	
5.9,6.0,2.1,2.2,10516	
5.9,6.0,2.8,2.9,2850	
5.9,6.0,3.6,3.7,1109	
5.9,6.0,4.4,4.5,464	
5.9,6.0,5.2,5.3,101	
5.9,6.0,5.9,6.0,24	
5.9,6.0,6.0,6.1,8	
5.9,6.0,6.7,6.8,3	
5.9,6.0,7.5,7.6,1	
5.9,6.0,8.3,8.4,2	
6.0,6.1,0.5,0.6,82531	
6.0,6.1,1.3,1.4,39086	
6.0,6.1,2.1,2.2,10236	
6.0,6.1,2.8,2.9,2605	
6.0,6.1,3.6,3.7,867	
6.0,6.1,4.4,4.5,332	
6.0,6.1,5.2,5.3,75	
6.0,6.1,5.9,6.0,15	
6.0,6.1,6.0,6.1,16	
6.0,6.1,6.7,6.8,2	
6.0,6.1,7.5,7.6,1	
6.0,6.1,8.3,8.4,3	
6.0,6.1,9.1,9.2,1	
6.1,6.2,0.1,0.2,94332	
6.1,6.2,0.8,0.9,66346	
6.1,6.2,1.6,1.7,24670	
6.1,6.2,2.4,2.5,5298	
6.1,6.2,3.2,3.3,1154	
6.1,6.2,3.9,4.0,462	
6.1,6.2,4.0,4.1,413	
6.1,6.2,4.7,4.8,174	
6.1,6.2,5.5,5.6,29	
6.1,6.2,6.3,6.4,4	
6.1,6.2,7.8,7.9,2	
6.1,6.2,8.6,8.7,1	
6.1,6.2,9.4,9.5,1	
6.2,6.3,0.4,0.5,84160	
6.2,6.3,1.2,1.3,42739	
6.2,6.3,1.9,2.0,14265	
6.2,6.3,2.0,2.1,11669	
6.2,6.3,2.7,2.8,2561	
6.2,6.3,3.5,3.6,571	
6.2,6.3,4.3,4.4,216	
6.2,6.3,5.1,5.2,61	
6.2,6.3,5.8,5.9,9	
6.2,6.3,6.6,6.7,2	
6.2,6.3,8.9,9.0,1	
6.2,6.3,9.0,9.1,1	
6.3,6.4,0.0,0.1,90369	
6.3,6.4,0.7,0.8,68158	
6.3,6.4,1.5,1.6,27305	
6.3,6.4,2.3,2.4,5944	
6.3,6.4,3.1,3.2,963	
6.3,6.4,3.8,3.9,303	
6.3,6.4,4.6,4.7,81	
6.3,6.4,5.4,5.5,20	
6.3,6.4,6.2,6.3,5	
6.3,6.4,6.9,7.0,5	
6.3,6.4,7.0,7.1,2	
6.3,6.4,7.7,7.8,3	
6.3,6.4,8.5,8.6,1	
6.4,6.5,0.3,0.4,81501	
6.4,6.5,1.1,1.2,44817	
6.4,6.5,1.8,1.9,15754	
6.4,6.5,2.6,2.7,2889	
6.4,6.5,3.4,3.5,528	
6.4,6.5,4.2,4.3,110	
6.4,6.5,4.9,5.0,41	
6.4,6.5,5.0,5.1,27	
6.4,6.5,5.7,5.8,5	
6.4,6.5,6.5,6.6,6	
6.4,6.5,7.3,7.4,2	
6.4,6.5,8.1,8.2,1	
6.4,6.5,8.8,8.9,1	
6.4,6.5,9.6,9.7,1	
6.5,6.6,0.6,0.7,66527	
6.5,6.6,1.4,1.5,28682	
6.5,6.6,2.2,2.3,6693	
6.5,6.6,2.9,3.0,1272	
6.5,6.6,3.0,3.1,955	
6.5,6.6,3.7,3.8,198	
6.5,6.6,4.5,4.6,41	
6.5,6.6,5.3,5.4,14	
6.5,6.6,6.1,6.2,1	
6.5,6.6,6.8,6.9,2	
6.5,6.6,7.6,7.7,1	
6.5,6.6,9.2,9.3,1	
6.6,6.7,0.2,0.3,75210	
6.6,6.7,0.9,1.0,49652	
6.6,6.7,1.0,1.1,44638	
6.6,6.7,1.7,1.8,16821	
6.6,6.7,2.5,2.6,3065	
6.6,6.7,3.3,3.4,398	
6.6,6.7,4.1,4.2,70	
6.6,6.7,4.8,4.9,21	
6.6,6.7,5.6,5.7,9	
6.6,6.7,6.4,6.5,2	
6.6,6.7,7.2,7.3,6	
6.6,6.7,8.0,8.1,2	
6.6,6.7,8.7,8.8,1	
6.6,6.7,9.5,9.6,1	
6.7,6.8,0.5,0.6,62149	
6.7,6.8,1.3,1.4,29203	
6.7,6.8,2.1,2.2,7098	
6.7,6.8,2.8,2.9,1420	
6.7,6.8,3.6,3.7,161	
6.7,6.8,4.4,4.5,42	
6.7,6.8,5.2,5.3,5	
6.7,6.8,5.9,6.0,5	
6.7,6.8,6.0,6.1,1	
6.7,6.8,6.7,6.8,2	
6.7,6.8,7.5,7.6,1	
6.7,6.8,8.3,8.4,2	
6.7,6.8,9.1,9.2,2	
6.7,6.8,9.8,9.9,1	
6.8,6.9,0.1,0.2,66041	
6.8,6.9,0.8,0.9,46532	
6.8,6.9,1.6,1.7,16998	
6.8,6.9,2.4,2.5,3367	
6.8,6.9,3.2,3.3,407	
6.8,6.9,3.9,4.0,77	
6.8,6.9,4.0,4.1,65	
6.8,6.9,4.7,4.8,14	
6.8,6.9,5.5,5.6,1	
6.8,6.9,6.3,6.4,1	
6.8,6.9,7.1,7.2,1	
6.8,6.9,7.8,7.9,2	
6.8,6.9,9.4,9.5,1	
6.9,7.0,0.4,0.5,54902	
6.9,7.0,1.2,1.3,27565	
6.9,7.0,1.9,2.0,9064	
6.9,7.0,2.0,2.1,7397	
6.9,7.0,2.7,2.8,1449	
6.9,7.0,3.5,3.6,146	
6.9,7.0,4.3,4.4,26	
6.9,7.0,5.1,5.2,8	
6.9,7.0,5.8,5.9,2	
6.9,7.0,6.6,6.7,2	
6.9,7.0,7.4,7.5,2	
6.9,7.0,8.9,9.0,1	
6.9,7.0,9.7,9.8,1	
7.0,7.1,0.6,0.7,44722	
7.0,7.1,1.4,1.5,19402	
7.0,7.1,2.2,2.3,4321	
7.0,7.1,2.9,3.0,694	
7.0,7.1,3.0,3.1,569	
7.0,7.1,3.7,3.8,81	
7.0,7.1,4.5,4.6,8	
7.0,7.1,5.3,5.4,5	
7.0,7.1,6.1,6.2,2	
7.0,7.1,6.8,6.9,1	
7.0,7.1,7.6,7.7,1	
7.0,7.1,8.4,8.5,1	
7.0,7.1,9.9,10.0,1	
7.1,7.2,0.2,0.3,48070	
7.1,7.2,0.9,1.0,31357	
7.1,7.2,1.0,1.1,28315	
7.1,7.2,1.7,1.8,10707	
7.1,7.2,2.5,2.6,1890	
7.1,7.2,3.3,3.4,202	
7.1,7.2,4.1,4.2,16	
7.1,7.2,4.8,4.9,4	
7.1,7.2,5.6,5.7,2	
7.1,7.2,6.4,6.5,1	
7.1,7.2,7.2,7.3,1	
7.1,7.2,7.9,8.0,1	
7.1,7.2,8.0,8.1,1	
7.1,7.2,8.7,8.8,1	
7.2,7.3,0.5,0.6,37809	
7.2,7.3,1.3,1.4,17468	
7.2,7.3,2.1,2.2,4440	
7.2,7.3,2.8,2.9,755	
7.2,7.3,3.6,3.7,59	
7.2,7.3,4.4,4.5,7	
7.2,7.3,5.9,6.0,2	
7.2,7.3,6.0,6.1,1	
7.2,7.3,6.7,6.8,2	
7.2,7.3,8.3,8.4,2	
7.2,7.3,9.1,9.2,1	
7.2,7.3,9.8,9.9,1	
7.3,7.4,0.1,0.2,37961	
7.3,7.4,0.8,0.9,26990	
7.3,7.4,1.6,1.7,9682	
7.3,7.4,2.4,2.5,1910	
7.3,7.4,3.2,3.3,195	
7.3,7.4,3.9,4.0,19	
7.3,7.4,4.0,4.1,15	
7.3,7.4,4.7,4.8,2	
7.3,7.4,5.5,5.6,2	
7.3,7.4,7.1,7.2,1	
7.3,7.4,7.8,7.9,3	
7.3,7.4,8.6,8.7,1	
7.3,7.4,9.4,9.5,1	
7.4,7.5,0.4,0.5,30306	
7.4,7.5,1.2,1.3,15423	
7.4,7.5,1.9,2.0,5063	
7.4,7.5,2.0,2.1,4114	
7.4,7.5,2.7,2.8,801	
7.4,7.5,3.5,3.6,64	
7.4,7.5,4.3,4.4,6	
7.4,7.5,5.1,5.2,1	
7.4,7.5,5.8,5.9,2	
7.4,7.5,6.6,6.7,3	
7.4,7.5,7.4,7.5,1	
7.4,7.5,8.2,8.3,1	
7.4,7.5,8.9,9.0,1	
7.5,7.6,0.0,0.1,28735	
7.5,7.6,0.7,0.8,21447	
7.5,7.6,1.5,1.6,8607	
7.5,7.6,2.3,2.4,1830	
7.5,7.6,3.1,3.2,189	
7.5,7.6,3.8,3.9,21	
7.5,7.6,4.6,4.7,2	
7.5,7.6,5.4,5.5,1	
7.5,7.6,6.2,6.3,1	
7.5,7.6,7.7,7.8,1	
7.6,7.7,0.3,0.4,23105	
7.6,7.7,1.1,1.2,12570	
7.6,7.7,1.8,1.9,4566	
7.6,7.7,2.6,2.7,764	
7.6,7.7,3.4,3.5,59	
7.6,7.7,4.2,4.3,9	
7.6,7.7,4.9,5.0,1	
7.6,7.7,5.0,5.1,6	
7.6,7.7,6.5,6.6,2	
7.7,7.8,0.6,0.7,16628	
7.7,7.8,1.4,1.5,7212	
7.7,7.8,2.2,2.3,1605	
7.7,7.8,2.9,3.0,273	
7.7,7.8,3.0,3.1,189	
7.7,7.8,3.7,3.8,22	
7.7,7.8,4.5,4.6,3	
7.7,7.8,5.3,5.4,2	
7.7,7.8,6.1,6.2,1	
7.7,7.8,6.8,6.9,1	
7.7,7.8,7.6,7.7,1	
7.8,7.9,0.2,0.3,16581	
7.8,7.9,0.9,1.0,10966	
7.8,7.9,1.0,1.1,10055	
7.8,7.9,1.7,1.8,3852	
7.8,7.9,2.5,2.6,664	
7.8,7.9,3.3,3.4,65	
7.8,7.9,4.1,4.2,3	
7.8,7.9,5.6,5.7,1	
7.8,7.9,6.4,6.5,1	
7.8,7.9,7.2,7.3,2	
7.9,8.0,0.5,0.6,12236	
7.9,8.0,1.3,1.4,5739	
7.9,8.0,2.1,2.2,1448	
7.9,8.0,2.8,2.9,257	
7.9,8.0,3.6,3.7,29	
7.9,8.0,4.4,4.5,4	
7.9,8.0,5.9,6.0,1	
7.9,8.0,9.1,9.2,1	
8.0,8.1,0.5,0.6,10006	
8.0,8.1,1.3,1.4,4615	
8.0,8.1,2.1,2.2,1249	
8.0,8.1,2.8,2.9,204	
8.0,8.1,3.6,3.7,10	
8.0,8.1,5.9,6.0,1	
8.0,8.1,6.0,6.1,2	
8.0,8.1,6.7,6.8,2	
8.0,8.1,7.5,7.6,2	
8.1,8.2,0.1,0.2,9295	
8.1,8.2,0.8,0.9,6414	
8.1,8.2,1.6,1.7,2377	
8.1,8.2,2.4,2.5,456	
8.1,8.2,3.2,3.3,45	
8.1,8.2,3.9,4.0,2	
8.1,8.2,4.0,4.1,3	
8.1,8.2,4.7,4.8,2	
8.1,8.2,6.3,6.4,2	
8.2,8.3,0.4,0.5,6896	
8.2,8.3,1.2,1.3,3569	
8.2,8.3,1.9,2.0,1192	
8.2,8.3,2.0,2.1,956	
8.2,8.3,2.7,2.8,181	
8.2,8.3,3.5,3.6,15	
8.2,8.3,4.3,4.4,3	
8.2,8.3,5.8,5.9,1	
8.2,8.3,6.6,6.7,2	
8.2,8.3,7.4,7.5,1	
8.3,8.4,0.0,0.1,6013	
8.3,8.4,0.7,0.8,4489	
8.3,8.4,1.5,1.6,1847	
8.3,8.4,2.3,2.4,384	
8.3,8.4,3.1,3.2,49	
8.3,8.4,3.8,3.9,2	
8.3,8.4,4.6,4.7,1	
8.3,8.4,5.4,5.5,1	
8.3,8.4,6.2,6.3,2	
8.3,8.4,7.0,7.1,1	
8.4,8.5,0.3,0.4,4529	
8.4,8.5,1.1,1.2,2469	
8.4,8.5,1.8,1.9,890	
8.4,8.5,2.6,2.7,142	
8.4,8.5,3.4,3.5,14	
8.4,8.5,4.2,4.3,2	
8.4,8.5,4.9,5.0,2	
8.4,8.5,5.0,5.1,1	
8.4,8.5,5.7,5.8,2	
8.5,8.6,0.6,0.7,3041	
8.5,8.6,1.4,1.5,1270	
8.5,8.6,2.2,2.3,302	
8.5,8.6,2.9,3.0,47	
8.5,8.6,3.0,3.1,26	
8.5,8.6,3.7,3.8,4	
8.5,8.6,8.4,8.5,1	
8.6,8.7,0.2,0.3,2800	
8.6,8.7,0.9,1.0,1802	
8.6,8.7,1.0,1.1,1648	
8.6,8.7,1.7,1.8,594	
8.6,8.7,2.5,2.6,107	
8.6,8.7,3.3,3.4,15	
8.6,8.7,4.1,4.2,1	
8.6,8.7,6.4,6.5,1	
8.6,8.7,7.9,8.0,1	
8.7,8.8,0.5,0.6,1888	
8.7,8.8,1.3,1.4,869	
8.7,8.8,2.1,2.2,223	
8.7,8.8,2.8,2.9,34	
8.7,8.8,4.4,4.5,2	
8.7,8.8,5.2,5.3,1	
8.7,8.8,6.0,6.1,1	
8.7,8.8,6.7,6.8,1	
8.7,8.8,7.5,7.6,1	
8.7,8.8,8.3,8.4,1	
8.8,8.9,0.1,0.2,1712	
8.8,8.9,0.8,0.9,1151	
8.8,8.9,1.6,1.7,412	
8.8,8.9,2.4,2.5,79	
8.8,8.9,3.2,3.3,7	
8.8,8.9,3.9,4.0,1	
8.8,8.9,4.0,4.1,3	
8.8,8.9,4.7,4.8,1	
8.8,8.9,5.5,5.6,1	
8.8,8.9,6.3,6.4,1	
8.9,9.0,0.4,0.5,1114	
8.9,9.0,1.2,1.3,576	
8.9,9.0,1.9,2.0,190	
8.9,9.0,2.0,2.1,143	
8.9,9.0,2.7,2.8,26	
8.9,9.0,3.5,3.6,1	
8.9,9.0,5.1,5.2,1	
8.9,9.0,5.8,5.9,3	
8.9,9.0,6.6,6.7,1	
9.0,9.1,0.6,0.7,737	
9.0,9.1,1.4,1.5,346	
9.0,9.1,2.2,2.3,70	
9.0,9.1,2.9,3.0,9	
9.0,9.1,3.0,3.1,13	
9.0,9.1,3.7,3.8,1	
9.0,9.1,5.3,5.4,1	
9.0,9.1,6.1,6.2,1	
9.1,9.2,0.2,0.3,646	
9.1,9.2,0.9,1.0,410	
9.1,9.2,1.0,1.1,387	
9.1,9.2,1.7,1.8,130	
9.1,9.2,2.5,2.6,37	
9.1,9.2,3.3,3.4,8	
9.1,9.2,4.1,4.2,1	
9.1,9.2,4.8,4.9,1	
9.1,9.2,5.6,5.7,2	
9.1,9.2,6.4,6.5,3	
9.2,9.3,0.5,0.6,423	
9.2,9.3,1.3,1.4,222	
9.2,9.3,2.1,2.2,45	
9.2,9.3,2.8,2.9,8	
9.2,9.3,3.6,3.7,2	
9.2,9.3,4.4,4.5,1	
9.2,9.3,5.9,6.0,3	
9.2,9.3,6.0,6.1,3	
9.2,9.3,7.5,7.6,1	
9.3,9.4,0.1,0.2,349	
9.3,9.4,0.8,0.9,220	
9.3,9.4,1.6,1.7,87	
9.3,9.4,2.4,2.5,19	
9.3,9.4,3.2,3.3,2	
9.3,9.4,3.9,4.0,1	
9.3,9.4,4.0,4.1,2	
9.3,9.4,4.7,4.8,2	
9.3,9.4,6.3,6.4,2	
9.4,9.5,0.4,0.5,222	
9.4,9.5,1.2,1.3,124	
9.4,9.5,1.9,2.0,34	
9.4,9.5,2.0,2.1,31	
9.4,9.5,2.7,2.8,8	
9.4,9.5,5.1,5.2,1	
9.4,9.5,5.8,5.9,2	
9.4,9.5,6.6,6.7,1	
9.4,9.5,7.4,7.5,1	
9.5,9.6,0.0,0.1,168	
9.5,9.6,0.7,0.8,146	
9.5,9.6,1.5,1.6,48	
9.5,9.6,2.3,2.4,14	
9.5,9.6,3.1,3.2,4	
9.5,9.6,3.8,3.9,1	
9.5,9.6,6.2,6.3,1	
9.5,9.6,7.7,7.8,1	
9.6,9.7,0.3,0.4,117	
9.6,9.7,1.1,1.2,61	
9.6,9.7,1.8,1.9,22	
9.6,9.7,2.6,2.7,1	
9.6,9.7,3.4,3.5,1	
9.6,9.7,5.0,5.1,1	
9.6,9.7,5.7,5.8,1	
9.6,9.7,6.5,6.6,2	
9.7,9.8,0.6,0.7,75	
9.7,9.8,1.4,1.5,33	
9.7,9.8,2.2,2.3,12	
9.7,9.8,2.9,3.0,4	
9.7,9.8,3.0,3.1,2	
9.7,9.8,3.7,3.8,2	
9.7,9.8,5.3,5.4,4	
9.7,9.8,7.6,7.7,2	
9.8,9.9,0.2,0.3,56	
9.8,9.9,0.9,1.0,46	
9.8,9.9,1.0,1.1,30	
9.8,9.9,1.7,1.8,17	
9.8,9.9,2.5,2.6,2	
9.8,9.9,3.3,3.4,5	
9.8,9.9,4.1,4.2,3	
9.8,9.9,6.4,6.5,1	
9.8,9.9,7.2,7.3,1	
9.8,9.9,8.0,8.1,1	
9.9,10.0,0.5,0.6,29	
9.9,10.0,1.3,1.4,10	
9.9,10.0,2.1,2.2,4	
9.9,10.0,2.8,2.9,1	
9.9,10.0,3.6,3.7,1	
9.9,10.0,5.9,6.0,4	
9.9,10.0,6.0,6.1,2	
9.9,10.0,6.7,6.8,1	
9.9,10.0,7.5,7.6,1	
