-0.009053155
-0.9802275
-0.9626087
-0.9664021
-1.042999
-0.9320876
-0.8999226
-0.9587379
-0.8651678
-0.9985389
-1.092204
-1.075681
-1.079507
-0.9231383
-0.8981725
-1.019818
-0.9607146
-0.944507
-1.02778
-0.9429919
-1.108643
-1.091061
-0.9828806
-1.089938
-0.9348248
-0.7916757
-0.9705662
-1.091852
-0.9024854
-0.9658036
-1.027176
-0.898183
-0.8459515
-0.9580258
-0.9797856
-1.070083
-0.9906794
-1.083627
-0.8805133
-0.8992298
-0.7600939
-0.8577948
-0.9330029
-0.96131
-1.003304
-0.8904418
-0.9938413
-0.9650432
-1.057441
-0.8781716
-0.9267812
-0.8111976
-0.9266577
-0.8953708
-0.9377787
-0.9492722
-1.0111
-0.9416167
-0.8137241
-0.8477338
-0.8237225
-0.9071263
-0.9882844
-0.8417279
-0.7859644
-0.8728531
-0.8725522
-0.9541982
-0.9291249
-0.8899197
-0.8085398
-0.7947206
-0.8017577
-0.8982928
-0.7332641
-0.802544
-0.8724926
-0.8528271
-0.7975503
-0.9012794
-0.8761739
-0.7503136
-0.7566679
-0.7787275
-0.700488
-0.967762
-0.8088481
-0.8480687
-0.8970288
-0.6754413
-0.7056886
-0.9643722
-0.7761764
-0.8476041
-0.9054623
-0.7125872
-0.6905772
-0.9126297
-0.7473927
-0.7938249
-0.7427797
-0.9309512
-0.7593154
-0.8656092
-0.7405414
-0.8443347
-0.8459873
-0.8785984
-0.9101682
-0.746427
-0.7932639
-0.7298256
-0.724764
-0.8662297
-0.6882069
-0.9008453
-0.540662
-0.9469936
-0.8921478
-0.7832978
-0.7210104
-0.8298003
-0.704262
-0.8687411
-0.7994323
-0.8949834
-0.7801226
-0.7095739
-0.7474889
-0.8910035
-0.8439845
-0.6368691
-0.635782
-0.8442823
-0.6317135
-0.8614826
-0.7781557
-0.804462
-0.614548
-0.6937985
-0.6927225
-0.8699311
-0.7174873
-0.5414617
-0.7215893
-0.7041424
-0.7574142
-0.7465692
-0.6108563
-0.5708637
-0.7177341
-0.7509384
-0.6858696
-0.7196847
-0.648055
-0.6392676
-0.6870221
-0.82805
-0.6351831
-0.6401127
-0.7593826
-0.5961362
-0.7410903
-0.5777692
-0.657678
-0.6640998
-0.6098564
-0.7577607
-0.6244429
-0.6778809
-0.6604853
-0.5145977
-0.476228
-0.6051374
-0.7915478
-0.5153626
-0.6726618
-0.6907416
-0.5445781
-0.8024164
-0.7654325
-0.6150469
-0.6996703
-0.6280243
-0.7353711
-0.6944686
-0.6119093
-0.7872992
-0.6152561
-0.6604827
-0.7280183
-0.5499507
-0.5028659
-0.5328642
-0.5826583
-0.6751363
-0.6226783
-0.6969073
-0.7117114
-0.6074436
-0.6091218
-0.5905664
-0.5330017
-0.5276878
-0.5996838
-0.5279472
-0.6285366
-0.5001482
-0.6444146
-0.4849344
-0.5648669
-0.6913333
-0.6246123
-0.5344502
-0.6631408
-0.558507
-0.5983388
-0.4373906
-0.4779417
-0.7126048
-0.6644929
-0.6593165
-0.6066793
-0.6119577
-0.5436064
-0.4423375
-0.4270093
-0.69212
-0.687714
-0.5277764
-0.5887773
-0.5050419
-0.3824517
-0.6101545
-0.5579474
-0.3862322
-0.4879459
-0.4159323
-0.4949013
-0.3898692
-0.6523379
-0.4960642
-0.5637081
-0.4300849
-0.439237
-0.4966001
-0.385903
-0.5201242
-0.5943885
-0.5423337
-0.4998531
-0.4128401
-0.4950048
-0.3873476
-0.6894691
-0.5383536
-0.5375441
-0.3897056
-0.3621594
-0.5126623
-0.4504361
-0.5082454
-0.3358707
-0.4635257
-0.3001858
-0.5221714
-0.4493409
-0.5117664
-0.5821736
-0.4366733
-0.4620021
-0.4898119
-0.5215763
-0.5156293
-0.3666606
-0.3572526
-0.462983
-0.4899813
-0.3697034
-0.5804409
-0.3894185
-0.4816002
-0.375238
-0.3987412
-0.4823756
-0.4340562
-0.483603
-0.5041512
-0.34873
-0.2647872
-0.420658
-0.3606087
-0.5400595
-0.2998904
-0.4213422
-0.645699
-0.3264666
-0.4869843
-0.4337553
-0.3186718
-0.4617911
-0.2886302
-0.2822489
-0.3608055
-0.4059518
-0.3020966
-0.3404211
-0.5629819
-0.1938224
-0.3373453
-0.2751829
-0.31289
-0.403785
-0.4527888
-0.3093828
-0.333544
-0.3286919
-0.2804484
-0.4455624
-0.304842
-0.3448867
-0.3331136
-0.3508463
-0.4681017
-0.3106176
-0.2662238
-0.3216707
-0.4431071
-0.3753324
-0.3543653
-0.519758
-0.4181295
-0.3202582
-0.3542989
-0.2944514
-0.3354871
-0.2971689
-0.3626543
-0.3108931
-0.3945393
-0.3500588
-0.2593657
-0.1995432
-0.329436
-0.3987612
-0.3056618
-0.3829222
-0.2739048
-0.2663669
-0.4558267
-0.3801682
-0.2940622
-0.2602733
-0.2213984
-0.4992387
-0.06485724
-0.0691313
-0.2100147
-0.2048861
-0.2914174
-0.3136721
-0.2648537
-0.3220416
-0.3982598
-0.2377048
-0.2355669
-0.3209783
-0.3763867
-0.1675578
-0.2869016
-0.2270459
-0.2499716
-0.3263317
-0.2529885
-0.3640209
-0.265094
-0.3783457
-0.3942051
-0.2016859
-0.2544094
-0.09866495
-0.3315509
-0.2969344
-0.3371558
-0.3282562
-0.1868444
-0.3202912
-0.3611548
-0.2324507
-0.2279894
-0.189673
-0.3016548
-0.2483587
-0.2748272
-0.3882099
-0.2272177
-0.2222169
-0.2300687
-0.1244407
-0.3684664
-0.1952316
-0.1042281
-0.1549363
-0.162422
-0.1378342
-0.2012497
-0.1956519
-0.2033758
-0.1178336
-0.3024698
-0.1555519
-0.174039
-0.1760726
-0.1074485
-0.06652395
-0.08469733
-0.3343862
-0.3868689
-0.2040587
-0.2546947
0.02043661
-0.1935707
-0.1769546
-0.130354
-0.2074071
-0.07279571
-0.1983385
-0.1526906
-0.1481012
-0.07273787
-0.08523918
-0.1216156
-0.0357149
-0.06767356
-0.09720676
-0.09761618
-0.2555272
-0.3402079
-0.1185802
-0.2558558
0.06099898
-0.07631528
-0.2377093
-0.1260591
-0.1589301
-0.1812416
-0.2292736
-0.1491303
-0.04080214
-0.02021056
-0.1691366
-0.1220151
-0.09282402
-0.1437462
-0.189358
-0.05488083
-0.16476
-0.02956603
-0.09041399
-0.1180922
-0.1946108
-0.01866684
0.03624392
0.01717894
-0.01988171
-0.1035403
-0.05617174
0.009053528
-0.01109233
-0.1641625
-0.08332627
0.06184465
-0.09818023
-0.03805979
-0.08429222
-0.1167354
-0.01316019
0.008248717
-0.07744757
-0.01778112
-0.09160705
-0.1001034
0.04011773
0.08570541
0.02539157
-0.00980027
-0.09791017
-0.1203484
0.02823255
-0.07576619
-0.04851777
0.015526
-0.1622581
0.1728051
-0.04155009
-0.03528334
0.002834209
-0.008244913
0.09385413
-0.1449016
-0.02053607
0.07857793
-0.04132254
0.06387498
-0.02135565
0.008814123
-0.0294748
-0.132089
0.01625466
0.02719077
0.08135174
-0.06491693
-0.03351831
0.08214644
0.003550766
0.05835581
0.04310871
0.04596159
0.005920332
-0.08772258
-0.03642271
0.1724862
0.00339087
-0.02593324
0.2876309
0.04509907
0.02213265
0.01178336
0.1389187
-0.04142444
0.1706267
0.1143237
0.06752906
0.1612818
0.07219882
-0.009305837
0.01468692
0.2038783
0.1454687
0.09415366
0.08582626
-0.03537092
0.04241825
0.08788774
0.1215894
0.08999466
0.09236697
0.1227219
0.244799
0.08454408
0.1169091
0.086939
0.00182083
0.1797556
0.03265043
0.143399
0.2065073
0.1838139
0.0703908
0.07896299
0.148231
0.1563501
0.09923418
0.2263814
0.03113137
-0.04310922
0.1709145
0.1329951
0.1833666
0.1534045
0.2243784
0.1729132
0.223114
0.08398114
0.09226972
0.1992369
0.1047982
0.162975
0.2304103
0.2387054
0.1534165
0.1808382
0.1964803
0.3087554
0.09925761
-0.01239394
0.1340169
0.08040951
0.2006452
0.2941585
0.3266759
0.2673947
0.043025
0.1996164
0.2304296
0.2895038
0.2339061
0.1340955
0.2609278
0.06210739
0.1898888
0.199745
0.3067957
0.183447
0.1105427
0.1738014
0.2742586
0.2036259
0.3042406
0.2105754
0.2890295
0.3016178
0.2086157
0.2525082
0.1746343
0.233154
0.301744
0.1925311
0.2734726
0.1093279
0.2221277
0.1758332
0.1656231
0.2574173
0.2085536
0.3080036
0.2953787
0.2044028
0.1471748
0.2671595
0.3328247
0.08071439
0.1134451
0.440628
0.2852555
0.06496844
0.1952234
0.3908308
0.2743654
0.2658908
0.3516631
0.3148013
0.3203856
0.2918302
0.301584
0.2431908
0.3185081
0.2468819
0.3113987
0.3550888
0.3716599
0.3388007
0.3051948
0.3800993
0.3326747
0.3198246
0.2638225
0.2727736
0.3053359
0.2487669
0.3384083
0.3151792
0.344502
0.2067761
0.3695296
0.4200988
0.2551473
0.2888676
0.39254
0.2474409
0.4526636
0.3410533
0.1920518
0.3532934
0.4507929
0.4403215
0.3060566
0.2072478
0.394145
0.2284571
0.3813433
0.2462643
0.3530707
0.2998095
0.3492305
0.4647807
0.5068589
0.371477
0.5627933
0.4500786
0.4421169
0.4068098
0.3289092
0.5553945
0.239788
0.3999102
0.2559202
0.2778458
0.323886
0.3946826
0.4185875
0.3464172
0.4792516
0.3848731
0.4120726
0.2985148
0.4779974
0.3884251
0.4438772
0.3650802
0.6297508
0.4247498
0.5563997
0.384848
0.3630514
0.4093876
0.4013797
0.5183422
0.4209122
0.2976246
0.3403557
0.4536891
0.534495
0.4720353
0.5944773
0.3951165
0.3048999
0.4490086
0.4276299
0.4701131
0.4993969
0.5058238
0.3969617
0.4929561
0.599848
0.3681798
0.5039747
0.5561575
0.4545414
0.3866902
0.4234423
0.5712022
0.3502286
0.5694257
0.5083103
0.5731572
0.5074847
0.5666421
0.3577992
0.450102
0.429712
0.5915154
0.5602586
0.3772511
0.5453441
0.4334824
0.6283683
0.630393
0.4812194
0.5425701
0.4324167
0.6092284
0.5497132
0.5251276
0.4238097
0.5060364
0.4724559
0.559199
0.5125909
0.5424201
0.538431
0.5719239
0.6265622
0.4718284
0.6515955
0.6967318
0.5241443
0.5933032
0.4304386
0.6257658
0.4996132
0.5844993
0.4554608
0.4748925
0.6943269
0.5040793
0.517753
0.5803136
0.6271716
0.5452367
0.5380048
0.475618
0.429493
0.6127443
0.5418725
0.4939075
0.6617958
0.5973452
0.6274232
0.6178021
0.536314
0.5844695
0.5785106
0.6479125
0.7216235
0.5691998
0.7083955
0.637931
0.5494979
0.502991
0.6515725
0.7282981
0.6092002
0.6325531
0.5956586
0.659757
0.428412
0.5391582
0.6900959
0.5174926
0.7083873
0.597204
0.7646526
0.7440067
0.64449
0.704026
0.753345
0.6139648
0.7446426
0.5766909
0.556975
0.625802
0.6620982
0.5362156
0.5912026
0.86141
0.5705362
0.6964655
0.6557118
0.8682556
0.7180377
0.6164674
0.6427056
0.7637375
0.6971087
0.7145231
0.7360658
0.6479881
0.6547278
0.6240127
0.7627138
0.7861034
0.7274317
0.5982928
0.6961309
0.6512289
0.6747147
0.732365
0.7891558
0.7762788
0.6959149
0.7896765
0.7215943
0.6503138
0.774949
0.588834
0.8234545
0.7198265
0.7600246
0.7219977
0.6482805
0.724521
0.704366
0.68645
0.7538752
0.7533424
0.7647027
0.8368589
0.6761271
0.7189656
0.7040924
0.6580495
0.8089588
0.8620952
0.8679826
0.7004047
0.8504445
0.9217163
0.7851112
0.8335789
0.7409576
0.7843215
0.8156576
0.7476569
0.8139243
0.9002315
0.7815706
0.7461713
0.9506948
0.752735
0.8104178
0.8025435
0.8285949
0.820198
0.7584918
0.7728511
0.7942493
0.868198
0.7783848
0.736952
0.8211408
0.8840236
0.9710304
0.8748533
0.7657217
0.7278877
0.9210148
0.9003722
0.8831736
0.9031972
0.8433252
0.9430957
0.8779593
0.895186
0.9350414
0.6397623
0.9433537
0.8759631
0.8563368
0.7974304
0.8169193
0.8285409
0.8656756
0.9899558
0.9394537
0.8667077
0.8542291
0.8200309
0.7983747
0.9178744
0.8388085
0.8316832
0.8464059
0.6293062
0.9354289
0.8569552
0.8500432
0.8744753
1.04698
0.8764688
0.8908232
0.8137467
1.069579
0.8801094
0.9111992
1.030772
1.103351
0.8053299
1.037925
0.8976861
1.053601
1.085232
0.9169567
0.9079799
0.8483069
0.8872283
0.9247474
0.8137304
0.8955024
1.006618
1.036497
0.9673253
1.028713
0.9373283
0.871185
0.8623416
0.8188978
0.9596438
0.9083604
0.8377104
1.02801
0.8291401
0.9781463
0.9668089
0.8960853
1.034192
1.118302
0.9744977
0.9958795
1.075802
0.9256106
0.9609657
1.009199
1.024048
1.014759
1.028284
0.7859969
1.066216
0.9043239
1.026864
0.9944859