-0.00838586
-0.9535582
-0.9390872
-0.9629495
-1.06052
-0.9326027
-0.8623237
-0.9698187
-0.8646005
-0.9937326
-1.100169
-1.079481
-1.092785
-0.9587512
-0.8905805
-1.002842
-0.9910345
-0.955034
-1.018303
-0.9386857
-1.102479
-1.113581
-0.9710115
-1.085766
-0.936439
-0.7762501
-0.9569475
-1.111287
-0.9004981
-0.9591541
-1.025613
-0.9036787
-0.8515747
-0.9636093
-0.9462347
-1.088071
-0.9784412
-1.06046
-0.8692685
-0.9027501
-0.7302255
-0.8536366
-0.9453814
-0.9510793
-1.007898
-0.8694587
-1.013771
-0.9478343
-1.024675
-0.8675904
-0.9195182
-0.8245174
-0.9163051
-0.8984457
-0.9149368
-0.9473567
-1.03672
-0.9467092
-0.7995375
-0.8567695
-0.8327074
-0.9168414
-0.9831687
-0.8405061
-0.7751448
-0.8524524
-0.8605844
-0.9420036
-0.9343117
-0.8797316
-0.8029371
-0.8043268
-0.7904015
-0.9070158
-0.7399587
-0.7919226
-0.8922941
-0.8468947
-0.8202602
-0.8801879
-0.8705179
-0.7446602
-0.7554763
-0.7841435
-0.7145253
-0.9645303
-0.7885634
-0.8278274
-0.8943756
-0.6596014
-0.6951123
-0.9549785
-0.7986986
-0.853451
-0.8949167
-0.6895211
-0.6773375
-0.9039245
-0.7235749
-0.771372
-0.7403353
-0.932607
-0.7700445
-0.8531459
-0.7615598
-0.8484462
-0.8262035
-0.8846826
-0.9182901
-0.7431358
-0.8055138
-0.747112
-0.7270322
-0.8510397
-0.7036106
-0.8985509
-0.5642817
-0.9473425
-0.8908604
-0.7765847
-0.7176404
-0.8157476
-0.6839522
-0.9031026
-0.788066
-0.9126657
-0.7786991
-0.7132528
-0.7460827
-0.8979526
-0.8329271
-0.6538101
-0.6378664
-0.8229351
-0.6174635
-0.8520428
-0.7694844
-0.799472
-0.6173264
-0.6881863
-0.706739
-0.886317
-0.7158683
-0.5555232
-0.7230383
-0.7074721
-0.7488377
-0.7730065
-0.6235184
-0.5439576
-0.7289933
-0.7375468
-0.6734
-0.7015978
-0.670717
-0.6209746
-0.6788144
-0.8024146
-0.642259
-0.6342528
-0.7571542
-0.6023621
-0.7371473
-0.6005759
-0.6767805
-0.6776024
-0.6258704
-0.7401636
-0.615061
-0.6792973
-0.6428412
-0.5361049
-0.4706266
-0.5958242
-0.7803904
-0.5170404
-0.6630604
-0.690135
-0.5601593
-0.8043323
-0.7670995
-0.6091078
-0.7122751
-0.6297265
-0.736188
-0.7146448
-0.6003441
-0.7946646
-0.60945
-0.6690059
-0.7185363
-0.573267
-0.514479
-0.5504768
-0.5964651
-0.6668282
-0.6337046
-0.6785366
-0.705282
-0.5724465
-0.6130954
-0.6034823
-0.5278931
-0.5365007
-0.6152766
-0.5327379
-0.6236266
-0.5133869
-0.6453999
-0.4752909
-0.5855139
-0.6746534
-0.6017768
-0.5349111
-0.6610368
-0.5534647
-0.6058407
-0.4629572
-0.4691348
-0.7215504
-0.664793
-0.6536878
-0.6047743
-0.5893468
-0.5623977
-0.4541844
-0.4292587
-0.704102
-0.711749
-0.5371459
-0.5838209
-0.4919565
-0.3663613
-0.6108643
-0.5727819
-0.3897364
-0.477454
-0.4149133
-0.4890308
-0.3713772
-0.669524
-0.4925383
-0.5509022
-0.4189076
-0.4651327
-0.4950014
-0.4011686
-0.5204794
-0.6038294
-0.5381659
-0.5117863
-0.4172882
-0.5040684
-0.3781978
-0.6746161
-0.5402581
-0.5378929
-0.4179562
-0.3373755
-0.5037631
-0.4517171
-0.507343
-0.3524731
-0.4673053
-0.3112764
-0.4867319
-0.4321935
-0.5238858
-0.5822436
-0.4323264
-0.4401227
-0.4909191
-0.5316378
-0.499953
-0.3727148
-0.352303
-0.4310612
-0.4696337
-0.364142
-0.5623138
-0.4019478
-0.4797903
-0.3805605
-0.4191759
-0.4894189
-0.4379541
-0.4634972
-0.540201
-0.3629948
-0.2742376
-0.4173684
-0.33626
-0.5473486
-0.2997641
-0.4214154
-0.6257346
-0.3209031
-0.5061757
-0.4260071
-0.2943234
-0.4956139
-0.2769022
-0.2627897
-0.3567954
-0.4069262
-0.2808619
-0.3450737
-0.5817835
-0.1987859
-0.3310451
-0.2821444
-0.3086613
-0.4052962
-0.4616358
-0.3289441
-0.3463649
-0.3331018
-0.2921152
-0.4446724
-0.3056605
-0.3481975
-0.3333009
-0.3359968
-0.4692416
-0.3283481
-0.2662425
-0.3159695
-0.437535
-0.3819929
-0.362445
-0.5230256
-0.4270018
-0.3004931
-0.3583021
-0.3104995
-0.3325658
-0.2864782
-0.3382386
-0.3167392
-0.4239752
-0.3590392
-0.2951371
-0.2118416
-0.3297979
-0.3953279
-0.3144256
-0.3941028
-0.2785166
-0.2444921
-0.4162315
-0.3901979
-0.2862188
-0.2742947
-0.1948808
-0.4888804
-0.04975795
-0.05938305
-0.2239456
-0.2068691
-0.3110392
-0.2931172
-0.2565311
-0.3147144
-0.4188414
-0.245076
-0.2314901
-0.33515
-0.3628314
-0.1544482
-0.2696928
-0.224892
-0.2638063
-0.3221402
-0.2429921
-0.3562662
-0.2703543
-0.3851112
-0.4069417
-0.2131571
-0.2729982
-0.08615431
-0.3285012
-0.3016258
-0.3252706
-0.3376164
-0.1950854
-0.3241551
-0.3709182
-0.236525
-0.2195862
-0.1802495
-0.2836602
-0.2864559
-0.2671512
-0.4121658
-0.2629057
-0.2003139
-0.2047698
-0.1608467
-0.3451537
-0.2167044
-0.1052422
-0.1472858
-0.1653075
-0.1533518
-0.2151101
-0.2095226
-0.20486
-0.1184909
-0.296474
-0.1789704
-0.1685797
-0.167088
-0.1099421
-0.07725745
-0.0949501
-0.3085157
-0.3916323
-0.1992227
-0.2428866
0.03244752
-0.2130851
-0.1734057
-0.1094411
-0.2268176
-0.07598102
-0.2112844
-0.1548679
-0.1457133
-0.0581639
-0.0746657
-0.1032854
-0.04891288
-0.05618284
-0.1187061
-0.09949624
-0.2478305
-0.3393019
-0.1518551
-0.2506776
0.06179292
-0.0764568
-0.2236842
-0.1134674
-0.1343797
-0.1765479
-0.2759221
-0.1579724
-0.05113374
-0.02981126
-0.1590904
-0.1429588
-0.0980019
-0.161773
-0.1884709
-0.04856961
-0.1831832
-0.05791157
-0.08888991
-0.1120589
-0.1780009
-0.0135176
-0.0002055165
-0.002798138
-0.04021727
-0.1198216
-0.06702096
0.01349012
-0.02401972
-0.1480855
-0.07244894
0.05331298
-0.1059263
-0.04761625
-0.07671698
-0.09330195
-0.03738877
0.01389634
-0.09490791
-0.02923202
-0.1145655
-0.07678638
0.02529227
0.1041402
0.02346908
0.01631605
-0.09114935
-0.1018322
0.02654363
-0.05514853
-0.07461262
-0.008984294
-0.1852004
0.1662815
-0.03555449
-0.03304878
0.009736429
-0.02287451
0.1092363
-0.1244272
-0.04438341
0.0711906
-0.06079658
0.05814515
-0.02885468
0.01401832
-0.02973115
-0.131774
0.02708787
0.02621813
0.08325742
-0.09438338
-0.02601499
0.07603261
0.006480966
0.06295155
0.04542695
0.04364604
0.02218021
-0.1040138
-0.0298842
0.1877034
0.01543463
-0.02541957
0.2865781
0.04303969
0.04077815
-0.01483841
0.1265098
-0.02646576
0.162729
0.1003522
0.09068671
0.1808011
0.07488289
-0.03731094
0.003274337
0.1788034
0.1472243
0.115889
0.1107044
-0.01676899
0.04718435
0.05610363
0.1218039
0.09935745
0.08732383
0.1379355
0.25849
0.08945976
0.1264193
0.09122743
0.01699974
0.1927145
0.05035901
0.150647
0.212294
0.2006614
0.05631547
0.05665776
0.1557423
0.1326443
0.1133677
0.2141247
0.03326841
-0.06523812
0.1451268
0.09794304
0.1811773
0.1540411
0.2145575
0.1690516
0.2117192
0.1110536
0.1100515
0.1984017
0.1214519
0.1410871
0.2417481
0.244862
0.1566975
0.1658457
0.2396998
0.3033671
0.08048767
-0.005034939
0.1347282
0.06844509
0.1977059
0.2810522
0.3279509
0.2781966
0.04889232
0.225333
0.2330949
0.2690891
0.2540446
0.1284264
0.255141
0.06572638
0.1802237
0.1805539
0.3107051
0.1800915
0.1188334
0.1707095
0.2751356
0.1995278
0.321058
0.193729
0.2902116
0.3167278
0.1786727
0.2501759
0.194096
0.238671
0.2979684
0.1846615
0.2877928
0.0789335
0.2502281
0.2049272
0.1884772
0.2437002
0.21798
0.3058511
0.2826644
0.2069169
0.1392773
0.261645
0.3249005
0.07191905
0.1205894
0.4207463
0.2936459
0.04931945
0.2005165
0.3943858
0.265663
0.2514373
0.3176335
0.3168362
0.3142882
0.30783
0.3004111
0.2296994
0.2846571
0.2501742
0.3211472
0.3405772
0.3848078
0.3197031
0.3086503
0.3902769
0.3379131
0.3364499
0.2486768
0.2955784
0.2951423
0.2493048
0.3205194
0.3019313
0.3309654
0.1921376
0.3651319
0.4417236
0.2602878
0.3029475
0.3795528
0.2577877
0.4616831
0.3214214
0.2020223
0.3679581
0.461516
0.4415215
0.322047
0.2117562
0.3958377
0.2512048
0.3957223
0.2651469
0.3289731
0.3044054
0.3605055
0.4691954
0.4835118
0.394506
0.5382626
0.4379181
0.4335241
0.3869039
0.3310135
0.5714134
0.2612908
0.4130957
0.2509162
0.2797186
0.3194484
0.4152863
0.4448255
0.3451053
0.4678185
0.3861657
0.4098627
0.2865998
0.4637003
0.3909368
0.4840061
0.3832611
0.6252904
0.404961
0.5606862
0.3619608
0.3397339
0.3921513
0.3897281
0.5277648
0.412053
0.2920948
0.356994
0.4625379
0.5303329
0.47885
0.6263726
0.3891512
0.3021427
0.4664007
0.4385475
0.4615393
0.5260125
0.4979373
0.4009307
0.5082868
0.6030327
0.3742588
0.5129857
0.5300055
0.4401769
0.3954986
0.4275409
0.5785691
0.3458395
0.5522552
0.5150043
0.5786048
0.5071
0.5538714
0.3671083
0.4403889
0.4321655
0.5631711
0.5708259
0.3763581
0.5498759
0.4343524
0.6109496
0.6155521
0.485994
0.5446179
0.4282601
0.5905925
0.5295259
0.5169739
0.4354616
0.4814327
0.4520036
0.5456354
0.5236652
0.52563
0.5327859
0.5949019
0.6305298
0.468961
0.6610008
0.7033833
0.5365758
0.5832099
0.4202302
0.6393352
0.5257512
0.5775263
0.4746714
0.4898011
0.6966761
0.5269798
0.4904239
0.573877
0.6440166
0.5445954
0.5360169
0.4811488
0.4299423
0.5930549
0.565308
0.4907578
0.664248
0.6055229
0.6218251
0.6179275
0.5382991
0.5868645
0.5619732
0.6690147
0.7406109
0.5878637
0.6890826
0.6335224
0.5489235
0.5188023
0.6434941
0.738056
0.5895847
0.6231525
0.5927532
0.6830456
0.4117242
0.5300232
0.68965
0.5060148
0.7170521
0.5877306
0.7509082
0.7219727
0.634818
0.6966201
0.7649742
0.6304168
0.7567844
0.5771823
0.5397061
0.6083178
0.6829447
0.5477899
0.5838213
0.867765
0.5675155
0.6716354
0.662913
0.8619778
0.734295
0.6387894
0.6474935
0.7649242
0.6818515
0.7141755
0.7586005
0.6389114
0.6504628
0.6257031
0.7866767
0.7835503
0.7143589
0.5882163
0.7175566
0.6459711
0.6684842
0.7322528
0.8105047
0.7956951
0.690709
0.8009461
0.7023711
0.6485427
0.7823021
0.605757
0.8251227
0.700563
0.7525113
0.7355378
0.6637828
0.735136
0.7115219
0.6819513
0.7323373
0.7740357
0.7715288
0.8398525
0.6513331
0.7202294
0.7024682
0.6614372
0.8084945
0.8423817
0.8661499
0.7089003
0.8319596
0.9201636
0.7717987
0.8540217
0.7444182
0.7556707
0.796773
0.7631278
0.798235
0.8844904
0.7810406
0.7434319
0.9514506
0.7495904
0.8146571
0.7973869
0.8196838
0.8142327
0.7852851
0.743739
0.808698
0.8866246
0.7688386
0.7579006
0.8119398
0.8803907
0.9945708
0.8713273
0.8053427
0.748473
0.9284006
0.8903241
0.8744396
0.8912419
0.8526414
0.9432859
0.8968546
0.9156053
0.9173904
0.6556552
0.938297
0.870313
0.8614795
0.7801371
0.8246361
0.8160786
0.8540784
0.9996552
0.9282083
0.8703491
0.8474581
0.8045416
0.8019759
0.9361317
0.8397326
0.840545
0.8558276
0.6112555
0.9155633
0.8692642
0.8228823
0.867584
1.064242
0.8861954
0.868029
0.8354512
1.065555
0.8843029
0.9117103
1.027806
1.104506
0.796529
1.047644
0.8974712
1.054786
1.08882
0.9090067
0.902209
0.8510463
0.883369
0.9006726
0.7992202
0.9172117
1.00767
1.05085
0.9544951
1.030401
0.952256
0.859237
0.8499767
0.7875692
0.9575175
0.9124051
0.8432334
1.035147
0.8193107
0.9769867
0.9657807
0.9013477
1.032359
1.121245
0.9921338
0.9932262
1.0726
0.9287029
0.9558185
1.01791
1.007896
1.023512
1.047815
0.7944032
1.054876
0.9080896
1.021952
1.017086