-0.03221548
-1.082015
-0.9879202
-1.023358
-0.9247044
-0.9361881
-0.8849733
-0.9071713
-0.9570722
-1.15208
-0.9399007
-0.9219572
-0.9944341
-0.9864796
-0.8850413
-1.034482
-0.9996098
-0.7588556
-0.9877943
-0.9967026
-0.9815885
-0.7872926
-0.8964127
-1.000476
-0.8668533
-0.8978907
-0.9881323
-0.9286367
-0.9417221
-0.9231606
-0.7829091
-0.9260159
-0.8204378
-1.0405
-0.9422523
-0.8567361
-0.9464148
-0.9043669
-0.9630832
-0.8536999
-0.8653111
-0.9621281
-0.9494188
-1.063488
-0.9899515
-1.002869
-0.9946916
-1.055805
-0.9388703
-0.8854919
-0.9252337
-0.9350376
-1.013474
-0.8956899
-0.8987728
-0.9780348
-0.8342892
-0.8195242
-0.9299447
-0.9303511
-0.8753044
-0.9054689
-1.036942
-0.9983025
-0.8099278
-0.8749979
-0.8356338
-0.8997708
-0.7292472
-0.9401224
-0.8869484
-0.9604732
-0.9340955
-0.9448002
-0.9560358
-0.8074469
-0.9071112
-0.8772866
-0.715215
-0.8183769
-0.7838775
-0.8833442
-0.8152944
-0.9353542
-0.9537523
-1.022213
-0.8452739
-0.7537524
-0.7986035
-0.7976341
-0.8841961
-0.9469771
-0.7288962
-0.9382882
-0.7654592
-0.8693106
-0.7860597
-0.7638472
-0.9101781
-0.7617849
-0.8326759
-0.7538901
-0.8064613
-0.779296
-0.737768
-0.7311873
-0.8404882
-0.5845788
-0.7462168
-0.7968378
-0.8706136
-0.8086191
-0.8268108
-0.7819208
-0.5586158
-0.8245768
-0.8081209
-0.753506
-0.7890498
-0.6528064
-0.8654986
-0.7065933
-0.8902199
-0.6847215
-0.6880298
-0.7920369
-0.7998358
-0.7778631
-0.7770649
-0.8526919
-0.815271
-0.7551576
-0.8180947
-0.6180407
-0.7192566
-0.8136577
-0.7882499
-0.6767171
-0.7473519
-0.8059458
-0.6897575
-0.7640922
-0.7376768
-0.4836409
-0.8159861
-0.6483852
-0.7482622
-0.4693247
-0.6447545
-0.642427
-0.6970951
-0.6200863
-0.667098
-0.6224435
-0.7237963
-0.7528704
-0.6699002
-0.69021
-0.5815051
-0.7903956
-0.727374
-0.6569149
-0.5569976
-0.5851582
-0.6236271
-0.7024916
-0.712339
-0.6881029
-0.6944672
-0.629177
-0.5843264
-0.6617648
-0.6078567
-0.4966785
-0.7480997
-0.5785444
-0.7916993
-0.6111016
-0.7769762
-0.5908083
-0.5686749
-0.5959888
-0.646828
-0.5786306
-0.6050197
-0.6215166
-0.7171923
-0.660991
-0.5856387
-0.5456302
-0.7608034
-0.6438589
-0.7355493
-0.5667579
-0.5841399
-0.6258775
-0.5571354
-0.6333447
-0.6663498
-0.4817834
-0.5588165
-0.7637508
-0.5986578
-0.6332129
-0.655897
-0.6574501
-0.5798604
-0.392223
-0.60051
-0.4168184
-0.5022606
-0.5652743
-0.5060876
-0.5067239
-0.6181004
-0.6007176
-0.5454416
-0.7036285
-0.4907953
-0.641518
-0.5808475
-0.5511391
-0.6610811
-0.6899807
-0.4056218
-0.6162673
-0.572861
-0.3885444
-0.4725629
-0.5943698
-0.5675897
-0.3690105
-0.6104807
-0.5085539
-0.5942925
-0.6391339
-0.4841404
-0.454549
-0.5527338
-0.4746856
-0.5228498
-0.4682606
-0.5366369
-0.5841016
-0.4294713
-0.5744458
-0.5937368
-0.5073217
-0.5695222
-0.6226688
-0.5292809
-0.3419958
-0.6566012
-0.3561713
-0.5223136
-0.5264628
-0.5020115
-0.4713528
-0.4754076
-0.3897254
-0.3750615
-0.4948653
-0.611335
-0.4529189
-0.4900596
-0.5526385
-0.3875736
-0.419599
-0.4361427
-0.4922218
-0.3977324
-0.3313523
-0.4605733
-0.4125558
-0.2780373
-0.3614446
-0.4231763
-0.4588511
-0.3786087
-0.5132973
-0.4440667
-0.4090824
-0.3449752
-0.46581
-0.5167456
-0.3288124
-0.4934584
-0.5108886
-0.2806452
-0.5768235
-0.456548
-0.3782588
-0.4475212
-0.3830392
-0.4373217
-0.3771192
-0.4091721
-0.5660859
-0.3624878
-0.4296254
-0.5817387
-0.5273619
-0.4000246
-0.4838934
-0.4908889
-0.4429369
-0.3561211
-0.288943
-0.4499419
-0.4670793
-0.4916001
-0.587151
-0.3748217
-0.3661721
-0.3493188
-0.4591571
-0.4830515
-0.3364203
-0.4149998
-0.4049145
-0.4580421
-0.3858924
-0.354767
-0.2388406
-0.3899969
-0.3685295
-0.415919
-0.372454
-0.4067688
-0.3109314
-0.3785586
-0.3879785
-0.3463717
-0.3504061
-0.3758893
-0.1839901
-0.1668597
-0.1742914
-0.3456145
-0.3999085
-0.359122
-0.3397432
-0.3009546
-0.3154727
-0.3988006
-0.3524643
-0.2985199
-0.2617128
-0.3449449
-0.2485295
-0.2390592
-0.1902693
-0.3067426
-0.2539812
-0.2053207
-0.3475215
-0.2384954
-0.2059778
-0.3778077
-0.1845
-0.3543388
-0.2268852
-0.3119198
-0.2468365
-0.2079529
-0.2739475
-0.3614035
-0.4244621
-0.4246821
-0.2691688
-0.2437859
-0.2047859
-0.3109782
-0.3608215
-0.1291373
-0.3748523
-0.2693183
-0.2292606
-0.1704775
-0.359291
-0.1506274
-0.147511
-0.2767928
-0.4237423
-0.3867722
-0.1182218
-0.1932531
-0.204945
-0.2258207
-0.1611152
-0.344993
-0.3176949
-0.329192
-0.3193401
-0.32722
-0.1644217
-0.2769052
-0.2210767
-0.1505862
-0.2322491
-0.2931838
-0.01798283
-0.04492674
-0.3595088
-0.338678
-0.2086308
-0.2421317
-0.1542854
-0.03891865
-0.1967062
-0.1454337
-0.2895319
-0.1598912
-0.2538806
-0.1841098
-0.1321378
-0.1522514
-0.2957843
-0.2018935
-0.174612
-0.1290275
-0.1591865
-0.0852416
-0.2091326
-0.04328623
-0.3672012
-0.1480973
-0.03802875
-0.1533698
-0.04913824
-0.2051058
-0.1878917
-0.07901177
-0.1290738
-0.138237
-0.22948
-0.07145765
-0.2282947
-0.09828673
-0.254704
-0.197938
-0.1697517
-0.1404841
-0.0514297
-0.1373743
-0.05933522
-0.2942875
-0.2563115
-0.1197201
-0.08191542
-0.2150211
-0.03445385
-0.03868412
-0.2334175
0.02321077
-0.2171381
0.01272256
-0.006195827
-0.001968033
-0.2971833
-0.06060378
-0.05569549
-0.1339874
-0.07726244
-0.1250257
0.05548959
-0.1124086
-0.1513303
-0.04682984
-0.03493406
-0.00329496
-0.09339831
-0.1201957
-0.06986687
-0.0587589
0.02924576
-0.1748114
-0.05661688
0.004463823
-0.03575221
-0.0734824
-0.07203569
0.05106899
0.05810245
-0.05242341
-0.08044893
0.001016431
-0.1999533
-0.056846
0.04789854
-0.1259143
0.1090129
0.0274147
0.02825383
-0.1570329
-0.06603922
0.033768
-0.1817851
-0.009092307
0.008130798
-0.09995921
0.003420783
0.1206452
-0.01059532
-0.05412335
0.08757615
-0.01191437
0.01247836
0.01150535
0.00712771
0.01675885
-0.03292247
0.00228308
0.00468629
0.07317387
0.1362969
-4.589768e-05
0.06242455
0.01156298
0.07176263
0.117232
-0.07336912
0.146085
0.01190401
0.02344476
0.1303797
0.02405072
-0.08576619
-0.06466275
0.08111881
-0.03293623
0.2001646
0.1249481
0.1033439
0.181355
0.1367504
0.04218626
-0.04551408
0.1117828
0.1315054
0.04125082
0.1173504
0.09720938
0.001853776
0.1206712
0.04057366
0.1134368
-0.02103396
0.1791014
0.0336114
0.2465359
0.1617223
0.1170018
0.01600783
0.16459
0.2246681
0.1355675
0.05322705
0.1074739
-0.03973217
0.1120082
0.1767882
0.1061351
0.09428989
0.1823984
0.2497503
0.1974067
0.03504407
0.111484
0.1233943
0.2363294
0.1371677
0.3137872
0.1255213
0.1457665
0.05545949
0.2016057
0.1506518
0.164661
0.1224469
0.1960131
0.1389904
0.1398214
-0.003338638
0.07701418
0.2456424
0.3020793
0.108335
0.1230646
0.3080134
0.140581
0.1503047
0.1764607
0.1193157
0.2424705
0.04532155
0.2227187
0.2462292
0.1143309
0.3154679
0.2012641
0.1617982
0.1294938
0.02899626
0.3189005
0.2439202
0.1419976
0.1809767
0.2021245
0.3485317
0.2330076
0.1638177
0.06448269
0.1843543
0.2554712
0.2244908
0.09417059
0.1305976
0.2547754
0.1424181
0.3223145
0.1961764
0.2196696
0.368866
0.2472103
0.2691885
0.1568294
0.1544882
0.2911555
0.2875206
0.09547083
0.05226771
0.2957412
0.3308525
0.2485725
0.172799
0.2323866
0.2980561
0.1416556
0.1949856
0.2529356
0.2595247
0.2622981
0.3823757
0.2515972
0.3786908
0.138607
0.298705
0.3053033
0.2418238
0.4124183
0.3229478
0.2787858
0.3894861
0.3771889
0.42672
0.3583051
0.2944899
0.2859211
0.4053766
0.3143152
0.1662793
0.3248271
0.4348121
0.3835424
0.4305242
0.3923355
0.2423303
0.3656513
0.2867865
0.2546295
0.4103799
0.4420026
0.4005852
0.2812264
0.3987327
0.2758075
0.4822975
0.5711059
0.5388767
0.4040476
0.5463441
0.34262
0.3984006
0.3189545
0.342394
0.4208151
0.5616917
0.3166866
0.3594293
0.4848897
0.351456
0.2255357
0.2384256
0.3493234
0.3043816
0.3293681
0.2624878
0.4681953
0.3818967
0.2476015
0.4144162
0.3933179
0.4953416
0.3673437
0.3599942
0.3394727
0.4476728
0.3462297
0.4356517
0.3736405
0.4011025
0.321989
0.3158496
0.4978704
0.3908555
0.4334777
0.4358984
0.4497199
0.3801058
0.2257813
0.3920265
0.3137904
0.5780582
0.490517
0.5013275
0.3422988
0.5641965
0.5231407
0.5157307
0.467365
0.4206969
0.4588038
0.4015041
0.4583545
0.4375487
0.475077
0.3832861
0.4758431
0.4227456
0.4442115
0.3550089
0.4808345
0.4567684
0.4742366
0.5365976
0.559576
0.5960299
0.553297
0.550249
0.550801
0.5298435
0.6200823
0.6103616
0.5094645
0.5103683
0.6254156
0.5885917
0.4245367
0.5528204
0.5501822
0.5255364
0.5199963
0.4554173
0.6108778
0.4089785
0.4948402
0.4835553
0.5958931
0.5288953
0.5634087
0.5087403
0.5316835
0.4585547
0.4860959
0.5519659
0.398691
0.5276195
0.636592
0.6315409
0.608353
0.5695661
0.6857403
0.4379563
0.5672604
0.6050777
0.5219443
0.6105491
0.5425722
0.5249513
0.4399225
0.7482347
0.61441
0.6017467
0.4689546
0.5058737
0.5991892
0.5415174
0.574124
0.6619227
0.5590486
0.5570617
0.4431055
0.659706
0.5521125
0.4347644
0.4743411
0.5373308
0.6201232
0.6260802
0.6003979
0.7123805
0.7183953
0.6610631
0.7189754
0.5294581
0.5434136
0.6810817
0.5877058
0.6332552
0.6379348
0.6931748
0.4327019
0.6694955
0.69331
0.8584097
0.7272027
0.6731408
0.6807809
0.757267
0.84256
0.6708044
0.6243228
0.6757963
0.6849888
0.7631819
0.6716611
0.6083503
0.7562303
0.7072627
0.6549112
0.641595
0.6995744
0.6771422
0.6241208
0.7867101
0.6013114
0.6535997
0.5960522
0.6287459
0.7934243
0.7208247
0.7053532
0.7644184
0.8149623
0.7913499
0.6978719
0.6955007
0.7863498
0.6214261
0.8877187
0.6798577
0.7499741
0.789756
0.6703275
0.7072882
0.6697381
0.7998564
0.6865662
0.6082405
0.6188179
0.7686569
0.6922404
0.8412348
0.8621482
0.7142575
0.6783968
0.8115431
0.7869026
0.582456
0.7945113
0.6801481
0.6684268
0.7813943
0.705832
0.7463
0.692982
0.7740735
0.7851508
0.696965
0.8584831
0.8529597
0.9396721
0.8814488
0.736034
0.8052353
0.6868891
0.7259614
0.7534115
0.7170655
0.924101
0.7917569
0.8760219
0.6734504
0.8065576
0.8184606
0.826644
0.7664124
0.8595454
0.726955
0.8154417
0.7009652
0.8127346
0.7933709
0.8190099
0.771704
0.7944821
0.9143231
0.8272332
0.9430417
0.8411187
0.8940197
0.8153711
0.8207484
0.778664
0.9720489
0.9253619
0.8643191
0.8272879
1.065116
0.8151079
0.9372881
0.9555307
0.8604646
0.8078633
0.8856004
0.7747018
0.8571582
0.7236585
0.9080433
1.004752
0.7774832
0.9399342
0.7654092
0.8996998
0.9896772
0.8546345
0.9488504
0.8300363
0.8794823
0.7499092
0.8850247
0.9625797
0.9768194
0.9745108
0.9231338
0.7595693
1.100539
0.9617173
0.8514123
0.9683905
0.8655777
0.8954417
0.9288852
0.9711611
0.942044
1.033077
0.9095587
0.9004869
0.7922927
0.9115952
1.014274
0.9364747
1.043452
0.9338431
1.042842
0.8562953
0.8531099
0.9644225
0.9149797
0.9731667
0.7402693
0.9047596
1.024717
0.9186364
0.8229786
1.017813
0.9511314
1.034208
0.9407252
0.9795435
1.135825
0.9671898
1.11186
0.9743389
0.9518005
1.002443
0.9095415
1.058675
1.101348
0.8582786