-0.02247948
-0.9703038
-0.9663784
-0.9567419
-1.070384
-0.933863
-0.8765357
-0.9691385
-0.8570096
-0.9814705
-1.097408
-1.080211
-1.093246
-0.9422502
-0.9003031
-1.0082
-0.9845199
-0.9433967
-1.017042
-0.9151697
-1.112396
-1.098491
-0.9710226
-1.098455
-0.9510707
-0.7865664
-0.9639605
-1.093809
-0.9100988
-0.968727
-1.04801
-0.9108877
-0.8541119
-0.9660142
-0.9590227
-1.064194
-0.9775068
-1.088507
-0.8840633
-0.8865192
-0.7506663
-0.8481101
-0.9630478
-0.969485
-1.02268
-0.8862551
-1.005213
-0.968516
-1.016616
-0.8687514
-0.9035406
-0.8063404
-0.9129042
-0.8923543
-0.9226781
-0.9656363
-1.020271
-0.9623932
-0.7924965
-0.8324409
-0.8325477
-0.9147485
-0.9828926
-0.8267863
-0.7799209
-0.852171
-0.8416825
-0.9449916
-0.9228048
-0.8756056
-0.7845035
-0.7848918
-0.7970437
-0.9093354
-0.7365284
-0.7870603
-0.875905
-0.8486053
-0.8002211
-0.8963925
-0.887198
-0.7542344
-0.7424962
-0.787501
-0.7156571
-0.9421543
-0.7983418
-0.8522598
-0.8906734
-0.6774648
-0.7040454
-0.9530602
-0.7945244
-0.8454415
-0.9174439
-0.6896351
-0.6960854
-0.9023531
-0.7395603
-0.7690288
-0.7393064
-0.9408229
-0.7678616
-0.8395706
-0.7600331
-0.8569595
-0.8577166
-0.8962818
-0.9016849
-0.7640272
-0.7772302
-0.7312444
-0.7152013
-0.8516547
-0.6793025
-0.8881059
-0.5654602
-0.9315834
-0.886933
-0.7903067
-0.7299039
-0.8243692
-0.7084979
-0.8807202
-0.7984843
-0.8843869
-0.7735312
-0.7203086
-0.7377451
-0.8980649
-0.8318981
-0.6240526
-0.6456443
-0.8340133
-0.6274676
-0.8740698
-0.7858885
-0.7865402
-0.612359
-0.7057152
-0.7063769
-0.8747018
-0.7087744
-0.5370479
-0.7283768
-0.719637
-0.7722717
-0.7814325
-0.6166601
-0.5662879
-0.7231456
-0.7516896
-0.6790527
-0.706262
-0.6453962
-0.6227771
-0.6865909
-0.8172012
-0.6367654
-0.6597255
-0.7604809
-0.572924
-0.7491719
-0.6010281
-0.6818534
-0.6561995
-0.6290123
-0.7449358
-0.6103163
-0.6777266
-0.6571615
-0.4846745
-0.4845126
-0.5964331
-0.7842436
-0.5249909
-0.6797198
-0.6997963
-0.5662228
-0.8136171
-0.7602199
-0.609689
-0.7259092
-0.6266975
-0.7241224
-0.701293
-0.5743542
-0.7979448
-0.6038235
-0.6727221
-0.7200442
-0.5807852
-0.5078357
-0.5345712
-0.591974
-0.6872967
-0.6142743
-0.6636018
-0.7103792
-0.5848439
-0.6237933
-0.6254504
-0.5324932
-0.5268869
-0.6302733
-0.5484356
-0.611056
-0.5232606
-0.6626403
-0.4843882
-0.5757449
-0.6675143
-0.6324662
-0.5292912
-0.6740168
-0.5402938
-0.617666
-0.4380662
-0.4805464
-0.7114662
-0.6651348
-0.6504991
-0.6129785
-0.6231667
-0.5290334
-0.4384481
-0.4443851
-0.6837604
-0.7037674
-0.5358325
-0.5886973
-0.5242957
-0.3849069
-0.5914086
-0.5449927
-0.3776469
-0.4959698
-0.4113033
-0.4584
-0.3776932
-0.662247
-0.4857346
-0.5757229
-0.4296487
-0.454115
-0.4842804
-0.394467
-0.5235131
-0.5978337
-0.5257893
-0.5037452
-0.3921825
-0.4957535
-0.3789101
-0.6817457
-0.5401837
-0.5346801
-0.4097152
-0.3449969
-0.5048095
-0.4469513
-0.4879709
-0.3449175
-0.4804013
-0.3220696
-0.5232027
-0.4558037
-0.5054512
-0.6038022
-0.4349839
-0.4413743
-0.5115589
-0.5173928
-0.4957043
-0.3824332
-0.3474023
-0.4550681
-0.4838638
-0.3684384
-0.5688925
-0.3916898
-0.4864481
-0.365803
-0.4269451
-0.4732432
-0.4213563
-0.4704668
-0.5225536
-0.3504518
-0.2821395
-0.3978381
-0.347222
-0.5029441
-0.3022073
-0.4169337
-0.6313425
-0.3211251
-0.4862587
-0.4313433
-0.3240442
-0.4910616
-0.2873465
-0.2831192
-0.3688423
-0.4202194
-0.2650639
-0.3626397
-0.5564068
-0.1912474
-0.3402641
-0.2552439
-0.2854742
-0.3952617
-0.4599039
-0.313498
-0.3380921
-0.3311305
-0.2888363
-0.448709
-0.2999452
-0.3543856
-0.3268746
-0.3865947
-0.4581637
-0.3135115
-0.2911109
-0.345433
-0.4359243
-0.3992715
-0.3625833
-0.5093712
-0.4306616
-0.3060839
-0.3558772
-0.29704
-0.3411791
-0.2835824
-0.332068
-0.2941989
-0.409239
-0.3656504
-0.2871968
-0.1847539
-0.327132
-0.3558762
-0.2968501
-0.3882302
-0.2690217
-0.2503533
-0.4155288
-0.3824793
-0.289822
-0.2606154
-0.2309574
-0.500127
-0.04258365
-0.07269298
-0.2092631
-0.2102063
-0.2919268
-0.3168528
-0.2726709
-0.3216729
-0.4063133
-0.2340334
-0.247016
-0.3331943
-0.3799229
-0.1625122
-0.2837724
-0.220569
-0.2480581
-0.3249994
-0.2276563
-0.3794725
-0.2354396
-0.376005
-0.404678
-0.2066764
-0.2593067
-0.08758614
-0.3388276
-0.2914816
-0.3596733
-0.3459831
-0.1998323
-0.3130187
-0.3572023
-0.2433839
-0.2144363
-0.1855717
-0.2822485
-0.252398
-0.2891714
-0.3927066
-0.2479585
-0.2143674
-0.2099381
-0.1301878
-0.3769009
-0.1985921
-0.1037633
-0.1788414
-0.179158
-0.139709
-0.1885382
-0.1745566
-0.2293288
-0.1233494
-0.2943891
-0.1575585
-0.1372186
-0.1638771
-0.112354
-0.07002224
-0.08366952
-0.3260386
-0.3870541
-0.1878848
-0.2457606
0.04660314
-0.1939575
-0.1595401
-0.1137008
-0.2189217
-0.06145454
-0.2042472
-0.1514316
-0.1422495
-0.05848208
-0.104945
-0.09405004
-0.03338921
-0.04661805
-0.1142352
-0.09638096
-0.2472583
-0.3605964
-0.1290535
-0.2543715
0.07244766
-0.08601587
-0.2200044
-0.1154876
-0.1358667
-0.1905228
-0.2544188
-0.1489121
-0.05691429
-0.03087499
-0.1813967
-0.1404514
-0.102585
-0.157515
-0.1788006
-0.05997832
-0.1631656
-0.04043138
-0.08828506
-0.09867156
-0.1777388
-0.02109542
0.01416358
-0.002649322
-0.0211829
-0.1254949
-0.05279694
-0.001633474
-0.01176548
-0.1671333
-0.08787203
0.05611907
-0.09659945
-0.03140705
-0.07964553
-0.1063984
-0.02687899
-0.0001157938
-0.07812327
-0.02902437
-0.1211323
-0.08897616
0.05072633
0.1004806
0.01899993
0.01741677
-0.09912562
-0.1213315
0.04016277
-0.06130946
-0.06429684
0.02380859
-0.1923548
0.1720211
-0.006426362
-0.04422838
0.007812482
-0.02828693
0.09206886
-0.127802
-0.0363246
0.07297558
-0.04226118
0.06738548
-0.007738111
0.04083367
-0.0267264
-0.1235121
0.01116149
0.02112557
0.07389069
-0.08237955
-0.03099578
0.05526778
-6.574311e-05
0.05949585
0.04080512
0.0217947
0.01916065
-0.09867231
-0.008289034
0.1961436
0.01993614
-0.02785055
0.2772201
0.03778296
0.0297646
-0.008772038
0.1175812
-0.03664403
0.1617044
0.1275177
0.0767032
0.1940932
0.07834073
-0.02910754
0.02272571
0.1830426
0.1399174
0.102626
0.09657076
0.01163588
0.03453411
0.06202603
0.1250101
0.115114
0.08223672
0.1342289
0.2558821
0.09345825
0.1255153
0.09018937
0.001252439
0.2126235
0.04158628
0.1335974
0.2193736
0.2093051
0.07621981
0.05984071
0.1654307
0.1411827
0.1209741
0.216944
0.02181274
-0.06112251
0.1713754
0.1215773
0.1745687
0.1648614
0.2089188
0.1815122
0.1979262
0.07952865
0.09948897
0.2017881
0.1308121
0.1852154
0.2266443
0.2358389
0.1419887
0.1777712
0.2174003
0.2917367
0.08649699
-0.02304191
0.105017
0.07740067
0.212595
0.2831398
0.3294683
0.2782734
0.03834731
0.2083352
0.2368707
0.2847854
0.2256733
0.1256675
0.2847816
0.07393829
0.1863562
0.1936344
0.2903225
0.1928632
0.1043719
0.1957866
0.2599235
0.1789027
0.2789814
0.1869903
0.293073
0.3038653
0.196484
0.259416
0.1656571
0.2472505
0.3084396
0.1825732
0.2756262
0.08600296
0.2320171
0.2072852
0.1724732
0.238337
0.1879305
0.2956504
0.3031982
0.1973197
0.1218527
0.2732062
0.3334633
0.068336
0.1343559
0.4353092
0.2754918
0.04936285
0.2003583
0.4133446
0.2795272
0.2795606
0.3695751
0.3061912
0.3331004
0.2983505
0.3068672
0.2622925
0.2866901
0.2260245
0.3288828
0.3403389
0.3636881
0.3230427
0.3074438
0.3791421
0.3419634
0.3189389
0.2621776
0.2722603
0.2822113
0.2368702
0.3150855
0.3249681
0.3300899
0.1965181
0.3965349
0.4324852
0.2496374
0.295578
0.3782113
0.2737211
0.4488501
0.3255044
0.1951796
0.3520239
0.4484042
0.4522074
0.3269513
0.1988254
0.3871145
0.2379341
0.3956342
0.2729821
0.3273606
0.3178657
0.3461782
0.4560401
0.4925416
0.3769259
0.544002
0.4723088
0.4271834
0.4025054
0.3382213
0.5616358
0.2440456
0.3862202
0.2558902
0.2745142
0.3359809
0.3993545
0.4357626
0.3569514
0.4590195
0.3469116
0.400442
0.295264
0.4584802
0.398889
0.4503312
0.3983372
0.6511859
0.4187629
0.549188
0.3753827
0.361828
0.3852055
0.3982383
0.5240611
0.4010683
0.2817477
0.3742179
0.4627979
0.5295311
0.4474864
0.6003773
0.4102823
0.3005907
0.4756322
0.4414535
0.4751984
0.5179997
0.496101
0.382419
0.5107662
0.6070471
0.3680557
0.5348262
0.571508
0.4360423
0.4015285
0.4246176
0.5580345
0.3658492
0.5464485
0.5098114
0.5664366
0.509328
0.5681068
0.3601155
0.4443389
0.4263081
0.5692908
0.5763658
0.3904241
0.5636716
0.4230737
0.61216
0.6212181
0.4698175
0.5527839
0.4370242
0.6036779
0.5348958
0.5071333
0.4211234
0.4951028
0.4551888
0.5452365
0.5031833
0.56307
0.5489215
0.5760811
0.6311213
0.468174
0.6541413
0.6905544
0.5074087
0.573669
0.4122949
0.6275327
0.5088407
0.5882942
0.4582928
0.4672385
0.6981047
0.5192994
0.499867
0.5527133
0.6362128
0.5270024
0.5330315
0.4746108
0.4221349
0.6031341
0.5777115
0.4696281
0.6657571
0.6159152
0.6224481
0.6183153
0.5233453
0.5853589
0.5791459
0.6539339
0.7096349
0.5825523
0.7144364
0.6517045
0.5493574
0.4978461
0.627354
0.7255858
0.5833567
0.6292956
0.5812126
0.6635305
0.4267128
0.5332978
0.7180203
0.4961883
0.7235512
0.5971359
0.756929
0.7386942
0.6227589
0.6741587
0.7561857
0.621075
0.728682
0.5830909
0.5518241
0.6255466
0.6865427
0.5438639
0.5966709
0.8512278
0.5707516
0.6970376
0.6738097
0.8550263
0.7143367
0.634805
0.6223855
0.7440513
0.6771949
0.7060618
0.73499
0.6684335
0.6497672
0.6378392
0.7927737
0.7897998
0.7240209
0.6087435
0.7033413
0.6457133
0.6837021
0.7313957
0.7867265
0.7777668
0.7106969
0.8048407
0.6993961
0.6250867
0.7715173
0.6041612
0.824572
0.7221421
0.763011
0.7406906
0.6603335
0.7480339
0.7114645
0.6607401
0.7440293
0.7688907
0.7935287
0.8347261
0.664517
0.7246298
0.6883091
0.6915064
0.8018501
0.8679906
0.8644206
0.7004505
0.834955
0.9138651
0.7933084
0.8585353
0.7430291
0.7805789
0.8142379
0.747381
0.8227601
0.9056883
0.7883432
0.7395855
0.9390937
0.7536758
0.8297578
0.8022515
0.8316798
0.8107541
0.755517
0.7546915
0.8206063
0.8748833
0.7732689
0.7388338
0.8077644
0.8641332
0.9745512
0.8890101
0.792476
0.7337757
0.9287884
0.9128669
0.8828679
0.897147
0.8338829
0.978979
0.8820267
0.9145929
0.9212611
0.6666498
0.9591256
0.8704248
0.8666393
0.789001
0.8185439
0.8399293
0.8714956
1.002468
0.9372185
0.8623744
0.855398
0.7927304
0.7778835
0.9326345
0.8331396
0.8300065
0.8472642
0.6364302
0.9427977
0.8578653
0.835439
0.8776035
1.043502
0.8899634
0.8889348
0.8154731
1.061453
0.8946635
0.9266269
1.028745
1.10251
0.8099013
1.046066
0.9048418
1.058528
1.08046
0.9018518
0.9212256
0.8599601
0.8718928
0.8982219
0.7960342
0.9121985
1.001434
1.047754
0.9529408
1.049379
0.9505444
0.8599233
0.8542053
0.8019953
0.9633808
0.9051638
0.8373906
1.011435
0.8292786
0.9876762
0.9612499
0.8904635
1.048503
1.096166
0.9839961
0.9925518
1.067251
0.910786
0.9646489
1.023254
1.036778
1.001424
1.02145
0.7961314
1.05716
0.8956333
1.025322
1.019402