0.03279718
-0.9641568
-1.059748
-0.9544817
-1.070587
-0.9419846
-0.9873479
-1.01115
-1.148485
-0.999895
-0.9639591
-0.95245
-1.01404
-0.9554021
-0.9239166
-0.957363
-0.9384143
-0.8821472
-1.004764
-0.9518283
-1.030102
-0.9675396
-0.8477762
-0.8992454
-1.092753
-0.8752076
-0.8981565
-0.9631237
-1.046533
-0.9393073
-0.9200613
-0.9065344
-0.9000755
-0.9716017
-0.883654
-0.8886643
-0.9043369
-0.8218145
-0.9147696
-0.9077255
-0.6637493
-0.7784989
-0.8604151
-0.8995088
-0.99551
-0.7849981
-0.9793442
-0.9277334
-0.9377077
-0.9247813
-0.8412053
-1.045237
-1.037875
-0.6700377
-0.7630604
-0.7884366
-0.8738995
-0.9876431
-0.8702809
-0.8408957
-0.6969725
-0.8208812
-0.9507146
-0.9693336
-0.8922156
-0.8309049
-0.9372642
-0.834649
-0.8519757
-0.801038
-0.7983166
-0.6412462
-0.7298878
-0.9907335
-0.9970789
-0.8496039
-0.7803787
-1.039472
-0.727275
-0.861793
-0.8213524
-0.8587542
-0.8876639
-0.8726016
-0.8059371
-0.8091243
-0.6520719
-0.9173465
-0.7784533
-0.9185478
-0.8343024
-0.824625
-0.7447414
-0.8980102
-0.7518092
-0.7167842
-0.6994355
-0.8445772
-0.7373479
-0.8172467
-0.8124889
-0.7594984
-0.7946536
-0.9175817
-0.900816
-0.9322402
-0.7194931
-0.7340451
-0.9099129
-0.7000696
-0.8876592
-0.7976766
-0.7905381
-0.7228467
-0.701464
-0.7740275
-0.6867187
-0.7070148
-0.8687687
-0.7299664
-0.8209003
-0.7234448
-0.844692
-0.8169473
-0.7317448
-0.5932746
-0.7294451
-0.8815853
-0.7353906
-0.7390351
-0.6865822
-0.5659334
-0.7447115
-0.8217454
-0.7795268
-0.7874032
-0.6934676
-0.5209833
-0.52314
-0.7108538
-0.7716938
-0.6682355
-0.76569
-0.7956101
-0.7880108
-0.7287692
-0.6035975
-0.703235
-0.6584478
-0.6835584
-0.6944423
-0.707008
-0.699196
-0.6349407
-0.7166992
-0.6465078
-0.7449388
-0.6579974
-0.6089236
-0.5584221
-0.6273241
-0.5950697
-0.5426798
-0.6040483
-0.6610831
-0.6624056
-0.634634
-0.6455047
-0.834351
-0.5862018
-0.6537804
-0.618077
-0.6604126
-0.6941911
-0.6118652
-0.7624803
-0.6772908
-0.764918
-0.6694342
-0.8253216
-0.5190817
-0.6982248
-0.6006782
-0.6782827
-0.5850637
-0.5586403
-0.5101456
-0.6315187
-0.69013
-0.5767043
-0.6585571
-0.5874771
-0.6504765
-0.6808946
-0.6683142
-0.5401587
-0.5765141
-0.534677
-0.4935187
-0.5152177
-0.6256248
-0.5976616
-0.6700071
-0.5499669
-0.6443035
-0.7154854
-0.6464456
-0.7956299
-0.5064406
-0.4800469
-0.5484233
-0.5697326
-0.5697682
-0.5123553
-0.6287315
-0.6073141
-0.5546472
-0.5473571
-0.5453236
-0.6499049
-0.3787247
-0.532496
-0.5491484
-0.5417439
-0.6039884
-0.5434242
-0.5747457
-0.731235
-0.4972565
-0.5218679
-0.5561697
-0.5633839
-0.5175697
-0.4588911
-0.6604787
-0.5327725
-0.7030321
-0.4832947
-0.5435947
-0.6537595
-0.6468726
-0.5398808
-0.498557
-0.4889455
-0.6103089
-0.6010821
-0.4668349
-0.4887172
-0.5387489
-0.3986604
-0.4416152
-0.5302564
-0.6638983
-0.4778837
-0.5169678
-0.4620277
-0.4600368
-0.6570131
-0.5213282
-0.4764773
-0.4363915
-0.5017811
-0.5894328
-0.5015496
-0.2621496
-0.4436426
-0.4277481
-0.4753737
-0.4867972
-0.4169319
-0.36942
-0.3409508
-0.4045584
-0.6156449
-0.5815833
-0.4024333
-0.4371976
-0.5159007
-0.3719653
-0.3752049
-0.5488308
-0.4171081
-0.5235546
-0.374364
-0.516212
-0.59646
-0.3225757
-0.4364819
-0.3436257
-0.457014
-0.2767074
-0.429906
-0.5546047
-0.3789335
-0.3141558
-0.4323232
-0.4271189
-0.5153939
-0.3245115
-0.3732595
-0.4080998
-0.4650373
-0.4250777
-0.4735365
-0.4255242
-0.4596774
-0.3301726
-0.4989549
-0.4887411
-0.4243671
-0.2935453
-0.5146738
-0.3880191
-0.4552137
-0.4385282
-0.3453824
-0.4362502
-0.5050385
-0.2259868
-0.3562603
-0.3183475
-0.3008994
-0.4145049
-0.3745739
-0.3142946
-0.5257661
-0.5167413
-0.2229103
-0.2680812
-0.2920077
-0.2808448
-0.3561578
-0.3581533
-0.3121822
-0.1848253
-0.3858283
-0.4625101
-0.2372963
-0.3252038
-0.3004269
-0.2982888
-0.3844965
-0.3973652
-0.4035417
-0.3143755
-0.2614166
-0.3019917
-0.2181317
-0.2334567
-0.3334297
-0.3288537
-0.357122
-0.3760892
-0.251048
-0.2335879
-0.2438115
-0.2182556
-0.2642291
-0.3232291
-0.2938845
-0.2718039
-0.2411745
-0.2715555
-0.3872814
-0.2985688
-0.1666947
-0.2776824
-0.3110282
-0.248665
-0.4277012
-0.1887196
-0.2314607
-0.2046105
-0.3836728
-0.4102673
-0.2505713
-0.2603736
-0.2552993
-0.2944274
-0.2315331
-0.06643998
-0.1398702
-0.4252839
-0.2788895
-0.3679378
-0.2792353
-0.1038088
-0.2123014
-0.2662064
-0.2310804
-0.227758
-0.1277855
-0.1910873
-0.2162976
-0.3638504
-0.3549798
-0.3136553
-0.3281312
-0.1950385
-0.2219155
-0.09064651
-0.07410082
-0.2297547
-0.3165864
-0.1136817
-0.1693774
-0.1356626
-0.1457276
-0.1702017
-0.1019674
-0.1628647
-0.0728545
-0.1550173
-0.1349506
-0.161772
-0.1473961
-0.2026122
-0.1203554
-0.04838536
-0.1836696
-0.1365801
-0.3019281
-0.2182825
-0.171931
-0.1378628
-0.04266036
-0.1205567
-0.152484
-0.06883958
-0.0570785
-0.1090031
-0.07604434
-0.2294139
-0.04636777
-0.1097022
0.02443267
-0.1318854
-0.1144231
-0.1496591
-0.08301204
-0.09172228
-0.1740306
-0.2861309
-0.161551
-0.2191083
-0.1721328
-0.2328034
-0.2441537
-0.09155936
-0.03144547
0.01631562
-0.1471567
-0.182325
-0.06772077
-0.09172888
0.01895746
0.01828141
-0.1271829
0.01306182
-0.08550142
-0.0865767
-0.1277061
-0.1709653
-0.02899048
-0.01790423
-0.1115862
-0.1667975
0.007740596
-0.1498018
-0.07440204
-0.06516557
-0.09267395
0.05759322
-0.1174333
0.02977419
-0.06370909
-0.1576748
-0.07123684
-0.08524607
0.007214275
-0.08994285
0.06561292
-0.05886675
-0.09326697
-0.02186171
-0.1542243
0.05621787
-0.03921854
0.1266331
-0.09160147
-0.07175408
-0.03330613
0.06195936
-0.0530194
0.03468652
0.09912892
-0.1004413
-0.09973148
0.03654084
-0.01000725
-0.08809781
-0.1891724
0.08385437
-0.006972097
-0.07344168
0.076999
-0.002961096
0.2138729
0.152035
-0.1016235
0.04630222
-0.08641282
0.08866732
-0.03849457
0.1026879
0.1055014
0.08087684
0.2093154
0.150985
-0.05094766
0.01138982
-0.08634946
-0.03322157
0.09986776
0.2234163
0.05921171
-0.08974291
-0.0648144
0.1816917
0.08844623
0.1340021
0.01543696
-0.01274392
0.2047117
0.07088692
0.1557773
0.01771564
-0.02129821
-0.02413659
0.2549086
-0.07936499
0.0774019
0.1226977
0.02849052
0.132022
-0.03456448
0.23005
0.02981016
0.1083912
0.1352567
0.01500733
0.1387487
0.04631666
-0.02242839
0.1378923
0.1700919
0.1327785
0.1182267
0.1478629
0.2574993
0.1961902
0.1549304
0.07519598
0.1651849
-0.01895267
0.1757403
0.0805571
-0.06905229
0.08656373
0.2090239
0.08435922
0.1375782
0.09084418
0.1056621
0.1724708
0.1312371
0.0988351
-0.004177195
0.1201504
0.1649804
0.1717041
0.3157457
0.269583
0.1534021
0.2464273
0.2032425
0.1071572
0.1686179
0.1218636
0.1551582
0.2523493
0.1472258
0.2424483
0.1316024
0.2062393
0.2022703
0.03171489
0.2387038
0.2661395
0.3263688
0.2638594
0.3596188
0.08701056
0.3101989
0.1533101
0.31452
0.1154588
0.2969773
0.1934228
0.313702
0.2795721
0.2004836
0.2370354
0.2727532
0.3497858
0.3282142
0.3000881
0.1931968
0.3047207
0.2454678
-0.03531639
0.198068
0.1705028
0.201265
0.2607665
0.3391327
0.2726442
0.353145
0.239978
0.3451759
0.2726664
0.1909971
0.08492222
0.3349163
0.1633442
0.4297628
0.2736919
0.2017722
0.3388755
0.2409259
0.3292874
0.4062962
0.3256426
0.3326446
0.38026
0.3796917
0.1862075
0.1174038
0.2735858
0.1105551
0.2369713
0.2906679
0.3230834
0.282145
0.3260365
0.2543075
0.2079539
0.3079563
0.2691057
0.2531035
0.4414369
0.1528421
0.2999867
0.3322074
0.3095672
0.3972193
0.2034718
0.3765842
0.2560269
0.3069361
0.2404419
0.3232111
0.2382453
0.3233643
0.2809066
0.4320228
0.4809497
0.3541625
0.4231824
0.3798264
0.5249352
0.2240109
0.2831302
0.3417637
0.3898675
0.372268
0.358097
0.3919375
0.2844252
0.3445623
0.4120948
0.3956835
0.3997281
0.580063
0.3755462
0.3422232
0.3507178
0.4531243
0.3915502
0.5170769
0.3988967
0.5052196
0.2853495
0.4121331
0.4369851
0.3624846
0.4057251
0.2798672
0.3062127
0.3330952
0.39739
0.427149
0.5794043
0.4992524
0.5464497
0.3021918
0.3447987
0.4953465
0.4079802
0.4204329
0.4976765
0.5362132
0.4327892
0.5801236
0.3741951
0.4447536
0.4364286
0.3119878
0.495867
0.392204
0.5777651
0.5781259
0.3245779
0.2845848
0.5322816
0.4909474
0.3909031
0.5239835
0.6037522
0.4816762
0.4288259
0.5339154
0.5654822
0.3784077
0.5004997
0.5702707
0.3535253
0.549032
0.683401
0.4720666
0.4672563
0.5215974
0.6510959
0.4885013
0.3443302
0.6148175
0.5988562
0.6357986
0.5317822
0.7498496
0.5187983
0.4719095
0.5663531
0.5689325
0.4734845
0.5345914
0.4160439
0.4957381
0.6067638
0.6068945
0.5009292
0.5730143
0.5148263
0.628428
0.6040704
0.5978686
0.5915056
0.5052431
0.5859904
0.5447945
0.4335265
0.5045669
0.4141608
0.4793031
0.7380838
0.5898488
0.5066505
0.5815519
0.6326296
0.6349212
0.5812676
0.5365523
0.6763994
0.5389375
0.4878907
0.687154
0.4809374
0.5186037
0.4376818
0.6130008
0.5517295
0.6160158
0.5028872
0.6296083
0.7079849
0.675849
0.6276746
0.6469469
0.5449596
0.7058607
0.6840042
0.5265137
0.6606238
0.5648807
0.7412567
0.6092268
0.6790944
0.7506389
0.6793063
0.6302843
0.689268
0.5534708
0.5336224
0.670295
0.7242839
0.7271267
0.6559039
0.7180261
0.6246639
0.6991184
0.6668082
0.567949
0.6547686
0.516926
0.746753
0.7234047
0.7469821
0.7427011
0.7851186
0.7168473
0.5659413
0.7727921
0.6589239
0.7420418
0.7310422
0.7233697
0.6671486
0.5692295
0.4986
0.6783286
0.7330207
0.7819237
0.7257474
0.7871397
0.6741421
0.7004937
0.7784683
0.7003876
0.6240172
0.6866072
0.8239831
0.792153
0.631397
0.7803212
0.7371368
0.655163
0.6654253
0.8363415
0.7269344
0.8102248
0.900665
0.6882107
0.7039632
0.7631634
0.7536334
0.601741
0.8215205
0.7021814
0.6744693
0.7158137
0.9598628
0.7565031
0.7415676
0.7951124
0.7801581
0.7316061
0.8559918
0.7894618
0.7686835
0.6017725
0.6553086
0.8082061
0.7885275
0.8889828
0.8074833
0.7757916
0.8708203
0.9376213
0.8257626
0.6979527
0.9042214
0.8065339
0.687189
0.8710644
0.6408318
0.7762965
0.7590023
0.7663204
0.7915937
0.7913739
0.7881034
0.8582461
0.7764759
0.7874857
0.8706041
0.7570452
0.847997
0.7819695
0.8735925
0.8937191
1.039169
0.9655694
0.8066686
0.8888659
0.8694764
0.8974014
0.8018453
0.9432915
1.003779
0.8345845
0.9098763
0.7462697
0.7740037
0.7150428
0.9138879
0.7553495
0.9687638
0.9512647
0.9170856
0.9084884
0.9911051
0.8682634
0.8468278
1.028475
0.852458
1.018876
0.9988553
0.7672821
0.9118008
0.9896793
0.8269028
0.8387656
0.7663194
0.8667004
1.018711
0.7683763
0.8779642
0.8538049
0.7119873
0.8972682
0.9408319
0.9033093
1.106392
1.012783
0.9515325
0.9809223
0.8865374
1.019953
0.9735711
0.8875534
0.9854408
1.008135
0.9609359
0.9798062
0.8060123
0.9950011
0.8238817
1.034754
0.9180263
0.9972492
0.8538138
0.9573801
0.965985
0.8969314
0.9086431
1.070413
0.9913042
1.055894
1.005597
1.033981
0.8991261
1.069992
0.9323015
1.053111
1.002412
0.9103517
1.036399
1.100137
0.9405802
0.907967
0.8527027