0.02316275
-0.9483226
-1.035449
-0.9634065
-1.050145
-0.929769
-0.9841782
-1.026413
-1.124814
-0.9947945
-0.9433668
-0.9339707
-1.007861
-0.9494337
-0.9484896
-0.9398867
-0.9417514
-0.8493615
-1.008428
-0.9639209
-1.022087
-0.95646
-0.8468984
-0.9033939
-1.098282
-0.8662083
-0.9172229
-0.9600566
-1.023027
-0.9543827
-0.9342321
-0.8932534
-0.8924158
-0.9905953
-0.8734637
-0.8808701
-0.8968017
-0.811248
-0.9294955
-0.9065079
-0.6795879
-0.7711947
-0.8660394
-0.8880844
-0.9923854
-0.7760085
-0.9537308
-0.9236389
-0.9460103
-0.9244886
-0.8321586
-1.017044
-1.019762
-0.6902974
-0.7551833
-0.7912275
-0.8791269
-0.9967494
-0.8550841
-0.8378636
-0.6989663
-0.8306161
-0.9438852
-0.9635732
-0.8670424
-0.8301057
-0.9490454
-0.8410321
-0.8541584
-0.8122233
-0.7983296
-0.6385291
-0.7264661
-0.9948663
-0.9968955
-0.8462843
-0.7941651
-1.020966
-0.7117581
-0.850629
-0.842609
-0.8230864
-0.894077
-0.8628026
-0.8503074
-0.8112125
-0.6556098
-0.9013686
-0.7815873
-0.9112196
-0.8473069
-0.8284247
-0.7380182
-0.8710714
-0.7469312
-0.7327672
-0.7128829
-0.8635914
-0.7321886
-0.814917
-0.787302
-0.7637112
-0.7886791
-0.8994653
-0.9006887
-0.9403576
-0.7385564
-0.7144796
-0.9001634
-0.7123316
-0.8615186
-0.7935878
-0.7930411
-0.7121858
-0.7128042
-0.7740737
-0.6812749
-0.6897409
-0.86757
-0.7161628
-0.8175105
-0.7466706
-0.8627997
-0.8111842
-0.7347998
-0.6233631
-0.7234376
-0.9321057
-0.7105096
-0.7049724
-0.694702
-0.5619446
-0.748161
-0.8236641
-0.7546242
-0.7720553
-0.7186088
-0.5231406
-0.5191397
-0.7060779
-0.7603775
-0.6703976
-0.7681204
-0.8002039
-0.788415
-0.7399289
-0.5966147
-0.692523
-0.6498117
-0.6938967
-0.6771035
-0.6779422
-0.7148893
-0.6392536
-0.7309836
-0.6529389
-0.7546901
-0.6512456
-0.6093639
-0.564641
-0.6311275
-0.5791038
-0.5567914
-0.6146298
-0.6578362
-0.6649338
-0.6132399
-0.6759236
-0.8339043
-0.5892398
-0.6246497
-0.6066064
-0.6820995
-0.6924318
-0.5917842
-0.7613072
-0.6711026
-0.7443477
-0.6424529
-0.8043659
-0.4976014
-0.6745715
-0.5749124
-0.6961213
-0.5962253
-0.5545689
-0.5241624
-0.6497985
-0.6690804
-0.5718878
-0.6850541
-0.5902824
-0.6654744
-0.6795192
-0.6617783
-0.5436185
-0.589195
-0.5326018
-0.5040138
-0.4947557
-0.6206878
-0.5528188
-0.6653774
-0.5172557
-0.6697551
-0.7357666
-0.6205621
-0.7624787
-0.4661417
-0.4805313
-0.5530564
-0.5678907
-0.5749072
-0.508295
-0.637425
-0.603951
-0.5416147
-0.5417151
-0.5473715
-0.6593945
-0.3675877
-0.5416727
-0.5571101
-0.5385066
-0.608729
-0.5182417
-0.5450025
-0.728279
-0.5057698
-0.5033458
-0.5623
-0.5555068
-0.488358
-0.4653427
-0.670874
-0.5065966
-0.701651
-0.4932918
-0.5433547
-0.6516484
-0.650108
-0.5171574
-0.499074
-0.5020655
-0.5976225
-0.6139155
-0.4659606
-0.4718768
-0.5382069
-0.3793254
-0.4362987
-0.5190349
-0.6676822
-0.4921621
-0.5188978
-0.4707597
-0.4522527
-0.645939
-0.5118755
-0.4515758
-0.4482462
-0.5220701
-0.5977267
-0.5243774
-0.2894424
-0.4237376
-0.4353649
-0.4809511
-0.4860697
-0.3923915
-0.3855861
-0.3312366
-0.4226549
-0.6288935
-0.5841791
-0.394773
-0.4280427
-0.5167206
-0.3779304
-0.3719219
-0.5529381
-0.4146897
-0.5140097
-0.3692288
-0.490862
-0.5676158
-0.3156768
-0.4465376
-0.335544
-0.4444865
-0.2870716
-0.4328612
-0.5482744
-0.3577233
-0.338796
-0.4240456
-0.4316358
-0.5137637
-0.3234605
-0.3603791
-0.4144103
-0.4726671
-0.4121821
-0.4695374
-0.4099278
-0.455599
-0.3387332
-0.4977107
-0.4820616
-0.4285203
-0.2922855
-0.4923964
-0.3819703
-0.4706171
-0.4565978
-0.3269755
-0.4310723
-0.5076491
-0.2269542
-0.3588815
-0.3143384
-0.301607
-0.4397858
-0.3627049
-0.3182212
-0.4947849
-0.5039406
-0.1899084
-0.2757308
-0.3013782
-0.2706618
-0.3439594
-0.3517342
-0.3222238
-0.1819429
-0.3866467
-0.4840133
-0.2245385
-0.3227338
-0.3230038
-0.2933082
-0.3613983
-0.3894018
-0.4130581
-0.3001611
-0.2764647
-0.312403
-0.2128907
-0.2403671
-0.3524488
-0.3274323
-0.3575991
-0.3642785
-0.2479005
-0.2535847
-0.2335359
-0.2273952
-0.2688207
-0.3167277
-0.2830169
-0.29621
-0.2463489
-0.2777619
-0.3889518
-0.2900136
-0.1616774
-0.2655637
-0.3237993
-0.2394529
-0.4128227
-0.1802663
-0.2523532
-0.2336347
-0.3673727
-0.4118048
-0.2589883
-0.2681201
-0.2620648
-0.2963213
-0.2285625
-0.07400186
-0.1432847
-0.4280604
-0.3021805
-0.3748355
-0.2630286
-0.1222004
-0.1906427
-0.2642567
-0.2222143
-0.2152128
-0.1186182
-0.1755097
-0.2052659
-0.3711312
-0.3748637
-0.3216158
-0.3074053
-0.1925171
-0.2382074
-0.08540134
-0.05981229
-0.2448483
-0.3169509
-0.1109564
-0.1940757
-0.1569866
-0.1725361
-0.1456993
-0.112357
-0.1858267
-0.09149069
-0.1486723
-0.1504343
-0.1401994
-0.1368574
-0.1795224
-0.1330359
-0.038418
-0.2008149
-0.1391941
-0.3039573
-0.2063126
-0.1744598
-0.121774
-0.0692142
-0.1421224
-0.1784095
-0.06552234
-0.04906571
-0.1022629
-0.08212983
-0.232708
-0.07113785
-0.103194
0.01716788
-0.1262213
-0.1041124
-0.1613826
-0.08891693
-0.08646035
-0.1651495
-0.3039383
-0.1761523
-0.2014607
-0.1806738
-0.2163903
-0.2332889
-0.09604348
-0.01720402
0.02507082
-0.1563354
-0.1771458
-0.06507139
-0.08255493
0.01825301
0.02597171
-0.119519
0.003736111
-0.07910526
-0.08129345
-0.1306592
-0.1482044
-0.03950268
-0.04486705
-0.1208794
-0.1527072
0.02452591
-0.1359689
-0.05969826
-0.04272523
-0.08736917
0.06974122
-0.1264307
0.02019889
-0.05175635
-0.1543598
-0.06547125
-0.07564251
-0.02001787
-0.07479705
0.06999792
-0.04329022
-0.118828
-0.01556791
-0.1531815
0.08552088
-0.03502229
0.1324913
-0.091411
-0.07479007
-0.009936623
0.05345901
-0.06603671
0.02649199
0.06671176
-0.08667153
-0.1050445
0.03241735
-0.005614737
-0.09716424
-0.1846796
0.08373434
-0.02170014
-0.07094579
0.09596642
-0.0006360346
0.2324465
0.17375
-0.1424483
0.0380192
-0.09523675
0.1016008
-0.02075048
0.08759569
0.1063166
0.05955311
0.2066468
0.1187053
-0.03011055
0.007248236
-0.08044531
0.0002989024
0.1076985
0.2186116
0.07591549
-0.09401257
-0.06100541
0.1706596
0.08476995
0.1210139
0.03028399
-0.01314011
0.1920324
0.09495136
0.1301772
0.01741417
-0.0377608
-0.01787419
0.2515018
-0.1184155
0.05503247
0.1216776
0.02486289
0.1360589
-0.03402559
0.2254712
0.03690178
0.1046525
0.1487937
0.01714858
0.1407136
0.03429968
-0.01908464
0.1572123
0.1904238
0.1388867
0.1102426
0.1613737
0.2588049
0.2040051
0.1438357
0.07116899
0.1675706
0.004656981
0.1442271
0.08518407
-0.07644012
0.09348078
0.205217
0.09789964
0.1220469
0.09518594
0.1058355
0.1617891
0.1216311
0.07458062
0.02513145
0.1216555
0.1694516
0.1838738
0.320702
0.2537688
0.1413371
0.2354655
0.1963084
0.1371236
0.1831176
0.1087254
0.1347872
0.2529713
0.1388566
0.2362737
0.157374
0.2191407
0.2151452
0.02663183
0.2380673
0.243756
0.3065449
0.2763142
0.3551021
0.1003583
0.3185415
0.1415386
0.3121275
0.1137354
0.3055117
0.1927768
0.3182549
0.2685325
0.1926419
0.2428219
0.2598762
0.332655
0.3359576
0.3431425
0.1929463
0.3140221
0.2300513
-0.01764385
0.1873965
0.1695665
0.207965
0.2824035
0.3308639
0.2745338
0.3385543
0.2570605
0.334256
0.2509509
0.190328
0.1112166
0.3345236
0.1660916
0.4244159
0.2888795
0.1862626
0.3176227
0.2268539
0.3185385
0.3968393
0.3123798
0.3344875
0.3803216
0.3846892
0.2058871
0.1189883
0.2772137
0.1237365
0.2323028
0.2814201
0.3511044
0.2710714
0.3555752
0.2735752
0.2376246
0.3050472
0.2884191
0.2336514
0.4136199
0.1320176
0.3282797
0.3138586
0.307735
0.3828219
0.2130007
0.3691527
0.2516882
0.3094416
0.2634148
0.3525071
0.2218005
0.3224562
0.2838449
0.4406731
0.4795375
0.3407359
0.4309508
0.3949991
0.5306452
0.2434243
0.2971748
0.3331052
0.3910536
0.3676825
0.3464121
0.37018
0.2719653
0.347718
0.4163394
0.3933652
0.3916753
0.5890377
0.3603442
0.3448934
0.3853413
0.4558009
0.3734591
0.5320044
0.3931004
0.4991328
0.3006195
0.3844365
0.4418118
0.3336833
0.4261608
0.2789285
0.2948173
0.3316816
0.4193119
0.4441672
0.5897291
0.4952965
0.5352312
0.2784944
0.3731318
0.4559492
0.3993765
0.40931
0.484962
0.5297955
0.443
0.594365
0.3635141
0.4529124
0.4251801
0.3048317
0.507882
0.4081906
0.5846348
0.5700952
0.3307904
0.2690003
0.5115608
0.4903088
0.3933105
0.502629
0.6108098
0.4688144
0.4087758
0.5576897
0.5623482
0.3992108
0.4971
0.5638054
0.3518602
0.5347494
0.6872747
0.4579365
0.4918223
0.5332836
0.6793222
0.4865304
0.3298413
0.6114136
0.6071374
0.6345714
0.5329501
0.7446165
0.5310858
0.4833598
0.5858194
0.5817776
0.486223
0.5417024
0.4106736
0.498785
0.6034698
0.59733
0.5294897
0.5573854
0.5086825
0.6618868
0.6094191
0.6068712
0.5880196
0.4901402
0.5545286
0.5461979
0.4600351
0.5006618
0.4072848
0.4797538
0.7402484
0.5941407
0.5108836
0.5910683
0.6312851
0.6361732
0.5762878
0.5712757
0.6705351
0.5305137
0.4684091
0.6691377
0.4888003
0.5313641
0.4450952
0.6188232
0.5906911
0.621575
0.5278646
0.6262763
0.6938138
0.677741
0.6230792
0.6370741
0.5543183
0.7332466
0.6723176
0.5368512
0.6502357
0.5665194
0.7533572
0.6080015
0.6695551
0.7381308
0.6922493
0.6307368
0.679065
0.5540234
0.5265736
0.6554923
0.734571
0.738629
0.6447918
0.7294861
0.5909298
0.6714386
0.6765804
0.5780334
0.6519369
0.5310993
0.7200294
0.733442
0.7779357
0.7722202
0.7970924
0.7213832
0.5657664
0.7516471
0.651801
0.732308
0.7474579
0.6900708
0.6713626
0.5743611
0.4939025
0.6760816
0.736614
0.7761754
0.7244695
0.7888056
0.6714136
0.6919236
0.8053399
0.6907356
0.6536388
0.6990501
0.8308951
0.7733676
0.6285824
0.7874283
0.7336374
0.6519682
0.6645963
0.8465523
0.7197004
0.8130845
0.9137882
0.6674959
0.7013011
0.7586402
0.7403446
0.6056566
0.8519386
0.7098406
0.6964197
0.7341653
0.9722185
0.7659275
0.7532153
0.8148709
0.7938963
0.7106784
0.8603175
0.7856499
0.7685292
0.6049606
0.6379428
0.813078
0.7901042
0.9007438
0.8032895
0.7715061
0.8513039
0.9463622
0.8071097
0.7064378
0.9040989
0.8015022
0.6890936
0.8757321
0.6415908
0.7696041
0.7653068
0.7672234
0.7686723
0.7905288
0.8042144
0.8679569
0.7795879
0.8080262
0.8752786
0.7462649
0.8491597
0.7993643
0.8658452
0.8841421
1.055219
0.9506144
0.8233689
0.8872629
0.8630174
0.892251
0.7936073
0.9487665
0.987364
0.8317103
0.9115527
0.755943
0.7751065
0.704789
0.8890108
0.745701
0.9716935
0.9567935
0.8866439
0.9005138
0.9753954
0.8832891
0.8417772
1.011888
0.8586262
1.023406
1.008611
0.7612203
0.936319
1.005934
0.8535641
0.8425648
0.7771061
0.8573869
1.024172
0.7834955
0.8807713
0.8763762
0.7190192
0.8772634
0.9584147
0.9195024
1.095737
1.046572
0.9489513
0.9794422
0.8965177
1.017181
0.9572934
0.8879437
0.9998262
0.9954386
0.9936665
0.9751733
0.804501
1.001277
0.7965705
1.028939
0.9126612
1.022415
0.8377629
0.9637987
0.9947507
0.8782836
0.9017382
1.059946
0.9984708
1.031313
0.9960589
1.034651
0.9157469
1.05941
0.9429349
1.06573
1.004414
0.9081018
1.02028
1.089002
0.9534304
0.9014347
0.8400209