-0.04486769
-1.116224
-0.9637636
-1.033867
-0.9358791
-0.9104769
-0.8863976
-0.9114522
-0.9729035
-1.143315
-0.9343478
-0.9352143
-0.9768877
-0.9885516
-0.8720773
-1.031953
-0.9988607
-0.756335
-0.9851918
-1.023065
-0.9835895
-0.7725945
-0.9139107
-0.9846173
-0.8696512
-0.8806169
-0.9988499
-0.9429933
-0.9470394
-0.9447868
-0.7769131
-0.9182326
-0.8233979
-1.043092
-0.955517
-0.8618199
-0.9637983
-0.9015715
-0.9763266
-0.8602445
-0.8389683
-0.9370725
-0.937687
-1.072831
-0.9793419
-1.014102
-0.9693629
-1.058424
-0.9352456
-0.8781922
-0.9039574
-0.9540544
-1.013428
-0.871135
-0.8917661
-0.9884111
-0.8370958
-0.7944808
-0.9118041
-0.9436154
-0.8613002
-0.8885703
-1.058238
-0.9958288
-0.8087632
-0.8681156
-0.829351
-0.9082858
-0.6944859
-0.9388133
-0.8996674
-0.9602863
-0.9264261
-0.9277944
-0.951531
-0.816003
-0.8977933
-0.8863006
-0.7097471
-0.8270016
-0.7734756
-0.887083
-0.8395217
-0.9227348
-0.9439639
-1.005887
-0.8343785
-0.7724814
-0.8017314
-0.7881146
-0.9051012
-0.9540791
-0.7285813
-0.8999505
-0.7456401
-0.9122088
-0.7776931
-0.7690268
-0.92753
-0.7864076
-0.8472855
-0.7630317
-0.8000297
-0.7912225
-0.7205286
-0.7491885
-0.8494127
-0.5748553
-0.7257172
-0.8025502
-0.8908654
-0.8139126
-0.8292701
-0.7877163
-0.5376616
-0.8114006
-0.7859439
-0.7499546
-0.7916282
-0.6537915
-0.8650613
-0.6875482
-0.8904303
-0.6752318
-0.6850994
-0.8131231
-0.7990319
-0.8042489
-0.7875772
-0.8475297
-0.795435
-0.7523506
-0.8329944
-0.6128809
-0.6979911
-0.8038087
-0.806013
-0.6882646
-0.7381777
-0.8274493
-0.6972687
-0.7588202
-0.7579192
-0.4782856
-0.8300954
-0.6507134
-0.7495063
-0.4743476
-0.6422001
-0.6735537
-0.7019286
-0.625105
-0.6676636
-0.6312128
-0.7207936
-0.7481792
-0.6715745
-0.7077112
-0.587977
-0.7993752
-0.723604
-0.6344425
-0.5623041
-0.5888171
-0.6141908
-0.6998705
-0.7332508
-0.6788854
-0.700759
-0.6299574
-0.5861191
-0.6768352
-0.6198104
-0.4862367
-0.7310924
-0.5860271
-0.779757
-0.6087351
-0.769983
-0.5924615
-0.5574098
-0.6066888
-0.6421682
-0.5680001
-0.6027453
-0.5996837
-0.7268865
-0.6404939
-0.5743301
-0.5445916
-0.7328743
-0.6291128
-0.7668927
-0.5721446
-0.5796825
-0.6240771
-0.562047
-0.6255275
-0.6328043
-0.4714354
-0.56391
-0.775902
-0.6150463
-0.6153355
-0.6438541
-0.6315865
-0.5662059
-0.4195424
-0.5991502
-0.4226627
-0.5187474
-0.5745611
-0.5052174
-0.4810416
-0.6042319
-0.5841993
-0.5618565
-0.6687283
-0.4971867
-0.6596364
-0.5739058
-0.5532429
-0.6938192
-0.6770076
-0.4148923
-0.6215493
-0.5710642
-0.3862905
-0.5002233
-0.5800084
-0.5716606
-0.3798258
-0.6030822
-0.5012018
-0.6017956
-0.6341283
-0.4812664
-0.4673323
-0.5386087
-0.4609368
-0.513959
-0.4850206
-0.5347782
-0.5840827
-0.4353895
-0.578705
-0.6111621
-0.4855655
-0.5648659
-0.6453821
-0.5533072
-0.3556048
-0.664731
-0.3593431
-0.5346942
-0.5393222
-0.5148452
-0.4583563
-0.4889506
-0.4156912
-0.3749972
-0.490289
-0.5927371
-0.4564279
-0.4841469
-0.5334394
-0.3986616
-0.4191171
-0.4411212
-0.5029671
-0.4263556
-0.3249636
-0.4498933
-0.3988381
-0.2988978
-0.3590473
-0.4411815
-0.4555099
-0.3847664
-0.5298041
-0.4576399
-0.4195088
-0.3573083
-0.4566143
-0.5133456
-0.3263872
-0.4764657
-0.5260949
-0.2736494
-0.5698769
-0.4528736
-0.3589702
-0.44598
-0.3813888
-0.4151034
-0.3834017
-0.4208907
-0.5490219
-0.3528602
-0.4450089
-0.5862263
-0.5147777
-0.387798
-0.5066057
-0.4961845
-0.4657231
-0.3227576
-0.2925623
-0.4423358
-0.4515967
-0.4878434
-0.5812281
-0.3650288
-0.3867886
-0.3362609
-0.4403377
-0.4675838
-0.3600037
-0.4099285
-0.403808
-0.4437864
-0.3561295
-0.3579198
-0.2594431
-0.3940487
-0.3750499
-0.4221201
-0.3697777
-0.4295213
-0.3033906
-0.3657313
-0.3977973
-0.348759
-0.3597196
-0.3637093
-0.1772112
-0.1487335
-0.1811736
-0.356732
-0.385212
-0.3314662
-0.3355041
-0.3137752
-0.3128365
-0.4167826
-0.3564041
-0.2676828
-0.2790676
-0.3746331
-0.2518289
-0.2380251
-0.2051882
-0.3114012
-0.2669258
-0.217287
-0.3547618
-0.2752737
-0.1994068
-0.3687894
-0.1904783
-0.3774412
-0.22863
-0.2946389
-0.2564575
-0.2236097
-0.2738862
-0.3568865
-0.4094859
-0.4209976
-0.2630757
-0.2292248
-0.2097067
-0.3043335
-0.3685861
-0.1240697
-0.3703449
-0.2877671
-0.2392614
-0.1673546
-0.3452927
-0.1327412
-0.1235354
-0.2726686
-0.4420012
-0.3868097
-0.1148147
-0.213492
-0.1952954
-0.2177922
-0.1497102
-0.3571472
-0.3181912
-0.3387068
-0.2977682
-0.303076
-0.1604042
-0.2761934
-0.232854
-0.1396846
-0.2405769
-0.3069678
0.009959864
-0.04966687
-0.37356
-0.3345968
-0.2091866
-0.2428853
-0.1578788
-0.01599771
-0.1976684
-0.1429952
-0.2884486
-0.1743665
-0.2551735
-0.1756941
-0.1242736
-0.170929
-0.2987323
-0.2054995
-0.1730685
-0.1250757
-0.1586174
-0.1005284
-0.2022599
-0.02424976
-0.3412422
-0.1384004
-0.05053198
-0.1649972
-0.04661748
-0.1977137
-0.1757741
-0.09538026
-0.1131043
-0.1473852
-0.2328056
-0.0723813
-0.2323652
-0.09714415
-0.2489849
-0.192111
-0.1719689
-0.1300862
-0.05623369
-0.1366541
-0.06286613
-0.2870105
-0.2489181
-0.1028339
-0.07342305
-0.2122216
-0.03556346
-0.01810099
-0.2071423
0.04008457
-0.1973238
0.004237874
-0.01047332
0.003110036
-0.2954375
-0.07612062
-0.04965283
-0.1661983
-0.05663015
-0.1407881
0.04372572
-0.1271449
-0.1491936
-0.04137625
-0.01120472
0.0006094458
-0.08694249
-0.1447946
-0.05317109
-0.03755771
0.01063749
-0.1812136
-0.07408291
-3.957268e-05
-0.03508696
-0.06427091
-0.05744156
0.03912414
0.0552903
-0.04939273
-0.060736
-0.01485618
-0.2044109
-0.02553872
0.05471968
-0.1151685
0.09443853
0.04003261
0.009932171
-0.1466306
-0.08397388
0.01176271
-0.1927224
-0.01342006
0.01681756
-0.1070716
0.007837074
0.1426106
-0.01401223
-0.06130187
0.08934367
0.009430255
0.03408266
0.02141264
0.006813256
0.01506276
-0.03160308
0.01771921
-0.0102362
0.09519943
0.1337246
0.02491014
0.02860458
0.01997708
0.06084568
0.09573813
-0.06245039
0.1390697
0.00915452
0.02711688
0.1257639
0.008031781
-0.08033295
-0.05460501
0.05935281
-0.0136238
0.1965611
0.1305732
0.09411633
0.1741295
0.1564016
0.02837397
-0.04042436
0.1136234
0.1474496
0.04091213
0.1058776
0.09220887
-0.006014162
0.1294399
0.04309309
0.1332381
-0.009124664
0.1974584
0.0218632
0.256253
0.1448862
0.1138121
-0.005217166
0.1708681
0.222928
0.1238452
0.04299975
0.1050782
-0.03006502
0.1221109
0.1767866
0.113687
0.09212502
0.1606727
0.231037
0.1872703
0.03536223
0.123381
0.147404
0.2254627
0.159272
0.3180814
0.1386823
0.1876366
0.03633957
0.2012307
0.1625596
0.1672746
0.1551307
0.1892471
0.1403601
0.1379763
-0.00922319
0.07740003
0.2399585
0.2823833
0.1288651
0.1222164
0.3050232
0.1379566
0.1605694
0.1960631
0.1169812
0.2699925
0.06442621
0.2288721
0.2494461
0.134135
0.3183388
0.2023482
0.1622584
0.1352297
0.01301916
0.3224253
0.2463054
0.1346382
0.1897177
0.2083543
0.3589415
0.2266697
0.1527296
0.06920161
0.1718567
0.2397439
0.2183287
0.08590945
0.143583
0.2593122
0.1338237
0.3156881
0.2172257
0.2314837
0.3340598
0.2597316
0.2853163
0.1602292
0.1305999
0.3142544
0.2809576
0.08303552
0.01938883
0.2992244
0.3123489
0.2414274
0.2120914
0.214666
0.2937012
0.1582173
0.2035946
0.2381823
0.2745151
0.2442373
0.4028664
0.2564887
0.3598241
0.1159703
0.2893216
0.3028305
0.2471358
0.3950704
0.3108574
0.2742242
0.4024666
0.380116
0.4089002
0.3577076
0.3199376
0.3037496
0.3846354
0.3213173
0.1577913
0.3302422
0.4273363
0.4104909
0.4240223
0.4067072
0.215575
0.3655611
0.2698542
0.2551522
0.4239263
0.4220547
0.3985972
0.2898272
0.3987014
0.2656719
0.4894054
0.5972646
0.5408566
0.3889693
0.523156
0.3300764
0.3880993
0.3240628
0.3497711
0.4217554
0.5482976
0.3505996
0.3540957
0.4865451
0.3467867
0.2368472
0.2372833
0.3259282
0.3177683
0.3333178
0.2606244
0.4769713
0.3810058
0.2662445
0.3890969
0.3943208
0.5039375
0.355532
0.3732459
0.3297798
0.4434056
0.3398877
0.4358417
0.3845238
0.3998092
0.2990097
0.3227716
0.4976257
0.368947
0.4649832
0.4281286
0.4348309
0.3957727
0.250809
0.400091
0.3243801
0.5715597
0.4852703
0.4848715
0.3650775
0.5529
0.5248122
0.5038159
0.4495744
0.4414905
0.4572205
0.4121507
0.4526384
0.4601679
0.4506766
0.3660529
0.4770167
0.3960484
0.4278935
0.3710305
0.4862538
0.438593
0.4549293
0.5656552
0.5612336
0.6095648
0.5467286
0.5570337
0.552051
0.532111
0.5988924
0.6155042
0.5236671
0.5138604
0.633072
0.5861782
0.44916
0.5538792
0.5488509
0.504985
0.4973131
0.4613165
0.611817
0.4085584
0.5115395
0.4546097
0.5791593
0.514338
0.5423622
0.5063467
0.5248937
0.4657044
0.4710194
0.5685919
0.4214868
0.529301
0.6504393
0.6338383
0.6098289
0.5750113
0.6642293
0.4392792
0.5770566
0.6216356
0.4939241
0.6200389
0.536237
0.5356765
0.4246917
0.7468422
0.6095464
0.5995782
0.4569439
0.5037695
0.60185
0.5343322
0.5895516
0.6784796
0.5466225
0.565881
0.4546922
0.6453728
0.5329804
0.4380528
0.4933904
0.528343
0.643812
0.6102365
0.6249504
0.7063648
0.7399355
0.6546916
0.736866
0.5298672
0.5428737
0.6767492
0.6062276
0.6371436
0.6318723
0.6896386
0.4463822
0.6795868
0.6706557
0.8495321
0.7106349
0.6810798
0.6798247
0.7478264
0.838257
0.670874
0.6321888
0.6565027
0.6879198
0.7449861
0.6806067
0.6181345
0.7574849
0.7031564
0.6607203
0.6389792
0.7111976
0.6915984
0.6174297
0.7845736
0.6206953
0.6715542
0.5868922
0.629035
0.8183549
0.7119346
0.7288818
0.7690669
0.7821106
0.7920302
0.7079192
0.6703091
0.77133
0.5947228
0.8682016
0.6992421
0.750369
0.790381
0.667511
0.7170276
0.6712587
0.8019291
0.6887561
0.6395308
0.6340707
0.7599982
0.6802243
0.8542138
0.8349218
0.7128952
0.6905813
0.7995054
0.8102972
0.5873634
0.7730926
0.6530923
0.6800285
0.7704475
0.7168135
0.7205884
0.6893556
0.7778772
0.8032707
0.6928214
0.8357087
0.8609042
0.9442709
0.882995
0.7232098
0.8349356
0.6765597
0.7289214
0.7120996
0.7263827
0.8838322
0.8223884
0.8672047
0.6429197
0.8200694
0.8075192
0.8291636
0.7601252
0.8622212
0.7219322
0.8047628
0.70484
0.8179302
0.797795
0.815453
0.7620293
0.7819421
0.8951127
0.8201855
0.9666923
0.8562967
0.8962286
0.8313513
0.8344478
0.7552216
0.9952522
0.9122659
0.8597834
0.8322672
1.074955
0.8296126
0.9183043
0.9717696
0.8785217
0.8234421
0.878123
0.7695549
0.8712727
0.7461261
0.9137494
0.9933192
0.8099582
0.9505809
0.7559791
0.8991937
0.9645882
0.8511689
0.9604162
0.8235301
0.8533558
0.7339127
0.9012207
0.9725458
0.9891182
0.9796894
0.9429304
0.768285
1.092638
0.9489926
0.862994
0.9294002
0.841574
0.9064381
0.9282539
0.9924096
0.9456237
1.048535
0.8914665
0.9114413
0.7938426
0.9233991
1.037087
0.9348267
1.042774
0.9531017
1.031069
0.8536336
0.8611541
0.9646741
0.8969498
0.9796654
0.7366657
0.9007292
1.045031
0.9210927
0.8076977
1.013404
0.9442296
1.018001
0.9493902
1.005758
1.157105
0.9717362
1.116785
0.983649
0.9510589
1.004393
0.9299723
1.051068
1.080701
0.8688594