-0.01746273
-0.9561043
-0.9548291
-0.9824866
-1.074771
-0.9275683
-0.8532686
-0.9607503
-0.8663466
-0.9877106
-1.103827
-1.07153
-1.069706
-0.9509251
-0.8909878
-1.019805
-0.9925483
-0.9298681
-1.034846
-0.9150829
-1.110865
-1.105523
-0.9520949
-1.08177
-0.9663249
-0.7866616
-0.9425598
-1.079215
-0.9180314
-0.9646478
-1.028044
-0.9135894
-0.8295343
-0.9846409
-0.960956
-1.075898
-0.9978136
-1.088052
-0.8696122
-0.8934312
-0.7455609
-0.8504713
-0.9424358
-0.9571243
-1.008415
-0.8864341
-0.9954561
-0.9596991
-1.047413
-0.8659196
-0.9155831
-0.8168929
-0.9275778
-0.8896319
-0.9086697
-0.9437206
-1.01901
-0.9595385
-0.7820863
-0.8628378
-0.8452737
-0.9148628
-0.9773148
-0.8366187
-0.7737502
-0.8946106
-0.8662738
-0.9610831
-0.9443864
-0.8933839
-0.7824993
-0.7958642
-0.8156434
-0.9105731
-0.7400055
-0.7954085
-0.879123
-0.8389319
-0.8019152
-0.8922227
-0.8764754
-0.7426855
-0.7381955
-0.7770717
-0.7072678
-0.9738425
-0.8032102
-0.8144369
-0.8545491
-0.664984
-0.6939894
-0.9514455
-0.8026746
-0.8457008
-0.9328717
-0.6957908
-0.6864332
-0.929103
-0.7198895
-0.7683477
-0.7456347
-0.9226832
-0.7894672
-0.8454509
-0.7589141
-0.8464139
-0.8395201
-0.8827927
-0.9218753
-0.7332784
-0.797944
-0.7370921
-0.7211983
-0.8492858
-0.6737152
-0.89283
-0.542046
-0.9166254
-0.892367
-0.7457947
-0.7351187
-0.8359768
-0.7082028
-0.8762382
-0.7829204
-0.8921846
-0.7937181
-0.7205678
-0.7489629
-0.8910513
-0.8596063
-0.6187715
-0.6349373
-0.8172521
-0.6296206
-0.8624499
-0.8006527
-0.7859137
-0.6050323
-0.6955703
-0.6946492
-0.880326
-0.7147648
-0.5198375
-0.7311592
-0.7047134
-0.7833345
-0.7520336
-0.6275189
-0.5658899
-0.7079946
-0.7656455
-0.7005919
-0.7007263
-0.6578876
-0.6214593
-0.6837328
-0.8157828
-0.6288954
-0.6354627
-0.7678761
-0.5815899
-0.7410031
-0.6037102
-0.6659922
-0.6640417
-0.6150816
-0.7681257
-0.6248355
-0.6614561
-0.6631428
-0.5358422
-0.4886943
-0.599083
-0.775569
-0.5133133
-0.6614475
-0.6913922
-0.5612697
-0.8101031
-0.7856568
-0.6210121
-0.7197318
-0.6465018
-0.7373638
-0.7156686
-0.5776177
-0.7992939
-0.6002186
-0.6663132
-0.7169462
-0.5506612
-0.4863846
-0.5359455
-0.5896195
-0.665307
-0.6420985
-0.6864411
-0.7099208
-0.5935816
-0.6109378
-0.5743072
-0.5377215
-0.5201331
-0.6223578
-0.5499
-0.6345003
-0.5227038
-0.6459624
-0.4614946
-0.5723551
-0.6820133
-0.6141332
-0.5359166
-0.6565063
-0.5379771
-0.6031439
-0.4236788
-0.4716658
-0.7219324
-0.663774
-0.6696557
-0.6029305
-0.5959648
-0.5418171
-0.4249348
-0.4368132
-0.7009148
-0.6814233
-0.5471087
-0.5762951
-0.4844027
-0.3705723
-0.6149836
-0.571272
-0.3794527
-0.506067
-0.4127846
-0.4735106
-0.3741523
-0.6604078
-0.4794368
-0.5786745
-0.4476603
-0.4427696
-0.4876901
-0.3856872
-0.5148844
-0.6211495
-0.5509423
-0.5162096
-0.4009384
-0.5018283
-0.3849938
-0.6707951
-0.5311515
-0.5736568
-0.4205389
-0.35557
-0.4832298
-0.4542429
-0.494408
-0.349727
-0.4840773
-0.3049799
-0.5062413
-0.4544685
-0.5293757
-0.5743432
-0.4328836
-0.4494359
-0.5004208
-0.5030918
-0.5061235
-0.3527702
-0.3468071
-0.4636965
-0.48331
-0.3589829
-0.5650298
-0.3967333
-0.4872032
-0.3763739
-0.4167703
-0.4824902
-0.4493119
-0.4670811
-0.5328513
-0.3631562
-0.2597814
-0.4088923
-0.3537811
-0.5417576
-0.3174647
-0.4218155
-0.6381795
-0.3176834
-0.4869697
-0.4402801
-0.3075796
-0.4876387
-0.2732392
-0.2921223
-0.3435943
-0.4181171
-0.2877736
-0.3438406
-0.5818978
-0.1939357
-0.3384363
-0.2622936
-0.3046736
-0.4078256
-0.4619852
-0.3224444
-0.3373086
-0.3293474
-0.2915397
-0.4457052
-0.3146867
-0.3515756
-0.3276533
-0.3859958
-0.4565608
-0.3232648
-0.271564
-0.3182155
-0.4456801
-0.3786775
-0.3509575
-0.4868649
-0.4168141
-0.2967764
-0.3475299
-0.2895269
-0.3335864
-0.3165119
-0.3536166
-0.2879891
-0.3977802
-0.3583635
-0.2780733
-0.1908171
-0.3228665
-0.367136
-0.3086501
-0.3885343
-0.2627775
-0.2718902
-0.4043766
-0.3636257
-0.2991972
-0.2653812
-0.2021462
-0.497624
-0.06762601
-0.06909077
-0.2233806
-0.2024095
-0.3166413
-0.3211605
-0.2476595
-0.3085544
-0.4199686
-0.2389786
-0.226283
-0.3208359
-0.3745463
-0.1731465
-0.2862672
-0.2251551
-0.2435334
-0.3163351
-0.2636618
-0.3636716
-0.2702146
-0.3756578
-0.3966084
-0.2213878
-0.251929
-0.06837843
-0.324942
-0.3324818
-0.3466046
-0.3431444
-0.2108495
-0.3085631
-0.3574425
-0.2412378
-0.219603
-0.1868966
-0.3056683
-0.2639612
-0.2707869
-0.4002763
-0.2473664
-0.2119375
-0.212361
-0.1335096
-0.3797465
-0.1774139
-0.1236156
-0.1572116
-0.1756731
-0.1572262
-0.1884439
-0.2015168
-0.2043829
-0.09893063
-0.3217879
-0.1630094
-0.1661452
-0.1968916
-0.1148901
-0.06825517
-0.08304582
-0.3256489
-0.3786068
-0.1662366
-0.2479166
0.03665487
-0.1877821
-0.178449
-0.1414164
-0.2257818
-0.07840278
-0.1890746
-0.1506463
-0.1509792
-0.071678
-0.07931448
-0.1155461
-0.03048026
-0.03592918
-0.1281763
-0.09559515
-0.2445961
-0.3550681
-0.1223192
-0.2421425
0.06449704
-0.07481848
-0.2493677
-0.09328394
-0.1691826
-0.1714206
-0.2417768
-0.1625118
-0.03288818
-0.00481918
-0.1629935
-0.1264134
-0.07020128
-0.1666532
-0.1933151
-0.04489921
-0.1710265
-0.0175793
-0.09046874
-0.1119454
-0.1816899
0.00201312
0.01752396
0.01702192
-0.02157814
-0.1217243
-0.0584485
0.01810937
-0.001396602
-0.1592147
-0.07709399
0.04857825
-0.06672141
-0.03598212
-0.09852339
-0.1121247
-0.03829622
0.01240367
-0.07878368
-0.03758929
-0.1075771
-0.1154998
0.0116574
0.1087129
0.01442201
0.01465717
-0.0829694
-0.1168409
0.03370872
-0.05501254
-0.057869
0.01743993
-0.1533124
0.1640405
-0.03865951
-0.03434226
-0.007259429
-0.02596402
0.1032895
-0.1148455
-0.04373437
0.07708037
-0.03905095
0.07373567
-0.04036994
0.01781294
-0.03440892
-0.1420095
0.02943057
0.02489199
0.07224354
-0.06487832
-0.03620401
0.07925932
0.007916872
0.0693752
0.04342222
0.03967867
0.007100532
-0.1049469
-0.01378213
0.1804745
0.01422897
-0.02430156
0.2724149
0.03917213
0.04196681
0.00273391
0.1250875
-0.02711747
0.1572907
0.1112288
0.09064339
0.1736422
0.09514045
-0.02826914
0.0155761
0.1901416
0.1371438
0.07647026
0.1129449
-0.01130626
0.05492505
0.06662198
0.1025475
0.08531871
0.08267145
0.1262912
0.2667563
0.1042455
0.1190747
0.052437
0.008172103
0.175255
0.05130296
0.1409998
0.2105554
0.2103571
0.07445395
0.08743185
0.1584921
0.1511389
0.120921
0.2060692
0.05293396
-0.04450651
0.1723699
0.1123565
0.1922156
0.1526422
0.2043016
0.1687871
0.2313372
0.07894562
0.1011438
0.1827581
0.09661416
0.1536701
0.2294451
0.2338255
0.1517771
0.2040165
0.2115372
0.2789695
0.05916906
-0.02332043
0.1331115
0.08517833
0.1991362
0.2915805
0.3165914
0.2573081
0.04537869
0.2016841
0.2208951
0.2885867
0.2474434
0.1394737
0.256538
0.07030056
0.2039601
0.2023335
0.2985989
0.1905138
0.1002046
0.1909913
0.2630482
0.1969537
0.2982626
0.2001067
0.2678299
0.3102067
0.174127
0.2447194
0.1684445
0.2156119
0.3102978
0.1832578
0.2893349
0.0894278
0.2248673
0.1897179
0.2022432
0.2422932
0.191975
0.3133514
0.2811313
0.2056309
0.1285593
0.2643889
0.3287632
0.06602458
0.1249076
0.4473344
0.2911895
0.05672948
0.1990209
0.3993609
0.2817942
0.268882
0.3324463
0.305004
0.3332526
0.3089636
0.3071637
0.2441503
0.2594032
0.2294858
0.329958
0.3221537
0.3644449
0.3304524
0.3024711
0.3704546
0.3205074
0.3360625
0.2811884
0.2410825
0.3126464
0.2330208
0.3468376
0.3196835
0.3285176
0.1970128
0.381314
0.4080065
0.2494336
0.3145981
0.3942856
0.2793103
0.4432342
0.317698
0.2124879
0.3347019
0.4565333
0.4497027
0.3342308
0.2069607
0.3979277
0.2338246
0.38165
0.2531498
0.3573003
0.311168
0.3467735
0.450827
0.460568
0.3902399
0.5417039
0.4490141
0.4285984
0.4009424
0.3329711
0.5451148
0.2491128
0.3949346
0.2556931
0.2658898
0.3234576
0.3848462
0.4078761
0.3242313
0.4704722
0.3858317
0.408878
0.3161802
0.4562082
0.3711332
0.4434261
0.3903101
0.6473374
0.4255531
0.5457871
0.3776988
0.3489631
0.3925754
0.3897379
0.5140189
0.4039842
0.2856644
0.3561337
0.4592874
0.5238633
0.4584092
0.6100918
0.4037033
0.3126638
0.4708368
0.4220494
0.4751639
0.5172624
0.5110501
0.400724
0.4999133
0.6207498
0.3862012
0.4961005
0.5425408
0.4596153
0.3852031
0.4184322
0.5763612
0.3510715
0.576379
0.5520742
0.5528394
0.5181185
0.5582577
0.3778218
0.4375242
0.4352964
0.6212192
0.554169
0.3947844
0.5375827
0.4284136
0.6319199
0.6392953
0.4710396
0.5480636
0.4217318
0.5825604
0.5463904
0.5171136
0.4174164
0.4943802
0.4564493
0.5484434
0.5280046
0.524163
0.5389884
0.6044756
0.6360536
0.4757014
0.6628411
0.6929659
0.5126329
0.5824129
0.4203935
0.6442552
0.5228696
0.5913393
0.4485243
0.4672562
0.6927727
0.5176969
0.5182641
0.5785432
0.6515801
0.5249842
0.5404155
0.4677944
0.4267165
0.5894079
0.5773442
0.488946
0.6688529
0.6139888
0.6198824
0.6119726
0.5275402
0.6019534
0.5620541
0.6448733
0.7577754
0.5847458
0.7061189
0.6343104
0.5551099
0.5197885
0.667976
0.7390324
0.6005055
0.6215912
0.6035305
0.6761701
0.415947
0.5427763
0.6957638
0.5144365
0.7152541
0.5873981
0.7502899
0.7417529
0.6370069
0.6834155
0.7488848
0.6162796
0.7425641
0.5744722
0.5479511
0.6044857
0.6678376
0.5575937
0.5808927
0.8565345
0.5678595
0.6768365
0.6438431
0.8556375
0.7167995
0.6358035
0.6345027
0.7632614
0.7132326
0.7292249
0.7298622
0.637621
0.6624314
0.6559933
0.7759461
0.7636915
0.7319975
0.6025188
0.6989867
0.6430048
0.6673798
0.7427612
0.8068904
0.7894392
0.7332203
0.7926596
0.7092634
0.6367215
0.771145
0.6161394
0.8039554
0.7070271
0.7550001
0.7517955
0.6650382
0.740299
0.7137131
0.6872407
0.7585353
0.7602597
0.7878995
0.8150028
0.6608791
0.715365
0.7347463
0.6653489
0.8161535
0.8669204
0.8811457
0.689396
0.8514771
0.9012164
0.7793178
0.8456459
0.7120454
0.7751685
0.8164694
0.7692098
0.8250217
0.8991377
0.7769069
0.7126954
0.9452939
0.7551889
0.8138463
0.7809137
0.8225378
0.8092846
0.7576942
0.7600094
0.8147368
0.877727
0.7734295
0.7501389
0.8252798
0.8728041
0.9825928
0.9069425
0.7764482
0.7394025
0.9078104
0.919063
0.8830305
0.8907125
0.836382
0.9448119
0.90535
0.8982252
0.9269014
0.6306039
0.9736414
0.8808262
0.8847136
0.7982822
0.7975422
0.8244657
0.861799
1.014301
0.9304722
0.8755236
0.8459925
0.7785893
0.8088968
0.9281272
0.8476117
0.8570959
0.8411097
0.6476656
0.9329115
0.855798
0.838727
0.8922297
1.045134
0.8881924
0.9099868
0.8251319
1.077757
0.8907046
0.9124272
1.029746
1.104984
0.8127753
1.034741
0.9107976
1.05804
1.066337
0.927013
0.8989913
0.8421638
0.8724856
0.9095758
0.7989041
0.9223825
0.9984204
1.066727
0.9515953
1.027654
0.9544715
0.8509248
0.8868038
0.7997654
0.9641575
0.9352503
0.8346676
1.03198
0.8425548
0.9998281
0.9574757
0.9192582
1.040044
1.11063
0.9822539
0.9851762
1.050689
0.9116709
0.95697
1.027054
1.01352
1.026083
1.023389
0.8090856
1.053086
0.8942286
1.014103
1.01699