-0.03038246
-1.037981
-0.9721151
-1.031895
-0.9288376
-0.9529719
-1.05296
-1.099915
-0.9259512
-0.9850043
-1.03345
-1.065946
-1.001277
-0.8777041
-0.9352844
-1.069982
-0.8876298
-0.9213679
-0.904149
-0.9293047
-0.9539752
-0.9609351
-0.9564979
-1.093656
-0.9036901
-1.074274
-0.9463873
-1.031121
-0.9650279
-0.9230086
-0.9825939
-0.9602503
-0.9546628
-0.9940609
-0.9472818
-0.8629394
-0.9139688
-1.154065
-0.947412
-0.9490586
-1.013282
-0.9162704
-0.8280566
-0.809575
-0.9444678
-0.9799265
-0.8976597
-0.9301247
-1.026364
-0.852228
-0.93182
-0.7930331
-0.9139583
-0.9915009
-0.8651848
-1.030418
-0.9117788
-0.8710558
-0.891344
-0.9959321
-1.07134
-0.9088509
-1.03396
-0.788025
-0.935886
-0.7978991
-0.7463533
-0.858551
-0.7628565
-0.8748086
-0.8842604
-0.9048856
-1.024609
-0.9891568
-0.7157993
-0.9195547
-0.8674053
-0.7191263
-0.8553987
-0.8414597
-0.6959068
-0.9412403
-0.9187944
-0.8559107
-0.8642753
-1.012241
-0.7123369
-0.8655886
-0.8578519
-0.9855196
-0.7622853
-0.73364
-0.8781915
-0.7194944
-0.6188904
-0.8505643
-0.7573576
-0.8060318
-0.7573224
-0.8428036
-0.726494
-0.933012
-0.6597058
-0.8045495
-0.8403401
-0.7829702
-0.7485955
-0.7633143
-0.9045432
-0.7294042
-0.8160219
-0.7541046
-0.8026578
-0.8056202
-0.7934073
-0.7795546
-0.7818797
-0.6446103
-0.7466118
-0.7533517
-0.6994193
-0.8581368
-0.7789552
-0.6772803
-0.8293455
-0.710838
-0.583698
-0.7594485
-0.8064464
-0.7266165
-0.7910535
-0.7913059
-0.8144437
-0.7081877
-0.6654973
-0.7596029
-0.7775468
-0.6071117
-0.7712247
-0.6124227
-0.6579627
-0.8270756
-0.6716694
-0.8491982
-0.750436
-0.6168351
-0.7372945
-0.6343852
-0.7962822
-0.7914539
-0.666777
-0.8485648
-0.7838871
-0.5850677
-0.6064889
-0.6214238
-0.6151324
-0.746378
-0.6486179
-0.6429286
-0.8251451
-0.5954441
-0.749375
-0.6595501
-0.6372304
-0.6553319
-0.7350923
-0.6806644
-0.5606977
-0.6663947
-0.6523041
-0.6916172
-0.6594801
-0.6258123
-0.6639386
-0.6725007
-0.6798681
-0.7311238
-0.7238199
-0.6407149
-0.6931972
-0.6226641
-0.6515133
-0.7586616
-0.6911533
-0.5770808
-0.6689075
-0.5426777
-0.5848567
-0.6407075
-0.6223836
-0.4309957
-0.5546688
-0.5497853
-0.5940149
-0.6300972
-0.5182701
-0.5085655
-0.6539528
-0.6571626
-0.6588116
-0.5844298
-0.5742718
-0.507462
-0.7160011
-0.5170575
-0.6772849
-0.615325
-0.5543677
-0.7029478
-0.5450167
-0.4713022
-0.5818768
-0.6485127
-0.5657743
-0.6327621
-0.5469733
-0.5934316
-0.5553729
-0.6070281
-0.5535176
-0.5289817
-0.4778038
-0.5507956
-0.6122657
-0.6380968
-0.466281
-0.3495952
-0.6139447
-0.5209205
-0.5954506
-0.6352039
-0.2551768
-0.5288969
-0.5752592
-0.6415284
-0.6626382
-0.4359044
-0.4033926
-0.5037334
-0.4599496
-0.4812859
-0.6381492
-0.4678989
-0.60802
-0.5587279
-0.4465443
-0.522814
-0.4927378
-0.4700782
-0.4298199
-0.5069478
-0.5738856
-0.489178
-0.4480406
-0.4715289
-0.5072343
-0.5014088
-0.4492188
-0.3181822
-0.6146366
-0.497625
-0.3552136
-0.4688665
-0.5259421
-0.4298049
-0.6022735
-0.4444785
-0.4898576
-0.4083871
-0.3545393
-0.4365657
-0.4119688
-0.5059425
-0.4462032
-0.3742108
-0.3626508
-0.5512833
-0.5103869
-0.3958743
-0.3783196
-0.4530118
-0.3804699
-0.5293326
-0.3654029
-0.4938809
-0.3357981
-0.4717626
-0.6387495
-0.2909083
-0.3207092
-0.2983944
-0.5812437
-0.3211293
-0.5039561
-0.3095044
-0.3246316
-0.4156316
-0.3368114
-0.4827525
-0.337784
-0.503112
-0.3643734
-0.4640845
-0.4105327
-0.4887124
-0.6188854
-0.4610254
-0.3774224
-0.3945644
-0.4103495
-0.4917932
-0.3989833
-0.3037255
-0.4692351
-0.2680612
-0.3695649
-0.2279586
-0.2706977
-0.3967009
-0.5651635
-0.3807994
-0.3385725
-0.4510311
-0.3953234
-0.3467448
-0.3934812
-0.5508563
-0.2651708
-0.3003507
-0.3737602
-0.4497379
-0.372984
-0.3284162
-0.3976938
-0.2777962
-0.3131422
-0.3554452
-0.2744051
-0.2594694
-0.2854553
-0.3556572
-0.3478005
-0.3882677
-0.3068886
-0.2569226
-0.2133475
-0.3380563
-0.3346255
-0.466373
-0.3641977
-0.3925436
-0.2637036
-0.2608546
-0.1978388
-0.2811494
-0.1768554
-0.335224
-0.1917945
-0.3634656
-0.4976099
-0.3214404
-0.2494668
-0.2460519
-0.3304403
-0.235608
-0.3307369
-0.3366066
-0.3591954
-0.323712
-0.2614971
-0.213015
-0.2473794
-0.3487984
-0.3577049
-0.3283522
-0.1621967
-0.3361073
-0.2404702
-0.2201916
-0.2598833
-0.2503947
-0.2425101
-0.2294433
-0.1955726
-0.3137861
-0.2434489
-0.1096342
-0.2476838
-0.2440041
-0.2261574
-0.06008787
-0.2221945
-0.3691656
-0.1955709
-0.362264
-0.1245532
-0.05381781
-0.1809503
-0.1820324
-0.2079352
-0.1726633
-0.109451
-0.2627873
-0.0650881
-0.1105375
-0.1748255
-0.0331134
-0.1988231
-0.2256296
-0.1076133
-0.1912555
-0.09024662
-0.1097492
-0.2502254
-0.124173
-0.1644057
-0.2250947
-0.2674574
-0.2119404
-0.07718806
-0.2170818
-0.2346539
-0.1010436
-0.1300876
-0.2177573
-0.1898428
-0.2665891
-0.2469764
-0.2510388
-0.3008674
-0.1388824
-0.04446247
-0.2168436
-0.1977613
-0.1076421
-0.06057838
-0.2952256
-0.1699054
-0.2003106
0.008732419
-0.1769745
-0.1319352
-0.02058913
-0.2089663
-0.1258958
-0.2167405
-0.1552885
0.04365664
0.09990359
0.03149308
-0.07364011
-0.1673081
-0.095068
-0.01868967
-0.1465993
-0.1134308
-0.2087637
-0.06441409
-0.01717543
-0.1709608
-0.2779499
-0.08216267
-0.0408943
-0.03551381
-0.1141354
-0.1561479
-0.1199152
0.05735049
-0.07077796
0.001300302
-0.1057901
-0.1119359
0.01812922
0.008329763
-0.05880122
0.03181575
-0.1471533
0.09136188
-0.1148635
-0.1082491
-0.1877409
-0.1613381
0.03385527
0.1574278
-0.1218167
-0.05542547
-0.09498669
-0.01029746
0.1050379
0.04937197
-0.01290143
-0.05120924
0.09420702
-0.01216455
-0.002659082
-0.10725
-0.01089963
-0.07809022
-0.03729081
0.01308552
0.1481445
-0.01840713
-0.230613
0.1032778
-0.01135087
-0.06624753
-0.0764298
-0.02199313
0.1188152
-0.09914727
0.01391466
0.1639619
-0.02959121
0.08781622
0.1544356
-0.08659628
0.02988406
-0.01194601
0.08957519
0.08453969
0.0797656
0.070798
-0.0371538
-0.02291514
-0.01277515
0.1445353
0.08459526
0.0201598
-0.004025707
0.1563305
0.04118321
-0.04047665
0.06235624
0.06242806
0.01725394
0.116582
0.0375158
0.08728097
0.0250019
0.04993416
0.03035213
0.05025523
0.04819825
0.1913722
-0.03418662
0.2038351
0.03149579
0.1218167
0.2800989
0.127744
0.04653545
-0.1098856
0.2245118
0.09163617
0.1047244
0.04281052
0.152297
0.1040559
0.1946304
0.1002905
0.1839746
0.1973655
0.1554542
0.1671232
0.129278
0.2506832
0.2600298
0.1929358
0.2408504
0.06059624
0.1909835
0.1757284
0.2704772
-0.01577623
0.1077283
0.1931895
0.1638015
0.05415277
0.08796119
0.157139
0.139896
0.1648064
0.09926251
0.1536007
0.1856464
0.2710847
0.1878658
0.09203503
0.2418666
0.1376867
0.2007705
0.2858807
0.1226965
0.3084173
0.2307669
0.2158566
0.04952988
0.1340134
0.1563406
0.08243106
0.2757694
0.06203055
0.1381051
0.222028
0.1039982
0.2346159
0.2376267
0.2490963
0.1819967
0.2933101
0.2283339
0.2388878
0.3306836
-0.1256612
0.2287416
0.07540026
0.3099222
0.2897831
0.2815587
0.2790056
0.2856698
0.3532834
0.1808069
0.2703016
0.3985369
0.3136231
0.1151308
0.2204688
0.2901457
0.3052527
0.1393391
0.2949794
0.2104389
0.1589911
0.1784925
0.1523703
0.3379537
0.2930996
0.3118086
0.2058438
0.2065793
0.304953
0.09264966
0.2664633
0.3503521
0.272003
0.4198684
0.2375222
0.2697122
0.433171
0.3539914
0.3191746
0.2146794
0.34415
0.387267
0.4089434
0.2832103
0.3951023
0.3096051
0.4242195
0.4330002
0.1624962
0.306523
0.4013315
0.2953667
0.1392958
0.5340634
0.1567001
0.4061246
0.2637093
0.3302482
0.3236351
0.3418905
0.3707275
0.3384576
0.3424016
0.3320074
0.4456593
0.2861596
0.2558362
0.2516013
0.4828094
0.382165
0.3833612
0.3085011
0.4674907
0.2794052
0.3537118
0.3004563
0.4016327
0.4170745
0.4109082
0.3569184
0.3994792
0.4304831
0.3196564
0.1335307
0.4243037
0.2771009
0.3985698
0.3301869
0.3599542
0.5533871
0.3513361
0.4361959
0.3300324
0.4274075
0.392771
0.2660836
0.2898708
0.3533481
0.250494
0.3021843
0.5058048
0.414148
0.439108
0.4349305
0.3726445
0.5014423
0.4209324
0.3646206
0.4370059
0.5968184
0.3264676
0.6557426
0.4745753
0.4451723
0.5037789
0.5141331
0.4797959
0.4129115
0.3952512
0.2761187
0.5134055
0.3472547
0.4570986
0.4023325
0.565192
0.3936872
0.5066653
0.6295785
0.5161427
0.4683269
0.5782168
0.5505714
0.6173588
0.5394169
0.5656033
0.5618067
0.5151199
0.2855412
0.5228606
0.3563083
0.5020579
0.5144246
0.5875528
0.4648434
0.4394398
0.5826968
0.7075838
0.4572912
0.4314361
0.530779
0.5985481
0.6576533
0.5483761
0.7132638
0.5610054
0.4617194
0.5638577
0.5418916
0.4660742
0.4398559
0.6299357
0.5300975
0.5628608
0.5006044
0.6098652
0.7469681
0.6183856
0.4787327
0.5199179
0.4820545
0.6242368
0.5813247
0.5061184
0.6392017
0.7398109
0.5691269
0.4403237
0.7767555
0.6105513
0.5198206
0.5225818
0.4434559
0.6426157
0.628151
0.6292842
0.6128318
0.6656306
0.6320892
0.4132586
0.6002297
0.667024
0.7759707
0.6969911
0.6818288
0.7157105
0.7288232
0.623144
0.6330746
0.6076039
0.6980308
0.6268114
0.6099843
0.652579
0.6862842
0.4537066
0.6445033
0.6085127
0.5022342
0.7041811
0.6612111
0.6721115
0.6220442
0.5546001
0.5106226
0.6857091
0.6664867
0.8402883
0.577242
0.6771095
0.5500978
0.5723751
0.7235983
0.6940098
0.6524299
0.6694162
0.7130979
0.6687869
0.6002587
0.582951
0.6748201
0.6685747
0.8277974
0.5420734
0.7781149
0.6488334
0.6172658
0.5954747
0.5185314
0.6558467
0.7843431
0.7579966
0.7734414
0.6068676
0.7514569
0.6815989
0.6617406
0.7155994
0.6114406
0.5831367
0.8774138
0.7028916
0.7612017
0.5669289
0.7524784
0.6558551
0.6556011
0.6603542
0.84346
0.8149338
0.7234281
0.8516615
0.8057306
0.7563332
0.7896012
0.9149214
0.68335
0.7300481
0.6616089
0.6872239
0.7900323
0.7389084
0.7024072
0.7348765
0.6830779
0.7136206
0.8219037
0.849101
0.6616128
0.9188705
0.7905253
0.7071568
0.6038181
0.7630672
0.7178345
0.715818
0.8737307
0.6853545
0.7098224
0.9176413
0.7867673
0.6892227
0.8781492
0.6637576
0.8762096
0.9710317
0.9337777
0.8672848
0.8924142
0.782698
0.8479058
0.9210665
0.8480331
0.916464
0.8590959
0.8455124
0.8207494
0.8317997
0.8500492
0.9560808
0.9344074
0.7738797
0.791837
0.8022493
0.7803916
0.8472619
0.8214382
0.7240171
0.8912051
0.8274123
0.936403
0.9665471
0.950269
0.9605613
0.8591183
0.8883938
0.8458496
0.8623601
0.7977368
1.027146
0.8855625
0.8987206
1.051942
0.957525
0.8297725
0.8808932
1.047241
0.9139828
0.9902236
0.9085363
0.7423717
0.8874177
0.8741102
0.9419723
0.9986611
1.006046
1.066366
1.061252
0.9403633
0.9624838
0.9808567
0.8493711
0.8645999
1.021193
0.9953335
0.901277
0.8857364
0.9404329
0.9744313
0.8860677
0.9909285
1.055059
0.9302117
1.082468
1.117192
0.8876716
0.8975308
1.060518
1.064555
0.8667651
0.8767036
0.9449118
0.8184653
1.000645
1.011515
0.9458555
0.871288
1.071179
0.8804193
0.8809459
1.119753
1.032754
1.029699
1.193792
0.8581133
0.9555203
0.9635988
0.9899302