0.133288
-0.9717319
-0.992719
-0.7775068
-0.8883513
-1.070155
-1.00122
-0.8600983
-1.085293
-1.004468
-1.040894
-1.078827
-0.9945191
-1.013214
-0.8434973
-1.058587
-0.8291652
-0.9030615
-0.9761808
-1.007374
-0.8449755
-0.930142
-1.013794
-0.8614318
-1.078594
-0.9191221
-0.79113
-1.0452
-0.8875188
-0.8823894
-0.9174776
-0.8917674
-0.965813
-0.8520276
-0.8101355
-1.179831
-0.9944284
-0.9321918
-0.9154526
-0.8940479
-1.062238
-0.8571247
-0.7636161
-0.9869595
-0.9423608
-0.8416679
-0.8594661
-0.8789314
-0.9170934
-0.7326966
-0.7996884
-0.9517002
-0.829289
-0.8656225
-0.8613754
-0.75035
-0.924645
-0.8544365
-0.9564034
-0.8053071
-0.9050619
-0.9388325
-0.7863282
-0.840274
-0.9325021
-1.060842
-1.012568
-0.7481963
-0.7752128
-0.8066238
-0.8411708
-0.7141173
-0.9060262
-0.7738527
-0.887964
-0.8570781
-0.8122642
-0.9015304
-0.907977
-0.7994181
-0.7162831
-0.8989333
-0.791075
-0.8714815
-0.8110921
-0.8784764
-0.9000693
-0.806112
-0.7967851
-0.7781712
-0.882803
-0.862046
-0.8225222
-0.7937005
-0.8399601
-0.9561661
-0.6810207
-0.6723188
-0.8688729
-0.6792309
-0.7129198
-0.875457
-0.8959663
-0.826508
-0.8330614
-0.7155605
-0.7643314
-0.6822372
-0.7526542
-0.8909977
-0.8397909
-0.8127132
-0.6558906
-0.7832605
-0.783652
-0.6617522
-0.7097874
-0.7615382
-0.8906179
-0.6750274
-0.8549183
-0.7405246
-0.7705682
-0.7414225
-0.7124546
-0.8510109
-0.6884247
-0.6768261
-0.794177
-0.7246631
-0.7174034
-0.7571813
-0.825978
-0.7671057
-0.7122133
-0.5746263
-0.8048586
-0.7412836
-0.6717744
-0.823971
-0.7621221
-0.6950075
-0.8356915
-0.7248155
-0.6662356
-0.7680457
-0.7950259
-0.6240416
-0.7435603
-0.6661714
-0.7255453
-0.5992252
-0.6403691
-0.7536334
-0.5576824
-0.7593754
-0.6645485
-0.6800775
-0.8242579
-0.6951345
-0.6632171
-0.7517013
-0.6328537
-0.778702
-0.7045897
-0.6947255
-0.6890619
-0.7103887
-0.6724608
-0.6785939
-0.7302746
-0.54441
-0.7049118
-0.6596136
-0.5446973
-0.6279315
-0.5050477
-0.6995734
-0.6007965
-0.8071258
-0.5304243
-0.5923047
-0.5569844
-0.6745777
-0.5658265
-0.5028565
-0.787188
-0.6291315
-0.5448278
-0.5220107
-0.7202094
-0.5410697
-0.6027659
-0.6942878
-0.6664298
-0.7849796
-0.6459762
-0.6081418
-0.6089142
-0.6838957
-0.6950993
-0.4713086
-0.6648246
-0.6220154
-0.6060111
-0.611773
-0.5180194
-0.7192136
-0.5898998
-0.6448223
-0.5935339
-0.5776215
-0.6835096
-0.6019019
-0.6855812
-0.5775849
-0.6290917
-0.5198037
-0.52367
-0.5099077
-0.5816717
-0.54666
-0.7089901
-0.5997852
-0.4931696
-0.595103
-0.6114659
-0.6192705
-0.5216188
-0.4396426
-0.6368183
-0.4120638
-0.3693886
-0.3558203
-0.4683354
-0.7090371
-0.6540242
-0.3546891
-0.4325511
-0.5244371
-0.5496358
-0.536591
-0.6371554
-0.6987216
-0.5401113
-0.5069966
-0.470366
-0.3976339
-0.4265917
-0.5987071
-0.4916813
-0.3445807
-0.5797706
-0.4122683
-0.3504144
-0.5143445
-0.613558
-0.387069
-0.4465756
-0.3907454
-0.4815387
-0.4693028
-0.3672007
-0.4540361
-0.6301022
-0.5254429
-0.4717649
-0.5639184
-0.2239838
-0.5829017
-0.4575771
-0.4699685
-0.3485297
-0.2588683
-0.350076
-0.439621
-0.4430406
-0.4120435
-0.3022947
-0.569802
-0.385062
-0.426837
-0.4249909
-0.4974678
-0.2448596
-0.3761727
-0.2721928
-0.459194
-0.4639142
-0.5745817
-0.3684193
-0.43991
-0.3779978
-0.2945437
-0.3290265
-0.4162214
-0.4271555
-0.4793807
-0.3682597
-0.3896496
-0.4384498
-0.4717596
-0.3707421
-0.4163922
-0.4729529
-0.4652052
-0.2368021
-0.4507933
-0.407856
-0.3229602
-0.3769242
-0.3555325
-0.3210739
-0.2435526
-0.2778387
-0.0700474
-0.4561271
-0.3684118
-0.3417409
-0.4467697
-0.4831223
-0.4355847
-0.3944608
-0.1824421
-0.1891318
-0.2474848
-0.3949001
-0.4675924
-0.477867
-0.3496316
-0.3829895
-0.2485318
-0.4391057
-0.2701488
-0.3817136
-0.2839768
-0.4456549
-0.2879328
-0.1975341
-0.2665208
-0.1268524
-0.1796743
-0.2130967
-0.3582656
-0.4697406
-0.2494509
-0.3154372
-0.3168257
-0.2093106
-0.3911932
-0.2793242
-0.2493481
-0.1198289
-0.05622205
-0.2967767
-0.4047253
-0.2903557
-0.1344835
-0.3582668
-0.3853962
-0.477655
-0.2127755
-0.3250131
-0.3257518
-0.2830326
-0.4190327
-0.356337
-0.2920203
-0.1845658
-0.2278154
-0.4475384
-0.330013
-0.07544176
-0.234044
-0.2279144
-0.2129768
-0.276564
-0.2784575
-0.3161222
-0.2760134
-0.2587327
-0.2402192
-0.3362479
-0.2134795
-0.2754668
-0.2078588
-0.09943296
-0.1800786
-0.06694104
-0.275043
-0.3051822
-0.182596
-0.1336209
-0.1794036
-0.2108844
-0.1089497
-0.2479463
-0.2807756
-0.1699195
-0.1398583
-0.2329897
-0.2439297
-0.2767368
-0.2381488
-0.1755306
-0.2204853
-0.262432
-0.1893353
-0.3050489
-0.06578857
-0.2509585
-0.1879968
-0.1852585
-0.1669085
-0.1129754
-0.1821226
-0.1272417
-0.001960434
-0.1883448
-0.164658
-0.1571399
-0.1307082
-0.1486033
0.01817085
-0.2404638
-0.209148
-0.2038498
-0.08384315
-0.1823984
-0.1739977
-0.159393
-0.07653663
0.03647142
-0.2303179
-0.2072331
-0.1478433
-0.2650384
-0.07821664
-0.1402779
-0.2713381
-0.1181522
-0.06895244
-0.09335835
-0.009723881
-0.04431539
-0.1529619
-0.0206188
-0.1389396
0.01228077
-0.06369127
0.02097024
-0.1258621
-0.1664055
-0.1351581
0.05297699
0.001214907
-0.08805475
-0.04785394
-0.1675768
-0.006252745
0.04722514
-0.06093323
-0.00879968
-0.07465307
0.06217863
-0.09953232
-0.1206318
0.09107355
-0.1275828
-0.1013006
-0.1339702
-0.1447438
0.0399725
-0.005567158
0.05512205
-0.1285248
-0.01225602
-0.09008486
0.002246584
-0.1425832
-0.1144075
-0.1062978
-0.05402276
-0.07982717
0.0393763
-0.05008713
-0.08527859
-0.02583365
-0.06250457
-0.02201424
0.01740697
-0.1359506
-0.01771354
0.1059347
-0.007281902
-0.08519057
-0.04362876
0.1210879
-0.01072326
0.1285
-0.2334054
-0.2282305
-0.06379339
-0.02074841
0.07299338
0.02758889
-0.06126667
-0.04414034
-0.139249
0.04511629
-0.1557235
0.01452323
-0.02579309
0.1447869
0.1024519
-0.08759806
-0.006578009
0.1200769
-0.1669235
-0.00372176
0.05423842
0.06082397
0.1125753
-0.1294182
0.1093282
-0.07691295
-0.0385239
-0.001460796
-0.003268781
-0.1261782
0.1238982
0.04165815
-0.06589468
-0.07681067
0.2932613
-0.04822029
0.01333002
0.02451005
0.1226166
0.2419112
-0.01805134
0.01874562
-0.06656121
0.02837041
-0.08188789
0.1665889
0.06177129
0.1108733
0.1154572
0.1267321
0.1351527
0.2003654
0.2320889
-0.1059774
0.2244886
0.1759179
0.3507538
0.1928593
0.3894603
0.1781204
0.09584467
0.09152649
0.2457847
0.1658542
0.146528
0.1673678
0.03469512
0.008059708
0.07311977
0.1687134
0.1117317
0.09610056
0.1260546
0.1318079
0.09854995
0.1832333
0.2182179
0.1935796
0.1452522
0.06583039
0.1024695
0.03044405
0.06934713
0.1915808
0.102785
0.07919176
0.1459932
0.1272522
-0.01603145
0.1661974
0.2563297
0.2426933
0.2009635
0.2576743
0.3014697
0.2422941
0.2605337
0.1759647
0.2405557
0.1045547
0.06564893
0.2338908
0.1245765
0.2941188
0.1637697
0.1571635
0.3046214
0.2511367
0.211114
0.3281138
0.3228724
0.144084
0.2519823
0.1180288
0.08636655
0.2260494
0.2910294
0.125404
0.1115768
0.1422996
0.2360017
0.179294
0.1180679
0.1899496
0.3274356
0.05788669
0.3247092
0.3164645
0.2269369
0.3247985
0.2036944
0.153245
0.3035454
0.2292495
0.1502947
0.1856877
0.1257618
0.3673861
0.3686519
0.2335467
0.3712115
0.3754139
0.3565007
0.4470667
0.3162947
0.2384885
0.3584461
0.3520644
0.1648624
0.2349862
0.3415119
0.3198272
0.3403516
0.2950253
0.3609326
0.2580707
0.2781915
0.3120499
0.2524657
0.2615065
0.2853598
0.222208
0.4337079
0.3829284
0.3265127
0.4936279
0.2568296
0.4039348
0.1732068
0.374538
0.3793373
0.3085201
0.377781
0.3369034
0.2193992
0.3451899
0.3071329
0.3663512
0.3882644
0.2780637
0.338581
0.3958233
0.3149354
0.465932
0.5507833
0.4757384
0.1621464
0.3480105
0.4180903
0.5173683
0.2764573
0.4582432
0.2323843
0.4902044
0.2874922
0.2703822
0.476407
0.4073555
0.535249
0.4116805
0.4131644
0.3969703
0.3644046
0.4926209
0.3711262
0.4727912
0.3918892
0.4303688
0.5129228
0.4450806
0.4488137
0.4381723
0.4511574
0.3857707
0.527527
0.4031326
0.3625295
0.4260019
0.3960975
0.5088837
0.4688507
0.4764476
0.3906321
0.3917799
0.5120872
0.4733334
0.4354915
0.5348971
0.536136
0.5379767
0.4951249
0.5018961
0.5729368
0.5284478
0.6508664
0.5594935
0.5173023
0.4338626
0.5710781
0.503225
0.5772889
0.5535445
0.4970006
0.3314833
0.3732653
0.4410806
0.4853704
0.5752865
0.5124415
0.4939284
0.5231888
0.5191246
0.5328073
0.4860988
0.5410455
0.5043844
0.3811373
0.5047241
0.5271478
0.5104625
0.5854588
0.5238349
0.5374293
0.6631556
0.5090895
0.5621722
0.359647
0.5800775
0.515099
0.5947801
0.5552783
0.3970056
0.6049175
0.5586093
0.6152655
0.5862676
0.360509
0.5956733
0.5884804
0.5975435
0.7024193
0.6112756
0.6522295
0.6330101
0.6765327
0.5121994
0.7159751
0.5361382
0.5853987
0.4693869
0.7266747
0.5491904
0.5886274
0.5523813
0.5060105
0.565033
0.6298148
0.7160964
0.6516009
0.6631676
0.4762345
0.3918454
0.5829213
0.5556532
0.551235
0.6816192
0.6165412
0.7213066
0.4506913
0.5355847
0.6869828
0.6444749
0.6344906
0.5393418
0.4970014
0.4776234
0.7249595
0.8210317
0.6356266
0.6449915
0.7166279
0.6836212
0.6055451
0.6851871
0.597565
0.7165373
0.7329093
0.6509713
0.6575987
0.5923673
0.4399266
0.6693876
0.6891287
0.7031142
0.7199314
0.6486295
0.5947858
0.6781413
0.5751832
0.8360206
0.5360603
0.7380553
0.7837825
0.6853285
0.7760665
0.6366685
0.5545975
0.8495068
0.6903312
0.6887153
0.6102732
0.680287
0.9588979
0.6253347
0.5954753
0.7629477
0.6828424
0.7720881
0.7012157
0.7561301
0.7010568
0.6945475
0.7457273
0.7819125
0.6110249
0.8703897
0.7483734
0.6784002
0.6435573
0.777488
0.6390165
0.8495337
0.6629015
0.6909952
0.8576458
0.7729544
0.9011975
0.8684175
0.7743766
0.6711203
0.7473511
0.7265384
0.7671914
0.733946
0.7003347
0.714489
0.9254571
0.7229223
0.6374452
0.6716928
0.8181326
0.8328293
0.8035164
0.8197158
0.7351691
0.7647319
0.7588547
0.8573109
0.7857269
0.7801974
0.8585277
0.8455456
0.9847348
0.6474658
0.7838691
0.6825624
0.7892881
0.82918
0.8435885
0.8081089
0.8077401
0.9341503
0.8245206
0.801928
0.7711568
0.7777929
0.8235059
0.7791238
0.8673753
0.8592259
0.9807273
0.8211563
1.016708
0.7605949
0.779738
0.6013093
0.7238614
0.8602084
0.7866747
0.8611775
0.7550517
0.8386793
0.9167206
0.9417855
0.826246
0.8668678
1.131641
0.6853868
0.9062668
0.9436223
0.8795277
0.8674784
0.8761648
0.9200536
0.8374724
0.9626455
0.8003068
0.8665536
0.8608221
0.9255039
0.9805038
0.8530781
0.7862892
0.9080229
0.8961647
0.919002
0.8584561
0.9749048
1.006049
0.9751666
0.9395111
0.7724024
0.9313991
0.907937
0.9947896
0.9396307
0.9397683
0.8433892
0.9573136
0.9429779
0.8048993
0.8896241
0.8061776
0.9715437
0.8031526
0.9457948
1.053721
1.035805
1.027567
0.9510839
0.9101108
1.029475
1.047612
1.102195
0.974909
0.9996613
0.9350142
0.9018664
0.8836423
1.084883
0.9159317
0.7990496
0.9334669
0.8757342
1.075964
0.9514804
0.989336
0.9645465
0.9403426
0.907067
1.008002