0.02766264
-0.9645678
-1.046321
-0.9279222
-1.057531
-0.949544
-0.9745091
-1.017518
-1.103928
-1.022036
-0.946186
-0.9420663
-1.022462
-0.959092
-0.9369939
-0.9539981
-0.9171392
-0.8537528
-1.000407
-0.9515837
-1.043053
-0.9751069
-0.8590827
-0.9067067
-1.09701
-0.8632565
-0.9127952
-0.9676759
-1.03427
-0.9403799
-0.9480589
-0.9148362
-0.8755858
-0.9962099
-0.8862111
-0.8953479
-0.9129071
-0.8133559
-0.9128073
-0.9182179
-0.6663544
-0.7546367
-0.8770031
-0.9015258
-0.985327
-0.8144508
-0.9794367
-0.9448338
-0.9426639
-0.9163932
-0.8412827
-1.012742
-1.025133
-0.6866282
-0.7551798
-0.7743055
-0.8635763
-1.005691
-0.8697026
-0.8226902
-0.708706
-0.8120682
-0.9625498
-0.9700827
-0.8713427
-0.8216009
-0.9358377
-0.834256
-0.8485843
-0.8282634
-0.8166
-0.6358013
-0.7546125
-0.9897294
-0.9897459
-0.8479641
-0.8039381
-1.024604
-0.735701
-0.8391846
-0.8368669
-0.8489514
-0.8863622
-0.8548278
-0.8173536
-0.8038681
-0.6501585
-0.8887103
-0.7795767
-0.9317761
-0.842914
-0.8187608
-0.735928
-0.8927763
-0.741116
-0.7163082
-0.7334653
-0.8437106
-0.7336527
-0.8377255
-0.8261808
-0.7623585
-0.7900402
-0.89818
-0.8907775
-0.8985577
-0.7322082
-0.736389
-0.8941675
-0.7286839
-0.8819082
-0.7946552
-0.7864469
-0.7157571
-0.7035349
-0.7729615
-0.6708163
-0.7112147
-0.8628682
-0.732025
-0.8275989
-0.7330842
-0.8718728
-0.8265781
-0.7277394
-0.6026721
-0.7082616
-0.9242011
-0.7279155
-0.6994194
-0.7083847
-0.5780645
-0.766028
-0.818083
-0.7552345
-0.790347
-0.7043059
-0.5000346
-0.5209983
-0.7024439
-0.7830488
-0.6711344
-0.7692351
-0.7948767
-0.7650803
-0.7433836
-0.6251596
-0.7141122
-0.652595
-0.6819957
-0.6934895
-0.6894443
-0.7212971
-0.6406331
-0.7501492
-0.6228857
-0.7766582
-0.6380185
-0.6173034
-0.5619713
-0.6467478
-0.5807952
-0.5260657
-0.6164658
-0.6662992
-0.662516
-0.6345422
-0.6530068
-0.8187281
-0.5832345
-0.6555035
-0.6169009
-0.6598386
-0.6870368
-0.6042079
-0.756917
-0.6634366
-0.7735979
-0.6474251
-0.8243978
-0.5040253
-0.6720502
-0.5867987
-0.7020029
-0.5852661
-0.5594752
-0.5035445
-0.6290954
-0.6610334
-0.577483
-0.6578946
-0.5754654
-0.6358065
-0.7031819
-0.6766535
-0.5356543
-0.5673715
-0.5494234
-0.4966895
-0.5015009
-0.6316151
-0.5524769
-0.6729
-0.5438717
-0.6411944
-0.7214748
-0.6352841
-0.772331
-0.4806327
-0.4693903
-0.5368692
-0.5740725
-0.5620196
-0.5043862
-0.6554734
-0.6037456
-0.5425928
-0.5663567
-0.5652774
-0.6705248
-0.3625997
-0.5596057
-0.5465102
-0.5608968
-0.6286214
-0.535097
-0.5568392
-0.7462901
-0.500982
-0.5210502
-0.5424285
-0.5533084
-0.5320804
-0.4560872
-0.6813196
-0.513403
-0.6975271
-0.4833266
-0.5335722
-0.6586375
-0.6496866
-0.5255723
-0.4983758
-0.4925946
-0.6111019
-0.5979485
-0.4579281
-0.4937133
-0.5605869
-0.3938592
-0.4187719
-0.5293363
-0.6706716
-0.4899405
-0.5252653
-0.4569155
-0.4666077
-0.6475706
-0.5272037
-0.4685842
-0.4435727
-0.5162929
-0.5975941
-0.5129748
-0.2924388
-0.4459248
-0.4206895
-0.4898291
-0.4949603
-0.4073944
-0.3975038
-0.3441943
-0.4137711
-0.6453296
-0.5646764
-0.3931805
-0.4275609
-0.5178223
-0.3987645
-0.3876735
-0.5385943
-0.4053924
-0.5231075
-0.3704743
-0.4945515
-0.5880232
-0.3112919
-0.4479308
-0.3432349
-0.4645017
-0.2885381
-0.4288399
-0.5469747
-0.3696832
-0.3419073
-0.4126681
-0.4340798
-0.5183667
-0.3274206
-0.3513624
-0.416446
-0.4530382
-0.4308659
-0.4704805
-0.4100868
-0.4292156
-0.3085016
-0.5092711
-0.4791356
-0.4505043
-0.2952433
-0.5037584
-0.3934635
-0.4748345
-0.4515968
-0.3384171
-0.4274079
-0.5100381
-0.2264192
-0.3286355
-0.3185293
-0.2859331
-0.4226946
-0.360328
-0.3175459
-0.5143784
-0.5089914
-0.1983865
-0.2589225
-0.2855931
-0.2938336
-0.35872
-0.347021
-0.3085335
-0.2037686
-0.3924783
-0.4610866
-0.2286065
-0.2939394
-0.3132454
-0.2904552
-0.3831723
-0.3929821
-0.4042889
-0.3142824
-0.2650098
-0.3041156
-0.2126572
-0.2433983
-0.3438108
-0.3213004
-0.3553104
-0.3728956
-0.251574
-0.2181131
-0.2411904
-0.2008214
-0.2614873
-0.3305012
-0.2980111
-0.2771176
-0.2242456
-0.2753037
-0.3986815
-0.288356
-0.1649635
-0.2788643
-0.3185064
-0.2584467
-0.4179477
-0.1745603
-0.2267419
-0.2316945
-0.3762776
-0.4448891
-0.2365977
-0.2533026
-0.2737266
-0.2870558
-0.2449796
-0.07311489
-0.1317781
-0.4160125
-0.287616
-0.3605236
-0.2920024
-0.127817
-0.1943599
-0.2578516
-0.2393531
-0.2162209
-0.1353934
-0.1933795
-0.2182745
-0.3779324
-0.3456459
-0.3118377
-0.3395032
-0.2084224
-0.2309768
-0.08803347
-0.06329205
-0.256399
-0.3168196
-0.106775
-0.1876611
-0.1373786
-0.1656568
-0.1552647
-0.07368756
-0.1776712
-0.08847491
-0.1391229
-0.136884
-0.1497885
-0.1287947
-0.1850823
-0.1307948
-0.01459483
-0.2045766
-0.1525955
-0.3094287
-0.2279061
-0.1526957
-0.1645971
-0.07032436
-0.1569767
-0.1737531
-0.05658914
-0.07570351
-0.09900505
-0.08010332
-0.1967928
-0.05376111
-0.1024431
0.008690273
-0.1388089
-0.08782257
-0.1740372
-0.0767584
-0.0781903
-0.1856474
-0.270816
-0.1728695
-0.2094134
-0.1850987
-0.2231725
-0.2469875
-0.08988195
-0.01812241
0.003318937
-0.1305207
-0.1909767
-0.0537775
-0.08890327
0.01625805
0.007453511
-0.1346125
0.009501028
-0.08839584
-0.09604168
-0.1105173
-0.1709756
-0.02643947
-0.02512885
-0.1227657
-0.1622295
0.004745128
-0.1466812
-0.08244689
-0.03366716
-0.09783724
0.06922631
-0.1098948
0.03344866
-0.06200344
-0.1573215
-0.06423202
-0.0767019
-0.003656576
-0.07646466
0.07566429
-0.02450736
-0.08923619
-0.01004965
-0.1372859
0.07106315
-0.03513283
0.1261842
-0.1125544
-0.05733272
-0.01566655
0.07079429
-0.06122928
0.01714287
0.07922457
-0.09289754
-0.09189622
0.02860629
-0.004211977
-0.1113801
-0.1761456
0.07976973
-0.04169112
-0.07211915
0.08342434
-0.002061078
0.2115712
0.1561771
-0.1145499
0.04454995
-0.09568741
0.093767
-0.02266808
0.1015055
0.09390399
0.07295362
0.204903
0.1319915
-0.05808072
0.01812395
-0.07210932
-0.003317228
0.1091277
0.240591
0.06264192
-0.0850817
-0.05534838
0.1751853
0.0744295
0.1293022
0.02360412
-0.007579905
0.1722877
0.08915624
0.1492753
0.02141986
-0.04780996
-0.02274858
0.2470414
-0.07924081
0.06305214
0.1290025
0.03520306
0.1258376
-0.05672651
0.2206003
0.03528698
0.09634517
0.1371951
0.01255976
0.1170841
0.05535132
0.003488064
0.1575845
0.1921634
0.1264469
0.1131486
0.147312
0.24966
0.1841794
0.1357363
0.04639315
0.1695146
0.002247047
0.1584927
0.09408794
-0.05035356
0.07252439
0.2192841
0.06742055
0.1525298
0.1000573
0.1054689
0.1543262
0.1319392
0.07121265
-0.003258224
0.1155048
0.1757603
0.1697777
0.3323412
0.2451389
0.1370285
0.2372646
0.2086209
0.1324265
0.1762358
0.1177925
0.1315181
0.2435603
0.1392363
0.2445838
0.1303959
0.1884923
0.2097422
0.01138355
0.2336815
0.2409606
0.3081523
0.2545127
0.3345638
0.0879963
0.3078042
0.1464742
0.304209
0.0972764
0.3140942
0.1933841
0.3192924
0.2754102
0.202304
0.2327731
0.2686167
0.3526576
0.332526
0.3208598
0.1860771
0.2904937
0.2230347
-0.03864552
0.2003199
0.1648699
0.2113487
0.2664831
0.3194776
0.2508409
0.3524432
0.2394616
0.3388021
0.2612772
0.2004389
0.08524619
0.3336447
0.1473358
0.4231366
0.2887308
0.2032999
0.3255514
0.2255228
0.3259955
0.3865852
0.3211231
0.3157745
0.3997442
0.3806292
0.2095897
0.1450696
0.2612739
0.1155661
0.2423958
0.2890998
0.3489753
0.2801243
0.3482682
0.2749577
0.2163309
0.2958494
0.2791047
0.2561419
0.4255143
0.1439653
0.3323701
0.3280626
0.3057236
0.3923988
0.2257318
0.3788233
0.2477168
0.2949606
0.2495916
0.3517967
0.2293413
0.3190774
0.2711519
0.4368538
0.4829853
0.3347814
0.3967814
0.3898915
0.5088339
0.2407632
0.3129158
0.3180632
0.3828751
0.3605234
0.3509447
0.3941462
0.2866586
0.3540816
0.3920053
0.416125
0.3930094
0.593205
0.3664033
0.3578408
0.3572322
0.4590848
0.3639725
0.525006
0.3943415
0.501742
0.3002022
0.3887237
0.4429319
0.3604843
0.402995
0.277852
0.315601
0.3273563
0.413445
0.4280525
0.5860686
0.4995622
0.522956
0.2731272
0.3414819
0.4878925
0.4150407
0.4094558
0.5015962
0.5156973
0.4376603
0.5929984
0.3839014
0.4377477
0.4405751
0.2890043
0.5018822
0.4081982
0.593678
0.58849
0.342789
0.2622577
0.5468399
0.4857191
0.3866396
0.5158729
0.5932489
0.4640204
0.4293892
0.5491357
0.5735748
0.3766451
0.5200275
0.5557908
0.3562711
0.5531526
0.6757322
0.4674468
0.4960386
0.533989
0.6807792
0.4713951
0.3381092
0.6193459
0.6256965
0.633831
0.5419302
0.7371016
0.5299043
0.4934168
0.5702579
0.5806569
0.4619662
0.51756
0.4072827
0.4608237
0.5829071
0.6101372
0.506172
0.5562166
0.5280548
0.621682
0.60601
0.5997369
0.5845758
0.4836562
0.5943969
0.5669059
0.456726
0.5155862
0.4064987
0.4879477
0.7441703
0.5781784
0.5222131
0.6034353
0.6246604
0.6399063
0.5682077
0.5488075
0.6639903
0.5254904
0.4797656
0.6826363
0.4891281
0.5323687
0.4227952
0.6047387
0.5744834
0.6227327
0.5271088
0.6357053
0.6885688
0.6517077
0.6298696
0.6484422
0.5596509
0.7333234
0.6850208
0.5186622
0.6377525
0.571219
0.7312967
0.6228311
0.6914331
0.7324213
0.7130304
0.6228804
0.6782655
0.5723271
0.5246857
0.6608352
0.7167392
0.749768
0.6475725
0.7244676
0.6164739
0.6824077
0.6603605
0.5575425
0.6545702
0.5229364
0.7399297
0.7256635
0.7665977
0.7517914
0.7921534
0.7041681
0.5532438
0.7661943
0.6471612
0.7256025
0.7295427
0.7103528
0.6555996
0.5754927
0.5168732
0.6848344
0.7227727
0.7694951
0.7342523
0.7879327
0.6728741
0.7015586
0.7717127
0.6902331
0.6179709
0.6852367
0.7971162
0.7963897
0.6272426
0.8021782
0.7533837
0.6645708
0.6678009
0.8133522
0.7010723
0.819453
0.9091916
0.6719232
0.7226233
0.7541086
0.7238536
0.5833766
0.8495046
0.7100711
0.6923883
0.7145483
0.9586083
0.7403989
0.7412424
0.818487
0.7716958
0.71828
0.8715904
0.7811843
0.7917099
0.6005103
0.659316
0.8055073
0.7914854
0.9066242
0.811509
0.7649724
0.8482066
0.9316898
0.8348715
0.6907403
0.9222454
0.7784332
0.6901584
0.8638145
0.6347945
0.7868029
0.7463545
0.7696333
0.7764223
0.8017172
0.8163564
0.8708235
0.7550377
0.8001251
0.8666644
0.7555974
0.8648137
0.7995355
0.8767592
0.8756189
1.02969
0.9779077
0.8121215
0.8804116
0.8691145
0.8766034
0.803618
0.9501707
0.9718056
0.8322923
0.9280226
0.756766
0.7672477
0.7186483
0.9008049
0.7456278
0.9434921
0.9496039
0.8914142
0.8942582
0.9904636
0.8466596
0.8438664
0.9930739
0.8727382
1.026541
1.012075
0.7545865
0.9210222
0.9791811
0.8546495
0.8438761
0.7686583
0.8764108
1.026689
0.7733691
0.8820693
0.8684631
0.6928116
0.8918208
0.947398
0.898711
1.117131
1.038724
0.9567962
0.9760981
0.8952385
1.0254
0.9622706
0.8967983
0.9845101
0.984667
0.9695228
0.9737174
0.7998233
1.004631
0.8221973
1.034611
0.9273837
1.00571
0.8359524
0.9698985
0.9851314
0.8761798
0.8889728
1.078135
0.9828349
1.018602
1.000903
1.009845
0.9085851
1.060037
0.9496142
1.063648
0.9972315
0.9216172
1.053251
1.07925
0.9354382
0.9076106
0.8469838