-0.01816292
-0.9639015
-0.9634809
-0.9819984
-1.072538
-0.934313
-0.8752134
-0.9458055
-0.8652521
-0.9829264
-1.111569
-1.081228
-1.082997
-0.9645991
-0.8897263
-1.013728
-0.9798707
-0.9560531
-1.018498
-0.955397
-1.101926
-1.107745
-0.9744158
-1.099178
-0.9438872
-0.7844503
-0.9464025
-1.102116
-0.9205855
-0.9759633
-1.067091
-0.9020314
-0.8553578
-0.980502
-0.9558239
-1.076869
-0.9931977
-1.072538
-0.8733478
-0.8826631
-0.7645629
-0.8488229
-0.965076
-0.9498399
-1.016034
-0.9110261
-0.9910694
-0.9605874
-1.023113
-0.8951908
-0.9274077
-0.8405203
-0.9058217
-0.8597743
-0.9225039
-0.9503456
-1.011844
-0.9521538
-0.8146061
-0.8649142
-0.8335108
-0.9092721
-0.9880213
-0.8378032
-0.7812531
-0.8863114
-0.8613928
-0.9522923
-0.941008
-0.8869847
-0.7943047
-0.7913445
-0.8069147
-0.9248714
-0.7439223
-0.7996286
-0.8607283
-0.8583462
-0.8128843
-0.8951988
-0.8514656
-0.762171
-0.7464529
-0.7758239
-0.7014531
-0.947939
-0.8189296
-0.8465447
-0.8838396
-0.6814433
-0.6905314
-0.946425
-0.7872513
-0.8516728
-0.9256934
-0.7244921
-0.6793808
-0.9039363
-0.7347469
-0.7768744
-0.7601383
-0.9336889
-0.7822113
-0.8679647
-0.7775496
-0.834243
-0.8482762
-0.8692133
-0.9093692
-0.7273
-0.7857915
-0.7289199
-0.7391231
-0.8438603
-0.6964328
-0.8874577
-0.5556385
-0.939313
-0.9094384
-0.7497173
-0.7231211
-0.8206627
-0.6968674
-0.867786
-0.7912328
-0.9064136
-0.7745197
-0.728355
-0.7298092
-0.8974539
-0.8531425
-0.6429467
-0.6448246
-0.8320777
-0.630015
-0.8640944
-0.8039165
-0.7927701
-0.6179361
-0.6947707
-0.6900942
-0.8727858
-0.7103948
-0.5491626
-0.7440347
-0.7093466
-0.7760404
-0.7640412
-0.6308809
-0.5792321
-0.7209032
-0.735648
-0.6849308
-0.7092918
-0.6555848
-0.61777
-0.6664867
-0.8175145
-0.6335128
-0.6404704
-0.7549176
-0.5793246
-0.7691348
-0.58528
-0.671389
-0.6598706
-0.6238699
-0.7432099
-0.6179104
-0.6704938
-0.6444875
-0.5243727
-0.4883425
-0.6075844
-0.7794869
-0.4999096
-0.6850568
-0.694217
-0.5511593
-0.8127109
-0.756306
-0.6118585
-0.691672
-0.6411147
-0.7219101
-0.6928721
-0.5947484
-0.7807403
-0.6150506
-0.6657734
-0.7296599
-0.5653381
-0.4874413
-0.537892
-0.5794772
-0.6776776
-0.6452777
-0.6921322
-0.7204864
-0.6026778
-0.6234826
-0.6067257
-0.5372203
-0.5148368
-0.6250232
-0.5356134
-0.6423085
-0.5148138
-0.6517561
-0.4648301
-0.5806622
-0.6464242
-0.6381864
-0.5210472
-0.6651092
-0.5468263
-0.6269664
-0.4519062
-0.4802377
-0.7222936
-0.6575658
-0.6719695
-0.609209
-0.6150962
-0.5441972
-0.4280105
-0.4333218
-0.702717
-0.7101979
-0.5420962
-0.5796318
-0.4955428
-0.3831254
-0.6237939
-0.5661929
-0.3930346
-0.492073
-0.4305492
-0.480254
-0.3806159
-0.6743616
-0.5027534
-0.5540971
-0.4226691
-0.4545201
-0.5001015
-0.3846521
-0.5393425
-0.6165463
-0.5336303
-0.5022344
-0.3973785
-0.4922122
-0.3836882
-0.6759833
-0.5264031
-0.5530691
-0.413207
-0.375582
-0.4961829
-0.4484187
-0.4950165
-0.3593547
-0.471733
-0.3167484
-0.4996531
-0.444039
-0.5090857
-0.5891336
-0.4170972
-0.4382229
-0.484869
-0.5170209
-0.4925418
-0.3801077
-0.3591146
-0.4413486
-0.5028762
-0.3745742
-0.5677344
-0.3920006
-0.4983364
-0.377962
-0.4139823
-0.4668531
-0.4343679
-0.4755303
-0.5079382
-0.3264708
-0.2886902
-0.4130629
-0.3410403
-0.541456
-0.3101415
-0.423011
-0.6413878
-0.3130101
-0.5043125
-0.4077613
-0.3099086
-0.4775967
-0.2848328
-0.2857596
-0.3621889
-0.4137648
-0.272155
-0.3371433
-0.5689701
-0.1990888
-0.3360824
-0.2581822
-0.3167032
-0.4035879
-0.4573109
-0.316646
-0.3583258
-0.3376891
-0.2960064
-0.4326558
-0.3166278
-0.3500787
-0.3355347
-0.3869868
-0.4748934
-0.3225728
-0.2790549
-0.3283158
-0.4379496
-0.3755118
-0.3638088
-0.5148751
-0.4254027
-0.3087127
-0.3596259
-0.2839545
-0.3426682
-0.2904042
-0.3582532
-0.2959787
-0.417212
-0.3634117
-0.2905818
-0.2078594
-0.3263328
-0.39514
-0.3107463
-0.3749471
-0.2661417
-0.2431453
-0.4303765
-0.3645161
-0.2820276
-0.2591144
-0.1958976
-0.4827853
-0.06266837
-0.06777337
-0.203467
-0.2131768
-0.3124498
-0.3031236
-0.2540946
-0.3145273
-0.3892951
-0.2310846
-0.2422439
-0.3291541
-0.3643465
-0.1693863
-0.2836057
-0.2357164
-0.2449569
-0.3180202
-0.2654474
-0.3744692
-0.2545925
-0.3780739
-0.3986954
-0.2106846
-0.2769504
-0.08187979
-0.3318997
-0.3025513
-0.3443824
-0.3566253
-0.1931164
-0.3282772
-0.3529539
-0.2425105
-0.2284738
-0.1785515
-0.3016729
-0.2711348
-0.2655944
-0.4218221
-0.2376495
-0.223001
-0.2062416
-0.1403072
-0.367911
-0.2063615
-0.1124397
-0.1403086
-0.151729
-0.1425458
-0.1964388
-0.1789202
-0.1897202
-0.1169485
-0.297983
-0.1837609
-0.1594196
-0.1943033
-0.09363377
-0.07630798
-0.09291402
-0.3166926
-0.3887998
-0.1885691
-0.2272325
0.02380578
-0.1954339
-0.1798093
-0.1336164
-0.2105242
-0.06772168
-0.1919565
-0.1591376
-0.1380051
-0.06784505
-0.08521533
-0.09201611
-0.02684619
-0.06611466
-0.1332425
-0.0842645
-0.2463396
-0.3398018
-0.118334
-0.2459554
0.06319181
-0.06704936
-0.2205961
-0.1117996
-0.1357085
-0.1747742
-0.2537778
-0.1408795
-0.02950177
-0.02780555
-0.1713666
-0.1320185
-0.1106592
-0.1659412
-0.2030816
-0.06766053
-0.1485591
-0.02937351
-0.08959251
-0.1325419
-0.1856842
-0.02179535
0.02443657
0.00549207
-0.04130769
-0.1107727
-0.04070459
0.0151602
-0.02774981
-0.1676231
-0.1008501
0.0384684
-0.09304657
-0.02034294
-0.07798972
-0.1088687
-0.04051519
0.001463668
-0.08423034
-0.03605169
-0.09138926
-0.08443087
0.01935422
0.09908794
0.008788794
-0.005763306
-0.1123739
-0.1084867
0.03840298
-0.07148244
-0.06216901
0.01298455
-0.20249
0.1766496
-0.03760428
-0.04064359
-0.0002484685
-0.02912075
0.09135563
-0.1216686
-0.04864372
0.06550731
-0.04213414
0.06870626
-0.02279515
0.01322459
-0.04315196
-0.1224237
0.03148669
0.01650488
0.08638535
-0.08185735
-0.01658265
0.07440561
0.002887987
0.05278007
0.05045638
0.04627112
0.01704624
-0.09215478
-0.03181834
0.1879428
0.0116536
-0.01218185
0.267248
0.02639087
0.02177203
-0.005483997
0.1244493
-0.03255575
0.1516407
0.1047868
0.08930501
0.1797328
0.08496284
-0.04263495
0.001890794
0.1856186
0.153326
0.1047316
0.09492779
-0.0401857
0.0555502
0.05468224
0.1171788
0.1098311
0.08422221
0.1308071
0.2690619
0.09230162
0.1263847
0.07744827
0.01193068
0.1850737
0.04384588
0.1600775
0.2034567
0.2257513
0.09363185
0.07620346
0.1521988
0.1426788
0.1083369
0.2147161
0.05199808
-0.06497833
0.15828
0.1281426
0.1669942
0.1375936
0.2234153
0.1862617
0.1959414
0.0963296
0.1191452
0.1856054
0.09859721
0.1751322
0.2073284
0.2461614
0.1534529
0.1884638
0.2280476
0.3058603
0.06528203
-0.009090699
0.1426432
0.07172494
0.205035
0.293787
0.3179342
0.2550157
0.05603712
0.2144159
0.2353494
0.2927928
0.2366904
0.1331293
0.2503844
0.05301852
0.2195902
0.1978627
0.2923775
0.1957694
0.08190694
0.1980125
0.2620957
0.18303
0.3065398
0.1899795
0.2747466
0.3001364
0.1905113
0.2501132
0.1746297
0.2229647
0.3023081
0.1683112
0.2794848
0.08745968
0.2399663
0.1971508
0.1678054
0.2307136
0.1925039
0.285425
0.2844614
0.2026335
0.1294013
0.2513697
0.33921
0.06403312
0.124271
0.4419885
0.2718962
0.06445389
0.2003403
0.3874426
0.2698093
0.2604388
0.3373062
0.3250178
0.3116533
0.3087344
0.2937088
0.246337
0.2953747
0.2403562
0.3170692
0.3403094
0.3797177
0.3165222
0.3027751
0.3624082
0.3342177
0.3352093
0.2393946
0.2820095
0.3086629
0.2328094
0.3226449
0.3110141
0.3351562
0.2121204
0.3768373
0.4039429
0.2351048
0.2934274
0.3721065
0.2823896
0.4564344
0.3289221
0.1836286
0.3646101
0.4738659
0.44432
0.3373264
0.1965839
0.3969019
0.2445711
0.3903833
0.2475072
0.3467317
0.2980547
0.359446
0.4574337
0.494746
0.3814469
0.5312626
0.4651157
0.4067149
0.4068222
0.3246013
0.5372448
0.2492308
0.3890252
0.2680937
0.2602477
0.3299465
0.3876588
0.4125193
0.3408527
0.4596049
0.3764914
0.410282
0.296908
0.4661064
0.3789829
0.4339576
0.3856029
0.6273766
0.4108214
0.5537709
0.3687138
0.3536226
0.3937331
0.374788
0.489945
0.4038637
0.2805232
0.3592113
0.4560165
0.5592581
0.4677996
0.6447724
0.3891312
0.3041245
0.4656568
0.4412134
0.4755908
0.5090515
0.5158196
0.401911
0.4990264
0.5996199
0.3778516
0.5134449
0.5567487
0.4639234
0.3772503
0.4164799
0.5808701
0.3541468
0.5495921
0.5193172
0.584202
0.5045975
0.570551
0.3684817
0.4342336
0.4335306
0.5923927
0.5388474
0.4001192
0.5473788
0.4247125
0.6344295
0.6340062
0.4893696
0.5698902
0.4264847
0.599683
0.5680739
0.5228781
0.4336396
0.5047427
0.4671605
0.5751686
0.5294404
0.539592
0.5624805
0.5881996
0.6180304
0.4808273
0.6757037
0.6932054
0.5332613
0.5839238
0.4107859
0.6330406
0.5282289
0.5678361
0.4562116
0.4731942
0.6901771
0.5144507
0.5085749
0.5855792
0.6466383
0.530602
0.5439824
0.4667997
0.426384
0.6178751
0.5606911
0.4775968
0.662466
0.6034941
0.6279744
0.6139123
0.5323035
0.5770357
0.5811237
0.6678636
0.7348232
0.5720787
0.712766
0.6434186
0.5647146
0.5185812
0.6465575
0.741625
0.5901343
0.6331384
0.5840865
0.6695467
0.4434095
0.5431167
0.6980554
0.5261513
0.7254926
0.6044293
0.729431
0.7216827
0.6326222
0.6800538
0.7496597
0.6214533
0.7480844
0.5862338
0.5450955
0.6047384
0.6900404
0.518427
0.5951331
0.8591456
0.5686482
0.6707489
0.6725104
0.8442276
0.7313547
0.6190648
0.6441615
0.7523326
0.6907099
0.711122
0.7469403
0.6511702
0.639451
0.625935
0.7901472
0.7794983
0.7083893
0.6102887
0.7038056
0.6387923
0.6667328
0.7469694
0.7816097
0.79008
0.7093804
0.7942979
0.6862538
0.6617193
0.7841256
0.6170779
0.8212018
0.6878733
0.7383492
0.7553681
0.6718207
0.7305486
0.7316106
0.6995613
0.7325102
0.7708959
0.7834691
0.8206868
0.6681129
0.7204382
0.7045118
0.6533748
0.8288139
0.8732773
0.8466809
0.6961173
0.8409515
0.9188777
0.8064825
0.8414362
0.7626947
0.7640546
0.8045816
0.7722056
0.8259498
0.8883341
0.7689834
0.7281275
0.9387757
0.7423081
0.8164407
0.8036445
0.8300189
0.8087247
0.7746888
0.7482847
0.8137999
0.8942659
0.7825207
0.7325048
0.8068508
0.8611578
0.9794076
0.8792093
0.7808868
0.7309097
0.9200676
0.8983784
0.8905523
0.9095974
0.8352074
0.9327399
0.8815429
0.8842304
0.9275019
0.6765738
0.9517607
0.8556968
0.8676413
0.7756491
0.8019796
0.8408205
0.8609703
0.9977637
0.9517861
0.8624883
0.850176
0.7929607
0.802122
0.9353598
0.8314938
0.8261898
0.8306336
0.6441886
0.9262934
0.8399402
0.8469715
0.8828466
1.046857
0.9002762
0.8988484
0.8253843
1.056389
0.8732438
0.9151656
1.011789
1.09436
0.7946494
1.051635
0.9093394
1.050273
1.079927
0.9164774
0.936439
0.8239036
0.8826549
0.925942
0.8226559
0.8964684
1.002877
1.050375
0.9618467
1.025318
0.9467639
0.8368286
0.8326195
0.7894605
0.9551036
0.9227406
0.8391394
1.026232
0.8301947
0.998719
0.9729796
0.8921476
1.023782
1.085089
0.9668748
0.9834305
1.088879
0.9156979
0.9661696
1.002456
1.023436
1.032122
1.027057
0.7794633
1.052295
0.8942972
1.005037
1.035753