-0.02511614
-1.0264
-0.9762669
-1.02388
-0.937131
-0.9365002
-1.060152
-1.10523
-0.9411488
-0.983693
-1.005025
-1.051803
-1.022339
-0.8709544
-0.942015
-1.055483
-0.8958896
-0.9099854
-0.9006677
-0.8983473
-0.9690552
-0.9838867
-0.9782074
-1.113189
-0.8925733
-1.080973
-0.9548115
-1.019639
-0.9588753
-0.9229134
-0.984179
-0.9785638
-0.9625268
-0.9839767
-0.9542599
-0.8812628
-0.8967927
-1.157955
-0.950245
-0.9445332
-1.022034
-0.9093727
-0.8489917
-0.7870822
-0.9604846
-0.9771947
-0.8833386
-0.9284755
-1.015341
-0.8727899
-0.9355256
-0.7985939
-0.9172542
-0.9816477
-0.8567748
-1.031324
-0.9063721
-0.8427408
-0.8999625
-1.011567
-1.063902
-0.903391
-1.023616
-0.7668096
-0.9643116
-0.8094726
-0.7224981
-0.8398233
-0.7394188
-0.8748584
-0.8854428
-0.904626
-1.032654
-0.9625766
-0.7150513
-0.9198049
-0.8361828
-0.7199268
-0.8574297
-0.8498686
-0.6924258
-0.9570807
-0.9161117
-0.8455847
-0.8732903
-0.9889824
-0.7259089
-0.8788596
-0.8542426
-1.003223
-0.7606381
-0.7281648
-0.8773357
-0.7109131
-0.6245787
-0.8324375
-0.746753
-0.8210935
-0.7834902
-0.8408756
-0.7429027
-0.9426383
-0.6678126
-0.7802176
-0.8405024
-0.792504
-0.7423449
-0.7689444
-0.8916991
-0.7413418
-0.8442438
-0.7580141
-0.7967945
-0.7932705
-0.7859368
-0.7833905
-0.7495903
-0.6257286
-0.7331775
-0.7565446
-0.7071316
-0.8435103
-0.7668357
-0.6688095
-0.8275786
-0.7212147
-0.6082983
-0.7605529
-0.81197
-0.7275585
-0.803889
-0.792077
-0.8346732
-0.6956351
-0.6568675
-0.7490718
-0.7909448
-0.5903792
-0.7864862
-0.6099315
-0.6554703
-0.8075007
-0.6512589
-0.8476029
-0.7560044
-0.6244881
-0.7383603
-0.6197626
-0.8120402
-0.8212684
-0.6493492
-0.8193648
-0.7860999
-0.6103695
-0.5948137
-0.6157673
-0.6162622
-0.7389414
-0.6470294
-0.6374324
-0.8175933
-0.6158225
-0.7497723
-0.6668621
-0.6674555
-0.6366079
-0.7507914
-0.6878403
-0.552596
-0.6733776
-0.6464354
-0.6733648
-0.6670819
-0.6065425
-0.6454389
-0.6761978
-0.6604983
-0.7351671
-0.7375601
-0.6373767
-0.7082172
-0.6245747
-0.6363145
-0.7590059
-0.6847143
-0.5526572
-0.666249
-0.5569482
-0.593755
-0.643998
-0.6214165
-0.4504325
-0.5637855
-0.5559026
-0.5825315
-0.6152778
-0.5123366
-0.5002295
-0.6722455
-0.6523942
-0.6794324
-0.5945575
-0.5848653
-0.5209789
-0.7125298
-0.5346296
-0.6724875
-0.6455924
-0.5582412
-0.7187401
-0.5666182
-0.4838965
-0.5678619
-0.6133572
-0.5787643
-0.6336504
-0.5457163
-0.5766331
-0.5531437
-0.6159611
-0.5590319
-0.5327145
-0.4628472
-0.5664472
-0.6137865
-0.622098
-0.451763
-0.3440444
-0.6175508
-0.5127713
-0.5971702
-0.6155179
-0.2538985
-0.5159014
-0.5760501
-0.6682957
-0.6707308
-0.4264523
-0.4186761
-0.5107704
-0.4654462
-0.4902622
-0.6251787
-0.4873724
-0.6146301
-0.5671312
-0.4446613
-0.512447
-0.4996036
-0.4697635
-0.4460098
-0.4844201
-0.5922172
-0.478558
-0.4652692
-0.4666166
-0.5117579
-0.501377
-0.4544335
-0.3173774
-0.6099703
-0.5058924
-0.3731783
-0.4673152
-0.5485807
-0.4376419
-0.6215747
-0.428299
-0.4628247
-0.4137687
-0.367365
-0.426316
-0.4130197
-0.5122164
-0.4611967
-0.3718989
-0.3761164
-0.5530935
-0.4866711
-0.410037
-0.3672254
-0.4360427
-0.4023703
-0.5541481
-0.3526173
-0.476139
-0.3274681
-0.4836061
-0.6276885
-0.2766374
-0.3287683
-0.2892196
-0.5737678
-0.327028
-0.509801
-0.3137665
-0.3227482
-0.415165
-0.3480154
-0.4782727
-0.3503843
-0.4927326
-0.3770161
-0.4515442
-0.4281671
-0.4899787
-0.6133752
-0.4809064
-0.3879296
-0.4168441
-0.4091028
-0.4826658
-0.38397
-0.3147682
-0.4746295
-0.2650546
-0.3527262
-0.208464
-0.2418429
-0.3826277
-0.5363682
-0.3917645
-0.3293266
-0.4253675
-0.3797482
-0.3486315
-0.3883073
-0.547473
-0.2553109
-0.3003904
-0.3771715
-0.4220795
-0.395532
-0.3545583
-0.3967189
-0.277502
-0.3171301
-0.3178136
-0.2692406
-0.2708972
-0.2743499
-0.386353
-0.3240177
-0.3972635
-0.2853984
-0.3012518
-0.2073261
-0.3330523
-0.3348236
-0.4817823
-0.361319
-0.3749132
-0.2729358
-0.2642659
-0.2081176
-0.2684218
-0.1681591
-0.346072
-0.1815962
-0.3549139
-0.5070101
-0.2883323
-0.2621157
-0.2312564
-0.3286376
-0.2158266
-0.3344698
-0.3265788
-0.3679482
-0.32268
-0.2601941
-0.2135699
-0.2633451
-0.3473629
-0.3770729
-0.3295436
-0.1708601
-0.3328865
-0.2402335
-0.2075052
-0.237195
-0.2916508
-0.2472917
-0.2255694
-0.1888235
-0.3154089
-0.2295727
-0.1143731
-0.2368594
-0.2303934
-0.2138116
-0.06992086
-0.2195518
-0.3526411
-0.1981523
-0.3490107
-0.1185285
-0.04691226
-0.1818875
-0.1634312
-0.2097295
-0.1736603
-0.1115071
-0.2452772
-0.07788766
-0.1364945
-0.1781217
-0.026556
-0.1956737
-0.2176761
-0.1150639
-0.1697322
-0.1210441
-0.1133047
-0.2198344
-0.1309717
-0.1798138
-0.2141107
-0.2812603
-0.2102128
-0.09024939
-0.2319718
-0.2024465
-0.08830469
-0.1225506
-0.2290851
-0.1858434
-0.263889
-0.2577016
-0.2263826
-0.3043388
-0.1152108
-0.04667809
-0.2495888
-0.1839924
-0.07263808
-0.09483206
-0.285542
-0.1600595
-0.2031584
0.0004144797
-0.1842665
-0.1233289
-0.002600462
-0.2174813
-0.1318634
-0.2212262
-0.1674357
0.06401023
0.1017307
0.03781939
-0.05873732
-0.1742836
-0.08511732
-0.01196117
-0.139642
-0.1212503
-0.2050833
-0.04310522
-0.004574585
-0.1573418
-0.2669104
-0.05690565
-0.03179427
-0.05602676
-0.1015496
-0.1519389
-0.1246496
0.0554936
-0.08090055
-0.01150656
-0.1042187
-0.1182206
0.02520415
-0.02318622
-0.06103998
0.02815857
-0.1398799
0.08673808
-0.09575263
-0.106311
-0.1844211
-0.1756645
0.009755419
0.1792452
-0.1463656
-0.0414513
-0.10345
-0.01682625
0.09405144
0.03314408
-0.01073
-0.04196466
0.0907948
0.005438722
0.02042583
-0.08009573
-0.02794671
-0.09305057
-0.02666138
-0.01371802
0.159791
0.003168799
-0.2310835
0.119417
-0.005964341
-0.04906664
-0.08277599
-0.02469377
0.1384557
-0.1170636
0.005210945
0.1634062
-0.02772063
0.08483738
0.1561732
-0.09810983
0.01541767
-0.02181169
0.08707874
0.06136011
0.09101539
0.06461134
-0.03815864
-0.01838884
-0.02543089
0.1394448
0.08439568
0.0213012
-0.007280324
0.1404374
0.04365172
-0.02586814
0.07004067
0.03792281
0.01570518
0.1289561
0.03658812
0.07733147
0.01380759
0.07666178
0.008595567
0.05969253
0.06961992
0.1896674
-0.04753654
0.2110676
0.03628847
0.1069294
0.2586383
0.1215268
0.06322791
-0.106705
0.2374211
0.06657806
0.1023778
0.06276604
0.1437503
0.1453599
0.2086118
0.1076202
0.1884705
0.1713397
0.1723783
0.1681457
0.1250772
0.2469306
0.2610346
0.2035577
0.2689646
0.0586512
0.1974409
0.1618422
0.2546304
-0.04443446
0.1143028
0.1796851
0.158451
0.05274568
0.1162505
0.1375743
0.141016
0.1606588
0.09883424
0.1545587
0.179028
0.2695182
0.1996002
0.1118467
0.2528209
0.1380043
0.1993594
0.2889437
0.1132601
0.3078347
0.2346119
0.2136512
0.01526778
0.145253
0.1640184
0.06596935
0.2955134
0.05912451
0.145154
0.2219683
0.1122263
0.2525493
0.2342662
0.2131593
0.1935468
0.2985011
0.200378
0.2336185
0.3390102
-0.1158781
0.2439669
0.077311
0.3224315
0.2689118
0.2830181
0.2722951
0.2860314
0.3522438
0.1908694
0.2790893
0.3806928
0.3180795
0.1263592
0.2258631
0.2866657
0.2913322
0.1388313
0.3094824
0.2366389
0.1564295
0.1592131
0.1558436
0.3280813
0.2835111
0.3019432
0.2092181
0.1888414
0.2703116
0.1047935
0.2492591
0.3638522
0.2830939
0.4114627
0.257769
0.2816057
0.4484683
0.3783938
0.3166814
0.2285679
0.3484353
0.3694308
0.3997742
0.2844301
0.386509
0.3196592
0.4239459
0.4674421
0.1550144
0.3247467
0.3563109
0.3010414
0.176378
0.5132619
0.1562739
0.3979499
0.2804043
0.3192643
0.3017426
0.3663382
0.3773119
0.3308895
0.3545792
0.340901
0.4419479
0.3200634
0.2570442
0.2520973
0.4677058
0.3863097
0.3776063
0.3185526
0.4790168
0.2967981
0.3747894
0.3171391
0.3845764
0.4000052
0.4258795
0.384908
0.4170005
0.4306308
0.3367423
0.1483496
0.4414107
0.3090589
0.3773624
0.3217482
0.3639987
0.537952
0.3422947
0.4387822
0.331941
0.4213484
0.3732111
0.27689
0.257134
0.3345875
0.2742651
0.3294842
0.5130715
0.4027671
0.4538812
0.4358872
0.3506436
0.4924479
0.4459173
0.3656322
0.4354119
0.5993775
0.3301312
0.6642139
0.4741108
0.4581703
0.5173729
0.5320094
0.4917339
0.4181685
0.4001452
0.282651
0.5224408
0.3451787
0.4435548
0.4168785
0.5824546
0.3672469
0.5182064
0.6361774
0.4890398
0.4445564
0.561625
0.547939
0.6210004
0.5381855
0.5646408
0.5730329
0.5025994
0.2995447
0.5186468
0.3345132
0.5018229
0.5256381
0.6052442
0.4502725
0.4463785
0.5871741
0.6991388
0.463315
0.4522616
0.5507779
0.593644
0.6612864
0.5544907
0.7437103
0.5458469
0.4970951
0.571777
0.5273747
0.4584771
0.4635518
0.6567111
0.530654
0.5662013
0.5028423
0.6184342
0.7198604
0.6221787
0.4607777
0.5035815
0.4861679
0.6188187
0.561443
0.493786
0.6176957
0.7274927
0.5619862
0.4503039
0.7614294
0.6099444
0.5243491
0.5153082
0.4591108
0.6433452
0.6151135
0.6512738
0.6159711
0.6848119
0.6088461
0.4182139
0.5867411
0.6445664
0.7625474
0.6896986
0.6970449
0.7189959
0.7256127
0.611689
0.6310837
0.5865254
0.6875749
0.6273871
0.5861565
0.6372293
0.6934791
0.4293785
0.6285576
0.6230243
0.494028
0.7397667
0.6589205
0.6704714
0.6188644
0.5524809
0.5235006
0.6836957
0.6686851
0.8477308
0.5688271
0.6823001
0.5503968
0.5674466
0.7405603
0.6995485
0.6478581
0.6704193
0.7239085
0.6678085
0.6107486
0.602535
0.6704723
0.6670396
0.8311718
0.5381471
0.7870613
0.623485
0.6179392
0.5872258
0.5319032
0.6436048
0.7915734
0.7565601
0.7736481
0.5880357
0.7457827
0.6828461
0.6844887
0.7437925
0.6296471
0.596303
0.8639094
0.6806915
0.7516034
0.5671232
0.7722172
0.6428254
0.6777137
0.6415721
0.8483454
0.818397
0.737656
0.8273102
0.7869615
0.7409756
0.7686299
0.9325854
0.7015757
0.7376805
0.6676148
0.7005359
0.7628516
0.7576913
0.6994248
0.7475782
0.6717604
0.7202109
0.8276567
0.849922
0.6563254
0.9300252
0.7781278
0.7146743
0.5940984
0.7797805
0.7198654
0.7304601
0.8696687
0.7177384
0.7301004
0.9060653
0.7896143
0.7199067
0.8844769
0.676869
0.8766116
0.9475967
0.9209022
0.8547001
0.8942877
0.7873998
0.8370656
0.9206498
0.8486587
0.9006039
0.861878
0.8590545
0.8163928
0.8040736
0.8720106
0.9465816
0.9515202
0.7705709
0.790716
0.7908831
0.7859325
0.8542143
0.80172
0.7201319
0.8853959
0.8281557
0.9635449
0.9911491
0.9795313
0.9561815
0.8551831
0.899824
0.864519
0.8493359
0.8058294
1.004791
0.8846939
0.886151
1.039638
0.9675534
0.8299328
0.8976627
1.023282
0.9343148
0.9918621
0.9025867
0.7035312
0.88318
0.868583
0.9457186
0.9819461
0.9772968
1.091349
1.068216
0.9417991
0.9530578
0.9622332
0.8372144
0.8574402
1.024062
0.9752696
0.8816303
0.8884076
0.9537819
0.9695111
0.8785381
0.9952795
1.065059
0.9115174
1.104544
1.112469
0.8698605
0.8979047
1.051226
1.060904
0.8738329
0.87218
0.9467076
0.8285112
0.9881886
0.9939135
0.9352905
0.8676134
1.06876
0.8914419
0.8896351
1.142677
1.038296
1.054125
1.179135
0.846418
0.9515562
0.969598
0.9426658