-0.03986516
-1.09979
-0.9852942
-1.018287
-0.9201621
-0.9423704
-0.887781
-0.9293688
-0.9816503
-1.139347
-0.9557888
-0.9323316
-0.9773953
-0.9824278
-0.8867463
-1.035637
-0.9999841
-0.7485792
-0.9934054
-1.028868
-0.9747204
-0.7759246
-0.8983775
-0.9666071
-0.8637557
-0.9065474
-0.9952341
-0.9497796
-0.9428523
-0.9391471
-0.7670986
-0.9147782
-0.8427076
-1.019848
-0.9552678
-0.8738879
-0.9596575
-0.9270478
-0.9790981
-0.859141
-0.8588631
-0.9426118
-0.9213698
-1.085113
-0.9691382
-1.011099
-0.9995469
-1.067309
-0.9180326
-0.8892673
-0.9104
-0.9550013
-1.015026
-0.8827818
-0.9090268
-0.9876357
-0.8396248
-0.8091116
-0.9220626
-0.9310693
-0.8637565
-0.9088315
-1.025377
-1.01442
-0.8065826
-0.854961
-0.8447693
-0.8978292
-0.7233359
-0.9343585
-0.8982393
-0.9584354
-0.9149767
-0.9651898
-0.9591807
-0.8216115
-0.9071932
-0.8864389
-0.7116059
-0.8082312
-0.7843841
-0.8712594
-0.8213313
-0.9298718
-0.9464386
-0.992047
-0.8284649
-0.7458927
-0.8114079
-0.7830845
-0.891502
-0.9433141
-0.7218656
-0.9170678
-0.770261
-0.8945545
-0.7716617
-0.7701907
-0.9278137
-0.7547993
-0.8302946
-0.7840182
-0.8077065
-0.7937037
-0.7303802
-0.7485567
-0.8228932
-0.5657826
-0.7421677
-0.7801115
-0.8889423
-0.8282114
-0.8370438
-0.7845985
-0.5572508
-0.820735
-0.8078222
-0.7423919
-0.7825863
-0.6284475
-0.8670727
-0.7086922
-0.9033848
-0.6819706
-0.6885039
-0.8156702
-0.787245
-0.8048598
-0.7547709
-0.8671598
-0.8229577
-0.7437484
-0.8520899
-0.6268411
-0.7201985
-0.8105568
-0.8030097
-0.6828295
-0.7482465
-0.8267501
-0.6746454
-0.7741333
-0.7430005
-0.4861636
-0.8189097
-0.6464344
-0.744494
-0.4606774
-0.6469014
-0.6476063
-0.706646
-0.6066412
-0.6619779
-0.6360873
-0.7105191
-0.7459479
-0.6676144
-0.68514
-0.5647669
-0.7860179
-0.7389061
-0.6774872
-0.5691702
-0.5997427
-0.6155926
-0.6932295
-0.738594
-0.6820957
-0.711846
-0.6233929
-0.5753623
-0.6559379
-0.6005829
-0.494667
-0.7377013
-0.5814246
-0.7776161
-0.6039809
-0.7743776
-0.5902104
-0.5699242
-0.6270047
-0.6400386
-0.5970231
-0.5997486
-0.5986955
-0.7272455
-0.658069
-0.5628729
-0.5354882
-0.7544751
-0.6244477
-0.7437479
-0.5637269
-0.604294
-0.6254501
-0.5618838
-0.6311685
-0.6476745
-0.4583192
-0.548497
-0.7756045
-0.6225528
-0.6133237
-0.6489591
-0.6715834
-0.5762608
-0.4035519
-0.5935479
-0.3974885
-0.4977174
-0.5897606
-0.5045041
-0.4956985
-0.6067236
-0.5929115
-0.5886371
-0.6566848
-0.4893733
-0.6503464
-0.5763176
-0.5150084
-0.6583585
-0.6894762
-0.4220585
-0.6405062
-0.5774088
-0.3646206
-0.5168809
-0.5792514
-0.5435384
-0.3857085
-0.6221914
-0.4956322
-0.588053
-0.6399396
-0.4878647
-0.4993128
-0.5312918
-0.4785887
-0.5229161
-0.4614311
-0.5272515
-0.5714481
-0.4325994
-0.5784588
-0.5965713
-0.499092
-0.5840449
-0.6431524
-0.5525681
-0.3388649
-0.6849526
-0.3567117
-0.5558333
-0.5593144
-0.5165981
-0.4638209
-0.4926181
-0.4009563
-0.3626415
-0.4773683
-0.6131572
-0.4672733
-0.4942932
-0.5382368
-0.394697
-0.4160915
-0.4282231
-0.4740455
-0.4104911
-0.343364
-0.4714441
-0.399711
-0.2990318
-0.3532598
-0.4535629
-0.4653977
-0.3735903
-0.493234
-0.4462835
-0.4084054
-0.3681867
-0.4690911
-0.5043406
-0.3320431
-0.4634441
-0.5224252
-0.2809378
-0.5734164
-0.4592569
-0.3635784
-0.4521327
-0.3733639
-0.3972496
-0.3785717
-0.4220758
-0.5325789
-0.3370158
-0.4202241
-0.5863529
-0.5067503
-0.3888574
-0.4958488
-0.4986631
-0.440122
-0.3326648
-0.2978337
-0.4477196
-0.4601635
-0.4930423
-0.5679699
-0.3834938
-0.3810957
-0.3422365
-0.4308267
-0.4636052
-0.3215312
-0.4142024
-0.4222603
-0.4544982
-0.3619251
-0.3685525
-0.2560777
-0.3766024
-0.3866089
-0.4264535
-0.3690953
-0.413255
-0.2970403
-0.3883133
-0.4049061
-0.3488484
-0.3479615
-0.3774909
-0.1832043
-0.1693808
-0.1792864
-0.3518889
-0.3720684
-0.3238431
-0.3269265
-0.2889886
-0.3002175
-0.3932767
-0.3553636
-0.2534216
-0.25869
-0.3412383
-0.2498005
-0.2470992
-0.219102
-0.3073123
-0.2758264
-0.2165914
-0.3562415
-0.246933
-0.2018988
-0.3707199
-0.1760443
-0.3705352
-0.230708
-0.3031199
-0.2696828
-0.2129623
-0.2712318
-0.366253
-0.4263853
-0.4168114
-0.2739465
-0.20713
-0.213069
-0.2996235
-0.3880186
-0.1194239
-0.3608525
-0.260457
-0.2227715
-0.1469262
-0.3571355
-0.1121358
-0.1486298
-0.2754357
-0.4340122
-0.4012567
-0.1075584
-0.2034482
-0.1950319
-0.2064918
-0.1679035
-0.333058
-0.3320298
-0.3282058
-0.3358821
-0.331944
-0.1563129
-0.2846047
-0.2209572
-0.1260937
-0.2243064
-0.2950925
0.003161142
-0.04764465
-0.3563466
-0.3316289
-0.2016486
-0.2423523
-0.1691377
-0.02247697
-0.1930747
-0.1373776
-0.290035
-0.1697382
-0.2416283
-0.1694969
-0.1049934
-0.1851476
-0.2926244
-0.2059755
-0.1775155
-0.1316256
-0.1742893
-0.1055148
-0.216741
-0.03205363
-0.3607041
-0.1228707
-0.03613003
-0.1705076
-0.05789395
-0.1926232
-0.1931818
-0.110074
-0.1376169
-0.1541578
-0.1994324
-0.06590113
-0.2445551
-0.0838883
-0.2588022
-0.1839836
-0.1543173
-0.1535419
-0.05996825
-0.1514762
-0.05647783
-0.293553
-0.2578281
-0.1170457
-0.08626847
-0.2123381
-0.04289725
-0.01940825
-0.2299737
0.05666533
-0.2022913
0.008492409
-0.006435906
0.007677365
-0.3032967
-0.05436416
-0.04829225
-0.154194
-0.05837458
-0.1373259
0.06395039
-0.1194829
-0.1452197
-0.05574912
-0.02362897
-0.008855181
-0.1133992
-0.1198583
-0.06348759
-0.03761215
0.005345185
-0.1729499
-0.06911172
0.007585044
-0.04439239
-0.05793201
-0.06796381
0.01834412
0.06010601
-0.0487388
-0.07317575
0.003220833
-0.1927793
-0.04819905
0.05195438
-0.1201425
0.09624539
0.009698007
0.02744247
-0.1714293
-0.07726051
0.02095751
-0.185136
-0.02462932
0.002418467
-0.1102157
-0.007196952
0.1541386
-0.004295952
-0.06499252
0.0996898
0.0008061446
0.02748858
0.04215072
0.02117281
0.01654901
-0.02370264
0.005343336
-0.02334371
0.08786925
0.1288088
0.01325304
0.04170434
0.002131186
0.04875166
0.1095245
-0.07214733
0.1485869
0.01540563
0.04699785
0.1286078
0.04140304
-0.09233085
-0.06030281
0.07260424
-0.03270942
0.1985108
0.1304374
0.1034115
0.1595062
0.1565354
0.04188511
-0.06175859
0.1061655
0.1465677
0.0494913
0.1145692
0.1037795
0.03181764
0.1186087
0.05858981
0.1187228
0.004001475
0.1906967
0.03207604
0.2739037
0.1386667
0.09199348
0.01797846
0.1520301
0.2224059
0.1253637
0.04842719
0.1144244
-0.03035183
0.09403504
0.1682752
0.1125063
0.08515097
0.1311928
0.2515288
0.184133
0.03175968
0.1200562
0.1709445
0.2306742
0.1567111
0.3066529
0.1186923
0.1517812
0.04471821
0.1917356
0.1688336
0.17784
0.1369647
0.1823302
0.1483447
0.1492563
-0.006545425
0.08286613
0.2375409
0.3026474
0.106252
0.1434904
0.3049074
0.1581579
0.1527649
0.1795111
0.1158377
0.2452465
0.05277416
0.2252236
0.2732552
0.09168998
0.3440423
0.1707683
0.170284
0.1116838
0.0161787
0.3354891
0.2268673
0.1365187
0.2039906
0.2081111
0.3545475
0.2520811
0.1659816
0.06241871
0.1748595
0.237758
0.2208828
0.09742616
0.1523214
0.2763228
0.1423117
0.2964978
0.2193275
0.2223439
0.3672983
0.2486823
0.2787127
0.1415023
0.1645674
0.2849292
0.2904792
0.09615861
0.02089792
0.2905675
0.3548004
0.250383
0.2021768
0.2267666
0.2907813
0.1399789
0.227659
0.255419
0.2588828
0.2597222
0.4028947
0.2498106
0.3668959
0.1566464
0.3135241
0.3137462
0.2434973
0.4231035
0.3213202
0.278357
0.3814998
0.3733737
0.417598
0.3462186
0.3130134
0.3036651
0.4052371
0.340089
0.1503356
0.3348969
0.4169588
0.4059873
0.435402
0.4043865
0.2351278
0.3701889
0.2933085
0.2329342
0.4122253
0.4394907
0.4154376
0.2937826
0.3868134
0.2569466
0.4873181
0.5989008
0.5476697
0.4049902
0.5464265
0.3384657
0.3938051
0.3109009
0.3275384
0.4215941
0.5605962
0.3052049
0.3561271
0.4793661
0.3602114
0.2235224
0.2611021
0.3497537
0.3052219
0.3374923
0.274001
0.4702633
0.3861465
0.2552408
0.4228943
0.3860298
0.4909983
0.3680634
0.3800558
0.3263205
0.4467962
0.3514092
0.4447102
0.3643858
0.40569
0.3200823
0.3445559
0.4929132
0.3801423
0.451035
0.4224847
0.4473371
0.368886
0.2640829
0.3931418
0.3225914
0.5968115
0.4808098
0.4948558
0.3584436
0.5602343
0.5465135
0.5173628
0.4362411
0.4336956
0.4477169
0.4093407
0.4492049
0.4348412
0.4463723
0.3693698
0.4489969
0.403277
0.432989
0.3869845
0.4929262
0.4640091
0.4562444
0.5536089
0.57497
0.5895713
0.573186
0.576368
0.5480635
0.5481076
0.6038919
0.6265594
0.5156165
0.5220422
0.6328141
0.5776005
0.4491989
0.5590092
0.5344581
0.5368347
0.4992458
0.4761464
0.6065517
0.417934
0.4970883
0.4621052
0.6004279
0.5297291
0.5467475
0.5341565
0.5397386
0.4578358
0.448565
0.5716022
0.4085828
0.5190034
0.6421227
0.6444139
0.6041297
0.5581183
0.6832039
0.4507988
0.5567374
0.5995556
0.5065685
0.6184121
0.5208781
0.5512267
0.4363212
0.746317
0.6098134
0.5920928
0.4761292
0.5159047
0.6185839
0.5707308
0.5680918
0.6613763
0.5679115
0.5762485
0.456567
0.6557435
0.5466066
0.4529134
0.4746799
0.5423092
0.6490156
0.6200962
0.6069255
0.6982059
0.7526341
0.6601158
0.7130545
0.5329925
0.5540461
0.6886895
0.5856627
0.6262445
0.6229345
0.6870502
0.4374545
0.672654
0.6911891
0.8582559
0.7048221
0.6764266
0.6786113
0.7341104
0.8411262
0.6873247
0.6105548
0.6726416
0.6910043
0.7612047
0.6722481
0.6055557
0.7597717
0.6786753
0.6758676
0.6290601
0.6831023
0.6931523
0.6165813
0.7833988
0.6149977
0.6897887
0.5787
0.6258928
0.8077851
0.722885
0.7222542
0.7680176
0.7803594
0.8016707
0.6908378
0.6863191
0.7518544
0.5976168
0.8786454
0.6846716
0.748254
0.7858632
0.6528698
0.7150966
0.6636764
0.804064
0.7067646
0.6166175
0.6352089
0.7681787
0.7003625
0.8331777
0.8494644
0.7269785
0.6945425
0.8106585
0.7989384
0.5948593
0.8035602
0.6994701
0.6960919
0.7734788
0.7016968
0.7224271
0.6713143
0.7758175
0.7852072
0.6951356
0.8548107
0.864849
0.9503548
0.8624933
0.7091504
0.8216328
0.6775549
0.7114304
0.7425209
0.7049478
0.8988324
0.7943264
0.8781263
0.6553206
0.8214249
0.8125222
0.8162379
0.7481002
0.8621138
0.721376
0.8384137
0.7193839
0.8168546
0.8039861
0.8143403
0.7650972
0.8130366
0.8958797
0.8232325
0.9580502
0.8633089
0.8992325
0.815102
0.8485064
0.7531046
0.9885826
0.9038414
0.8603025
0.8257889
1.076085
0.8223845
0.9290956
0.9849527
0.884143
0.8116575
0.8780121
0.7856212
0.8513488
0.7255857
0.9174458
1.004129
0.7821726
0.9577814
0.7542071
0.8989139
0.9766112
0.8314835
0.9559843
0.8420458
0.8735895
0.7438197
0.9026763
0.9875955
0.9634182
0.9657075
0.919773
0.7663434
1.112186
0.9563766
0.8889481
0.9172638
0.8523431
0.9262734
0.9545769
0.9881003
0.9437136
1.015086
0.906765
0.9051128
0.7916365
0.9295212
1.012493
0.9208264
1.060891
0.953194
1.049651
0.8504649
0.8768094
0.9771861
0.9099602
0.9642925
0.7509322
0.910686
1.035253
0.927979
0.8144305
1.018936
0.9682884
1.041382
0.9397156
0.9898298
1.151828
0.9693087
1.118825
1.008304
0.949473
1.014907
0.9419495
1.049164
1.076209
0.869815