-0.02039103
-1.039166
-0.9758152
-1.047368
-0.9390469
-0.9520596
-1.049844
-1.095073
-0.9241521
-1.003133
-1.022441
-1.06276
-1.027172
-0.8813735
-0.9059593
-1.060837
-0.9001559
-0.9202333
-0.9196725
-0.9058824
-0.9508469
-0.9934069
-0.9729817
-1.07453
-0.906108
-1.089109
-0.9518012
-1.009198
-0.9430625
-0.9166655
-0.9774303
-0.9773352
-0.9584793
-0.9762978
-0.9687038
-0.8706375
-0.9231917
-1.150211
-0.9331584
-0.9588781
-1.009116
-0.9087865
-0.8517447
-0.7745545
-0.938138
-0.9667123
-0.8848895
-0.9245753
-1.0348
-0.8546017
-0.9405276
-0.7850851
-0.8966854
-0.9842925
-0.8525223
-1.03593
-0.8977098
-0.8433329
-0.9018044
-0.9918027
-1.04849
-0.9110808
-1.025131
-0.7720016
-0.9622536
-0.7977308
-0.7424107
-0.8461715
-0.7509372
-0.8655021
-0.8817966
-0.9351591
-1.014709
-0.9804675
-0.7220279
-0.9269546
-0.8586029
-0.7176637
-0.863609
-0.856907
-0.670169
-0.9566625
-0.9112862
-0.8398565
-0.8647466
-0.997272
-0.713213
-0.8506742
-0.8591089
-0.985825
-0.7571772
-0.7381426
-0.8672018
-0.6966551
-0.6157501
-0.8391982
-0.7633195
-0.8039468
-0.7634789
-0.8491034
-0.7237411
-0.9494485
-0.6360925
-0.8089977
-0.8514247
-0.7949764
-0.7440318
-0.7452934
-0.8782595
-0.7233387
-0.8226004
-0.7598274
-0.8010947
-0.7783168
-0.8056066
-0.783105
-0.7571431
-0.6400014
-0.7538845
-0.7463744
-0.7115747
-0.8530735
-0.7745499
-0.6845998
-0.8115628
-0.7130179
-0.5898632
-0.7812364
-0.8016248
-0.7272785
-0.8071253
-0.7850056
-0.8238902
-0.7062214
-0.6655801
-0.7312537
-0.8095588
-0.5909593
-0.7765126
-0.59834
-0.6437964
-0.8043122
-0.6450214
-0.8312673
-0.7587201
-0.6157572
-0.7327264
-0.6267519
-0.8078953
-0.8044684
-0.6667843
-0.8250159
-0.8070441
-0.5948992
-0.5989178
-0.6114267
-0.6039059
-0.746698
-0.6507638
-0.6702844
-0.8233147
-0.6101327
-0.7574133
-0.6644923
-0.6668643
-0.6558627
-0.7272923
-0.688554
-0.5642948
-0.670975
-0.6563624
-0.6811314
-0.6434269
-0.5953519
-0.6609019
-0.6850497
-0.6753299
-0.7758658
-0.7359089
-0.6415675
-0.7022487
-0.6432555
-0.6597864
-0.7622701
-0.6883278
-0.5739803
-0.6768849
-0.5432456
-0.5718949
-0.6384168
-0.6439151
-0.4521383
-0.5636081
-0.5379124
-0.5687511
-0.6260729
-0.5348413
-0.4845102
-0.6734417
-0.6545837
-0.6540406
-0.5848799
-0.5753774
-0.5107881
-0.7015522
-0.5495875
-0.6517196
-0.6468378
-0.5402169
-0.7142219
-0.5799689
-0.4683686
-0.5734241
-0.6250703
-0.5466491
-0.6111326
-0.5461402
-0.5908117
-0.5612826
-0.5864662
-0.5691304
-0.5136837
-0.4517204
-0.5479707
-0.6098598
-0.6020072
-0.4687358
-0.3455734
-0.5950213
-0.5228692
-0.6066547
-0.6212567
-0.2682624
-0.5165287
-0.5623058
-0.6414931
-0.661154
-0.439926
-0.388876
-0.4806508
-0.4459003
-0.5031601
-0.6322667
-0.4841258
-0.6219777
-0.5640534
-0.4584063
-0.5221121
-0.4811878
-0.480933
-0.446631
-0.5008259
-0.5903939
-0.4954144
-0.4509561
-0.4487314
-0.4966872
-0.5035368
-0.4506402
-0.2993523
-0.6184198
-0.5196887
-0.3661788
-0.4793693
-0.5347887
-0.4567651
-0.6217581
-0.4256654
-0.4877599
-0.4094589
-0.3632875
-0.4386528
-0.4223312
-0.5211864
-0.4676146
-0.3670698
-0.3411914
-0.5704108
-0.5036782
-0.4105851
-0.3673793
-0.4280098
-0.394901
-0.5462856
-0.346952
-0.4582933
-0.347393
-0.4882397
-0.6470063
-0.2698538
-0.3267266
-0.2999868
-0.5692956
-0.318994
-0.4985021
-0.3303626
-0.3237906
-0.413421
-0.3423142
-0.4992404
-0.3333749
-0.5025882
-0.3739779
-0.4643462
-0.4107506
-0.4592004
-0.6099523
-0.4463328
-0.3794783
-0.4016555
-0.3954431
-0.4645943
-0.3747123
-0.3259758
-0.4905773
-0.2536467
-0.356953
-0.2220598
-0.251702
-0.3874207
-0.5672703
-0.3634107
-0.3302942
-0.4391308
-0.3955207
-0.3527119
-0.3872273
-0.5078544
-0.2703291
-0.3139182
-0.3730693
-0.4376873
-0.3672442
-0.3421422
-0.3959481
-0.2812781
-0.3188194
-0.3414612
-0.2575227
-0.2654225
-0.3004487
-0.3638991
-0.3367011
-0.3843234
-0.2900148
-0.2812846
-0.2238581
-0.3369498
-0.3367062
-0.4815459
-0.3519076
-0.3837711
-0.2748728
-0.2618697
-0.2113402
-0.2781769
-0.1981867
-0.3620828
-0.1733149
-0.35963
-0.4823732
-0.309663
-0.264524
-0.2418873
-0.3164437
-0.2085759
-0.3299317
-0.3053521
-0.325266
-0.3114399
-0.2664203
-0.2140646
-0.2450338
-0.3433323
-0.3810648
-0.3303673
-0.1693025
-0.3377482
-0.2481787
-0.2182552
-0.2419686
-0.2847492
-0.2417839
-0.2292977
-0.1899534
-0.3072914
-0.2291727
-0.1164518
-0.246131
-0.2295285
-0.2263635
-0.06648858
-0.2102473
-0.340018
-0.2074749
-0.3753041
-0.1173466
-0.07617872
-0.195858
-0.1628534
-0.1918057
-0.1545306
-0.08924356
-0.2577798
-0.07978601
-0.1513672
-0.1764695
-0.02634381
-0.2104026
-0.2258369
-0.1038237
-0.1825493
-0.113725
-0.1196151
-0.2309275
-0.1099421
-0.1721026
-0.2353085
-0.2692562
-0.194483
-0.09065187
-0.2238447
-0.2048205
-0.1051887
-0.1165655
-0.2189952
-0.1969115
-0.2806926
-0.2415351
-0.2472807
-0.2815205
-0.1185974
-0.0357899
-0.2461693
-0.1931368
-0.0761916
-0.06833968
-0.2750323
-0.1388097
-0.2123545
0.001217965
-0.1701437
-0.1290906
-0.02311506
-0.2043397
-0.1594712
-0.2400413
-0.1519248
0.04814894
0.08736368
0.02779657
-0.04615041
-0.1562388
-0.08624571
-0.02734185
-0.1401319
-0.1050403
-0.1996687
-0.05241789
-0.002518849
-0.1614608
-0.2910858
-0.07069981
-0.04651542
-0.04142213
-0.1202151
-0.1514288
-0.1213698
0.05734202
-0.07541364
-0.01953562
-0.1018826
-0.1190055
0.0306646
0.002685637
-0.05802482
0.0144926
-0.1459983
0.09155288
-0.0948552
-0.1124433
-0.142907
-0.157059
0.02114875
0.1607142
-0.1337774
-0.05181577
-0.09551974
-0.01756477
0.0964168
0.02776929
0.003193881
-0.03950317
0.08832812
0.007281914
0.02231799
-0.08981006
0.009606697
-0.07513472
-0.01356971
0.009932136
0.1722678
-0.02610019
-0.2172146
0.1015457
0.006932353
-0.07312851
-0.07949609
-0.008584948
0.1535945
-0.1031933
0.009283814
0.1556535
-0.002418077
0.07794853
0.1419749
-0.1109686
0.03361796
-0.0177027
0.09512771
0.07357373
0.09091842
0.09022315
-0.01501606
-0.009541753
-0.03360307
0.1410751
0.0830047
0.03114496
-0.02042255
0.1625646
0.04384504
-0.04677008
0.06109944
0.05200544
0.02589717
0.1476801
0.02470588
0.07740716
0.008744079
0.06409247
0.01202257
0.0606121
0.08635241
0.1870019
-0.03519579
0.2071057
0.02644815
0.1285357
0.249554
0.1324982
0.07404271
-0.09091966
0.215665
0.08231566
0.1028276
0.08109821
0.1343472
0.105287
0.208177
0.1007583
0.2103937
0.1827873
0.1633381
0.171958
0.1116046
0.2527971
0.2517362
0.1875808
0.2549928
0.06945942
0.184911
0.1666687
0.2716438
-0.01251708
0.1102658
0.195988
0.1450086
0.03447605
0.09732594
0.1587091
0.150655
0.1591594
0.100364
0.1509184
0.1876253
0.2499665
0.1988114
0.09451977
0.2438972
0.1329763
0.2014417
0.2875895
0.1208833
0.3048951
0.2413655
0.2080489
0.04675008
0.1419246
0.1562807
0.08048274
0.2760279
0.05560745
0.1300939
0.2192017
0.1396111
0.2344763
0.2309326
0.2019052
0.1888115
0.3152136
0.2029794
0.2437741
0.3693688
-0.1286443
0.2322394
0.05230715
0.3132689
0.2771551
0.2658199
0.2918964
0.2699906
0.3677021
0.1936885
0.2838167
0.3850789
0.2889957
0.1233414
0.2366441
0.2728219
0.2840527
0.1245404
0.3145922
0.2233654
0.1455941
0.1778071
0.1354577
0.3249897
0.3023186
0.3059691
0.216288
0.1902901
0.2869831
0.1203721
0.2642286
0.3506845
0.3062578
0.4197097
0.252287
0.2707689
0.4441381
0.3533265
0.3343759
0.2241219
0.337223
0.3804066
0.405226
0.2849382
0.39582
0.3094312
0.4246718
0.442442
0.1559336
0.3141801
0.4042352
0.2970839
0.1542374
0.5300644
0.1503324
0.4031654
0.2608592
0.3081397
0.3253205
0.3457931
0.3750571
0.3095934
0.3492491
0.3187481
0.4334077
0.2909972
0.253535
0.2425566
0.4659892
0.4122066
0.4021514
0.3294024
0.470154
0.2842614
0.3473768
0.3119575
0.3680315
0.4046331
0.4074699
0.3548267
0.3898265
0.4332269
0.322771
0.1437997
0.4182694
0.3167493
0.3808835
0.3375042
0.3802455
0.5479951
0.3593308
0.4319168
0.3440914
0.4369084
0.4011327
0.2858455
0.2881636
0.3601742
0.2589942
0.299953
0.5181347
0.4114649
0.4471064
0.4307678
0.3661932
0.5079948
0.455112
0.3650304
0.4338586
0.6135418
0.3385781
0.6317838
0.4694151
0.4429085
0.5270816
0.5243766
0.482996
0.4148481
0.4069961
0.2844903
0.5215074
0.3546286
0.4563117
0.4319411
0.5578978
0.3973758
0.5141189
0.6167255
0.5162505
0.4686505
0.5631117
0.5510998
0.6136811
0.551437
0.5760752
0.5653327
0.4957864
0.2967735
0.5251866
0.3480252
0.5299557
0.5268586
0.6000569
0.4524346
0.4573395
0.5795041
0.720471
0.4435769
0.4502895
0.5507613
0.5794614
0.6711171
0.5511043
0.7107548
0.5632234
0.4706328
0.5638971
0.5473452
0.4514926
0.4419329
0.6419703
0.5272828
0.556954
0.5192051
0.6064194
0.7312829
0.6387113
0.4627449
0.4943384
0.4880557
0.6309162
0.5727104
0.500802
0.6269423
0.70561
0.5835397
0.4746754
0.7447269
0.6071562
0.4928659
0.5231015
0.4476678
0.6446052
0.6247161
0.6324262
0.6076815
0.6783699
0.6313215
0.4107927
0.5978217
0.6641061
0.7890705
0.7049036
0.6739033
0.7181569
0.7337879
0.6217987
0.6228272
0.5768569
0.6898318
0.6367369
0.6046901
0.6691139
0.691067
0.4549527
0.6503803
0.6219611
0.5025966
0.7182673
0.6718324
0.6719527
0.6360842
0.5373554
0.5343001
0.6812846
0.6770516
0.8325014
0.5671466
0.6730703
0.5406446
0.5692264
0.7439509
0.6997807
0.6637864
0.6461469
0.7148804
0.6394316
0.5956593
0.5899527
0.6710213
0.6540439
0.7976583
0.5589238
0.7885506
0.6592679
0.6284905
0.5964526
0.5128877
0.6455589
0.7962492
0.7706452
0.7530483
0.6003027
0.7631385
0.6772041
0.6722644
0.7362366
0.6228516
0.5890422
0.8680324
0.6968635
0.7393119
0.5699121
0.7513632
0.6570823
0.6805126
0.6431497
0.8327744
0.8132784
0.7370115
0.8473078
0.803237
0.7438039
0.7687549
0.9335294
0.6945391
0.7296249
0.6842501
0.7029314
0.7744713
0.7589695
0.7014872
0.7316992
0.688853
0.7141692
0.8318995
0.845557
0.6761582
0.9264803
0.7733534
0.7247951
0.5872098
0.757001
0.7123141
0.7240902
0.9023841
0.6983628
0.7397832
0.9315313
0.7817152
0.6950286
0.9011009
0.6652094
0.884447
0.9464528
0.9472163
0.8462097
0.9069752
0.7798826
0.8546971
0.9180768
0.8660628
0.9187849
0.8698998
0.8408876
0.8287392
0.8059329
0.8583202
0.9579459
0.9212273
0.7873261
0.7839071
0.8050873
0.787834
0.841036
0.8322218
0.7230263
0.8832156
0.823894
0.9314087
0.9934222
0.9470166
0.9644299
0.8583221
0.8768594
0.8246335
0.8768866
0.8096153
1.003458
0.8859492
0.885913
1.030859
0.9818023
0.8269884
0.8721531
1.035275
0.9215749
1.006673
0.9097336
0.6956711
0.8985413
0.8697666
0.9506324
0.9811881
0.9979975
1.084939
1.048773
0.9611353
0.9649688
0.9554919
0.8578225
0.8547494
1.042236
0.9999162
0.8874097
0.8683042
0.9354523
0.9871981
0.8710359
0.999649
1.029646
0.9229669
1.091835
1.123085
0.9023506
0.8938726
1.038907
1.055123
0.8596458
0.8733683
0.9522927
0.8216882
0.9766401
1.017409
0.931377
0.8522933
1.06747
0.8918389
0.9008805
1.126739
1.045025
1.031278
1.168696
0.8553631
0.9633649
0.9532031
0.959702