-0.04191766
-1.035671
-0.9627007
-1.044689
-0.9501081
-0.9548688
-1.067495
-1.071705
-0.9376147
-0.988228
-1.046513
-1.056275
-1.018582
-0.8785292
-0.9263363
-1.066046
-0.8780643
-0.9092051
-0.8979061
-0.9081722
-0.9539994
-0.9821414
-0.9820528
-1.108907
-0.8983116
-1.083939
-0.946417
-1.005965
-0.9371826
-0.9246024
-0.9879308
-0.9720066
-0.9783336
-0.9882869
-0.9452528
-0.8591908
-0.9087538
-1.136569
-0.9305291
-0.9326037
-0.9985144
-0.909505
-0.8458454
-0.7980063
-0.9607738
-0.9576864
-0.8733523
-0.9287441
-1.02454
-0.8654832
-0.9342866
-0.8032643
-0.9040788
-0.9846955
-0.8475892
-1.008966
-0.8954679
-0.8231151
-0.8889464
-1.00525
-1.046934
-0.918708
-1.035614
-0.7783766
-0.9517371
-0.7980433
-0.7284033
-0.8283
-0.7526327
-0.8918755
-0.8807862
-0.9276506
-1.007969
-0.9657014
-0.7131505
-0.9205609
-0.8482107
-0.7179125
-0.8782153
-0.8444445
-0.6756307
-0.9494745
-0.9128497
-0.8239182
-0.8818441
-0.988296
-0.7215933
-0.8702319
-0.8549872
-0.9817577
-0.7626459
-0.7317925
-0.8903281
-0.7149769
-0.6081505
-0.8523605
-0.7479465
-0.8127906
-0.7631465
-0.8594207
-0.7158096
-0.946356
-0.6622247
-0.7986547
-0.8411653
-0.7912484
-0.7213243
-0.7708751
-0.899237
-0.7275686
-0.8210105
-0.7664303
-0.7907417
-0.7689443
-0.7762009
-0.7836488
-0.7618856
-0.6342925
-0.7612376
-0.7558413
-0.7020694
-0.8382609
-0.7673951
-0.6939917
-0.8236642
-0.7033832
-0.5720034
-0.7690471
-0.8034914
-0.7183265
-0.7920524
-0.7853848
-0.8213481
-0.7061752
-0.6568918
-0.7387445
-0.806264
-0.6019089
-0.7908612
-0.604572
-0.6623522
-0.806077
-0.6543398
-0.859934
-0.7421136
-0.6233516
-0.7381644
-0.6264868
-0.81232
-0.8136103
-0.6496543
-0.8273878
-0.7966509
-0.6045792
-0.5976656
-0.6297978
-0.6157533
-0.7391143
-0.6324077
-0.6402649
-0.8199133
-0.5780513
-0.7557451
-0.6332836
-0.6572702
-0.6377442
-0.746245
-0.7044007
-0.5598923
-0.6665897
-0.6696978
-0.693183
-0.6538443
-0.6015582
-0.6571831
-0.6702581
-0.6742437
-0.7488868
-0.7264254
-0.6560765
-0.6920967
-0.603983
-0.6366622
-0.7618869
-0.6833277
-0.5675845
-0.6746658
-0.5632716
-0.5918806
-0.6477315
-0.6370255
-0.4615034
-0.5596473
-0.5556286
-0.5876551
-0.6296727
-0.5573772
-0.5046357
-0.6659774
-0.6517156
-0.65678
-0.5684714
-0.5722276
-0.505021
-0.7154465
-0.5525154
-0.658555
-0.6256319
-0.5417024
-0.7154387
-0.551618
-0.458665
-0.5919394
-0.6329482
-0.5748389
-0.609599
-0.5381846
-0.6130782
-0.5593415
-0.5848374
-0.5459781
-0.5332262
-0.4455777
-0.5524643
-0.6124258
-0.6250047
-0.4640082
-0.3590373
-0.6111383
-0.4978194
-0.6184984
-0.6287451
-0.2769428
-0.5299026
-0.5714536
-0.6367717
-0.682807
-0.431129
-0.425346
-0.4924074
-0.4685839
-0.4697655
-0.6357997
-0.4658362
-0.6261164
-0.5686686
-0.4523995
-0.5195496
-0.4911408
-0.4680071
-0.4273237
-0.513745
-0.5997788
-0.4887159
-0.4500928
-0.4598384
-0.5112259
-0.488444
-0.4648996
-0.3081223
-0.6047982
-0.4950838
-0.3691698
-0.4726581
-0.5407296
-0.4497474
-0.6050475
-0.4324754
-0.4875599
-0.4075447
-0.3304145
-0.4317325
-0.4292002
-0.5160341
-0.4535785
-0.3891285
-0.3334518
-0.5403924
-0.4854211
-0.4062986
-0.3765918
-0.4534426
-0.4094517
-0.5348758
-0.3461019
-0.4933605
-0.3297285
-0.5077911
-0.6288385
-0.2737526
-0.2966042
-0.2884361
-0.5859526
-0.3210826
-0.5219987
-0.3436215
-0.3270703
-0.4350603
-0.3408174
-0.482309
-0.3433052
-0.4773764
-0.3792071
-0.476182
-0.4228465
-0.4725284
-0.6158301
-0.4557907
-0.3558813
-0.4102698
-0.3829418
-0.4770839
-0.3851947
-0.3271559
-0.4827007
-0.2484225
-0.3659815
-0.2059935
-0.2583569
-0.3818058
-0.5624735
-0.3743537
-0.3379583
-0.4482919
-0.4030425
-0.3411191
-0.3995821
-0.5395582
-0.2930222
-0.3079602
-0.3812686
-0.4255757
-0.3602762
-0.3272445
-0.3963444
-0.2588221
-0.3035258
-0.3331009
-0.2609541
-0.2728688
-0.289717
-0.3812991
-0.3228702
-0.4129468
-0.2944929
-0.2862207
-0.2187175
-0.3441576
-0.3409717
-0.4780064
-0.3537425
-0.3926641
-0.2695936
-0.2670625
-0.1950626
-0.2840558
-0.1745528
-0.3428136
-0.1695918
-0.3630851
-0.4994417
-0.308518
-0.2573848
-0.2256437
-0.3021122
-0.2314117
-0.3285134
-0.327942
-0.3388608
-0.3092637
-0.262873
-0.1981524
-0.2557985
-0.341867
-0.3693452
-0.331041
-0.1650066
-0.3450936
-0.2436746
-0.2137448
-0.2467607
-0.2926328
-0.2376587
-0.228743
-0.2152516
-0.311202
-0.258074
-0.120326
-0.2498149
-0.2413431
-0.201903
-0.06815821
-0.2176884
-0.3340794
-0.1977233
-0.3630872
-0.1258523
-0.0619613
-0.2020135
-0.1664323
-0.1962237
-0.1399147
-0.120233
-0.2640267
-0.07201621
-0.1277859
-0.1727314
-0.03347638
-0.1976273
-0.2056983
-0.1064474
-0.1740092
-0.1244529
-0.1414735
-0.2402627
-0.1179794
-0.1804016
-0.2337495
-0.2717285
-0.2002108
-0.1018472
-0.2245227
-0.208225
-0.1125581
-0.1236766
-0.1992886
-0.2064712
-0.2685701
-0.2507938
-0.2417953
-0.3034035
-0.1140208
-0.04863142
-0.2350195
-0.1668367
-0.07711271
-0.1022584
-0.2947458
-0.1585041
-0.1959779
-0.0009466112
-0.1707351
-0.1247428
0.001811504
-0.2152365
-0.1517119
-0.2213595
-0.1595145
0.05773476
0.08442897
0.03618466
-0.0553841
-0.1760179
-0.07557954
-0.01588436
-0.117221
-0.1162491
-0.201954
-0.03532888
-0.002316617
-0.1634304
-0.2640523
-0.07819254
-0.05601407
-0.02268121
-0.1047058
-0.1573983
-0.1255424
0.05529381
-0.06746289
-0.01685699
-0.0955105
-0.1241213
0.02510515
0.004760088
-0.07997677
0.03303618
-0.1360743
0.08825659
-0.1030152
-0.1239143
-0.1681776
-0.1579396
0.0189591
0.1616853
-0.1372628
-0.05960523
-0.1094518
-0.02099082
0.07950542
0.03523496
-0.009864185
-0.05625877
0.09464496
-0.004354724
0.02274239
-0.06818011
-0.005200289
-0.06448791
-0.01351731
-0.00322153
0.1570331
-0.006417277
-0.2396808
0.1092958
0.01351598
-0.05813255
-0.06986056
-0.02320611
0.1361905
-0.1058461
0.01960556
0.1555114
-0.007071415
0.06296331
0.1379427
-0.120121
0.02532363
-0.002725661
0.09733988
0.06964714
0.06882243
0.08666594
-0.03832671
-0.02763249
-0.02999264
0.1340331
0.07368503
0.00945174
-0.01830145
0.1410264
0.02767411
-0.03566323
0.0549902
0.03410764
0.02041914
0.1349156
0.04403139
0.08133557
0.0294457
0.04644683
0.0100491
0.05206858
0.07283091
0.2006914
-0.04543429
0.204421
0.03450672
0.1301613
0.2686629
0.1268363
0.06919095
-0.09514698
0.2214603
0.07909531
0.1176367
0.06413946
0.1183912
0.1317552
0.1867226
0.1203898
0.2026028
0.1814699
0.1660118
0.1568576
0.1263096
0.256467
0.2491454
0.1866529
0.2462206
0.05850574
0.1974461
0.1578766
0.2421166
-0.02719733
0.1093158
0.1770291
0.162475
0.07493294
0.1011755
0.1513146
0.1231439
0.1502114
0.0938998
0.1612995
0.1816399
0.2826841
0.2064467
0.1073283
0.2553907
0.1325305
0.187567
0.2792998
0.1066516
0.3170047
0.2243578
0.2058538
0.01484792
0.1356806
0.1725499
0.07481295
0.2798792
0.06998414
0.1510987
0.1964131
0.1221549
0.2355233
0.2379121
0.2180585
0.1978401
0.2989024
0.2153437
0.2277478
0.3561068
-0.1078593
0.2443304
0.08827098
0.3046446
0.2945482
0.2841343
0.2909764
0.2975665
0.3454743
0.1939917
0.2838025
0.4003229
0.3072186
0.1245666
0.2286233
0.2812829
0.3181068
0.1239382
0.3076091
0.2225929
0.1591228
0.1751936
0.15886
0.3192449
0.3059089
0.3232985
0.2159277
0.1711749
0.3076315
0.1043087
0.2618942
0.3581712
0.288562
0.4087584
0.2591494
0.2896202
0.4263319
0.3499551
0.3359794
0.2326885
0.3151626
0.3920736
0.3964533
0.2774849
0.3940523
0.3157362
0.3982561
0.4579132
0.1397628
0.31686
0.4039898
0.288661
0.1397626
0.506961
0.1934394
0.3954445
0.2552507
0.3133975
0.3272974
0.3582009
0.3655247
0.3264241
0.3622921
0.3295495
0.4409303
0.3145703
0.257361
0.2320782
0.4791831
0.4034365
0.3921954
0.3321742
0.4867954
0.2876316
0.3701504
0.3107276
0.3767544
0.4011333
0.4236288
0.3514342
0.3945595
0.4372506
0.3537332
0.1486927
0.433625
0.3064802
0.4151431
0.3191635
0.3651511
0.539036
0.3588645
0.4345055
0.3509374
0.4292998
0.4024786
0.2869327
0.2961736
0.330767
0.2704155
0.2992051
0.5137261
0.3912687
0.4391514
0.4430492
0.3689728
0.5024138
0.4439651
0.3677783
0.4074037
0.5981293
0.3326523
0.6576108
0.4709783
0.4631137
0.5260957
0.5300462
0.4793145
0.4125695
0.3776887
0.2868294
0.5047556
0.3363793
0.4669464
0.4183162
0.5643596
0.3880761
0.5080882
0.6210761
0.5039908
0.4629628
0.5535997
0.5405182
0.6006948
0.5418893
0.5508234
0.5608214
0.4968842
0.2992442
0.5089957
0.3517971
0.5051777
0.5271737
0.592494
0.4671052
0.4571109
0.5655846
0.7154405
0.4622337
0.4552638
0.5353889
0.572655
0.6692623
0.5403603
0.7289188
0.5649379
0.4921964
0.5826928
0.5208494
0.4630051
0.4531232
0.6310807
0.5357643
0.5559715
0.5121849
0.5911546
0.7292749
0.6159137
0.4768792
0.4985965
0.4793421
0.6177337
0.5746532
0.5002476
0.6164888
0.7210686
0.5806649
0.4341373
0.7546685
0.5958088
0.4929814
0.5275008
0.4472383
0.6389277
0.6234774
0.6689146
0.6157154
0.6920011
0.6302925
0.4242212
0.5965659
0.6534091
0.7916233
0.6797215
0.6915596
0.717552
0.7354291
0.625424
0.6211977
0.5981942
0.6894946
0.636339
0.6054925
0.6549098
0.695727
0.4730327
0.6474023
0.6265553
0.4946359
0.7059245
0.67053
0.6804466
0.6463696
0.5527846
0.5052557
0.6809981
0.7029989
0.8472001
0.5793509
0.6744237
0.5453826
0.5755248
0.7501836
0.7023416
0.6678854
0.6668546
0.7156001
0.6483232
0.5940664
0.5899747
0.6713489
0.6591932
0.793382
0.5528798
0.7979355
0.6553597
0.6416933
0.5934495
0.5177599
0.6448382
0.7847074
0.7549279
0.778614
0.5802799
0.7397074
0.686531
0.6840349
0.7405786
0.6210024
0.5732814
0.8627776
0.6956177
0.7476707
0.570205
0.7969459
0.6568336
0.6908136
0.6545878
0.8366168
0.8094475
0.7384331
0.8340895
0.7855886
0.7647668
0.7715736
0.9380532
0.6878731
0.7567772
0.6721378
0.6976863
0.7854845
0.7546734
0.7032686
0.7502681
0.6914081
0.7247176
0.8300643
0.839015
0.6513984
0.9284437
0.7756656
0.7312678
0.5925365
0.7691808
0.7129807
0.7355861
0.8602766
0.6937521
0.7240587
0.9111117
0.7830994
0.7072427
0.8962183
0.6731321
0.8855603
0.9434067
0.9212022
0.8504533
0.8977291
0.7907567
0.8524923
0.9336446
0.8739119
0.9225671
0.8630958
0.8523823
0.8055453
0.7995759
0.8598791
0.9629503
0.9564204
0.7824071
0.7794053
0.8194662
0.7968517
0.8454397
0.819902
0.707173
0.8857561
0.8324047
0.9583412
0.9897785
0.9916166
0.9822198
0.8455067
0.8732347
0.8318447
0.8531727
0.8207164
1.020959
0.8934853
0.9055895
1.036496
0.9591463
0.8356575
0.8927915
1.048161
0.9409955
0.9818573
0.9057374
0.6902552
0.8981423
0.880449
0.9407299
0.9884033
0.9906295
1.037506
1.069725
0.9233376
0.948401
0.9668841
0.8365027
0.8525679
1.021997
0.9972836
0.9006482
0.8609158
0.9315251
0.979481
0.8911596
1.006753
1.029649
0.9183953
1.100535
1.141285
0.9047501
0.9136825
1.055409
1.048413
0.8773767
0.8687786
0.9608062
0.8221009
0.9903304
0.9918306
0.9186567
0.8629421
1.079206
0.8835079
0.8980413
1.131967
1.028964
1.043788
1.182882
0.8679774
0.9618079
0.9524449
0.9819864