0.03123952
-0.9519633
-1.035217
-0.9496358
-1.057292
-0.9502268
-0.980728
-1.018776
-1.117829
-1.002283
-0.9561486
-0.9462039
-1.021714
-0.9665626
-0.9242523
-0.9424397
-0.9140394
-0.8588849
-1.02665
-0.9579598
-1.01605
-0.9708313
-0.8567962
-0.9195121
-1.107966
-0.859704
-0.9148406
-0.9639686
-1.043073
-0.9511834
-0.9008173
-0.9058906
-0.8848086
-1.002388
-0.8806424
-0.8916854
-0.8953003
-0.8175763
-0.9230453
-0.9290067
-0.6761446
-0.766395
-0.8620743
-0.9016664
-0.9938505
-0.7953535
-0.9790151
-0.9503561
-0.9490744
-0.923056
-0.8305833
-1.008405
-1.013007
-0.6961759
-0.7548316
-0.7770695
-0.8482272
-0.9656001
-0.8830135
-0.8364506
-0.7204546
-0.8120146
-0.9371106
-0.9489108
-0.8784049
-0.8276015
-0.9395906
-0.8297045
-0.8557505
-0.8141657
-0.8129053
-0.6416483
-0.7330414
-0.9964189
-0.9990548
-0.8412209
-0.7841781
-1.011504
-0.7466882
-0.8610192
-0.8450584
-0.8454411
-0.874676
-0.857559
-0.8265823
-0.8054377
-0.6711265
-0.8833763
-0.7784129
-0.9266786
-0.8487563
-0.8214294
-0.7174838
-0.9014471
-0.7467337
-0.7090451
-0.7133526
-0.8549956
-0.7233008
-0.8309081
-0.8075903
-0.7664886
-0.7886158
-0.908934
-0.9128367
-0.9080983
-0.7147511
-0.718561
-0.9019417
-0.6951969
-0.8441853
-0.8007327
-0.8080919
-0.7201598
-0.6993672
-0.7778228
-0.6829283
-0.7172599
-0.8626372
-0.7314632
-0.8140503
-0.7357289
-0.8549323
-0.8138622
-0.730691
-0.6070431
-0.7268645
-0.9383143
-0.7315128
-0.7089426
-0.7363661
-0.5831709
-0.7406761
-0.8104012
-0.7858547
-0.7583429
-0.6852855
-0.5102357
-0.5123018
-0.686569
-0.7611337
-0.6637483
-0.774619
-0.7797347
-0.7872445
-0.7247904
-0.5919448
-0.7071066
-0.6425521
-0.6706758
-0.6798838
-0.6997549
-0.7295569
-0.6627285
-0.7332461
-0.638395
-0.7622539
-0.6553841
-0.5959744
-0.5739268
-0.6268767
-0.5836175
-0.5689021
-0.5965288
-0.6496731
-0.6499559
-0.6194396
-0.6675167
-0.813537
-0.5876543
-0.6444247
-0.6179056
-0.6865844
-0.6996695
-0.59284
-0.7783999
-0.6777292
-0.750579
-0.6506585
-0.8097668
-0.5059952
-0.6592146
-0.581633
-0.6833552
-0.5855495
-0.5603392
-0.5152565
-0.6349235
-0.671713
-0.5926067
-0.6705005
-0.5623208
-0.6456915
-0.6850725
-0.6800388
-0.536832
-0.5654055
-0.5334171
-0.4839635
-0.5122574
-0.6323345
-0.570217
-0.6524563
-0.526482
-0.6526504
-0.744288
-0.6300297
-0.7593785
-0.4881455
-0.488963
-0.5605053
-0.5659832
-0.562652
-0.5044116
-0.6451435
-0.6320427
-0.5197275
-0.5391426
-0.5649376
-0.6567155
-0.3783266
-0.5381706
-0.5724709
-0.5378656
-0.6288558
-0.5249286
-0.558573
-0.7281603
-0.4804382
-0.5201091
-0.5590864
-0.5565904
-0.5198595
-0.4665239
-0.6680096
-0.5346435
-0.7036553
-0.487822
-0.5281281
-0.6581531
-0.647299
-0.5569426
-0.5116317
-0.5126914
-0.6032584
-0.6165066
-0.444239
-0.4862653
-0.5378465
-0.3955837
-0.4201481
-0.5367276
-0.6448444
-0.492729
-0.4983342
-0.4742736
-0.4607477
-0.6588149
-0.5271381
-0.4652987
-0.4349314
-0.5018784
-0.6017653
-0.5136294
-0.2607962
-0.4385302
-0.432415
-0.4979113
-0.5058863
-0.3889111
-0.3681423
-0.3246768
-0.4046125
-0.6418438
-0.5745053
-0.3823495
-0.4386182
-0.5166526
-0.3990564
-0.3866331
-0.5483915
-0.4179195
-0.5165619
-0.3564994
-0.5150334
-0.5872029
-0.330231
-0.4222002
-0.3488943
-0.4440225
-0.2953712
-0.4469036
-0.5387314
-0.3678673
-0.3321711
-0.4409766
-0.4346272
-0.5212624
-0.3441094
-0.3565712
-0.3996834
-0.4730259
-0.4078715
-0.4907734
-0.4297832
-0.4342541
-0.3067627
-0.4902673
-0.4882863
-0.4402906
-0.2826673
-0.5112708
-0.4043403
-0.4643375
-0.4259705
-0.3337793
-0.4325347
-0.4921998
-0.221748
-0.3323338
-0.3116039
-0.2850587
-0.43226
-0.3837319
-0.316444
-0.503074
-0.5098877
-0.205795
-0.267443
-0.2873543
-0.2835263
-0.3525452
-0.3554655
-0.3052737
-0.1689163
-0.3892372
-0.4575477
-0.2432507
-0.3314828
-0.3094798
-0.2878761
-0.3784816
-0.3978704
-0.4208408
-0.3022377
-0.2706945
-0.3019329
-0.2046863
-0.2455241
-0.361574
-0.3267072
-0.3378499
-0.373742
-0.2558043
-0.2415142
-0.2338672
-0.2130392
-0.267559
-0.3182724
-0.2839902
-0.2726525
-0.2382417
-0.2683238
-0.3748283
-0.2837963
-0.1434669
-0.2670683
-0.342287
-0.2566227
-0.4161575
-0.1640049
-0.2476048
-0.2158863
-0.3813062
-0.4121676
-0.2516303
-0.2328444
-0.2693809
-0.2812685
-0.2232389
-0.07891945
-0.1417667
-0.4200628
-0.2954696
-0.3757448
-0.2803068
-0.1358402
-0.1949995
-0.2565994
-0.2398401
-0.2273887
-0.1308431
-0.1973288
-0.2169486
-0.3700252
-0.3774045
-0.3265047
-0.3162433
-0.1993124
-0.2367747
-0.1008923
-0.06824911
-0.24262
-0.3309939
-0.1345937
-0.1798108
-0.1516578
-0.1425812
-0.1573091
-0.1108364
-0.1817854
-0.07945276
-0.1522812
-0.1290036
-0.1573132
-0.1546218
-0.1885985
-0.1248063
-0.01801029
-0.1895234
-0.1247223
-0.2990047
-0.2051303
-0.164561
-0.1596476
-0.04467799
-0.1244867
-0.1597207
-0.04030706
-0.07062251
-0.09405336
-0.08238128
-0.2304902
-0.02792295
-0.1014315
0.02319812
-0.1252551
-0.1060713
-0.1736434
-0.08490148
-0.09661763
-0.186741
-0.2994816
-0.1478678
-0.2257169
-0.1938517
-0.2177104
-0.2439386
-0.08556467
-0.03470452
0.01272908
-0.137161
-0.1821352
-0.07303613
-0.0892433
0.02500345
0.01273493
-0.1221373
-0.008256493
-0.09860377
-0.05397212
-0.1154844
-0.1659321
-0.01919332
-0.013917
-0.1015088
-0.1220419
0.0137839
-0.1439343
-0.07483307
-0.03655758
-0.09044573
0.05710747
-0.1070669
0.03818856
-0.04006019
-0.1264657
-0.08540042
-0.07012477
-0.006838054
-0.07934154
0.05497742
-0.03312729
-0.08493422
-0.02264788
-0.1403682
0.06598158
-0.0153144
0.1288849
-0.08925697
-0.08018177
-0.04990906
0.04935817
-0.04975412
0.007074667
0.06822921
-0.1094198
-0.1006748
0.02684971
-0.001342097
-0.0879447
-0.1829641
0.0793136
-0.01347189
-0.09165335
0.08268628
-0.01063981
0.239859
0.160872
-0.1315904
0.0415956
-0.08373563
0.1102851
-0.008505974
0.08664263
0.1142069
0.08339279
0.205635
0.132951
-0.04692543
0.02102035
-0.08690317
-0.0300096
0.1175858
0.2177016
0.0669686
-0.08046895
-0.0692931
0.1670975
0.06995872
0.1255521
0.0163054
-0.004826474
0.1941891
0.07508559
0.1409181
0.005209296
-0.03871917
-0.01889118
0.2463138
-0.1043663
0.05919189
0.1242311
0.02682626
0.1239002
-0.03348829
0.235421
0.05712582
0.1007319
0.1446285
0.01599421
0.1359853
0.03592305
-0.007005778
0.1551178
0.1850723
0.1218122
0.09777623
0.1738411
0.2469592
0.1915418
0.1603317
0.05882477
0.1714423
0.01133326
0.1723936
0.0904904
-0.05416285
0.09284857
0.2314262
0.07309652
0.1272306
0.09734919
0.09512234
0.1669263
0.1385584
0.08433151
0.01102729
0.1272298
0.1592525
0.1600202
0.3207138
0.2503503
0.1593669
0.2434345
0.1947112
0.1324053
0.1597494
0.1230215
0.1405856
0.258472
0.1452827
0.2302586
0.1425892
0.1946523
0.2192655
0.01882961
0.2460185
0.2263174
0.3264547
0.2809237
0.346939
0.08710846
0.3110243
0.1695629
0.2929247
0.1070843
0.3021552
0.2123948
0.3218693
0.2829252
0.1943805
0.250811
0.2579257
0.3409629
0.3137024
0.3305896
0.1961882
0.2915584
0.2354942
-0.02562092
0.1867953
0.1671884
0.1886239
0.264356
0.3526082
0.2600542
0.3446783
0.2412327
0.3619651
0.2689161
0.1933138
0.1098536
0.3580708
0.1552854
0.4318729
0.297887
0.17196
0.3194938
0.2011751
0.3102366
0.3971763
0.3348463
0.3394866
0.3866786
0.3785108
0.2119764
0.1287014
0.2837262
0.1174725
0.2327816
0.297669
0.357496
0.2710452
0.3492623
0.2640297
0.2273987
0.3157115
0.2747355
0.2516315
0.4179102
0.157832
0.3348485
0.3404124
0.3140881
0.3662468
0.2333542
0.3639599
0.2624762
0.3144749
0.2671661
0.3528942
0.2298313
0.325338
0.270064
0.4171993
0.4887805
0.3540209
0.4317443
0.3924247
0.51292
0.243909
0.3028234
0.3418894
0.3715862
0.3695163
0.3482191
0.4016916
0.2522509
0.3671401
0.4038024
0.4061273
0.4036484
0.5883185
0.3814437
0.3404654
0.3871095
0.4455631
0.3855088
0.5405394
0.392375
0.5051556
0.2928047
0.3767294
0.4391645
0.3576401
0.4079466
0.2734186
0.2961256
0.3154136
0.4353202
0.4342479
0.5712862
0.5164576
0.5292216
0.2803758
0.3647175
0.4737873
0.3874097
0.4027391
0.4821755
0.5259811
0.4389375
0.589323
0.383924
0.4460165
0.4270592
0.3092956
0.514385
0.3988129
0.5965808
0.566698
0.3558812
0.2607345
0.5405537
0.4883222
0.3858531
0.5303578
0.5902321
0.4730815
0.4121368
0.5269237
0.5703989
0.4030734
0.5003113
0.5777579
0.3479917
0.5328573
0.6817883
0.4695677
0.480655
0.5335029
0.6740464
0.4973632
0.3354633
0.619042
0.6016808
0.6119695
0.5252554
0.7464258
0.5242506
0.4922567
0.5523895
0.5700901
0.4915011
0.5382279
0.4031851
0.4832638
0.5731487
0.6018945
0.5271266
0.5710315
0.5110992
0.655897
0.6242728
0.6110851
0.5807676
0.4865303
0.5563549
0.5571663
0.4382742
0.4806764
0.4087144
0.4890094
0.7197153
0.597603
0.5131846
0.5814353
0.6394676
0.6532463
0.5699099
0.5653889
0.6760064
0.5470714
0.5153478
0.6889082
0.485949
0.5220075
0.4371814
0.6146578
0.5810669
0.6113472
0.5040284
0.6091874
0.7113077
0.6734561
0.6225967
0.643076
0.5358071
0.7323099
0.6741776
0.5571234
0.6533035
0.5594595
0.7272053
0.6274942
0.6890561
0.7333481
0.6842793
0.6390569
0.6857966
0.5744264
0.5268137
0.6502683
0.7454912
0.7333847
0.6534423
0.7191174
0.5997659
0.674249
0.6565142
0.5643652
0.6561039
0.528476
0.7386656
0.7242946
0.7648207
0.7632617
0.7860951
0.7016187
0.57126
0.7718888
0.6723725
0.7316658
0.7298761
0.717127
0.6657526
0.5698602
0.511761
0.6922684
0.715395
0.7596148
0.7505002
0.7887477
0.6720099
0.7111595
0.7893181
0.7161219
0.6355182
0.6948153
0.7993337
0.7965892
0.622313
0.7985455
0.7327491
0.6342892
0.6385553
0.8124208
0.6877688
0.8164061
0.9133468
0.6942727
0.7102623
0.7583829
0.7426458
0.5786387
0.8642203
0.7052062
0.6684673
0.7247907
0.9613098
0.757475
0.7579028
0.8066957
0.7915
0.724994
0.8635003
0.7699766
0.7753899
0.6230802
0.6471295
0.8082278
0.7957029
0.8973456
0.7995804
0.7821717
0.8533033
0.9471662
0.8196261
0.7249892
0.9104937
0.7979765
0.7142092
0.8676993
0.6523766
0.7969009
0.7457774
0.7848046
0.768127
0.796925
0.794737
0.8562318
0.7508886
0.8046781
0.8850689
0.7528749
0.8471296
0.7716879
0.8842305
0.8745228
1.047003
0.9667643
0.8172705
0.8791809
0.8556843
0.8857684
0.8070409
0.943313
0.9877886
0.8401839
0.9195148
0.7500885
0.7671097
0.6930715
0.8864574
0.7466001
0.9626505
0.9525231
0.9024285
0.897955
0.9718809
0.8594623
0.8503029
1.022629
0.8512315
1.031398
0.9877408
0.756099
0.9265665
0.9997532
0.854706
0.825107
0.7850383
0.8609531
1.008984
0.7672835
0.8850452
0.8708408
0.7082105
0.8776086
0.9537266
0.9087557
1.087633
1.035177
0.9527559
0.9927042
0.8864033
1.030182
0.9667274
0.894478
0.9856294
0.9851189
0.9850039
0.9674766
0.7982193
0.9993301
0.811886
1.042647
0.921083
0.9872011
0.8497891
0.9783925
0.9831547
0.890638
0.8983923
1.063951
1.010903
1.045278
1.002632
1.020998
0.9155541
1.07086
0.9384355
1.05699
0.9889463
0.9192674
1.015767
1.082542
0.9243975
0.896184
0.8650467