0.1227363
-0.9637202
-1.008996
-0.7714753
-0.9048843
-1.064624
-0.9960395
-0.8682317
-1.06597
-0.9896106
-1.037917
-1.067669
-0.9970571
-1.017004
-0.8421049
-1.03387
-0.8407145
-0.9205182
-0.9763508
-1.001811
-0.84277
-0.916889
-1.028262
-0.86438
-1.088617
-0.92511
-0.7740524
-1.044908
-0.8917846
-0.8693884
-0.9187236
-0.9110112
-0.9684055
-0.8905246
-0.7947124
-1.170407
-1.000761
-0.9401749
-0.9071683
-0.9191123
-1.057116
-0.8454999
-0.7523042
-0.9953272
-0.9566056
-0.8436147
-0.8634441
-0.8910625
-0.9036604
-0.7472443
-0.7852258
-0.9465159
-0.829373
-0.8684128
-0.8380149
-0.7726486
-0.9285463
-0.8265116
-0.9325718
-0.8126135
-0.8955429
-0.9313067
-0.7990669
-0.8429409
-0.9065533
-1.07959
-1.049971
-0.7631809
-0.7731621
-0.7901574
-0.844536
-0.7088186
-0.9302128
-0.7649781
-0.90255
-0.8613674
-0.8145903
-0.9032915
-0.9111186
-0.8068952
-0.707321
-0.8999147
-0.7761389
-0.8629856
-0.8207464
-0.8550024
-0.8913486
-0.8096088
-0.7697879
-0.760764
-0.8835701
-0.8519846
-0.8395586
-0.7974579
-0.8397508
-0.9614543
-0.6757006
-0.6706968
-0.8906427
-0.6776961
-0.7194491
-0.8763833
-0.907448
-0.8243019
-0.8307897
-0.7256736
-0.7606988
-0.6815331
-0.7730982
-0.9053208
-0.8341095
-0.797954
-0.6542068
-0.7857644
-0.7919164
-0.6571908
-0.7304959
-0.7428128
-0.8820329
-0.6571983
-0.8499525
-0.7569361
-0.7644747
-0.7499569
-0.7154282
-0.8362662
-0.6941537
-0.6739713
-0.7912528
-0.7385067
-0.7131184
-0.7480481
-0.8224519
-0.752182
-0.7196808
-0.5803089
-0.8146631
-0.748619
-0.6836464
-0.8151916
-0.7768202
-0.7117023
-0.8052526
-0.7271536
-0.6727622
-0.7850606
-0.8054831
-0.6329092
-0.7093709
-0.6431317
-0.6903777
-0.5926396
-0.6207136
-0.7436865
-0.5600412
-0.7493873
-0.6648221
-0.6799567
-0.8057907
-0.6877137
-0.6458341
-0.7374529
-0.6349124
-0.7861273
-0.664468
-0.6770477
-0.6949291
-0.711522
-0.6630178
-0.6807289
-0.7251968
-0.54987
-0.7080081
-0.6582785
-0.5611914
-0.6234679
-0.516457
-0.6906207
-0.595944
-0.7909771
-0.5442882
-0.6046812
-0.5309168
-0.6617452
-0.5632332
-0.5089271
-0.7669361
-0.6428204
-0.532783
-0.5491994
-0.7135453
-0.5484933
-0.6021195
-0.6682407
-0.6784512
-0.7710692
-0.6327714
-0.5779585
-0.6038641
-0.6886334
-0.6923784
-0.4680223
-0.6808593
-0.6248051
-0.6296639
-0.6207718
-0.5287808
-0.7506903
-0.5934067
-0.6278385
-0.5932219
-0.5622724
-0.6973955
-0.599688
-0.6900949
-0.5776365
-0.6320578
-0.5237696
-0.5190994
-0.5235433
-0.5778571
-0.5191079
-0.6843492
-0.6195819
-0.5198291
-0.5828424
-0.6349634
-0.6461092
-0.5191194
-0.4324645
-0.6320782
-0.4310795
-0.3711981
-0.3423679
-0.4570508
-0.7010779
-0.6400783
-0.3271425
-0.4474665
-0.5085383
-0.5434326
-0.5179545
-0.6114494
-0.7017507
-0.5286641
-0.5232692
-0.4637734
-0.4018811
-0.44002
-0.6078498
-0.5237328
-0.3505424
-0.5834903
-0.4134766
-0.3619018
-0.5111113
-0.6350643
-0.3639294
-0.4286179
-0.3801902
-0.4841369
-0.4613157
-0.3668442
-0.439203
-0.6418871
-0.5144868
-0.4711677
-0.5656615
-0.2476377
-0.5583987
-0.4475238
-0.49617
-0.355463
-0.258896
-0.3352424
-0.4476942
-0.4575758
-0.3946602
-0.2956117
-0.5801392
-0.3818087
-0.4214558
-0.4132344
-0.5006527
-0.2495756
-0.3850842
-0.2695989
-0.4696254
-0.4610044
-0.56882
-0.356579
-0.4459724
-0.3761845
-0.2840708
-0.3224997
-0.4349441
-0.4349423
-0.5103593
-0.3555447
-0.3753557
-0.43131
-0.4595874
-0.3742388
-0.4096187
-0.4471563
-0.4682142
-0.2459357
-0.438433
-0.4009537
-0.321182
-0.3672024
-0.3512486
-0.3201748
-0.2357073
-0.2681148
-0.09238008
-0.4450828
-0.3820269
-0.3586796
-0.4461076
-0.4847683
-0.430598
-0.4013521
-0.154969
-0.196397
-0.2626018
-0.4003376
-0.4561855
-0.4864382
-0.3550884
-0.3813687
-0.2423892
-0.4312751
-0.2546111
-0.3797753
-0.3023078
-0.4368266
-0.2826136
-0.2038035
-0.2642949
-0.1309153
-0.1653417
-0.1780808
-0.366451
-0.4945647
-0.233299
-0.3140459
-0.3328536
-0.1942929
-0.4158585
-0.2517829
-0.2620866
-0.1147806
-0.0613252
-0.3036033
-0.3948789
-0.2574912
-0.1281664
-0.3445082
-0.3868981
-0.4642582
-0.2295879
-0.3124027
-0.328025
-0.2941368
-0.420404
-0.340956
-0.3050156
-0.1657652
-0.2243709
-0.4317966
-0.3234999
-0.04273351
-0.2300443
-0.2329563
-0.2075812
-0.2778619
-0.2871159
-0.3012152
-0.2696557
-0.2424527
-0.2245984
-0.3356522
-0.2115765
-0.2762939
-0.2015447
-0.1010869
-0.1925933
-0.04971594
-0.2828181
-0.2927258
-0.1797664
-0.1197546
-0.154146
-0.2190403
-0.1201248
-0.259951
-0.258601
-0.184799
-0.133164
-0.2440035
-0.2342305
-0.2625865
-0.2375947
-0.1834905
-0.2046593
-0.2450323
-0.2315398
-0.3094692
-0.0608559
-0.2561413
-0.1877287
-0.1858689
-0.1416299
-0.1262384
-0.169457
-0.1050295
-0.0004063727
-0.1943245
-0.1814113
-0.1763873
-0.1322807
-0.1648515
0.001568996
-0.2520681
-0.201668
-0.1868998
-0.0986978
-0.1589054
-0.1712712
-0.16071
-0.07526223
0.03412638
-0.2234321
-0.2074841
-0.1729481
-0.2794102
-0.06944932
-0.1254393
-0.2847272
-0.1208048
-0.06667464
-0.1027171
0.007369728
-0.01898944
-0.1469839
-0.01561978
-0.1533751
0.02114848
-0.0534622
0.04674854
-0.1363648
-0.1622442
-0.1106621
0.05472709
0.009575906
-0.1007489
-0.05724868
-0.1715524
0.008569245
0.06078972
-0.07449068
-0.0276557
-0.06973245
0.05564764
-0.07652725
-0.1340781
0.100554
-0.1298387
-0.08948964
-0.1371825
-0.1471726
0.04546605
0.005948966
0.01877711
-0.1356212
0.01165045
-0.0735943
0.009495214
-0.1448918
-0.1081256
-0.09493056
-0.03585251
-0.08464583
0.05720578
-0.06435222
-0.07897229
-0.02982576
-0.05257495
-0.0483956
0.02704475
-0.1472275
-0.01167016
0.1327686
0.006247088
-0.06283367
-0.05829765
0.1012291
-0.03253424
0.1198013
-0.2254502
-0.2366732
-0.0552299
-0.01125984
0.04895909
0.01961287
-0.07249986
-0.06465892
-0.1111891
0.04165774
-0.1259621
0.007709712
-0.005312312
0.134876
0.07166994
-0.1011166
0.008595227
0.1112988
-0.1556324
-0.005970797
0.0322963
0.03386177
0.09160772
-0.1294228
0.1072852
-0.07707278
-0.01348687
-0.01034248
-0.002310773
-0.1574986
0.1476778
0.0431138
-0.06435597
-0.06678136
0.2708319
-0.01957523
0.0322444
0.02337991
0.1127024
0.2160987
-0.01710285
0.05071582
-0.06867014
0.02900761
-0.05389155
0.1580158
0.05691509
0.1214846
0.1062983
0.1524955
0.1299009
0.2154681
0.2102346
-0.1121038
0.2072923
0.1887276
0.3543219
0.1772804
0.3839364
0.1553088
0.09175847
0.06424887
0.2537733
0.168421
0.1210169
0.1831501
0.0497109
-0.02031671
0.05505145
0.1530586
0.1048899
0.1098711
0.127754
0.114463
0.09598861
0.1992856
0.2175805
0.1986
0.1595239
0.07383341
0.1074767
0.03001948
0.07441092
0.2026627
0.1118747
0.06461233
0.1216131
0.129385
0.0006749915
0.1551889
0.257843
0.2490861
0.1924145
0.261198
0.2924511
0.2214119
0.2502158
0.1801755
0.2353649
0.1380751
0.05908111
0.2373579
0.1429805
0.306625
0.1371445
0.1493747
0.305679
0.2456416
0.2288109
0.3287264
0.3291122
0.1332872
0.2531599
0.1125934
0.07739567
0.2366153
0.2641351
0.1128874
0.1130988
0.1606836
0.2302033
0.1853004
0.1271536
0.1738513
0.3471892
0.06329645
0.3036506
0.2844336
0.2499088
0.3195272
0.2006283
0.1632816
0.2800406
0.2314682
0.126216
0.1885445
0.1350629
0.3481288
0.3756202
0.2249734
0.3502613
0.3963462
0.3428832
0.4425797
0.3129282
0.239276
0.3643282
0.348276
0.1776983
0.2182383
0.3154924
0.3153783
0.3136973
0.2704914
0.3735336
0.2405782
0.2780795
0.3303231
0.2532169
0.2499883
0.3108641
0.2094853
0.4536001
0.3716085
0.3482151
0.4888631
0.271727
0.4245656
0.1910132
0.3670357
0.3699284
0.3198284
0.3926165
0.3624959
0.2179511
0.3153634
0.3338742
0.3862482
0.3869673
0.2996991
0.3568182
0.3779311
0.3054953
0.4450279
0.5525425
0.457346
0.1520295
0.3460187
0.4239256
0.524267
0.263311
0.468143
0.2339197
0.4761271
0.2539131
0.285173
0.4659032
0.4391872
0.5284663
0.3963806
0.4310975
0.418053
0.3808362
0.50923
0.3651102
0.5068413
0.4024641
0.4410514
0.5283633
0.4433808
0.4454676
0.4149052
0.4692132
0.4099814
0.5381912
0.3922257
0.3597522
0.4201334
0.3751501
0.5059649
0.4586176
0.4625292
0.3899797
0.3750578
0.5162293
0.4786039
0.4342998
0.5330834
0.5260582
0.5414209
0.474379
0.5000432
0.5676319
0.5324941
0.6558685
0.5786178
0.4860231
0.4344822
0.5843117
0.5034825
0.5610324
0.5718206
0.5011832
0.3632106
0.3747703
0.4220775
0.4951818
0.547027
0.5411444
0.4934405
0.5026152
0.5021701
0.5124852
0.4912574
0.5326432
0.5028346
0.389095
0.4769476
0.5216436
0.5034482
0.6002291
0.5102976
0.5575806
0.6315253
0.522772
0.54362
0.370614
0.5613732
0.5169643
0.5915433
0.5118061
0.3886265
0.5838029
0.5264483
0.6037846
0.5914284
0.3606641
0.5767876
0.5609834
0.6069781
0.6972795
0.608932
0.6414329
0.620333
0.6646046
0.5093704
0.7263484
0.5300757
0.5821098
0.447712
0.7190886
0.5348856
0.5740997
0.559843
0.4964202
0.5697032
0.6189412
0.7228248
0.6747383
0.6596111
0.458613
0.3976455
0.5979132
0.5272118
0.5533306
0.6839786
0.6003319
0.706485
0.4809171
0.5208054
0.6860058
0.6514469
0.6336229
0.5290872
0.5007102
0.4702288
0.7164182
0.800547
0.6290864
0.6624677
0.7069017
0.6718396
0.6010455
0.6981666
0.5968746
0.7076266
0.7127601
0.6470968
0.6617644
0.6053488
0.4311458
0.6906647
0.6875961
0.6917048
0.7137288
0.6400385
0.6073665
0.7027969
0.5841247
0.8374866
0.5598192
0.7388281
0.7773677
0.6955392
0.786609
0.6331726
0.5522782
0.8177972
0.6937389
0.6880863
0.6099117
0.6753429
0.946744
0.6185443
0.5975223
0.7526416
0.6770315
0.8008174
0.7131538
0.7763682
0.6903873
0.7031431
0.7362899
0.7700782
0.5908869
0.8669708
0.7635685
0.6660564
0.6508657
0.7619805
0.6228783
0.8157674
0.6665642
0.7001636
0.8498854
0.7718763
0.8997294
0.8897493
0.7598258
0.6663735
0.7411308
0.7485054
0.7497391
0.7374495
0.6917226
0.6999173
0.9193449
0.7390833
0.6505878
0.661558
0.8069591
0.8454404
0.8153079
0.8260522
0.7475883
0.7703206
0.7639564
0.8564
0.7961465
0.7712484
0.8677493
0.8513412
0.9880095
0.6244583
0.756534
0.7112961
0.7584192
0.8393323
0.8296123
0.8181237
0.7891436
0.9575125
0.8176696
0.7628625
0.7831707
0.7718812
0.8151071
0.7857119
0.8933066
0.8685579
1.00311
0.8121544
1.029294
0.7654665
0.7817838
0.5825221
0.6938628
0.8720079
0.7774968
0.8626395
0.7552217
0.8324929
0.906705
0.9331389
0.8108931
0.8650763
1.128763
0.6741284
0.8900746
0.9610358
0.8544408
0.8802705
0.8734436
0.9310578
0.831519
0.9767226
0.7922908
0.8600148
0.8473777
0.9517306
0.9797374
0.8433223
0.7988982
0.9173973
0.9125466
0.9274645
0.865559
0.9571345
1.012717
0.9668068
0.9781526
0.7845904
0.9512324
0.9247469
0.9938986
0.9462278
0.9417505
0.8467262
0.9546993
0.9408614
0.809354
0.8852806
0.8141891
0.9705931
0.7944577
0.9323934
1.052626
1.024891
1.001483
0.9277422
0.9177253
1.035245
1.031188
1.090015
1.001611
1.025271
0.9433433
0.8768001
0.8687993
1.067728
0.8952236
0.8072849
0.95306
0.8731911
1.073844
0.9578566
0.9587646
0.9726493
0.933292
0.8995636
0.9913944