0.1427195
-0.9622976
-1.011312
-0.7633566
-0.9088915
-1.066118
-1.000873
-0.8535114
-1.062717
-0.988653
-1.027086
-1.061832
-0.9895368
-0.9888926
-0.8373316
-1.058701
-0.8401614
-0.8944894
-0.9714784
-1.017855
-0.8413003
-0.9209939
-1.030859
-0.876502
-1.076026
-0.9260118
-0.7749951
-1.034841
-0.9140286
-0.8776567
-0.9243827
-0.9000196
-0.9427817
-0.8619301
-0.7958551
-1.158621
-0.9810706
-0.9458173
-0.9348467
-0.8903057
-1.077856
-0.8351876
-0.7474402
-0.9964924
-0.9212402
-0.8273959
-0.872961
-0.8904346
-0.910839
-0.7573915
-0.8066663
-0.9269946
-0.8469478
-0.8429734
-0.8320503
-0.7525348
-0.9095865
-0.8242019
-0.9165551
-0.8080953
-0.8772372
-0.9440524
-0.7974782
-0.8489634
-0.902366
-1.074748
-1.029676
-0.7532994
-0.770789
-0.7991815
-0.84125
-0.7264119
-0.9204712
-0.7540155
-0.9042512
-0.8532974
-0.820719
-0.9066807
-0.8983728
-0.7914987
-0.6885268
-0.9047317
-0.7962591
-0.8949513
-0.8145749
-0.8568777
-0.8806212
-0.8325636
-0.7853804
-0.757566
-0.8676805
-0.8581764
-0.8372796
-0.7865001
-0.8394232
-0.9722362
-0.659478
-0.6841637
-0.8709604
-0.664845
-0.7051057
-0.8826436
-0.9047728
-0.8388123
-0.8050179
-0.7305553
-0.7582951
-0.6864577
-0.7519066
-0.8907424
-0.8473757
-0.8203753
-0.6658366
-0.7468365
-0.7956302
-0.6689922
-0.7300672
-0.7453938
-0.8651586
-0.6765629
-0.8659807
-0.7551257
-0.7554151
-0.7496274
-0.720196
-0.8457057
-0.6988899
-0.6690732
-0.7910167
-0.7450668
-0.7347249
-0.7299602
-0.8154455
-0.7521515
-0.706962
-0.581028
-0.7919862
-0.74665
-0.6673857
-0.8275136
-0.7503657
-0.7234376
-0.8307077
-0.7426578
-0.6888094
-0.7611856
-0.8081092
-0.6169264
-0.727282
-0.6669903
-0.7034809
-0.6031981
-0.620613
-0.7450403
-0.5772845
-0.7519886
-0.6653737
-0.6795475
-0.8328636
-0.6943427
-0.6549393
-0.7484683
-0.6313371
-0.7741239
-0.6919659
-0.6972298
-0.6866779
-0.7017943
-0.6932355
-0.6755636
-0.7253657
-0.5586439
-0.7159251
-0.6655501
-0.5537578
-0.6183161
-0.501573
-0.689987
-0.59106
-0.8039104
-0.5499106
-0.5868406
-0.5586458
-0.6672613
-0.550802
-0.4988343
-0.7691245
-0.6234112
-0.5371722
-0.5291775
-0.7195555
-0.545063
-0.6072238
-0.6820228
-0.6776139
-0.7627585
-0.632934
-0.6041043
-0.5940502
-0.6986248
-0.7058105
-0.4870005
-0.6734956
-0.6272925
-0.6385559
-0.6202995
-0.5262414
-0.733536
-0.5887014
-0.6304825
-0.6071751
-0.5574838
-0.6804012
-0.5793832
-0.6910058
-0.5902845
-0.6343851
-0.5324275
-0.5136288
-0.5239642
-0.5799422
-0.544774
-0.6816209
-0.63058
-0.523023
-0.5743046
-0.6288321
-0.6147688
-0.533544
-0.4349257
-0.6221625
-0.413905
-0.3710083
-0.3515491
-0.469481
-0.7169862
-0.6383906
-0.3453829
-0.4471103
-0.5138428
-0.5374233
-0.5115659
-0.6391762
-0.6864418
-0.5373855
-0.5169101
-0.4796549
-0.3976058
-0.4396609
-0.5938961
-0.5059338
-0.3459376
-0.5957277
-0.4172106
-0.3551075
-0.5133016
-0.6184378
-0.364631
-0.4238603
-0.4082167
-0.4695479
-0.4605636
-0.34965
-0.4532725
-0.62904
-0.5122953
-0.470205
-0.5533521
-0.2287909
-0.5531282
-0.446798
-0.4845929
-0.348554
-0.262427
-0.3454905
-0.4403629
-0.4582264
-0.3935851
-0.3112386
-0.5635627
-0.3794516
-0.4475467
-0.4180891
-0.5002042
-0.2179969
-0.3883689
-0.2636055
-0.4662661
-0.4687532
-0.5479094
-0.3624374
-0.4419772
-0.3610025
-0.3060182
-0.3326912
-0.4376813
-0.4190897
-0.490893
-0.3626266
-0.3708354
-0.4521866
-0.4734671
-0.367042
-0.3866753
-0.4544714
-0.4727114
-0.254184
-0.4343023
-0.4056901
-0.3045328
-0.3780317
-0.3464115
-0.317656
-0.2548748
-0.2870081
-0.09978328
-0.4422998
-0.3552208
-0.3478417
-0.4349708
-0.4660892
-0.4250579
-0.411869
-0.1811933
-0.209665
-0.2451137
-0.3945183
-0.4538654
-0.4693113
-0.3607492
-0.3794667
-0.2464046
-0.4144457
-0.2603515
-0.3977836
-0.3035406
-0.4400918
-0.284429
-0.1816442
-0.2654466
-0.1158545
-0.1751215
-0.2142595
-0.3671497
-0.4951014
-0.2469798
-0.2973286
-0.3418512
-0.2087053
-0.4025478
-0.2454778
-0.2533243
-0.1199697
-0.06701901
-0.3033892
-0.4148242
-0.2848383
-0.1216071
-0.353394
-0.3778295
-0.4643064
-0.2156389
-0.3358623
-0.3331135
-0.2999567
-0.4135366
-0.3576616
-0.3077272
-0.1757017
-0.2277647
-0.422139
-0.3255945
-0.04166674
-0.2093922
-0.2264265
-0.2120804
-0.2756952
-0.2795227
-0.3018568
-0.267725
-0.255674
-0.2172686
-0.3376341
-0.20598
-0.284943
-0.1993041
-0.1092809
-0.1849051
-0.04649536
-0.2987033
-0.28702
-0.1646575
-0.1150306
-0.164351
-0.2266696
-0.1090975
-0.244827
-0.2829366
-0.1634392
-0.1373742
-0.25932
-0.2439388
-0.2922703
-0.2401474
-0.1561846
-0.2273469
-0.2620802
-0.2214068
-0.2964282
-0.0659525
-0.2611695
-0.2133425
-0.1761163
-0.156019
-0.1079558
-0.176021
-0.1092524
0.009380523
-0.1958214
-0.1890348
-0.1596054
-0.1194807
-0.1679246
0.007006673
-0.242756
-0.2055081
-0.201153
-0.08947172
-0.1676455
-0.152864
-0.1550807
-0.07868822
0.02812468
-0.2347178
-0.2051623
-0.1771358
-0.2689359
-0.05174047
-0.1285744
-0.2513199
-0.113246
-0.05619997
-0.1064438
-0.006825383
-0.01099598
-0.1500334
-0.01669763
-0.14987
0.02934098
-0.0564278
0.0538385
-0.1294411
-0.1718595
-0.1382265
0.04738954
0.02679715
-0.105676
-0.03050936
-0.1681322
-0.005068418
0.04990104
-0.05332622
-0.03553673
-0.07209299
0.04739352
-0.07405063
-0.1525999
0.09751364
-0.1340658
-0.08306086
-0.1147971
-0.1266079
0.05374546
0.01226615
0.03701236
-0.1389957
0.007945637
-0.09228504
0.0249
-0.1541059
-0.1152912
-0.08480013
-0.02735315
-0.07937966
0.05090117
-0.05460701
-0.0798699
-0.004115483
-0.04153168
-0.02751982
0.005613031
-0.1369857
-0.01204458
0.1344098
-0.006289193
-0.06414254
-0.05455015
0.1264508
-0.02395029
0.1424733
-0.2269992
-0.2380312
-0.05559995
-0.0106527
0.06992554
0.04099861
-0.07829521
-0.04190141
-0.1218495
0.03989029
-0.1120284
0.009590342
-0.01285151
0.1558027
0.09506961
-0.1049053
0.007516585
0.1290012
-0.1553802
-0.006624093
0.05493349
0.03149531
0.1089994
-0.1295824
0.1160851
-0.07604053
-0.009806174
-0.004841231
-0.003072758
-0.1523951
0.1454421
0.03783897
-0.07183037
-0.0685539
0.276778
-0.02380824
0.0278577
0.05528949
0.1215909
0.2338185
-0.00511824
0.05188216
-0.05415785
0.03279751
-0.0682198
0.1582686
0.06225374
0.1139095
0.1207828
0.1389064
0.1509111
0.1897809
0.2176643
-0.09016451
0.2123344
0.1808921
0.3356703
0.1709343
0.3986077
0.1822022
0.1040312
0.07580581
0.258665
0.1627014
0.1273641
0.1495779
0.006843207
0.01145613
0.07255983
0.1409151
0.1194078
0.108219
0.1265611
0.1274262
0.08714708
0.1849229
0.2274321
0.2068161
0.1576943
0.07514099
0.120214
0.007388143
0.07944194
0.1853331
0.09185059
0.08038927
0.1079507
0.1309701
0.002190909
0.1565585
0.2564866
0.2431073
0.2042601
0.2543689
0.3078912
0.2404421
0.2331164
0.1802326
0.2205044
0.1219832
0.06128898
0.2530083
0.1319486
0.2958827
0.1355938
0.1437076
0.3261486
0.2310955
0.2083123
0.3369528
0.3429941
0.1395462
0.2556061
0.1209547
0.0707239
0.2365227
0.283623
0.09581721
0.1144532
0.1653737
0.2393643
0.1955794
0.1167107
0.1888781
0.338179
0.05180579
0.3308263
0.2899734
0.2038869
0.3357022
0.2081689
0.1345889
0.2847793
0.2274838
0.118877
0.1909958
0.1344872
0.3366826
0.3483797
0.2261365
0.3652587
0.3866406
0.3262966
0.4475092
0.3024309
0.251658
0.3689397
0.334925
0.1771047
0.2366044
0.3284685
0.3373079
0.3061548
0.2739663
0.3613125
0.2707981
0.2703536
0.3410512
0.2395389
0.2554391
0.3148991
0.2162536
0.437389
0.3797581
0.3370047
0.483334
0.2555547
0.4048927
0.1709511
0.3939812
0.3801347
0.318792
0.3849206
0.3526771
0.2213098
0.3258805
0.3030869
0.3502027
0.3957066
0.2954382
0.3506384
0.3813921
0.3210913
0.4612786
0.5518237
0.4466118
0.1501769
0.3509723
0.4091426
0.5172529
0.2732223
0.4645362
0.2677589
0.4704738
0.2632364
0.2903963
0.4747674
0.4229113
0.5320278
0.3935549
0.4051884
0.3968721
0.3919413
0.506023
0.356757
0.4668253
0.3977096
0.4327127
0.5060815
0.4403413
0.4453182
0.4099835
0.4671625
0.4109855
0.5319182
0.4056235
0.3645389
0.4307464
0.3882232
0.4993573
0.4833006
0.4775016
0.4123704
0.3899335
0.508821
0.4917634
0.4367694
0.5348474
0.5326789
0.5447133
0.4759948
0.5122764
0.5678884
0.5410019
0.6546163
0.5789741
0.5155951
0.4357497
0.5880693
0.5193875
0.5738044
0.5791701
0.4937786
0.3435989
0.3965531
0.4268039
0.5145021
0.5675052
0.52209
0.488147
0.5062267
0.5130741
0.5149462
0.4926958
0.5223926
0.4963162
0.3775267
0.483815
0.511696
0.5057498
0.5988136
0.5112147
0.5647925
0.6369211
0.5198611
0.5426592
0.3980782
0.5693754
0.4911388
0.5899679
0.5386542
0.3983913
0.5988352
0.5484509
0.6168545
0.5766258
0.3638106
0.5806573
0.5405601
0.6027486
0.7048805
0.6057428
0.6173554
0.6673191
0.6852514
0.5212731
0.7317421
0.5482385
0.5824785
0.4471701
0.7218678
0.5475439
0.5921982
0.5498047
0.5124857
0.5702324
0.6239842
0.7184948
0.6594123
0.6689819
0.4733338
0.3874467
0.5895058
0.5479606
0.55397
0.6694095
0.614722
0.6954997
0.470042
0.5254484
0.6772262
0.6671551
0.6363694
0.5409911
0.5012103
0.4790093
0.7127311
0.7990903
0.6440577
0.6793093
0.7179271
0.7033538
0.5876939
0.6655209
0.6016256
0.7143495
0.721008
0.6492168
0.6546063
0.6072653
0.4521723
0.6766085
0.6918701
0.6887141
0.7134488
0.6679089
0.5964313
0.701794
0.5787608
0.8435286
0.5429436
0.7382195
0.7743305
0.6962941
0.7828296
0.6431913
0.5447351
0.8354466
0.6983118
0.694743
0.5978765
0.6692788
0.9425734
0.6431977
0.5953684
0.7868415
0.659194
0.7857558
0.7141181
0.7886989
0.6927028
0.6748713
0.7579365
0.7812971
0.5990552
0.8658006
0.7439568
0.6740081
0.6424076
0.7650301
0.6271072
0.8315604
0.6618862
0.6929294
0.8480418
0.7619016
0.8823246
0.8948306
0.7578151
0.6553975
0.7379769
0.7320543
0.7811548
0.7281222
0.7027928
0.7001454
0.9209104
0.727248
0.6351226
0.6647329
0.8167333
0.8327237
0.8150036
0.816202
0.7336307
0.7553548
0.777963
0.8617824
0.7903717
0.7820014
0.8750125
0.8321378
0.9820049
0.6223477
0.7728137
0.6911183
0.7671733
0.8265943
0.8430012
0.7966081
0.8088724
0.9229389
0.8145171
0.7803305
0.7719333
0.7900552
0.7900608
0.7764209
0.8701496
0.8604993
0.9986154
0.8311458
1.019734
0.7708322
0.7716826
0.5899208
0.7011856
0.8613555
0.7754436
0.8468579
0.7544416
0.8498586
0.8971183
0.9461848
0.8202118
0.854455
1.123824
0.6939836
0.8861752
0.9467487
0.8749128
0.8555109
0.8749494
0.9362662
0.848493
0.9837119
0.8153452
0.8645589
0.8404261
0.9400889
0.9898051
0.8521627
0.7853402
0.91834
0.8880915
0.9127152
0.8437246
0.9725293
1.009616
0.9764545
0.9660052
0.7843266
0.9451552
0.9162447
0.9908395
0.9581333
0.9213819
0.8594022
0.9782895
0.9475989
0.8165908
0.9050516
0.799853
0.9580883
0.8054607
0.9486039
1.053877
1.030833
1.022869
0.9427606
0.9192395
1.04194
1.024458
1.089876
1.010945
1.008761
0.9172271
0.8838616
0.8873216
1.05196
0.8998208
0.8151317
0.9453085
0.8998783
1.068759
0.9601486
0.9622794
0.9773997
0.9248701
0.905921
1.018376