-0.02582447
-1.022204
-0.976394
-1.039709
-0.9313011
-0.9436684
-1.042625
-1.094182
-0.9314858
-0.9942526
-1.004793
-1.056416
-1.028829
-0.8773425
-0.9203162
-1.089934
-0.8892875
-0.9337405
-0.901157
-0.9252617
-0.9541009
-0.9939333
-0.9744506
-1.10924
-0.8796611
-1.077586
-0.9428059
-1.012283
-0.9395798
-0.9381676
-0.9926731
-0.9781636
-0.9610935
-0.9893395
-0.9409438
-0.8658768
-0.8993336
-1.143971
-0.9319845
-0.9374937
-1.02498
-0.9202748
-0.8427795
-0.8065214
-0.9611394
-0.9941304
-0.8788742
-0.9228595
-1.020882
-0.8387546
-0.9394468
-0.781545
-0.905733
-0.9931944
-0.8552263
-1.039364
-0.9161357
-0.8254913
-0.8714618
-0.9883062
-1.058388
-0.9108631
-1.041455
-0.7738216
-0.9420072
-0.8207651
-0.7401621
-0.8517031
-0.7533981
-0.8955549
-0.8619216
-0.9223063
-1.018362
-0.9747621
-0.7170896
-0.918482
-0.8510956
-0.7110492
-0.8674606
-0.8484533
-0.6974426
-0.9504434
-0.9220799
-0.8573482
-0.8790498
-1.002989
-0.7146464
-0.8734108
-0.8687425
-1.000133
-0.7615674
-0.7151244
-0.8877203
-0.7169972
-0.6202577
-0.8317523
-0.7389526
-0.8197647
-0.7574672
-0.8477764
-0.709473
-0.947146
-0.6614996
-0.8009423
-0.8370951
-0.7909828
-0.7364929
-0.7572426
-0.8745047
-0.7442729
-0.8323456
-0.7434554
-0.8000418
-0.7919133
-0.8065568
-0.7852768
-0.7769675
-0.6364253
-0.75306
-0.7533501
-0.7048335
-0.8693479
-0.7752424
-0.6830806
-0.8155848
-0.7168155
-0.5636042
-0.7587744
-0.799299
-0.7243276
-0.8050268
-0.7831579
-0.8428186
-0.7040996
-0.6798602
-0.7439377
-0.8042847
-0.6006813
-0.7918813
-0.6052013
-0.6655333
-0.8167656
-0.659648
-0.8508218
-0.7673381
-0.6406777
-0.7393195
-0.6192552
-0.802887
-0.821135
-0.6561539
-0.8464544
-0.8058528
-0.6226939
-0.6086515
-0.6090613
-0.6267328
-0.7542215
-0.6492473
-0.6729461
-0.7982445
-0.5889018
-0.7519842
-0.6389388
-0.6602554
-0.6292264
-0.7365482
-0.6930667
-0.5476829
-0.6720918
-0.6368337
-0.691278
-0.6627734
-0.6137491
-0.6643086
-0.6526014
-0.659059
-0.7438362
-0.7133727
-0.6617125
-0.7162188
-0.6357734
-0.632759
-0.7655143
-0.6854565
-0.5735766
-0.6668115
-0.5500264
-0.5980165
-0.6351707
-0.6333003
-0.452079
-0.5634266
-0.551031
-0.5910313
-0.6459288
-0.5533741
-0.5097792
-0.6771602
-0.6633103
-0.6519217
-0.5716177
-0.5786014
-0.5080693
-0.7244177
-0.5459001
-0.6498758
-0.6489783
-0.5288548
-0.7061895
-0.5686096
-0.4582789
-0.5686466
-0.6238348
-0.580996
-0.634751
-0.5553088
-0.6055444
-0.5568475
-0.5938177
-0.5656599
-0.5168576
-0.4490622
-0.5653773
-0.6017532
-0.6171679
-0.4678616
-0.3526026
-0.6186088
-0.5142236
-0.5998285
-0.6279505
-0.2894635
-0.5140631
-0.5644274
-0.6588613
-0.679816
-0.4258804
-0.4105981
-0.5059459
-0.4639108
-0.4819138
-0.6224026
-0.4716976
-0.6281455
-0.564203
-0.4555616
-0.5103351
-0.48458
-0.4712246
-0.4363082
-0.4927159
-0.5829259
-0.4840069
-0.4479346
-0.4262315
-0.5212688
-0.491513
-0.4613528
-0.3062126
-0.6157611
-0.5026126
-0.3513051
-0.4916037
-0.5404577
-0.462138
-0.6150205
-0.4409721
-0.4918375
-0.4142311
-0.3677013
-0.4187809
-0.4170303
-0.5144809
-0.4686487
-0.3696576
-0.3444178
-0.5622313
-0.5014563
-0.4095428
-0.3657208
-0.4399515
-0.3940587
-0.527369
-0.3484539
-0.4780891
-0.322314
-0.5077436
-0.6291285
-0.2665986
-0.3157252
-0.2887056
-0.5910766
-0.319982
-0.4973751
-0.3323106
-0.316783
-0.411155
-0.3467349
-0.4618495
-0.3489906
-0.4915204
-0.3649964
-0.4432105
-0.4156818
-0.4901018
-0.5979106
-0.4557048
-0.3778998
-0.4069738
-0.3943121
-0.4684107
-0.3689051
-0.3366684
-0.486414
-0.2560624
-0.358343
-0.2130616
-0.2685216
-0.3772708
-0.5687519
-0.3609798
-0.3482506
-0.4177138
-0.3860515
-0.3571444
-0.3969083
-0.5291748
-0.2701453
-0.2923357
-0.3693827
-0.4246792
-0.373014
-0.3548898
-0.3888032
-0.2742749
-0.3050127
-0.3410346
-0.2669779
-0.2738324
-0.2796302
-0.36139
-0.3435647
-0.3813517
-0.3066692
-0.284856
-0.223631
-0.3324095
-0.3493364
-0.4771962
-0.3469742
-0.3670043
-0.2746349
-0.268081
-0.1955179
-0.2700124
-0.1747209
-0.3385469
-0.186182
-0.3547475
-0.4878234
-0.3081796
-0.2460057
-0.2322141
-0.3254348
-0.2413388
-0.3175682
-0.3144852
-0.3413889
-0.3116037
-0.2661525
-0.2197816
-0.2689837
-0.3383714
-0.3740747
-0.3187586
-0.1518092
-0.3529431
-0.2435235
-0.2142211
-0.2618277
-0.266192
-0.2720112
-0.2354727
-0.2136161
-0.2943989
-0.2397005
-0.1051703
-0.2470067
-0.2340236
-0.2045798
-0.06478535
-0.2256744
-0.35688
-0.2243835
-0.3729338
-0.1305253
-0.07287692
-0.1933528
-0.1834999
-0.2137921
-0.1495914
-0.09820788
-0.2597325
-0.08223073
-0.1440865
-0.1857769
-0.02378569
-0.1934723
-0.2162648
-0.104549
-0.1757515
-0.1151231
-0.1226388
-0.2297901
-0.1076714
-0.1672032
-0.2203316
-0.2718276
-0.18014
-0.1216735
-0.2226947
-0.2098645
-0.08722864
-0.08487718
-0.2161275
-0.1894364
-0.2611915
-0.2411468
-0.2357972
-0.3028435
-0.1020566
-0.06214671
-0.2406042
-0.2013323
-0.06847916
-0.08860565
-0.2865521
-0.1525187
-0.1999236
-0.01280454
-0.1802967
-0.1193468
-0.01286382
-0.211303
-0.1398193
-0.2417114
-0.1591396
0.05896661
0.07315232
0.02629025
-0.04406487
-0.1783773
-0.0912742
-0.02376278
-0.1433524
-0.1261253
-0.2070358
-0.05122683
-0.008774579
-0.1527102
-0.2609332
-0.07218003
-0.04580799
-0.02160021
-0.1289644
-0.1673763
-0.1377147
0.0493745
-0.0890242
-0.01224839
-0.1247278
-0.09329362
0.03688318
-0.005918548
-0.04969963
0.001778376
-0.1324886
0.09643959
-0.1140952
-0.1090452
-0.1785553
-0.1591326
0.02992676
0.1634135
-0.1240776
-0.05093603
-0.1124
0.005606429
0.08347846
0.04377368
-0.006178049
-0.04829112
0.1025289
0.01874683
0.006019619
-0.09372962
-0.007233097
-0.08720884
-0.01808537
0.01138989
0.1643754
-0.009694941
-0.2190892
0.1203381
0.01481752
-0.0690815
-0.08402334
-0.01314797
0.1412153
-0.1097341
0.01425875
0.1672314
-0.03375606
0.0874039
0.1588245
-0.1068013
0.03710579
0.01664541
0.09769045
0.05421026
0.04878428
0.05372182
-0.04546486
-0.01502147
-0.03373838
0.1304771
0.08538633
0.021261
0.001423035
0.1526226
0.03565128
-0.02294528
0.0817107
0.05134976
0.03808835
0.151516
0.04231228
0.1026632
0.0255146
0.0717127
0.0308876
0.07459994
0.06829663
0.2033151
-0.02421485
0.2263192
0.03911119
0.1115432
0.2452274
0.134013
0.07294748
-0.1040812
0.236165
0.08467897
0.1110933
0.06188428
0.1454444
0.1256312
0.1935757
0.1085598
0.1709298
0.1828393
0.1743293
0.1837859
0.1317281
0.2652869
0.2624721
0.1953027
0.2550667
0.06319363
0.173275
0.1521644
0.2577815
-0.02328429
0.1126175
0.1928874
0.1696327
0.03727039
0.1063504
0.162389
0.1537529
0.1500563
0.1044055
0.1626874
0.2106031
0.2753993
0.1948125
0.0990821
0.2577432
0.1254188
0.1990055
0.2590694
0.1232468
0.3124114
0.2216595
0.2105535
0.03539328
0.1420501
0.149828
0.07217771
0.2711452
0.05126013
0.1188898
0.2264777
0.1155959
0.2402139
0.2440824
0.2159439
0.1831218
0.3233272
0.2204127
0.2448825
0.3497473
-0.1205205
0.2259764
0.08186543
0.3094522
0.2912085
0.2880935
0.2932941
0.2820232
0.3542963
0.1848519
0.3067038
0.3792042
0.3106775
0.09680722
0.236193
0.2957227
0.3036127
0.1501435
0.3147336
0.2182966
0.1528182
0.1590967
0.1667161
0.3151768
0.2914157
0.3093535
0.196288
0.161712
0.2984121
0.1221948
0.2352906
0.3495645
0.2850873
0.4259671
0.2514215
0.2751386
0.4400261
0.3618666
0.3161452
0.2294712
0.3438242
0.3800418
0.3886257
0.2723533
0.3802031
0.3227264
0.4124985
0.4517289
0.1539849
0.3178833
0.4124504
0.2719458
0.168181
0.5206838
0.1610866
0.3925635
0.2594918
0.3017865
0.3262807
0.3544411
0.3711513
0.3225837
0.358212
0.3395338
0.4429369
0.3049682
0.2602273
0.2521473
0.467796
0.3929367
0.3951329
0.3346721
0.4864118
0.2843801
0.3345329
0.3071337
0.3887666
0.4053286
0.4256221
0.3570019
0.4124051
0.4226143
0.3232992
0.1428928
0.4207548
0.2947561
0.3992493
0.347747
0.3521432
0.537314
0.3365126
0.4315399
0.3504465
0.4321102
0.3948831
0.2847258
0.2759642
0.334176
0.2592178
0.3320427
0.5193932
0.4029307
0.4452557
0.4351395
0.3598313
0.5223323
0.4328795
0.3712835
0.4217945
0.6162675
0.3323863
0.6609377
0.4821206
0.4393096
0.5144587
0.5306228
0.4687276
0.4201504
0.4016349
0.2945367
0.5242924
0.3186856
0.4581754
0.4345222
0.5625636
0.3667379
0.517806
0.6412253
0.5194593
0.4516639
0.5689307
0.559804
0.6150223
0.532246
0.5685119
0.5910573
0.4987943
0.2912079
0.5072535
0.369588
0.5095685
0.5321112
0.5924945
0.4434886
0.4520624
0.5955945
0.7192723
0.446431
0.452016
0.5554466
0.5762001
0.6485253
0.5417327
0.7590505
0.5470666
0.462423
0.6004287
0.521658
0.4587194
0.4444219
0.6514941
0.5245686
0.5648408
0.5051736
0.6186872
0.7123619
0.615418
0.472207
0.4940587
0.4744024
0.6372901
0.5865107
0.5180424
0.6042161
0.7364987
0.5858219
0.4485538
0.7483376
0.6240551
0.5147275
0.5271066
0.4350474
0.6500346
0.6074782
0.6551357
0.6208197
0.6820619
0.6208065
0.4367902
0.6041802
0.6777622
0.7682808
0.681508
0.6862964
0.7116818
0.7380084
0.6245934
0.6300696
0.5654943
0.6856071
0.6418374
0.5986873
0.662038
0.6991026
0.4399433
0.6311512
0.6177747
0.4994266
0.7082391
0.6751113
0.6769229
0.6298506
0.5545839
0.5133757
0.6961546
0.690532
0.8157256
0.5643245
0.6883184
0.5592359
0.5677116
0.7353896
0.6922976
0.657041
0.6549794
0.6973683
0.6675066
0.5887705
0.5947199
0.6652825
0.6535022
0.8199005
0.5672112
0.7962101
0.6473296
0.620374
0.600994
0.50929
0.6513691
0.7998548
0.7493342
0.789416
0.6028199
0.7385936
0.670013
0.6725076
0.7404032
0.6150815
0.5869154
0.8571557
0.6948305
0.7404936
0.573979
0.7759901
0.6347332
0.6851252
0.6494934
0.8421161
0.8158437
0.7348592
0.8338755
0.7962968
0.7528698
0.7609185
0.9635562
0.7008403
0.7526782
0.6668734
0.6976881
0.7729409
0.754714
0.6924758
0.7542113
0.682987
0.7122815
0.8451367
0.8464675
0.6536336
0.9326678
0.7968709
0.7367073
0.5770981
0.7657473
0.7124895
0.7372477
0.872014
0.7053992
0.7368071
0.9258929
0.7776919
0.7125766
0.9162084
0.6939596
0.8843793
0.9475763
0.9204192
0.8808672
0.9030848
0.7906032
0.8457208
0.9320846
0.856509
0.9016585
0.8813503
0.847761
0.8210423
0.8208776
0.8414065
0.9475311
0.9376588
0.7839748
0.7949209
0.800643
0.7821003
0.833463
0.8255046
0.7357109
0.8914503
0.8083091
0.9352044
0.9794096
0.9497374
0.9689875
0.863743
0.8747688
0.8455905
0.8694959
0.7999546
1.034571
0.8895763
0.904468
1.033403
0.9599618
0.8505233
0.8495145
1.046751
0.9144601
0.9894098
0.9055759
0.7125237
0.9021111
0.8700105
0.9506848
0.9706722
0.9883198
1.066451
1.059886
0.9362781
0.9303294
0.9553221
0.8447125
0.8607228
1.035435
0.9765194
0.9023858
0.8751733
0.9401211
0.9658188
0.8859231
0.9961628
1.050631
0.935417
1.098623
1.117695
0.910572
0.8948629
1.057828
1.053708
0.8818014
0.8875458
0.9316358
0.8236055
0.9888016
1.020546
0.9490474
0.8852433
1.063762
0.907364
0.8883519
1.128601
1.028744
1.030447
1.172567
0.8851089
0.967199
0.9853086
0.9739984