-0.03662989
-1.110235
-0.9715494
-1.033238
-0.9233402
-0.93836
-0.8856853
-0.9066195
-0.9855514
-1.132207
-0.9250028
-0.9238641
-0.9887847
-0.9756446
-0.9038051
-1.034034
-1.009661
-0.7605964
-0.999478
-1.019794
-0.9843131
-0.7797858
-0.9046849
-1.009363
-0.8768211
-0.9148298
-0.9903499
-0.9244009
-0.9442831
-0.9156524
-0.7814583
-0.8997449
-0.8370588
-1.020567
-0.9495706
-0.8539335
-0.9822861
-0.9047833
-0.9747949
-0.8492431
-0.8637116
-0.9663931
-0.9173817
-1.088669
-0.9691907
-0.9949389
-0.9737412
-1.059398
-0.9395071
-0.8619946
-0.8938608
-0.9598579
-0.9936083
-0.8830465
-0.9065043
-0.9780791
-0.8222177
-0.7887462
-0.9215032
-0.9387225
-0.8702273
-0.8800026
-1.040793
-0.9922793
-0.8135191
-0.8660768
-0.8366233
-0.89095
-0.7246767
-0.9440913
-0.8918774
-0.9750167
-0.9184432
-0.9384993
-0.9717534
-0.8124282
-0.902104
-0.8830236
-0.71969
-0.8301405
-0.7831574
-0.8843932
-0.8122144
-0.9318068
-0.9426958
-1.006799
-0.8352489
-0.7464059
-0.7906706
-0.7888616
-0.9075839
-0.9691251
-0.7528736
-0.8874737
-0.7788256
-0.9055711
-0.7811754
-0.7614576
-0.9228179
-0.7787317
-0.8120086
-0.7524216
-0.7959138
-0.7805516
-0.7340464
-0.7466884
-0.8367796
-0.5949524
-0.7510417
-0.8083625
-0.8726242
-0.8238544
-0.8108303
-0.7746104
-0.5617687
-0.8359666
-0.7923278
-0.7645505
-0.7712313
-0.625941
-0.8733095
-0.6873844
-0.9078437
-0.6806484
-0.6836315
-0.8065498
-0.8024268
-0.7902703
-0.7731057
-0.8656987
-0.8131091
-0.7458672
-0.8230334
-0.5835513
-0.7132553
-0.8043128
-0.7981682
-0.6956908
-0.7501428
-0.8030535
-0.696679
-0.7550801
-0.7417797
-0.5071783
-0.8164999
-0.6464147
-0.7362326
-0.4652054
-0.656791
-0.6448799
-0.7188946
-0.6283433
-0.6447078
-0.6511278
-0.7215182
-0.7643368
-0.6842722
-0.7168627
-0.5948745
-0.8121042
-0.7364957
-0.651966
-0.5838056
-0.5910514
-0.628018
-0.7223635
-0.7276376
-0.691902
-0.7073693
-0.6135444
-0.5731152
-0.6628452
-0.6227184
-0.4810123
-0.7587621
-0.58125
-0.7898256
-0.5902347
-0.7785326
-0.5909992
-0.546322
-0.6025798
-0.6378113
-0.5842682
-0.6124717
-0.5857036
-0.7183744
-0.6526141
-0.5743558
-0.5695581
-0.7588798
-0.6506523
-0.7433213
-0.561759
-0.617178
-0.6163191
-0.5373371
-0.6386572
-0.6536119
-0.4614506
-0.5457541
-0.762331
-0.6120168
-0.6193211
-0.6535863
-0.6383216
-0.5581435
-0.4180958
-0.5925665
-0.4049279
-0.5216467
-0.5711509
-0.495379
-0.5091267
-0.6249122
-0.6086905
-0.5468573
-0.676593
-0.4986452
-0.6474506
-0.5758008
-0.5375364
-0.6644203
-0.6727143
-0.4277416
-0.6475022
-0.5683035
-0.3789906
-0.4994014
-0.5778864
-0.566324
-0.376414
-0.6207138
-0.4956425
-0.6004242
-0.6284319
-0.4821781
-0.4798749
-0.5595739
-0.4666861
-0.5164163
-0.4654768
-0.5430751
-0.5939505
-0.4272258
-0.5669011
-0.6052775
-0.4987309
-0.5788626
-0.649278
-0.5403325
-0.3639793
-0.6592299
-0.3457975
-0.5339536
-0.5346618
-0.5041303
-0.4496917
-0.4775565
-0.4040477
-0.3708115
-0.4838661
-0.6112509
-0.4638652
-0.5075651
-0.5529441
-0.3911072
-0.4078113
-0.4317887
-0.510261
-0.408611
-0.3435703
-0.4645909
-0.4001364
-0.291446
-0.3556395
-0.4359475
-0.4505162
-0.3965146
-0.5186905
-0.4508509
-0.3979604
-0.3616554
-0.456935
-0.5082955
-0.3448572
-0.4788131
-0.5029021
-0.2958129
-0.5795315
-0.4681107
-0.3720506
-0.4659236
-0.3929259
-0.4164457
-0.371829
-0.415898
-0.5394446
-0.3567444
-0.4250169
-0.5859259
-0.5150298
-0.3860683
-0.4936747
-0.4798971
-0.4584689
-0.3386735
-0.2898882
-0.4340704
-0.440139
-0.487684
-0.580072
-0.3609297
-0.3934779
-0.3513532
-0.4536123
-0.4771746
-0.3373283
-0.4183283
-0.4157351
-0.4362948
-0.3652052
-0.3757162
-0.2554811
-0.3604049
-0.3713455
-0.4282234
-0.3712226
-0.4169686
-0.2889683
-0.3639217
-0.4041658
-0.3515895
-0.3435957
-0.3694203
-0.194415
-0.1769618
-0.1887074
-0.3617751
-0.3655867
-0.3148107
-0.3205174
-0.2996702
-0.2986527
-0.3930306
-0.364826
-0.2684982
-0.2527422
-0.3361346
-0.2421819
-0.2411055
-0.2074759
-0.2868744
-0.2604799
-0.2211937
-0.3627548
-0.2350769
-0.2025603
-0.3664924
-0.1939054
-0.358521
-0.2221733
-0.303134
-0.244733
-0.2243242
-0.2795662
-0.3412844
-0.4264113
-0.4136884
-0.2423858
-0.220468
-0.2181569
-0.292844
-0.3990174
-0.127574
-0.3511428
-0.2764739
-0.2382834
-0.1564096
-0.3553879
-0.1273254
-0.1289172
-0.2751517
-0.4158931
-0.3709398
-0.1149
-0.2021296
-0.2075531
-0.2122868
-0.1590729
-0.3464713
-0.3134916
-0.3319917
-0.317753
-0.3247664
-0.1746325
-0.2836609
-0.2108682
-0.1521177
-0.2430649
-0.2964706
-6.118518e-05
-0.04499782
-0.3811902
-0.3373781
-0.2173796
-0.2861398
-0.1409039
-0.03172177
-0.1996271
-0.1492472
-0.2837413
-0.1774733
-0.2529242
-0.1844094
-0.1251288
-0.1688583
-0.2858048
-0.2174612
-0.1785886
-0.1190641
-0.1661167
-0.09658074
-0.204302
-0.02892116
-0.3558416
-0.1546681
-0.0315704
-0.1786935
-0.04632953
-0.1986979
-0.1951449
-0.1037404
-0.1359105
-0.1366055
-0.2185253
-0.05233011
-0.2227328
-0.08290211
-0.2435921
-0.2026375
-0.1556993
-0.1578659
-0.05324038
-0.150033
-0.06806037
-0.3027254
-0.2626314
-0.1157825
-0.06770158
-0.2062985
-0.02571907
-0.008089207
-0.2381964
0.0304557
-0.2124532
-0.01059479
-0.02614012
0.02649259
-0.2871702
-0.05819015
-0.05361671
-0.1523321
-0.05004772
-0.1357022
0.06316685
-0.1237033
-0.1537208
-0.0377404
-0.02444088
-0.005617821
-0.09741335
-0.1099696
-0.05996204
-0.05132559
0.01404557
-0.17069
-0.0464328
0.01199529
-0.04402467
-0.06627044
-0.03562253
0.03294048
0.04623246
-0.03683161
-0.08371828
0.009015245
-0.1891467
-0.05911531
0.06301756
-0.1387879
0.1150572
0.03175647
0.01611414
-0.1397527
-0.07633894
0.0330251
-0.1865662
-0.03129693
0.006242331
-0.1071653
-0.005872531
0.1284438
-0.00715039
-0.05359994
0.1127844
0.008952076
0.02634915
0.01059373
0.008001744
-0.00252641
-0.04514499
0.006170026
-0.004418272
0.08708168
0.1293852
0.00207816
0.0718082
0.02882931
0.06086497
0.09718049
-0.06763539
0.1471445
0.02065336
0.03000873
0.1187796
0.02389482
-0.09730224
-0.04953466
0.05714804
-0.02798396
0.2322877
0.1180099
0.08760394
0.1711135
0.1574396
0.03894328
-0.06113736
0.1223046
0.142151
0.05329932
0.08461641
0.1051882
0.01359698
0.1310724
0.01883536
0.1384016
0.008889099
0.1972268
0.02574772
0.2597765
0.1564847
0.09700796
0.0141967
0.1818539
0.2159559
0.1216832
0.05626536
0.09623614
-0.02325201
0.09985924
0.17191
0.09724376
0.08246407
0.1576792
0.2547244
0.165035
0.0345693
0.1190018
0.1689592
0.22871
0.1496298
0.3080182
0.1212322
0.1632109
0.06511004
0.2046219
0.1707009
0.1618477
0.1530234
0.1902915
0.1237402
0.1284671
0.01149233
0.1143256
0.2416159
0.3129019
0.1512636
0.1301559
0.3028616
0.123731
0.1615191
0.1602835
0.1228139
0.2455242
0.06623245
0.2232949
0.2577584
0.1180352
0.3546884
0.2253054
0.1907009
0.1011031
0.0250043
0.3232055
0.2507142
0.1379224
0.2014398
0.2045789
0.349165
0.2448203
0.1570788
0.0592418
0.1916655
0.2591807
0.230535
0.1058218
0.1509572
0.2451656
0.1378765
0.2987692
0.2136727
0.2432742
0.3736413
0.2439673
0.2596537
0.1430768
0.1378365
0.3005092
0.2714787
0.07905068
0.04118106
0.3078418
0.322704
0.2354139
0.2014592
0.2476138
0.2832875
0.1373148
0.2012978
0.2551603
0.2677639
0.2615406
0.3997584
0.2315746
0.372096
0.1371523
0.3199056
0.3276954
0.2420997
0.4226193
0.3310202
0.2932183
0.3939358
0.3843621
0.4250439
0.3624842
0.3205314
0.2933842
0.3911497
0.3325096
0.1627982
0.3159393
0.4106441
0.3836375
0.4532372
0.4102663
0.2276252
0.3822556
0.2988695
0.2371223
0.3988414
0.4293185
0.3972923
0.2802995
0.3840672
0.2666177
0.4940611
0.5826889
0.5469966
0.4021495
0.5466342
0.3331759
0.3940997
0.3154658
0.3326102
0.4324648
0.5463888
0.3329986
0.3620533
0.4790323
0.355826
0.2242361
0.2579744
0.3507
0.3157533
0.3280546
0.2753247
0.4752896
0.387483
0.2582929
0.3964834
0.3831622
0.4956307
0.3636404
0.3746899
0.330191
0.4682938
0.3395449
0.4386738
0.3566677
0.4123385
0.3168154
0.3308336
0.4869055
0.3774278
0.4417928
0.4270634
0.4547556
0.389435
0.2452737
0.402034
0.3025944
0.592883
0.4973943
0.4997555
0.3705388
0.5562752
0.5251459
0.4943015
0.4520972
0.4345979
0.4574469
0.3809491
0.4426948
0.4560242
0.4550779
0.3733837
0.4581619
0.4091907
0.4446383
0.3726424
0.4809986
0.4397479
0.4450691
0.5521865
0.5732674
0.5954752
0.5449503
0.575293
0.5562399
0.5423381
0.618598
0.6183129
0.5179202
0.5377661
0.6133117
0.5826061
0.4311949
0.5395325
0.5490267
0.5227113
0.5014652
0.4600828
0.5984109
0.4224936
0.5167147
0.4615707
0.5907986
0.5158219
0.559711
0.500344
0.5455812
0.4568082
0.4708926
0.5574313
0.4351668
0.5353684
0.6546007
0.6404159
0.62077
0.5803505
0.6867252
0.4460304
0.577597
0.6215761
0.493302
0.5990742
0.5381646
0.5279523
0.4250032
0.7552643
0.6009034
0.5778555
0.4862749
0.4991123
0.5904671
0.5521557
0.5876501
0.6608076
0.5656233
0.58032
0.4498201
0.6456616
0.5437185
0.4172185
0.4901608
0.5321314
0.6313447
0.6327742
0.6294019
0.6935945
0.731949
0.6878318
0.7412048
0.5154756
0.5698255
0.6920252
0.5954764
0.6480352
0.6512189
0.6857691
0.4361348
0.6581282
0.697801
0.8459392
0.7245014
0.6633404
0.6882837
0.7251717
0.8379178
0.6787442
0.6239798
0.6621581
0.6863356
0.7561084
0.6833464
0.6104268
0.7473006
0.6928197
0.6739793
0.6427037
0.691159
0.6998949
0.6517825
0.7811036
0.6030294
0.6757518
0.6025447
0.6234582
0.8019141
0.7287879
0.7075172
0.7626172
0.7850977
0.7855997
0.7020096
0.6766193
0.7509138
0.6047356
0.886476
0.6985432
0.7589285
0.7873973
0.627514
0.7141728
0.6667097
0.7870344
0.6877481
0.600355
0.6231121
0.7721059
0.7100627
0.8278094
0.8579974
0.7012353
0.6922633
0.8089969
0.8266694
0.6013268
0.7827011
0.6866872
0.7021321
0.7645796
0.7183459
0.7432432
0.6929079
0.7600024
0.7981864
0.7013884
0.8259237
0.8609009
0.9524348
0.8682597
0.739131
0.821676
0.6567671
0.7301655
0.7340245
0.7108208
0.9053797
0.8131307
0.8617856
0.6449949
0.8231918
0.8124424
0.8207029
0.764593
0.8522651
0.6982838
0.8454913
0.7147309
0.8055884
0.7997629
0.8195878
0.7586876
0.784414
0.8834392
0.8235352
0.9740334
0.8547766
0.8714288
0.8265844
0.8331774
0.7356271
0.9871584
0.9192439
0.8621287
0.8323302
1.068265
0.7997817
0.9578763
0.9730241
0.8788058
0.833606
0.8964952
0.7576319
0.8615927
0.7335947
0.9398462
1.013259
0.7830595
0.9733825
0.7922004
0.8769161
0.9762569
0.8614377
0.9668591
0.8332271
0.8643711
0.744968
0.8883819
0.9810326
0.9818579
0.9535817
0.89601
0.7962388
1.089664
0.9766104
0.8608281
0.9300664
0.8514586
0.9317927
0.930125
0.9819677
0.9450468
1.015034
0.8867815
0.906484
0.7948961
0.9067598
1.03373
0.9486522
1.042908
0.9433373
1.035925
0.846991
0.8505918
0.9550437
0.9044735
0.9729322
0.7477065
0.9085592
1.047856
0.9170497
0.8465514
1.017453
0.9564516
1.042329
0.9276316
1.006271
1.152311
0.9747678
1.121513
0.9994129
0.9425241
0.9986543
0.9197188
1.048507
1.091156
0.8780045