-0.04518647
-1.092203
-0.9608155
-1.03678
-0.9173788
-0.917114
-0.8722155
-0.9234113
-0.9572225
-1.136715
-0.9587354
-0.9214887
-0.9806719
-0.967678
-0.896573
-1.02877
-0.9903185
-0.7714939
-0.9856352
-1.018692
-0.9792511
-0.7793239
-0.901259
-0.9859634
-0.8782326
-0.9019943
-1.005891
-0.9363894
-0.9427092
-0.9430103
-0.798273
-0.9106602
-0.8368882
-1.026703
-0.9463415
-0.8432991
-0.975489
-0.9223288
-0.9792734
-0.8770425
-0.8771835
-0.9571846
-0.9439509
-1.088799
-0.9722261
-1.009233
-0.9694057
-1.060557
-0.933603
-0.872799
-0.9282417
-0.9533887
-1.004172
-0.8855181
-0.8799741
-0.9940834
-0.8300168
-0.8107646
-0.912555
-0.9207437
-0.8529838
-0.8897702
-1.037665
-0.9968441
-0.8006612
-0.8506282
-0.8310654
-0.8923427
-0.7154252
-0.9288458
-0.8944172
-0.9688017
-0.9144389
-0.9393266
-0.9696548
-0.8059449
-0.8994969
-0.8886539
-0.7069217
-0.8271009
-0.7844256
-0.8879106
-0.829749
-0.9370357
-0.9363205
-0.9851598
-0.840012
-0.7603447
-0.801194
-0.7865647
-0.9111832
-0.946891
-0.7413122
-0.9233334
-0.7801756
-0.9079934
-0.768995
-0.763391
-0.9298822
-0.7582027
-0.8444895
-0.7477247
-0.7937818
-0.7915042
-0.7266842
-0.730597
-0.8178248
-0.5916898
-0.7456667
-0.7872987
-0.8760428
-0.806966
-0.8308496
-0.7773483
-0.5400503
-0.8030286
-0.7996889
-0.7528122
-0.7643194
-0.6495956
-0.8523016
-0.7065144
-0.9040044
-0.6711008
-0.7041895
-0.8134762
-0.793829
-0.8034165
-0.7616397
-0.8487375
-0.8039884
-0.745028
-0.8295178
-0.6171396
-0.7135192
-0.8117942
-0.7957865
-0.6872106
-0.7184576
-0.8022845
-0.69046
-0.7586016
-0.7474803
-0.4838117
-0.8013305
-0.643638
-0.7512101
-0.4763544
-0.6458831
-0.667348
-0.7185046
-0.6007099
-0.6526216
-0.6227985
-0.7144584
-0.7674197
-0.6796327
-0.6872346
-0.5542736
-0.8023634
-0.7202137
-0.6282584
-0.5745968
-0.6117739
-0.6234318
-0.7048924
-0.732659
-0.6771931
-0.6859779
-0.6052104
-0.5923841
-0.6754271
-0.602418
-0.4902449
-0.7468589
-0.5741254
-0.78657
-0.5962706
-0.7865768
-0.5989118
-0.5611173
-0.6104179
-0.6511197
-0.5595931
-0.5953675
-0.6009697
-0.7194261
-0.6595529
-0.5785539
-0.5725415
-0.759924
-0.624857
-0.7377164
-0.5859463
-0.5933937
-0.6242652
-0.5334149
-0.630674
-0.6399479
-0.4630545
-0.5606277
-0.7769748
-0.6138197
-0.6151532
-0.6529869
-0.6550554
-0.5484987
-0.4256628
-0.6043604
-0.4137536
-0.5113445
-0.562442
-0.5093856
-0.4983532
-0.6262149
-0.6172669
-0.5679725
-0.6825288
-0.513232
-0.6430269
-0.5811371
-0.5335714
-0.6800224
-0.6894036
-0.4162968
-0.6143308
-0.5596258
-0.3964387
-0.5041309
-0.5825117
-0.5677004
-0.3713654
-0.621742
-0.4839958
-0.5883838
-0.6415608
-0.4812502
-0.4782119
-0.5440209
-0.4680048
-0.4989905
-0.453219
-0.5400579
-0.578566
-0.4362924
-0.5586349
-0.6036078
-0.4927053
-0.5588795
-0.6327049
-0.5532126
-0.3432483
-0.6590433
-0.3471046
-0.5185908
-0.5418127
-0.4817678
-0.474376
-0.4869955
-0.4113337
-0.3932988
-0.4917589
-0.608134
-0.4508119
-0.4963152
-0.5336506
-0.3866964
-0.4043155
-0.4349904
-0.504194
-0.407926
-0.3507986
-0.4567692
-0.390343
-0.3059563
-0.3683959
-0.4536082
-0.4747083
-0.3945394
-0.5151858
-0.4530109
-0.4155684
-0.347975
-0.4435277
-0.4979842
-0.3532993
-0.4561347
-0.5247193
-0.2805935
-0.5808824
-0.4459272
-0.3657689
-0.4459187
-0.3776335
-0.4223037
-0.3826564
-0.4118573
-0.5371799
-0.3619041
-0.4179617
-0.5914385
-0.5177916
-0.3849501
-0.4936441
-0.5010957
-0.4646269
-0.3277337
-0.2985453
-0.4323263
-0.4624836
-0.4899379
-0.5870887
-0.3903681
-0.3846252
-0.3533215
-0.4530757
-0.4728334
-0.3413948
-0.4232264
-0.4197875
-0.4499714
-0.3613282
-0.3639646
-0.2636105
-0.3720809
-0.3644287
-0.4295996
-0.3715773
-0.4394129
-0.2797746
-0.38538
-0.4152478
-0.3267931
-0.3447584
-0.3874514
-0.1866039
-0.1731921
-0.1900246
-0.3426663
-0.3677851
-0.3532836
-0.3182335
-0.3089154
-0.2941702
-0.4018284
-0.3573705
-0.2910052
-0.2696814
-0.3341614
-0.256605
-0.2418315
-0.190197
-0.303713
-0.2578728
-0.2225464
-0.3606127
-0.2513544
-0.2120195
-0.3828365
-0.170345
-0.3603329
-0.2256057
-0.2964694
-0.2567965
-0.2230647
-0.2782262
-0.3616208
-0.4159624
-0.4227846
-0.2741756
-0.2206246
-0.1968507
-0.3095865
-0.3709542
-0.127287
-0.3607926
-0.2819554
-0.2389593
-0.1842727
-0.3595096
-0.1365402
-0.1505777
-0.2774031
-0.4178655
-0.3745614
-0.1251174
-0.1931039
-0.2087807
-0.21686
-0.1714616
-0.3523498
-0.3342472
-0.3176261
-0.3257971
-0.3088854
-0.1585513
-0.2732822
-0.2243277
-0.1408145
-0.2449207
-0.310449
0.003122228
-0.04850681
-0.3715213
-0.3357206
-0.195632
-0.2551715
-0.1507896
0.01369277
-0.1952312
-0.1570097
-0.2758846
-0.150708
-0.2533699
-0.1741075
-0.1060855
-0.1652721
-0.2726682
-0.2126666
-0.1678532
-0.1408863
-0.1797617
-0.1030515
-0.2131963
-0.02822349
-0.3545713
-0.1371822
-0.02138529
-0.1610877
-0.05494605
-0.204526
-0.1874332
-0.07921791
-0.1282131
-0.1412466
-0.2173568
-0.07490055
-0.2207714
-0.1062715
-0.2639573
-0.206021
-0.1866821
-0.148045
-0.04844591
-0.1430747
-0.07665284
-0.2987734
-0.2475495
-0.123527
-0.07783453
-0.2166674
-0.05189099
-0.0151184
-0.2259856
0.03120706
-0.2046876
-0.006242245
-0.006308727
0.02292931
-0.3034432
-0.06834472
-0.05155667
-0.1553533
-0.0402273
-0.1059505
0.04304763
-0.1171561
-0.154651
-0.03135294
-0.02146643
-0.0003721011
-0.08657321
-0.1083694
-0.06899796
-0.04497969
-0.0102209
-0.1749898
-0.06872088
0.006202458
-0.02501175
-0.08468223
-0.0690391
0.03157605
0.06202731
-0.04484647
-0.06255178
-0.002653668
-0.2084357
-0.03962274
0.05415204
-0.1206491
0.09398249
0.02238069
0.01638785
-0.1617002
-0.08705099
0.02586523
-0.1773496
-0.01963552
0.01112111
-0.1187641
-0.004674467
0.1250379
-0.003419175
-0.05121188
0.1086139
0.01222729
0.03440679
0.01703806
0.002128835
0.04815808
-0.01972429
0.01863239
0.000737096
0.09359441
0.1238071
0.01649771
0.05506765
0.0006553493
0.07806551
0.09776488
-0.08917268
0.1619452
0.0449892
0.02424155
0.126955
0.01003255
-0.09244572
-0.06167831
0.03898154
-0.02722249
0.2080097
0.1170672
0.09422574
0.1581443
0.14456
0.0468625
-0.03425192
0.1036192
0.1273886
0.04589529
0.1122054
0.1006884
0.02027711
0.1374654
0.01399267
0.1237736
-0.005141373
0.1971783
0.006326978
0.2701813
0.1346052
0.1279944
0.01975461
0.1796344
0.2039456
0.1241381
0.04581113
0.09825963
-0.02172784
0.1140372
0.1794913
0.1230491
0.07628464
0.1452359
0.2462566
0.1706427
0.02614268
0.1350849
0.1469259
0.2263193
0.1387826
0.3448321
0.1079846
0.1541618
0.0456327
0.1895824
0.1740255
0.1496124
0.1565654
0.1887148
0.1612978
0.1485326
0.009515095
0.06658085
0.2389297
0.299707
0.1213487
0.1299724
0.303538
0.1515961
0.1731635
0.1912999
0.1365864
0.2512908
0.05875604
0.2099035
0.2507299
0.1135537
0.3401482
0.194127
0.1682664
0.1101688
0.03361106
0.3350753
0.2497557
0.1320415
0.217713
0.2163645
0.3402987
0.2468064
0.16299
0.07338671
0.1630189
0.2674201
0.2019832
0.09916766
0.1506785
0.2497241
0.1433414
0.315817
0.2087214
0.2382633
0.3900061
0.258692
0.2666954
0.1598718
0.1453642
0.2816022
0.2604315
0.1176243
0.03138187
0.3031143
0.3419915
0.246138
0.1738411
0.2307523
0.295142
0.1319216
0.196085
0.2598066
0.276675
0.2550172
0.3786708
0.2513766
0.3635946
0.1400534
0.3097172
0.3443161
0.2529845
0.4114369
0.3181216
0.2751956
0.3972408
0.3706789
0.4133092
0.3672809
0.3048219
0.3094533
0.3795569
0.3326949
0.1514881
0.3313101
0.4166782
0.3987254
0.4306168
0.3957123
0.2070848
0.3900389
0.2833216
0.2381287
0.4016769
0.4432277
0.4005626
0.291202
0.4086765
0.294125
0.4789779
0.5753225
0.5354549
0.4071808
0.5418441
0.3414418
0.3937203
0.3251094
0.3227327
0.4271896
0.5614968
0.3077181
0.3813048
0.4709912
0.3522738
0.2303819
0.2535282
0.3321692
0.3144859
0.3272309
0.2741218
0.461586
0.40038
0.2546031
0.4008734
0.3919203
0.4989058
0.3604733
0.3860762
0.3455697
0.4533315
0.3577865
0.4401409
0.3431355
0.3848911
0.319554
0.33491
0.4932066
0.3712609
0.4440539
0.4053271
0.4378861
0.3916636
0.2490423
0.4014139
0.3186206
0.6006251
0.4722024
0.4984079
0.3746492
0.5533241
0.5376617
0.4964015
0.4470126
0.4412387
0.458268
0.3997447
0.4720237
0.4387901
0.4617007
0.3696486
0.4493914
0.4312632
0.4340626
0.3781134
0.5037839
0.4438013
0.4341526
0.5637779
0.5581841
0.6031683
0.5511407
0.5729645
0.5737793
0.5467428
0.6099529
0.6268294
0.5184575
0.5383589
0.6279366
0.5674861
0.4472015
0.5474558
0.5416973
0.5198216
0.5045285
0.4555603
0.6087552
0.4394853
0.5069172
0.4669909
0.5781602
0.5128132
0.5404438
0.4996577
0.5366802
0.4756925
0.4946659
0.5499919
0.4323217
0.4980049
0.6552153
0.6396939
0.6074615
0.5555082
0.6689861
0.4288333
0.5729414
0.5968403
0.5279806
0.6137216
0.5365937
0.5366435
0.4266764
0.7380339
0.6104959
0.5789649
0.4734546
0.51147
0.5974718
0.5613476
0.5837594
0.6505211
0.5554575
0.5689998
0.4610718
0.654592
0.5464758
0.4436792
0.4820307
0.5650293
0.6405417
0.6103768
0.6190693
0.7089004
0.744076
0.6525723
0.7425138
0.5525984
0.5602343
0.6687615
0.5733711
0.6465537
0.6431088
0.709263
0.4294057
0.6811364
0.6885909
0.8369638
0.7132685
0.6797144
0.6821334
0.749889
0.8302527
0.678158
0.6190235
0.6859339
0.675639
0.7606515
0.6712783
0.6108689
0.7567497
0.705548
0.6666419
0.6359386
0.6887807
0.7059271
0.6220618
0.7821312
0.6092594
0.6628576
0.5893897
0.6200035
0.7873179
0.7318287
0.7245512
0.7685497
0.7974163
0.7935856
0.6975103
0.686146
0.7664562
0.6023425
0.8892244
0.6820185
0.7692632
0.7967482
0.6637631
0.6971061
0.6584317
0.78013
0.6853387
0.6179703
0.6212083
0.7713868
0.6831677
0.8377594
0.8416714
0.7010702
0.6807765
0.8128149
0.804723
0.5794172
0.7824117
0.6833399
0.690698
0.7634973
0.7166349
0.7112553
0.7079544
0.7709495
0.7898449
0.6872753
0.8381061
0.8880623
0.9386117
0.8611108
0.732523
0.8060061
0.6722265
0.7233628
0.7540619
0.7262803
0.9055322
0.7931008
0.8706937
0.6614885
0.8356155
0.8057139
0.8163938
0.7619225
0.8668465
0.7186534
0.8224478
0.7194576
0.8167225
0.8098344
0.7990442
0.7636426
0.7887987
0.8997213
0.8260175
0.968238
0.8545829
0.8992963
0.8444727
0.8326416
0.7541216
0.9780068
0.9119108
0.8704835
0.8331447
1.047409
0.8195683
0.9442647
0.9654024
0.8849553
0.8487206
0.8951529
0.7844089
0.8560341
0.7124363
0.9185308
0.9879525
0.7970131
0.9491678
0.7459351
0.8845142
0.9733949
0.8440508
0.9334125
0.8275532
0.8687157
0.7525162
0.885735
0.9750565
0.9792996
0.9690523
0.9219728
0.7750405
1.09803
0.9753815
0.8767764
0.9358872
0.8592286
0.9396855
0.933431
0.9771622
0.95582
1.029763
0.9055738
0.9103141
0.7964733
0.9085211
1.021547
0.9262336
1.045083
0.9592971
1.067352
0.8518895
0.8691859
0.9633423
0.9206724
0.9522136
0.7383692
0.8967455
1.039145
0.9243198
0.8227955
1.02794
0.9444197
1.022751
0.9191566
1.008602
1.158269
0.9720101
1.112208
0.9894172
0.9610292
1.022674
0.9243127
1.051975
1.094505
0.8688026