-0.006793372
-0.9688643
-0.9335111
-0.9740993
-1.069753
-0.933895
-0.8730198
-0.9519327
-0.8878815
-0.99949
-1.102442
-1.074235
-1.090392
-0.9272909
-0.9118174
-1.010677
-0.9923008
-0.9667773
-1.016155
-0.9443349
-1.092025
-1.08587
-0.9693427
-1.093331
-0.9437414
-0.7758758
-0.9458695
-1.10187
-0.9175112
-0.9774744
-1.048246
-0.9116625
-0.838924
-0.9536552
-0.9660965
-1.063325
-0.9888403
-1.090362
-0.8692929
-0.8955214
-0.7508689
-0.8537084
-0.9528867
-0.9574886
-1.019529
-0.893119
-0.9804029
-0.9750109
-1.031359
-0.8765925
-0.908293
-0.8123014
-0.9066698
-0.8967422
-0.9163687
-0.9507606
-1.025036
-0.9645664
-0.8140752
-0.8576212
-0.8391131
-0.9073333
-0.9845129
-0.8467346
-0.7647328
-0.8720832
-0.8650209
-0.952016
-0.9283457
-0.8759695
-0.7900973
-0.8099668
-0.7994972
-0.8832857
-0.7324283
-0.8219201
-0.8790501
-0.8605605
-0.8015264
-0.9042608
-0.8753563
-0.748791
-0.746991
-0.7650299
-0.7232782
-0.952154
-0.8027705
-0.8397555
-0.8944865
-0.6844026
-0.714579
-0.950898
-0.791297
-0.8408319
-0.911491
-0.6990139
-0.6878555
-0.9222409
-0.7241437
-0.7727078
-0.7435375
-0.9239362
-0.772203
-0.8553113
-0.7627059
-0.8374772
-0.8526559
-0.8991246
-0.9134029
-0.7411149
-0.7893573
-0.7437916
-0.7145833
-0.8487532
-0.6837553
-0.9128046
-0.5577189
-0.9642106
-0.8815773
-0.772691
-0.7169411
-0.8272171
-0.7058907
-0.8712039
-0.7991216
-0.9011579
-0.7832088
-0.6994235
-0.7679369
-0.8946049
-0.8474068
-0.6455049
-0.6325991
-0.8328767
-0.6167551
-0.8876178
-0.7845626
-0.7963904
-0.6006275
-0.7077975
-0.7047022
-0.8859588
-0.716716
-0.5488914
-0.7330059
-0.7091469
-0.7498287
-0.7587246
-0.633797
-0.5668456
-0.7140427
-0.7560473
-0.6741463
-0.6960392
-0.647068
-0.6169663
-0.6709689
-0.8232011
-0.6455096
-0.6496203
-0.7516805
-0.5962483
-0.7632213
-0.58142
-0.6669534
-0.6551241
-0.6237094
-0.7568187
-0.6184144
-0.6639914
-0.6638641
-0.5259485
-0.4727157
-0.6083475
-0.7822561
-0.5096917
-0.6766731
-0.7024013
-0.5673378
-0.8076958
-0.7651479
-0.6001143
-0.7123145
-0.6447138
-0.7402802
-0.6843204
-0.5863323
-0.7903241
-0.6147029
-0.6716819
-0.7275556
-0.5574545
-0.4842842
-0.5422897
-0.6047125
-0.6821619
-0.6244921
-0.6692594
-0.7206588
-0.5772824
-0.6188885
-0.5905395
-0.5393096
-0.5105415
-0.6285627
-0.5406114
-0.6225467
-0.5139617
-0.6314759
-0.4823517
-0.5746097
-0.6790627
-0.6271637
-0.5290692
-0.6438209
-0.5597489
-0.6120321
-0.4486059
-0.4605113
-0.7206803
-0.6563467
-0.6391748
-0.6075848
-0.6028957
-0.5295708
-0.4309067
-0.4397714
-0.7108027
-0.6838717
-0.5327087
-0.592641
-0.4912626
-0.3914182
-0.6093778
-0.5593046
-0.3928143
-0.4880349
-0.4007844
-0.4871318
-0.3945266
-0.6449562
-0.490685
-0.5744655
-0.4208753
-0.4459886
-0.4997791
-0.3694032
-0.5088103
-0.600736
-0.5420554
-0.5034838
-0.4050052
-0.4947408
-0.3818657
-0.6722605
-0.5449964
-0.5462307
-0.4150374
-0.3540052
-0.508377
-0.455503
-0.4929224
-0.3632534
-0.4709798
-0.3114252
-0.5246317
-0.4363886
-0.5116936
-0.5930508
-0.4014373
-0.4397722
-0.4970617
-0.5005714
-0.5062694
-0.3455692
-0.3538793
-0.4427255
-0.4948479
-0.3744556
-0.5558656
-0.3839785
-0.4888162
-0.3797357
-0.4024074
-0.4823607
-0.4387456
-0.4852523
-0.5125701
-0.3476469
-0.2768174
-0.3885345
-0.343121
-0.5449395
-0.3037361
-0.4215716
-0.6317129
-0.339107
-0.4862034
-0.4080297
-0.3293641
-0.4779298
-0.2886105
-0.2867715
-0.3661849
-0.4202243
-0.287378
-0.338284
-0.5808224
-0.1970285
-0.3250113
-0.2625079
-0.3016545
-0.3951107
-0.4518093
-0.320471
-0.3288859
-0.3419571
-0.3032971
-0.431864
-0.317862
-0.3705681
-0.3312168
-0.3675422
-0.4777008
-0.3181835
-0.2702063
-0.3246956
-0.4379776
-0.3840581
-0.3584748
-0.5123449
-0.4048281
-0.301781
-0.3717073
-0.3026615
-0.3273696
-0.2718802
-0.3503941
-0.3211939
-0.4143887
-0.3646086
-0.2833048
-0.2127152
-0.340079
-0.378152
-0.3176149
-0.3997651
-0.2849158
-0.2578189
-0.4271162
-0.377561
-0.2894575
-0.2703208
-0.2036048
-0.4845037
-0.05964909
-0.06591806
-0.2083372
-0.2100994
-0.2913574
-0.312715
-0.263398
-0.3186632
-0.4133149
-0.2277058
-0.2505481
-0.3080381
-0.3781813
-0.167596
-0.2842121
-0.2342696
-0.2421569
-0.3249113
-0.2541273
-0.3687358
-0.2704894
-0.3814589
-0.404847
-0.2130345
-0.2489353
-0.08324258
-0.3291448
-0.3105052
-0.3403779
-0.3457837
-0.186638
-0.30937
-0.3683323
-0.2439947
-0.2197138
-0.190658
-0.2882188
-0.2537846
-0.2635121
-0.4226376
-0.2483939
-0.2157451
-0.2183232
-0.1521788
-0.3733808
-0.2093415
-0.1077005
-0.1429974
-0.1769178
-0.1399881
-0.1890553
-0.1818145
-0.2172421
-0.1247921
-0.303769
-0.1573366
-0.1486971
-0.182576
-0.114176
-0.06966806
-0.08233051
-0.3236507
-0.3826056
-0.1737143
-0.2456907
0.02683337
-0.2031478
-0.193207
-0.1296375
-0.2018113
-0.05706434
-0.1919867
-0.148969
-0.1526541
-0.07362776
-0.08953081
-0.112313
-0.01641616
-0.07126405
-0.1278246
-0.09264185
-0.247948
-0.3546918
-0.1411112
-0.2338853
0.05387161
-0.05548051
-0.2391499
-0.1160086
-0.1433777
-0.1745112
-0.250719
-0.1391451
-0.03504034
0.003038997
-0.1583081
-0.125696
-0.09598703
-0.1630861
-0.1790048
-0.05567345
-0.1601308
-0.04241805
-0.09327706
-0.09420553
-0.1727833
-0.01749052
-0.002275868
0.006426921
0.002346011
-0.1133756
-0.04950622
0.01967701
-0.01452183
-0.1625957
-0.09442685
0.04156799
-0.09979456
-0.04023369
-0.08672885
-0.1011354
-0.04983492
0.0002825674
-0.07737785
-0.03577472
-0.1041349
-0.1098659
0.03782191
0.1088547
0.01228395
0.004433648
-0.1061989
-0.09623215
0.04693906
-0.05093521
-0.07780216
0.01875201
-0.1694447
0.1762067
-0.05170011
-0.02524954
-0.01089749
-0.02258735
0.1126665
-0.1261524
-0.04584943
0.07614796
-0.04133049
0.07335523
-0.0361457
0.01645973
-0.02666151
-0.1282244
0.04978986
0.01728008
0.0927666
-0.07820485
-0.03864719
0.08382967
-0.004263509
0.07239994
0.03819284
0.04993987
0.01889767
-0.08499899
-0.03288155
0.1766925
0.01620146
-0.01351547
0.2574823
0.03358046
0.004442186
0.01524122
0.1333097
0.0003864126
0.1700263
0.1131284
0.07747594
0.1675751
0.06481541
-0.03763712
0.004161069
0.2043
0.1309646
0.08620656
0.1009544
-0.020434
0.0561454
0.048817
0.1170953
0.08103741
0.09702363
0.1166632
0.2626599
0.08991773
0.1209939
0.08088838
0.0132172
0.1821989
0.05363555
0.1527584
0.2263758
0.1931832
0.04692759
0.07507679
0.1563143
0.1332836
0.127068
0.2071188
0.01884809
-0.05044039
0.1575663
0.1119044
0.1713574
0.1505836
0.2217028
0.1695916
0.2042747
0.07846823
0.09549628
0.1883224
0.09593255
0.1800472
0.2429189
0.2234428
0.1497284
0.1815019
0.2051244
0.3025937
0.08745408
-0.02669599
0.1339825
0.09331911
0.1940787
0.2919196
0.3226635
0.2655206
0.04584218
0.2053265
0.2345031
0.266804
0.25185
0.1399334
0.2610143
0.07479574
0.1976594
0.1933451
0.3134442
0.1695504
0.1170523
0.1942625
0.262841
0.2106607
0.2896546
0.2046087
0.2800625
0.298673
0.1739263
0.2571248
0.1788046
0.237654
0.3071856
0.1704174
0.2601824
0.09080186
0.2267927
0.1900709
0.1719039
0.2447768
0.2144461
0.3151377
0.3013605
0.2041894
0.1252647
0.2566987
0.3019762
0.05835049
0.11999
0.4409681
0.2922457
0.08790348
0.1911198
0.4092427
0.2836605
0.267561
0.3361839
0.306142
0.3147306
0.283578
0.3018981
0.238918
0.2835153
0.2465227
0.305525
0.3368058
0.3523947
0.3314534
0.3125768
0.3858271
0.3386177
0.3316939
0.2485642
0.2586856
0.3026413
0.2486964
0.3312299
0.3130051
0.3238949
0.1768053
0.370962
0.4136812
0.2663389
0.2814481
0.38643
0.2710792
0.4632196
0.3056745
0.1984643
0.3464453
0.4547432
0.4367484
0.3220714
0.2140897
0.36743
0.2168045
0.3811974
0.2513423
0.3246542
0.3118389
0.3505529
0.4647878
0.4879265
0.371692
0.5278982
0.4495456
0.4168789
0.4046686
0.3293611
0.5548331
0.2525714
0.3954545
0.2540253
0.269034
0.3556718
0.3856954
0.4201494
0.3309627
0.4741786
0.3949401
0.4146639
0.294718
0.4611817
0.3838509
0.4523565
0.3703079
0.6285726
0.4051393
0.5472002
0.3662776
0.3622907
0.3897193
0.3943668
0.505909
0.4096494
0.281721
0.3597221
0.4676156
0.5267055
0.4628807
0.610302
0.3936303
0.3190988
0.4686479
0.439734
0.4766538
0.4980547
0.5201582
0.3936707
0.4869746
0.5940748
0.3931548
0.5054169
0.5518246
0.4582187
0.3875673
0.4149517
0.5705222
0.3445855
0.551216
0.5046473
0.5660089
0.4927867
0.5644519
0.3623635
0.4343585
0.4260681
0.5882824
0.5853698
0.390165
0.5517395
0.424766
0.6399129
0.621309
0.475907
0.5533117
0.4354819
0.5977879
0.5485394
0.5210154
0.4432044
0.4813364
0.4661017
0.5475604
0.5111427
0.5449051
0.5333108
0.5922847
0.6210802
0.4916773
0.6494395
0.7048135
0.524807
0.5519249
0.4198298
0.6571956
0.5340116
0.582179
0.4487494
0.4823168
0.6961952
0.5050784
0.5101843
0.5977156
0.6336975
0.5406719
0.5468526
0.4740744
0.4206133
0.6063064
0.5667146
0.490216
0.6639649
0.5965647
0.6256843
0.6098386
0.525822
0.5738921
0.5653625
0.6624773
0.7219931
0.5746132
0.6973445
0.640927
0.5665993
0.5135682
0.6634023
0.740982
0.6004016
0.6534453
0.5743672
0.6607745
0.4323466
0.5241204
0.6955856
0.52331
0.7182124
0.6080808
0.7417455
0.7138829
0.6469112
0.6870792
0.7566776
0.6255359
0.7642668
0.5738507
0.5689613
0.6249586
0.6729212
0.5391524
0.5816503
0.8671783
0.5510978
0.6740853
0.6464612
0.8530553
0.7213353
0.647471
0.6406392
0.7602833
0.6881819
0.7098676
0.7407753
0.6521676
0.6482786
0.6349127
0.7767702
0.7902263
0.7379704
0.6006822
0.6920196
0.6513928
0.6943921
0.7450513
0.7869397
0.7721265
0.6755182
0.8027505
0.705044
0.6515792
0.7803426
0.6021049
0.8076815
0.699496
0.738144
0.7319347
0.6439713
0.7447675
0.7071176
0.6767509
0.7413419
0.756032
0.8002834
0.8256925
0.6569453
0.714654
0.6980115
0.6701858
0.8151754
0.8832524
0.8766016
0.6979976
0.8517967
0.9019248
0.7994422
0.8501096
0.7267341
0.7796249
0.8061805
0.7642601
0.8059633
0.8924818
0.8037827
0.7435971
0.9584112
0.76237
0.8129818
0.8006089
0.8288384
0.8172452
0.7724584
0.773897
0.8418579
0.8801489
0.7812977
0.7634693
0.8079417
0.8640904
0.9796864
0.862769
0.7851172
0.7309504
0.9191853
0.880275
0.8840144
0.8992821
0.858863
0.9696992
0.8866241
0.9040187
0.9233808
0.6618947
0.9371121
0.879351
0.8455943
0.7704499
0.8201146
0.8184405
0.866818
0.9950935
0.9297676
0.865257
0.8302315
0.808888
0.7795758
0.9021794
0.8398082
0.8348785
0.8270364
0.6377803
0.9242306
0.8662445
0.8374548
0.8643263
1.049989
0.890125
0.8886588
0.8369556
1.064767
0.8978731
0.8957248
1.045757
1.118651
0.8174826
1.03247
0.8967085
1.044792
1.065116
0.9087107
0.9039881
0.8487804
0.8784817
0.9295244
0.7910491
0.924054
0.9857799
1.045423
0.9493092
1.047958
0.9492218
0.8637843
0.8385894
0.793255
0.971942
0.9262423
0.8422538
1.026323
0.8417388
0.9801027
0.9633508
0.9097335
1.037893
1.09055
0.9624647
0.9862665
1.077071
0.9171254
0.9581502
1.003566
1.014219
1.02512
1.048133
0.7916646
1.038
0.9253927
1.022039
1.026266