-0.03332524
-0.9441906
-0.9499826
-0.9730848
-1.068019
-0.917403
-0.8716356
-0.9364256
-0.8706004
-0.9873242
-1.099554
-1.082787
-1.07629
-0.9298023
-0.890262
-1.019232
-0.9680713
-0.9476698
-1.030432
-0.9380173
-1.110473
-1.111838
-0.9725476
-1.095819
-0.9524231
-0.778546
-0.9546576
-1.113423
-0.9040519
-0.9667028
-1.033391
-0.9043315
-0.8543507
-0.978842
-0.9690125
-1.053953
-0.9897996
-1.075807
-0.8541421
-0.9026223
-0.7616651
-0.8459693
-0.9488354
-0.9546558
-1.027884
-0.8927047
-1.000651
-0.9694571
-1.032596
-0.8805018
-0.9135254
-0.8253826
-0.921379
-0.8942065
-0.9415368
-0.9614624
-1.018931
-0.9415788
-0.8119714
-0.8721133
-0.8382412
-0.9086097
-0.9772813
-0.8382071
-0.7896569
-0.8931141
-0.8591096
-0.9508669
-0.9349937
-0.8820827
-0.7844576
-0.7912154
-0.8021138
-0.9012834
-0.7248724
-0.805529
-0.8875963
-0.8377002
-0.7959342
-0.9013302
-0.8838453
-0.740712
-0.7629487
-0.7808946
-0.7150189
-0.9766186
-0.799829
-0.8257192
-0.8829791
-0.6740926
-0.6913764
-0.958884
-0.8056414
-0.8607589
-0.9023967
-0.6948814
-0.7009018
-0.9063537
-0.7222811
-0.7709686
-0.7464671
-0.922412
-0.7646869
-0.8490481
-0.7472414
-0.8591308
-0.8421039
-0.8809419
-0.886031
-0.7684552
-0.7789555
-0.7380046
-0.7211321
-0.8644032
-0.6920428
-0.9000764
-0.5556195
-0.9621487
-0.8961398
-0.7541756
-0.6957015
-0.823361
-0.7108826
-0.8845006
-0.7809384
-0.8950222
-0.7890407
-0.7283838
-0.7509992
-0.9005941
-0.8388821
-0.6306105
-0.6437174
-0.8355551
-0.633358
-0.8484049
-0.78626
-0.8083354
-0.6274218
-0.7053439
-0.7012285
-0.8814582
-0.7168542
-0.5389676
-0.7395256
-0.7034844
-0.7663657
-0.7572881
-0.6182989
-0.5758583
-0.7243539
-0.7537517
-0.6677933
-0.6999812
-0.6511421
-0.6202289
-0.6840447
-0.8276697
-0.6157374
-0.6503745
-0.7464949
-0.5862229
-0.7421848
-0.5865744
-0.6786579
-0.6558583
-0.6082024
-0.7478466
-0.6084033
-0.6570587
-0.6455215
-0.5166888
-0.4811799
-0.5979398
-0.7928232
-0.5210711
-0.675601
-0.6977486
-0.5505365
-0.7930851
-0.7653046
-0.6079609
-0.7121453
-0.6297601
-0.7666931
-0.7156813
-0.5831199
-0.7942534
-0.6174459
-0.6374878
-0.700211
-0.5548045
-0.4950096
-0.5358326
-0.5904858
-0.6966695
-0.6480499
-0.6664169
-0.7211969
-0.6049354
-0.6086447
-0.591054
-0.5213273
-0.5318766
-0.611409
-0.5285028
-0.6277917
-0.5224427
-0.6493375
-0.4588806
-0.5571151
-0.6750415
-0.6087196
-0.5306072
-0.6591834
-0.5396366
-0.5991166
-0.4349966
-0.4746218
-0.729985
-0.6491436
-0.6526514
-0.6100265
-0.5974556
-0.5497171
-0.4366734
-0.4500023
-0.6939478
-0.6955299
-0.5404226
-0.5876335
-0.500525
-0.3563409
-0.6053302
-0.5593094
-0.3863445
-0.487379
-0.4039446
-0.4704729
-0.4025901
-0.6534302
-0.5002845
-0.5674266
-0.4091438
-0.4538944
-0.4859092
-0.3848436
-0.542599
-0.6186622
-0.540531
-0.525732
-0.4008189
-0.4918945
-0.3794884
-0.6816216
-0.5438219
-0.5605367
-0.3976525
-0.363987
-0.4946271
-0.4610504
-0.4966552
-0.3674128
-0.4926363
-0.3093117
-0.5008641
-0.4455543
-0.500892
-0.5809935
-0.4488666
-0.4543975
-0.5002275
-0.5147861
-0.5040101
-0.3740124
-0.3523044
-0.4558161
-0.4665476
-0.3817127
-0.5485909
-0.400498
-0.4949666
-0.3762229
-0.4130361
-0.5003458
-0.4504357
-0.4815455
-0.5076422
-0.3625028
-0.2881349
-0.4194472
-0.343319
-0.5347801
-0.2995382
-0.4119662
-0.6252549
-0.3203265
-0.4971603
-0.437279
-0.3110325
-0.4861868
-0.2722552
-0.2937605
-0.3661899
-0.4042089
-0.2669435
-0.3365196
-0.5745788
-0.1929926
-0.3347423
-0.2572813
-0.3184132
-0.4125395
-0.4469758
-0.3130465
-0.3403151
-0.3490918
-0.2703462
-0.4304627
-0.3083187
-0.3573567
-0.3300152
-0.3688787
-0.4595795
-0.3175382
-0.2942278
-0.3251772
-0.4348529
-0.3843721
-0.3570558
-0.5056895
-0.4118156
-0.2886196
-0.3584509
-0.2973705
-0.3292261
-0.2991054
-0.351784
-0.3063809
-0.4077126
-0.337012
-0.2786398
-0.2056025
-0.3409071
-0.373639
-0.324991
-0.4005947
-0.2886745
-0.2683366
-0.397376
-0.3723135
-0.3056972
-0.2567853
-0.2097448
-0.4844352
-0.06919073
-0.06998613
-0.2306629
-0.198121
-0.3231985
-0.3018966
-0.2530059
-0.3100867
-0.392127
-0.2345863
-0.2392608
-0.3223869
-0.3740113
-0.1786678
-0.2789819
-0.2300516
-0.25646
-0.3162833
-0.2449943
-0.3534945
-0.261497
-0.3880921
-0.3969513
-0.2152041
-0.2561347
-0.09016519
-0.340059
-0.2974955
-0.342139
-0.3186273
-0.1917875
-0.3050846
-0.3659399
-0.240776
-0.2231598
-0.174152
-0.2933737
-0.2581463
-0.2863232
-0.4155455
-0.2307582
-0.2088407
-0.2194363
-0.1410771
-0.3528342
-0.186104
-0.09865166
-0.1532003
-0.1743478
-0.1556645
-0.201112
-0.2030482
-0.2252976
-0.1025749
-0.3223146
-0.1716506
-0.1671981
-0.1635299
-0.1080417
-0.07530516
-0.09491874
-0.3098374
-0.3774896
-0.1991398
-0.2197608
0.02632788
-0.1879973
-0.1858139
-0.1199963
-0.2169425
-0.07836996
-0.2001296
-0.1699299
-0.1484528
-0.05127434
-0.08852264
-0.1238073
-0.04880016
-0.05513453
-0.1248161
-0.0928364
-0.240086
-0.3662909
-0.1356092
-0.2354312
0.04911625
-0.07876546
-0.2220892
-0.1129079
-0.1337019
-0.165179
-0.23948
-0.1811293
-0.04130363
0.01076415
-0.1598643
-0.1362266
-0.08091732
-0.1416883
-0.1915132
-0.04792917
-0.1572838
-0.02748265
-0.09636392
-0.1046994
-0.1784753
-0.0206642
-0.003490532
0.02124512
-0.02143815
-0.1077703
-0.05565316
0.002899855
-0.005534086
-0.1600245
-0.07061127
0.04794582
-0.09889559
-0.05276381
-0.06758731
-0.1114092
-0.03882967
0.007306551
-0.07774265
-0.01158809
-0.1031253
-0.09615553
0.03104774
0.1040428
0.02612825
-0.004183938
-0.09892764
-0.1413333
0.04148443
-0.06652407
-0.05662956
-0.008283198
-0.1730391
0.1580858
-0.05093222
-0.03793679
0.006287681
-0.006082294
0.08850418
-0.1250282
-0.04634047
0.0601097
-0.0222487
0.06978832
-0.03816307
0.02827623
-0.0247347
-0.1414517
0.02333483
0.0292664
0.08691535
-0.06110894
-0.0411278
0.06550888
0.01136334
0.05084923
0.03943818
0.04281655
0.03039643
-0.1056466
-0.0125957
0.1640512
-0.0002889853
-0.01011285
0.255531
0.04606908
0.02072987
0.00662782
0.113698
-0.04696886
0.130161
0.1056724
0.08400449
0.1660834
0.05419218
-0.02703992
0.01696359
0.1926808
0.1508508
0.09726495
0.1051293
-0.01394268
0.05080665
0.07621685
0.1246725
0.09376465
0.08388132
0.1389566
0.2696041
0.1019432
0.1226637
0.08850789
0.01318321
0.179368
0.06772028
0.1480788
0.2107934
0.1961912
0.06484094
0.06640225
0.1403135
0.1554615
0.09050887
0.2077713
0.04043175
-0.04493855
0.1467919
0.1182559
0.1689298
0.1611813
0.2017782
0.1674492
0.2191193
0.08034832
0.08820048
0.1892571
0.1092974
0.169562
0.24583
0.2336529
0.1412283
0.1895039
0.2017508
0.3038094
0.07342606
-0.02505728
0.1408406
0.09397593
0.2004194
0.2996022
0.3219095
0.2672196
0.05024672
0.2123496
0.2383775
0.2907276
0.2250934
0.125781
0.2428637
0.07123326
0.1986394
0.1972134
0.2971032
0.173108
0.1053868
0.1869534
0.2837067
0.210712
0.311481
0.1953277
0.2814324
0.2761279
0.1886587
0.2368022
0.1816041
0.2356777
0.31827
0.1776913
0.2890119
0.08904667
0.2241577
0.1777313
0.1665157
0.2331232
0.1921719
0.2898946
0.299151
0.2114737
0.158162
0.2897004
0.3230586
0.05125646
0.1055658
0.4327328
0.2907656
0.05420515
0.208105
0.3922699
0.298435
0.2548912
0.3436472
0.306802
0.3208326
0.2897951
0.2866803
0.2460025
0.279709
0.2597077
0.3434303
0.3373267
0.3653735
0.3311894
0.3136201
0.389867
0.3529237
0.3258625
0.2688147
0.2738881
0.304452
0.2508509
0.3217718
0.3055137
0.3445512
0.1815766
0.3675654
0.4110375
0.265823
0.2818532
0.3834386
0.2606892
0.4375886
0.3510152
0.1982279
0.3308567
0.4468912
0.4292907
0.3397746
0.2194057
0.4047784
0.2382268
0.3840924
0.2464914
0.3317629
0.3083005
0.3497098
0.4516573
0.4886418
0.3852601
0.5434032
0.4579987
0.4347509
0.41199
0.3202578
0.5654182
0.2214133
0.4013583
0.2486818
0.2745968
0.329555
0.398052
0.415188
0.3477977
0.4781574
0.375631
0.4092626
0.2796951
0.4590675
0.358305
0.4358253
0.3691507
0.6270374
0.4225345
0.5477471
0.3652882
0.3363224
0.389811
0.393021
0.4892629
0.4200147
0.2826989
0.344748
0.4658288
0.5321636
0.4508794
0.6189737
0.3906697
0.2899763
0.4642659
0.4246641
0.461672
0.526528
0.5024606
0.4128759
0.5135078
0.6099557
0.3820452
0.508474
0.5482732
0.4433365
0.4038613
0.4202187
0.5670236
0.3404411
0.5480888
0.5109382
0.5737216
0.5049511
0.5440038
0.3675117
0.4295612
0.4298767
0.6083066
0.5668773
0.4039462
0.5348955
0.4248876
0.6358989
0.6369802
0.4848605
0.5462644
0.4377368
0.5894835
0.5368987
0.5185394
0.4347307
0.5149466
0.4792009
0.5692321
0.5202108
0.5594637
0.5635058
0.5701248
0.6210946
0.4531323
0.670082
0.6996738
0.5270009
0.5912996
0.4283129
0.6157266
0.5339784
0.5687869
0.4733624
0.4666048
0.6819592
0.5264373
0.518822
0.5884812
0.6388301
0.5310609
0.5561858
0.4409218
0.4328337
0.59711
0.5653417
0.5053915
0.6757818
0.6168129
0.6251248
0.600502
0.5303329
0.5906742
0.5604728
0.6391922
0.7178313
0.5784413
0.7190028
0.6604716
0.5496294
0.5181116
0.643505
0.7366159
0.595951
0.6299364
0.5920396
0.6704477
0.4076706
0.5199477
0.6891159
0.4972396
0.7145417
0.5966407
0.7544432
0.7439027
0.6343244
0.709147
0.7473431
0.6151948
0.7517758
0.5868188
0.5590907
0.5993573
0.695493
0.5453925
0.5849648
0.8552582
0.5529994
0.6551632
0.6700261
0.8598682
0.7038939
0.6258702
0.6372914
0.7590202
0.6917645
0.7104974
0.7218184
0.6372697
0.660039
0.6460563
0.7985852
0.7742103
0.7325705
0.6179537
0.6940641
0.6608707
0.6768573
0.7308438
0.8098331
0.7691774
0.6820519
0.7823166
0.7025805
0.6306052
0.7796996
0.5984186
0.8201807
0.704434
0.7203243
0.7441912
0.6630093
0.7418699
0.7054445
0.6798206
0.7340535
0.7582297
0.7785933
0.842373
0.6686358
0.6906196
0.6938323
0.6781951
0.8049073
0.8854224
0.8768372
0.6927
0.843419
0.9189324
0.7854244
0.8366362
0.7205099
0.7577737
0.8013748
0.7676746
0.825044
0.9129036
0.7858208
0.7548273
0.9601356
0.7633085
0.8079963
0.7988779
0.8367272
0.8240445
0.7534419
0.760534
0.8111933
0.8807153
0.7581449
0.7492656
0.8083613
0.8708476
0.97691
0.8841546
0.7725581
0.7302749
0.9244173
0.8888206
0.8747596
0.8969525
0.856893
0.9486377
0.8981969
0.8936788
0.9416175
0.6796665
0.9781653
0.8810443
0.8740214
0.7872967
0.8020317
0.8253979
0.8758826
0.9987508
0.9527753
0.8709405
0.8491569
0.7853893
0.7875323
0.9376776
0.8374025
0.8180673
0.8664525
0.6363006
0.9140469
0.83337
0.8453886
0.887483
1.038524
0.8649999
0.8969886
0.8334666
1.084054
0.8947616
0.9040036
1.036332
1.102083
0.8163052
1.00995
0.9050743
1.065759
1.083844
0.908095
0.8867001
0.8514106
0.8899967
0.9222781
0.8256291
0.9041508
0.9960853
1.049036
0.9364072
1.032811
0.9404978
0.8481508
0.8614188
0.799694
0.9363629
0.9075827
0.8330906
1.02939
0.8344699
1.002237
0.9612681
0.9016414
1.024765
1.105774
0.96603
0.9724003
1.062224
0.9164772
0.9849536
1.025146
1.02213
1.030101
1.040812
0.7878521
1.040197
0.9144805
1.019424
0.9930463