-0.03598575
-1.046102
-0.9742154
-1.021704
-0.9490024
-0.954042
-1.072038
-1.092702
-0.9412692
-0.9848345
-1.019014
-1.041029
-1.011361
-0.8687054
-0.9195412
-1.062645
-0.8834795
-0.9243459
-0.9032786
-0.9192018
-0.9435935
-0.9854653
-0.9764605
-1.10717
-0.9173432
-1.088205
-0.9537395
-0.9957443
-0.9436857
-0.9318402
-0.9729181
-0.9832929
-0.97363
-0.9935562
-0.9591967
-0.871763
-0.8955977
-1.152535
-0.9341645
-0.9576213
-1.009496
-0.9230139
-0.8526801
-0.7867025
-0.9579048
-0.9655973
-0.8819087
-0.9190067
-1.026316
-0.8551965
-0.9388531
-0.7983793
-0.9313045
-0.9898901
-0.8531458
-1.062981
-0.9086504
-0.8420066
-0.9043922
-1.015558
-1.053482
-0.9163062
-1.027534
-0.7849457
-0.9324987
-0.8143496
-0.7189491
-0.8400756
-0.7504374
-0.8885039
-0.8783562
-0.9023291
-1.019935
-0.9772238
-0.6917627
-0.9208644
-0.8583544
-0.7163731
-0.8539214
-0.8314536
-0.6889783
-0.9629201
-0.9351154
-0.8462966
-0.8790951
-1.009741
-0.7106487
-0.8546594
-0.879395
-0.9767698
-0.7654203
-0.7200315
-0.8667678
-0.7065667
-0.6098649
-0.8380189
-0.7453822
-0.8181119
-0.7558057
-0.8588989
-0.7146803
-0.9621585
-0.6655069
-0.811468
-0.8475454
-0.7836312
-0.7337097
-0.7649759
-0.8869636
-0.7326738
-0.8448287
-0.7598493
-0.7947698
-0.779145
-0.8074181
-0.7890068
-0.771927
-0.6368968
-0.758041
-0.7710676
-0.7055127
-0.8636778
-0.7688369
-0.6533391
-0.8193059
-0.6971806
-0.5856287
-0.7657505
-0.813844
-0.7253465
-0.7828052
-0.7679491
-0.8349563
-0.7279408
-0.661783
-0.7370824
-0.7983204
-0.5941987
-0.7704515
-0.6093969
-0.6620771
-0.811236
-0.6556224
-0.8424735
-0.7374215
-0.6266351
-0.7259768
-0.6167946
-0.8100764
-0.8057912
-0.6672029
-0.8321824
-0.7835752
-0.5787374
-0.6099518
-0.631293
-0.630153
-0.7467142
-0.6580396
-0.6641994
-0.8138118
-0.5943062
-0.7565767
-0.6490025
-0.6479312
-0.6411865
-0.7396351
-0.7051733
-0.5475784
-0.6626744
-0.6495919
-0.6804925
-0.6519462
-0.6084501
-0.6721986
-0.6521572
-0.6797583
-0.7677621
-0.7270728
-0.6419651
-0.7121343
-0.6204783
-0.6295122
-0.7606431
-0.6759065
-0.5496698
-0.6649804
-0.5421977
-0.583633
-0.6294399
-0.6220131
-0.4414849
-0.5562169
-0.5417088
-0.5772728
-0.6323408
-0.5298434
-0.5110078
-0.6622549
-0.6403678
-0.6780912
-0.5761428
-0.5766991
-0.5253832
-0.7188776
-0.5376624
-0.6694359
-0.633396
-0.5604961
-0.7295038
-0.5602406
-0.4607993
-0.5841183
-0.628979
-0.565505
-0.6183979
-0.5206625
-0.6006748
-0.5557352
-0.6088534
-0.5626966
-0.5305416
-0.4544382
-0.56703
-0.5904311
-0.6064921
-0.4816266
-0.3333357
-0.616302
-0.5003629
-0.6224627
-0.617172
-0.2604985
-0.5195007
-0.5837091
-0.6483577
-0.6627474
-0.4365065
-0.4208259
-0.4851186
-0.4686286
-0.4824496
-0.6399699
-0.4674862
-0.6228735
-0.5726012
-0.4523467
-0.510303
-0.51566
-0.4631862
-0.4429603
-0.492909
-0.6001639
-0.5111848
-0.4333083
-0.4737607
-0.498396
-0.521057
-0.4468607
-0.2924951
-0.6092099
-0.4991013
-0.3837487
-0.4787956
-0.5377512
-0.4471603
-0.6081444
-0.4467815
-0.4724738
-0.4293931
-0.3760825
-0.4299794
-0.4184811
-0.476422
-0.4607312
-0.3850062
-0.3675944
-0.5484543
-0.504755
-0.3813224
-0.3880735
-0.4213105
-0.3842549
-0.5335817
-0.3567984
-0.4786159
-0.3351912
-0.4942556
-0.6377938
-0.2460993
-0.3153184
-0.28107
-0.6081306
-0.3231574
-0.4896368
-0.3441251
-0.3463417
-0.3871112
-0.3253039
-0.4834112
-0.3479999
-0.5007228
-0.3623409
-0.4397082
-0.433748
-0.4911835
-0.6201367
-0.4584683
-0.3773611
-0.3970416
-0.399968
-0.485584
-0.3954454
-0.3218295
-0.500368
-0.2520735
-0.3682993
-0.2056122
-0.2644786
-0.3795217
-0.5486598
-0.3980266
-0.3506515
-0.4296271
-0.3793883
-0.3422498
-0.3960974
-0.5428053
-0.2605517
-0.3073641
-0.3640438
-0.4268192
-0.384234
-0.343422
-0.3881573
-0.2712481
-0.2927206
-0.34403
-0.2677992
-0.2622509
-0.2856521
-0.3680037
-0.3442526
-0.4094804
-0.3142391
-0.2819738
-0.2218587
-0.3398953
-0.3227437
-0.4594122
-0.3495486
-0.3692427
-0.2799928
-0.246204
-0.1890826
-0.2839671
-0.1778176
-0.3431878
-0.1915756
-0.3352067
-0.5215434
-0.3228655
-0.2638752
-0.2543389
-0.3049843
-0.2136816
-0.3364926
-0.3245859
-0.3333148
-0.3261839
-0.2767977
-0.2129024
-0.2552763
-0.3429054
-0.3613405
-0.3410232
-0.1594108
-0.3364111
-0.2308315
-0.214093
-0.2596232
-0.2746519
-0.2513763
-0.2149322
-0.1939386
-0.2949413
-0.2383412
-0.1141867
-0.2352465
-0.2560926
-0.223927
-0.04713235
-0.2168183
-0.3461916
-0.2284851
-0.3696184
-0.1286827
-0.04520558
-0.179288
-0.169281
-0.2011959
-0.1572342
-0.1223546
-0.2456055
-0.07205217
-0.1469037
-0.1936227
-0.02552614
-0.2014999
-0.2355698
-0.1042884
-0.1645731
-0.1085271
-0.1099041
-0.2336807
-0.1152112
-0.1718629
-0.2284458
-0.266419
-0.1994132
-0.1316322
-0.2322527
-0.2168409
-0.09232235
-0.1098934
-0.2186851
-0.2125247
-0.2651989
-0.2331548
-0.239381
-0.3032974
-0.1336838
-0.05973067
-0.2407517
-0.1936556
-0.07990477
-0.06430746
-0.294891
-0.1512377
-0.2119893
-0.008135375
-0.1647703
-0.142021
-0.01516286
-0.2098005
-0.1210032
-0.2264041
-0.155212
0.04498454
0.0773372
0.038921
-0.03724343
-0.174541
-0.08788188
-0.01760152
-0.1464673
-0.1306368
-0.2195789
-0.04728156
-0.005412122
-0.1453471
-0.2676653
-0.09000705
-0.02842944
-0.03932419
-0.1070137
-0.1431855
-0.129494
0.04611312
-0.0887504
0.007398819
-0.09528128
-0.1068227
0.02485929
0.005316348
-0.04207056
0.0312762
-0.130234
0.08569702
-0.1080412
-0.1134212
-0.1752532
-0.1593953
0.02262127
0.1570061
-0.1386
-0.04748133
-0.08204957
-0.005479472
0.06607037
0.03232944
0.0007839808
-0.0608323
0.09751365
0.004946168
0.01290139
-0.09182008
-0.009650858
-0.07416272
-0.01975095
0.01346396
0.164303
-0.001787938
-0.22801
0.09306408
-0.004659649
-0.07866766
-0.08045367
-0.007985652
0.1400073
-0.111828
-0.003066144
0.1868006
-0.02123445
0.07042413
0.13307
-0.1066212
0.03782616
-0.0214419
0.08102384
0.05892901
0.07296549
0.08003634
-0.04301778
-0.01193906
-0.02875122
0.1509259
0.07907983
-0.005447729
-0.02421262
0.1405014
0.04307838
-0.02470217
0.08113879
0.03649583
0.04104406
0.1352192
0.02951798
0.08160459
0.02117674
0.07354758
0.03366872
0.07498185
0.07565174
0.1929395
-0.02474839
0.2129398
0.03320122
0.1070393
0.2557176
0.1243846
0.08243182
-0.1114505
0.2181783
0.08891622
0.1067025
0.06836636
0.1476164
0.1277225
0.1989841
0.09827787
0.201969
0.1884408
0.1719406
0.1877846
0.1224247
0.2371762
0.2528509
0.1850185
0.2362655
0.04221231
0.1939262
0.1752911
0.2531646
-0.02574046
0.1170633
0.1808684
0.1498401
0.03587848
0.1053967
0.1407929
0.1306154
0.1569882
0.1026671
0.1383285
0.1903885
0.2630548
0.1976146
0.09278868
0.2642055
0.1520104
0.1782659
0.2924329
0.1170308
0.3147577
0.2135536
0.1959738
0.04396418
0.1377032
0.159987
0.09146112
0.2906636
0.06421676
0.1384093
0.2137718
0.1183455
0.2454717
0.2324608
0.2217708
0.210116
0.3285162
0.2310914
0.2379073
0.3276861
-0.1193366
0.2303333
0.0684165
0.3052585
0.272575
0.2911314
0.2795475
0.2819449
0.3639456
0.1628093
0.2948415
0.386895
0.3059309
0.1112005
0.2163311
0.2926085
0.3021338
0.1417795
0.3066843
0.2317588
0.1483363
0.1699589
0.1679183
0.3302241
0.3051903
0.3118697
0.23656
0.196867
0.2926042
0.1190357
0.2292568
0.3573448
0.2665354
0.4270366
0.2655186
0.2895309
0.4443357
0.3631401
0.3275193
0.205778
0.3633624
0.3955362
0.3843665
0.291537
0.4132001
0.3166475
0.4203427
0.452264
0.1433421
0.3383749
0.386662
0.2960776
0.1632595
0.5085508
0.1613919
0.3984189
0.251816
0.3232919
0.3310983
0.34707
0.3604314
0.3253716
0.3497544
0.3335937
0.4440702
0.3048885
0.2788698
0.2599547
0.4670016
0.4077167
0.3920282
0.3277487
0.4658886
0.2762883
0.3424457
0.3034712
0.3954056
0.414654
0.4228644
0.3689509
0.400035
0.4296938
0.332933
0.1442369
0.4359406
0.313919
0.3817105
0.3189394
0.3851102
0.5310405
0.3469539
0.4232628
0.3441434
0.4383415
0.3772444
0.2710937
0.2849499
0.3340837
0.2722325
0.31259
0.5110338
0.4114118
0.442003
0.4326081
0.3544525
0.4962865
0.4580773
0.3657203
0.4268603
0.6105552
0.3295705
0.6748134
0.4473494
0.4460195
0.5075476
0.503814
0.4760231
0.4133289
0.3839862
0.292009
0.5260103
0.3446668
0.4563166
0.4217606
0.5670959
0.3923311
0.521944
0.5986764
0.5133131
0.4567764
0.5668347
0.5593515
0.6003477
0.5201671
0.5558666
0.5757345
0.5241418
0.2947663
0.5165283
0.3587948
0.5060751
0.5220434
0.6144945
0.4526043
0.4500161
0.5800256
0.7027153
0.4489611
0.4507027
0.5544751
0.5855997
0.6444648
0.5439456
0.7491721
0.5430215
0.4808282
0.5468332
0.5222911
0.4470873
0.4469726
0.6438702
0.5227285
0.5702671
0.5163532
0.605762
0.7298037
0.6459742
0.4703357
0.5047472
0.4916948
0.6385618
0.5773473
0.5008755
0.6227148
0.7159873
0.5817738
0.4468419
0.7614498
0.6190036
0.516186
0.5531935
0.4496087
0.6385783
0.6385891
0.6188757
0.6244829
0.697829
0.6173919
0.4004768
0.6039594
0.6722012
0.7827341
0.7148157
0.6832375
0.7103858
0.7331664
0.6246419
0.6304334
0.5910598
0.6831628
0.6299709
0.6157298
0.658187
0.6845286
0.4410154
0.6480576
0.6192916
0.4965062
0.7000877
0.6702649
0.6577806
0.6062373
0.5566482
0.504813
0.7021585
0.6671604
0.8542174
0.5801837
0.6934654
0.5535855
0.5692439
0.7505074
0.6844472
0.6526021
0.6577713
0.7280412
0.6504519
0.5902324
0.5868372
0.6664123
0.6613907
0.8195233
0.5669751
0.7993188
0.6233456
0.6324481
0.5815874
0.520088
0.6368678
0.7875065
0.7671881
0.781931
0.5907679
0.7587392
0.6775184
0.6641936
0.7229107
0.6239221
0.5866649
0.8587346
0.6815827
0.756796
0.5671232
0.7661626
0.6548022
0.6795121
0.6496373
0.8367213
0.8157354
0.7239174
0.8425878
0.7969478
0.7589311
0.7790666
0.937
0.7073628
0.7407855
0.6738126
0.6856972
0.7791935
0.7495055
0.670778
0.736525
0.69369
0.7027014
0.8313867
0.8527076
0.6508967
0.9306487
0.7760787
0.7118468
0.6040699
0.7536845
0.7176052
0.7303092
0.8616276
0.7110814
0.7367089
0.922711
0.785367
0.698514
0.8956722
0.6904094
0.8998506
0.9510983
0.9351284
0.8581192
0.8964551
0.813269
0.8647177
0.9334874
0.8583904
0.9341826
0.8650439
0.8585879
0.8263745
0.802682
0.859715
0.9462855
0.948736
0.7772623
0.7791284
0.7933136
0.7914614
0.826869
0.8136438
0.7281093
0.9059731
0.8229318
0.9320788
0.9925902
0.9602432
0.9639315
0.8564559
0.8775073
0.8494656
0.8612304
0.8128252
1.006945
0.8735352
0.9158936
1.050062
0.9615859
0.8420474
0.8743335
1.037595
0.9283937
0.9973976
0.9018747
0.700822
0.9058638
0.874478
0.9464804
0.9967324
0.9783497
1.070417
1.073511
0.9513033
0.9449669
0.9623892
0.8508708
0.8714157
1.001928
0.9981817
0.8862721
0.8798638
0.9404994
0.9771544
0.8882302
1.000849
1.061826
0.9033846
1.095314
1.110989
0.8971772
0.9026652
1.037324
1.073723
0.8928798
0.8781051
0.944028
0.8383055
1.004389
1.018094
0.9372836
0.8622143
1.063774
0.8928263
0.8813956
1.119057
1.02797
1.045908
1.180293
0.8479664
0.9580509
0.9532392
0.9692911