-0.04239001
-1.107643
-0.9699209
-1.028508
-0.9230412
-0.9332791
-0.8957009
-0.922986
-0.9664707
-1.139601
-0.9494342
-0.9275421
-1.004001
-0.9915185
-0.8797588
-1.0369
-0.9950967
-0.765645
-0.9744122
-1.005886
-0.9644653
-0.7915618
-0.9093522
-1.005387
-0.872098
-0.884322
-0.998797
-0.9356405
-0.9428461
-0.9374449
-0.7736324
-0.9171272
-0.823378
-1.027966
-0.9548229
-0.8830627
-0.9886153
-0.9018769
-0.985585
-0.8764945
-0.8419155
-0.9562296
-0.9252174
-1.074486
-0.9710833
-0.9986719
-0.9761658
-1.067301
-0.9280302
-0.8904917
-0.9180201
-0.9521229
-0.9992764
-0.9098076
-0.8903828
-0.995323
-0.8446925
-0.8018255
-0.8982452
-0.9363125
-0.8693696
-0.8972633
-1.054466
-1.005898
-0.8249472
-0.8957363
-0.810038
-0.8967777
-0.7131619
-0.9276807
-0.9156324
-0.9770554
-0.9396824
-0.9501166
-0.9789633
-0.8194088
-0.9157715
-0.89453
-0.7228634
-0.8292444
-0.7715725
-0.8981927
-0.8133639
-0.9361447
-0.9458096
-1.001651
-0.8322432
-0.7465638
-0.8069081
-0.7812899
-0.8912641
-0.9481934
-0.7154702
-0.9117193
-0.7711805
-0.8999964
-0.7729149
-0.7580571
-0.9448048
-0.7486363
-0.8315745
-0.7553271
-0.8050949
-0.7937921
-0.7299951
-0.760177
-0.8442879
-0.572784
-0.7513318
-0.8141479
-0.8908847
-0.8146147
-0.8491086
-0.80495
-0.5473604
-0.8084899
-0.7874299
-0.7472104
-0.7740238
-0.658511
-0.8702735
-0.6892605
-0.9100717
-0.6756038
-0.701692
-0.811914
-0.7846664
-0.8102686
-0.7678261
-0.8658124
-0.8271539
-0.7600032
-0.8332772
-0.6342901
-0.6937334
-0.8284355
-0.7935745
-0.6776402
-0.7455178
-0.8128386
-0.7088722
-0.7578642
-0.7425937
-0.4932736
-0.8010672
-0.6670871
-0.7441932
-0.4603085
-0.6310048
-0.6596682
-0.7057698
-0.6217798
-0.6426325
-0.6448319
-0.7041248
-0.754408
-0.6533152
-0.7125255
-0.5740698
-0.7975776
-0.7036991
-0.6327318
-0.5979465
-0.6043827
-0.6237082
-0.7065181
-0.7299834
-0.6847876
-0.6984558
-0.6233853
-0.5827601
-0.6722983
-0.6082705
-0.4982241
-0.7473605
-0.5612403
-0.7831028
-0.6135009
-0.77759
-0.5983111
-0.5531266
-0.5924103
-0.6510135
-0.5843041
-0.5896374
-0.6175582
-0.734607
-0.6730839
-0.5666277
-0.5432384
-0.7598588
-0.6304908
-0.7453237
-0.5829693
-0.6119986
-0.6291806
-0.5641848
-0.6310344
-0.642668
-0.4616368
-0.553196
-0.7539497
-0.6163942
-0.6354607
-0.6418659
-0.6560758
-0.5714708
-0.4104919
-0.5979302
-0.421623
-0.5095275
-0.5688754
-0.4951932
-0.5015416
-0.598646
-0.5827454
-0.5618271
-0.680393
-0.5062424
-0.6383281
-0.6002125
-0.5383664
-0.6661912
-0.6769711
-0.413566
-0.6183938
-0.5619132
-0.3694451
-0.4926529
-0.588323
-0.5662324
-0.3735829
-0.6100685
-0.4848792
-0.5973249
-0.6224281
-0.4729886
-0.4627872
-0.5571609
-0.4774589
-0.5078308
-0.4683842
-0.5572422
-0.5875269
-0.4249826
-0.5655011
-0.5882695
-0.5038542
-0.5813823
-0.6491871
-0.5463886
-0.3442315
-0.661904
-0.3491451
-0.5374872
-0.5445003
-0.5011125
-0.4587102
-0.4840486
-0.3972378
-0.37179
-0.4826236
-0.6049298
-0.457465
-0.5042596
-0.5457879
-0.4071808
-0.4036954
-0.4084562
-0.4888721
-0.4066754
-0.3342007
-0.4657005
-0.4138522
-0.2950243
-0.3676954
-0.4382086
-0.4826889
-0.381516
-0.5057545
-0.4415167
-0.4053182
-0.3660998
-0.4895048
-0.5278482
-0.3206019
-0.4896093
-0.5033157
-0.2993624
-0.5873771
-0.4364107
-0.3833365
-0.4531524
-0.3864586
-0.4180489
-0.3917816
-0.395634
-0.5535655
-0.3542944
-0.4149195
-0.5882771
-0.5195703
-0.3793938
-0.5266173
-0.5089055
-0.458969
-0.3504822
-0.2638662
-0.4422977
-0.4663485
-0.5137312
-0.5845426
-0.3519458
-0.3819128
-0.3196154
-0.4575802
-0.4540678
-0.3326401
-0.4188704
-0.4337984
-0.4448281
-0.3661092
-0.3785859
-0.2474808
-0.3705239
-0.3801324
-0.4291871
-0.3978268
-0.4284947
-0.3079698
-0.3750908
-0.4075394
-0.342301
-0.3554871
-0.3607839
-0.2041728
-0.1708839
-0.1679767
-0.3340581
-0.3950638
-0.3564765
-0.3272724
-0.3074578
-0.2979082
-0.4082506
-0.3783504
-0.2800533
-0.2574686
-0.3500414
-0.2613497
-0.2461151
-0.2113503
-0.2873503
-0.2592584
-0.2304875
-0.3500824
-0.2595872
-0.2068148
-0.3746959
-0.1951524
-0.3718785
-0.2182852
-0.2996571
-0.2580446
-0.1918829
-0.2747807
-0.3637177
-0.3952422
-0.4209768
-0.2834179
-0.2213775
-0.2148249
-0.311173
-0.3843127
-0.1179432
-0.3531798
-0.2614393
-0.2245882
-0.1604481
-0.3414974
-0.1321309
-0.164295
-0.2748829
-0.4377355
-0.3869833
-0.1052483
-0.1798511
-0.1958678
-0.2090203
-0.1619367
-0.34869
-0.3232508
-0.3282307
-0.3194623
-0.3072256
-0.169828
-0.2655841
-0.2197444
-0.1417421
-0.2341699
-0.3253513
-0.01030678
-0.04848464
-0.3503398
-0.3391418
-0.1961867
-0.2638744
-0.1472603
-0.01709887
-0.2033941
-0.1309939
-0.2717736
-0.1626896
-0.2515501
-0.1609986
-0.1277058
-0.1742478
-0.3094948
-0.1977524
-0.1665118
-0.1241623
-0.1799996
-0.09340518
-0.2210066
-0.03297609
-0.364534
-0.1313438
-0.01937594
-0.1708218
-0.07149686
-0.2059077
-0.1844336
-0.08227871
-0.1115559
-0.1413562
-0.2137348
-0.05566008
-0.2210806
-0.1135449
-0.2372905
-0.2052197
-0.1607405
-0.1578552
-0.04436095
-0.1513944
-0.06844396
-0.2922433
-0.2397577
-0.1083729
-0.08622994
-0.2080881
-0.04434655
-0.02547512
-0.211606
0.04226469
-0.2245309
0.007164556
-0.012308
0.003363402
-0.2891868
-0.05816865
-0.05511475
-0.1432013
-0.05987005
-0.1423063
0.05878531
-0.1200187
-0.1409445
-0.05305337
-0.02935881
-0.02750955
-0.09193419
-0.1102322
-0.0806899
-0.0521143
0.02233578
-0.1880769
-0.0669336
-0.008950762
-0.01902484
-0.06388635
-0.03803773
0.03980054
0.03870771
-0.05975477
-0.05731408
-0.0138257
-0.2018785
-0.0583085
0.0435072
-0.1232873
0.09878344
0.02156358
0.030321
-0.1531598
-0.08835148
0.02888806
-0.1936294
-0.01498952
-0.01211177
-0.1250722
-0.03803176
0.1358231
-0.01446174
-0.04198217
0.1069236
0.01024874
0.002206479
0.02346441
0.02043421
0.01673926
-0.03232237
0.003279807
-0.003616787
0.08120564
0.1138104
-0.00397424
0.06088209
0.01396713
0.08577007
0.09781202
-0.06098395
0.1471715
0.01135501
0.02768639
0.1392431
0.007370512
-0.08565522
-0.07911452
0.05155339
-0.01749781
0.2293308
0.1180466
0.07777391
0.1575401
0.1505402
0.03818256
-0.03909345
0.09755874
0.1357138
0.03071576
0.1119584
0.09977854
-0.002681389
0.1235163
0.02556568
0.1219143
-0.0171437
0.1868632
0.02676317
0.2910183
0.141587
0.1122976
0.01268961
0.161863
0.1956648
0.1257207
0.06460026
0.1012663
-0.02020806
0.1200569
0.185661
0.1056942
0.1010728
0.1327548
0.2454269
0.1841137
0.02756744
0.1223367
0.1405913
0.2450374
0.1433781
0.2982459
0.1034894
0.1524135
0.03924476
0.18086
0.1607896
0.148741
0.148506
0.1791141
0.1567988
0.140347
-0.02886576
0.06823248
0.2347505
0.2957937
0.1220868
0.1405037
0.2968723
0.1519169
0.1741046
0.1780073
0.1098813
0.248983
0.07192714
0.2125791
0.2669395
0.1192103
0.334542
0.2033264
0.1599155
0.1115627
0.02664181
0.3280197
0.2402683
0.1409134
0.2080798
0.2186892
0.3532047
0.2299922
0.1666494
0.0603926
0.1861181
0.2507505
0.216125
0.09449665
0.1541705
0.2516069
0.1492401
0.3292652
0.2001427
0.2404738
0.3531027
0.2539409
0.267472
0.166439
0.161918
0.305948
0.2601779
0.1087905
0.03517698
0.3007186
0.3335164
0.2374434
0.1902073
0.224049
0.3006962
0.1372774
0.2083322
0.2513137
0.246621
0.256988
0.3958937
0.263305
0.3717815
0.1329194
0.3011294
0.3200028
0.243197
0.4134717
0.3346727
0.2666302
0.3983205
0.3844935
0.3969266
0.3749176
0.3113613
0.2870481
0.3858662
0.3292223
0.1575139
0.3263631
0.4044902
0.392769
0.4389804
0.3928668
0.2237747
0.3814161
0.2811252
0.2506786
0.4169162
0.4364363
0.3916251
0.2964038
0.3947981
0.2632758
0.4901191
0.5965469
0.5337837
0.4074703
0.5444612
0.3420372
0.3925184
0.3317783
0.3460445
0.4284677
0.5511644
0.3318099
0.3744458
0.4816371
0.3517607
0.2287935
0.2605871
0.3520713
0.3177417
0.3187649
0.2830328
0.4860091
0.3885883
0.2460891
0.4194977
0.3669698
0.5056985
0.3683919
0.3676949
0.3350394
0.4500258
0.3378241
0.4542723
0.3812646
0.4099953
0.3109323
0.3282397
0.4865394
0.3813689
0.4327711
0.4320963
0.4368495
0.3970136
0.2381882
0.414115
0.2957889
0.5735523
0.4758999
0.5207225
0.3543802
0.55973
0.5040369
0.501771
0.4512391
0.4483325
0.4419511
0.4023807
0.4576535
0.4398995
0.4416936
0.3533341
0.4490601
0.424014
0.4241516
0.368991
0.5063593
0.4339395
0.4635146
0.5704432
0.5532436
0.6078771
0.571299
0.5570071
0.5429112
0.5591575
0.5828374
0.6233428
0.511656
0.5425703
0.6288837
0.591866
0.4441526
0.5659891
0.5413195
0.54276
0.5046469
0.4666232
0.6187819
0.4247776
0.516231
0.472356
0.5748495
0.5375009
0.5347363
0.5122512
0.5464255
0.4734393
0.481463
0.57376
0.4029515
0.5152229
0.6422128
0.6458043
0.5905458
0.5752549
0.6953552
0.4317085
0.5850835
0.6035138
0.5079964
0.6295679
0.5447676
0.5346262
0.425246
0.7344528
0.5995473
0.5896823
0.4569844
0.5079696
0.5750769
0.5552758
0.5861614
0.6611967
0.577381
0.5649348
0.4502031
0.64744
0.5549626
0.4486534
0.4970511
0.5346819
0.6300299
0.6388008
0.6254461
0.7038905
0.7322853
0.6469371
0.7080248
0.5132465
0.5654609
0.6823706
0.5948819
0.6426845
0.6373097
0.6948269
0.4379194
0.663366
0.7019175
0.8579944
0.7203371
0.6854749
0.6794049
0.7371238
0.8363958
0.6590575
0.6087799
0.6671583
0.6832214
0.7391117
0.6910282
0.593695
0.7428265
0.6765467
0.6480919
0.6232933
0.6913536
0.6929846
0.6334571
0.7812091
0.6086693
0.6727314
0.5967346
0.6154314
0.8001975
0.7248404
0.7089269
0.7729537
0.7904548
0.7970781
0.6991568
0.6785045
0.7581287
0.5937807
0.8836176
0.6974226
0.7623026
0.7913445
0.6314546
0.7130767
0.6563083
0.7734694
0.6909003
0.6229854
0.6448437
0.770381
0.6641141
0.8457682
0.8653266
0.7268624
0.6807024
0.7978881
0.8021745
0.5864526
0.7796739
0.6751718
0.6792152
0.7622634
0.7301729
0.7194449
0.6972552
0.7736872
0.7794908
0.6957455
0.8424433
0.8671169
0.9376624
0.8525908
0.7381423
0.8320882
0.6809912
0.7335174
0.74572
0.7121136
0.9001046
0.8109383
0.8806317
0.6597828
0.7973295
0.8028377
0.817636
0.7592092
0.8730935
0.7056068
0.8270073
0.7024949
0.8037961
0.8078556
0.8190425
0.7479512
0.7897129
0.8946249
0.8215916
0.9595692
0.8400733
0.8747565
0.8146082
0.8536988
0.774191
0.9857049
0.9039916
0.8661821
0.8357175
1.080241
0.8037692
0.9331417
0.9628479
0.8801591
0.812129
0.8645056
0.7907744
0.8771642
0.7202829
0.9264746
1.005136
0.7770527
0.9501239
0.7711179
0.8985842
0.9979212
0.8421538
0.938197
0.8399001
0.8748373
0.742196
0.8859318
0.9868449
0.9779395
0.9574229
0.9435404
0.7701937
1.090689
0.9661579
0.8534881
0.9416987
0.8687623
0.9217336
0.9264079
1.003568
0.956563
1.032554
0.8817415
0.9014419
0.8023214
0.9131951
1.032124
0.9436186
1.048899
0.9624558
1.046891
0.8578775
0.8742062
0.9670299
0.8948178
0.9530476
0.753494
0.9072962
1.034441
0.9346007
0.8321753
1.027013
0.9542402
1.022573
0.9477951
1.002889
1.165637
0.9610661
1.109937
0.9806826
0.9456602
1.010215
0.9261603
1.040996
1.101456
0.8574227