-0.03346509
-1.03111
-1.01162
-1.044122
-0.9207789
-0.9691988
-1.04623
-1.099567
-0.9457434
-0.9968412
-1.002068
-1.059705
-1.018629
-0.8693611
-0.9422942
-1.092291
-0.897251
-0.9213277
-0.900289
-0.9280677
-0.9349209
-0.9926589
-0.9575487
-1.102462
-0.9003905
-1.087751
-0.9478455
-1.0251
-0.9582033
-0.8994144
-0.9636267
-0.9667102
-0.9591845
-0.9924959
-0.9482174
-0.8679414
-0.9142435
-1.149348
-0.9230006
-0.9503442
-1.029766
-0.9208651
-0.8316984
-0.7948392
-0.9443426
-0.9700184
-0.8767055
-0.9216064
-1.023218
-0.8636449
-0.954974
-0.808091
-0.9149813
-0.9782357
-0.8656715
-1.031171
-0.9049642
-0.8305885
-0.8921982
-1.000536
-1.064651
-0.9066258
-1.020622
-0.7814085
-0.9578982
-0.8179861
-0.7158618
-0.8267905
-0.7513864
-0.8749072
-0.8787155
-0.9127464
-1.024647
-0.9757909
-0.6998496
-0.9405347
-0.8491405
-0.7250573
-0.8746216
-0.8304243
-0.7001474
-0.9322827
-0.920179
-0.8934464
-0.8570359
-0.9988055
-0.7199111
-0.8729473
-0.87371
-0.9969628
-0.7706835
-0.7181703
-0.8905354
-0.6937149
-0.6181442
-0.8388413
-0.7496136
-0.82498
-0.7660487
-0.8340912
-0.7257826
-0.9412665
-0.654898
-0.8020158
-0.864638
-0.7823826
-0.7367437
-0.7674988
-0.880662
-0.7404739
-0.8330286
-0.7588948
-0.8047641
-0.7898277
-0.7976603
-0.7932944
-0.7626285
-0.6274185
-0.7599245
-0.7593107
-0.6874694
-0.8570171
-0.790971
-0.6813852
-0.8230894
-0.7256471
-0.5825181
-0.7522285
-0.7828917
-0.7192354
-0.7935009
-0.7925025
-0.8209664
-0.7037731
-0.6597512
-0.7471344
-0.7902213
-0.5941284
-0.7815541
-0.6090299
-0.6564271
-0.8048248
-0.661786
-0.8432447
-0.7419753
-0.6160548
-0.7484375
-0.6055405
-0.8045719
-0.8157194
-0.6532319
-0.8243519
-0.7791505
-0.5902251
-0.6165884
-0.6328699
-0.6253922
-0.732204
-0.6652898
-0.6571577
-0.8192629
-0.594664
-0.7515339
-0.6458283
-0.6611028
-0.6221353
-0.7534084
-0.6814962
-0.5481539
-0.6587655
-0.6677072
-0.6681456
-0.6412783
-0.6109547
-0.6539423
-0.6572834
-0.685981
-0.7601478
-0.7164264
-0.643349
-0.6974013
-0.6378752
-0.6411131
-0.7484574
-0.6864094
-0.5802526
-0.6653369
-0.5603321
-0.5907211
-0.6505253
-0.6397872
-0.440293
-0.5725828
-0.5444571
-0.6186593
-0.6222787
-0.5228601
-0.4773236
-0.6753241
-0.6510291
-0.6579353
-0.5915691
-0.576243
-0.5228153
-0.7191027
-0.549265
-0.6744876
-0.6279987
-0.5385294
-0.7166146
-0.5588548
-0.4602555
-0.5561443
-0.6404986
-0.5802888
-0.5959646
-0.5323833
-0.5913213
-0.5548325
-0.5891057
-0.5637745
-0.5097417
-0.4605892
-0.5614199
-0.6084317
-0.6283442
-0.4485218
-0.3429444
-0.6119298
-0.514067
-0.6082968
-0.6264137
-0.2617334
-0.5136666
-0.5630421
-0.6469842
-0.661711
-0.4415257
-0.4124735
-0.5017145
-0.4722389
-0.4782148
-0.6401457
-0.4662859
-0.6247434
-0.5665947
-0.4626151
-0.5100523
-0.4886268
-0.4742093
-0.4405341
-0.5085424
-0.5745163
-0.4940551
-0.4693508
-0.4613529
-0.5245632
-0.5011586
-0.4452765
-0.2937994
-0.6239089
-0.5054967
-0.3716231
-0.4754239
-0.5449168
-0.4497802
-0.6050869
-0.4576337
-0.4691923
-0.4010237
-0.3702237
-0.43821
-0.4138721
-0.5197663
-0.4607285
-0.3582611
-0.3540867
-0.5612093
-0.5029395
-0.3992555
-0.385772
-0.4288483
-0.3999588
-0.5451989
-0.3611506
-0.4992745
-0.3355223
-0.4830478
-0.6360898
-0.2916984
-0.3124934
-0.3020598
-0.5833881
-0.3334307
-0.4809101
-0.3255596
-0.3093447
-0.4062464
-0.3529845
-0.4833307
-0.3420127
-0.5054116
-0.3639209
-0.4519991
-0.4229416
-0.4743691
-0.6213404
-0.4657997
-0.3690708
-0.4116148
-0.3846241
-0.4602181
-0.4002713
-0.327965
-0.4831395
-0.2519067
-0.3586115
-0.2158114
-0.2505567
-0.3838523
-0.5488792
-0.3896561
-0.3493143
-0.4298808
-0.395232
-0.3566646
-0.3925535
-0.5501578
-0.2771613
-0.3016665
-0.3645831
-0.4353846
-0.3711306
-0.3430201
-0.3856714
-0.2926015
-0.3106946
-0.3359802
-0.2631249
-0.2558297
-0.2781337
-0.3697429
-0.3429409
-0.4121624
-0.2911966
-0.2724139
-0.2239603
-0.3468517
-0.3360781
-0.4775699
-0.3756646
-0.3809289
-0.2800533
-0.2650764
-0.190533
-0.2803896
-0.1878016
-0.3605076
-0.1642707
-0.3595759
-0.4878212
-0.3019953
-0.2660896
-0.2484841
-0.3326503
-0.2163767
-0.3211551
-0.3363827
-0.3523836
-0.3243694
-0.2566224
-0.2159978
-0.2472621
-0.3511619
-0.3780997
-0.3308758
-0.1475712
-0.3331615
-0.2191242
-0.2132289
-0.2806389
-0.2566462
-0.2460735
-0.235647
-0.1963229
-0.3190818
-0.2420973
-0.1141612
-0.2455097
-0.2306118
-0.2059769
-0.0736117
-0.2124721
-0.3539474
-0.2086796
-0.3758704
-0.1077384
-0.06425465
-0.1733505
-0.1828902
-0.1981259
-0.1572176
-0.1069512
-0.2615959
-0.06658576
-0.1358503
-0.1799351
-0.03364499
-0.2022887
-0.2404516
-0.1007972
-0.1910559
-0.1104211
-0.1225795
-0.241801
-0.118576
-0.1539424
-0.2244399
-0.2459022
-0.199963
-0.1049048
-0.2126436
-0.1939243
-0.09863386
-0.1412386
-0.1975677
-0.1902853
-0.283555
-0.2286013
-0.2460738
-0.2889242
-0.1183693
-0.06948245
-0.2194009
-0.1890554
-0.09044736
-0.08299541
-0.2816649
-0.142167
-0.2056122
0.00859994
-0.1908886
-0.1178689
-0.02145118
-0.2296349
-0.1308534
-0.2359328
-0.1871727
0.04551913
0.09244527
0.01412863
-0.04983682
-0.1662254
-0.09078859
-0.01264786
-0.1361208
-0.1378617
-0.1893091
-0.0763036
-0.01004014
-0.1547469
-0.2854568
-0.07331326
-0.02663597
-0.03780514
-0.1156872
-0.1387246
-0.1293257
0.0505732
-0.05701668
-0.0168131
-0.09372444
-0.1530793
0.04163527
-0.00341229
-0.04932589
0.0279116
-0.1365388
0.1096661
-0.09700125
-0.1142838
-0.1908385
-0.1634904
0.01651376
0.1606183
-0.1352104
-0.06818674
-0.0766543
-0.008737319
0.09194173
0.03927981
0.002128052
-0.06155543
0.1012118
0.002696033
0.008124026
-0.1126245
-0.01433933
-0.05911927
-0.009032142
0.00943888
0.1341203
-0.01703584
-0.2454733
0.1009809
0.007651441
-0.07589248
-0.106762
-0.01088075
0.1559794
-0.1060461
-0.004336965
0.167835
-0.0265683
0.09181942
0.1427355
-0.1094333
0.03258119
-0.01428383
0.1010468
0.08520049
0.08881994
0.07347454
-0.02239038
-0.00564631
-0.03948516
0.1439638
0.07603334
0.01190814
-0.004637616
0.1348913
0.02561584
-0.02372395
0.07335523
0.05175925
0.02702145
0.1392568
0.02913884
0.07334903
0.008389649
0.05182743
0.007550973
0.06476703
0.072773
0.1951435
-0.02969412
0.2289268
0.037918
0.1083331
0.2573173
0.1311573
0.07170432
-0.1112072
0.2245475
0.06378094
0.1272641
0.05417902
0.1290121
0.1412039
0.1963333
0.1006198
0.1871008
0.1625171
0.1686555
0.1818369
0.1200741
0.2664856
0.2468794
0.1907498
0.2462898
0.06653288
0.1848695
0.1655012
0.2595184
-0.01451192
0.1111391
0.1857354
0.1647903
0.03301379
0.113728
0.1652769
0.1614381
0.161952
0.1033393
0.139906
0.1728564
0.2620825
0.1782424
0.1189274
0.267707
0.1400183
0.2045384
0.2873335
0.1251058
0.3123508
0.2420737
0.2112419
0.05398248
0.1445365
0.16538
0.07084933
0.2894513
0.0612055
0.1429412
0.2251125
0.1173352
0.2473561
0.2300134
0.2254041
0.173485
0.3043365
0.2190839
0.2478034
0.3421288
-0.1311036
0.2319013
0.0704413
0.3250096
0.2859394
0.284686
0.2903133
0.2678168
0.3648712
0.1779273
0.2824467
0.4063743
0.30941
0.1345554
0.241844
0.2940662
0.2974979
0.1416473
0.2914381
0.2033898
0.1635835
0.1427419
0.1658911
0.3214827
0.2981501
0.3019659
0.2259034
0.1821222
0.2897691
0.08545188
0.2606738
0.3493754
0.2876321
0.4025556
0.2547338
0.2622403
0.4362121
0.3584871
0.3311125
0.2100046
0.3329911
0.3861509
0.4033098
0.2873272
0.3842281
0.322613
0.3978987
0.4394665
0.154812
0.3147219
0.4005504
0.2831414
0.1634113
0.5051863
0.1552829
0.4029251
0.255282
0.3189261
0.3296471
0.3222795
0.3687228
0.3279525
0.3565301
0.3326497
0.4402072
0.3015719
0.2638016
0.2467361
0.4512464
0.3974261
0.3950421
0.3204692
0.4804729
0.2870837
0.3501754
0.3090005
0.376538
0.4303825
0.4249777
0.3567696
0.4174227
0.4408778
0.3265518
0.1391225
0.4535078
0.3145305
0.3790138
0.3351068
0.3420431
0.5455376
0.3536195
0.4385215
0.3357851
0.4320437
0.3985181
0.2768522
0.2799235
0.3473301
0.2667629
0.3177663
0.4994708
0.4171041
0.4294428
0.4392406
0.3610292
0.4959132
0.4384357
0.3490576
0.4145172
0.5805523
0.3416057
0.653846
0.468626
0.4451818
0.5216577
0.514426
0.4943788
0.4245249
0.3952331
0.2963519
0.509953
0.3539417
0.4676416
0.4313161
0.5535554
0.3830672
0.5092328
0.6100832
0.5164501
0.4527347
0.5649764
0.5404978
0.607988
0.5552975
0.5627134
0.5551282
0.5141235
0.2808666
0.5141534
0.3387634
0.4928905
0.5430187
0.6001344
0.4441038
0.4461285
0.5905065
0.7052947
0.4464246
0.4653201
0.5439872
0.6012716
0.6708207
0.5535873
0.7081828
0.555013
0.4911007
0.5733036
0.5312636
0.4625094
0.4440481
0.6326422
0.5218499
0.5595673
0.5039248
0.6054695
0.7253404
0.6287366
0.4640088
0.4846919
0.4649603
0.6328482
0.5783561
0.5120424
0.6338822
0.7319567
0.5673947
0.4751292
0.7663375
0.6296595
0.502456
0.546731
0.4442788
0.6431589
0.6253435
0.6417193
0.6203755
0.6767138
0.6351495
0.4323994
0.599943
0.661487
0.7647671
0.7179071
0.6784499
0.7122825
0.7294935
0.6341016
0.6291065
0.5635667
0.6674618
0.6494869
0.605699
0.6694258
0.6954242
0.4431855
0.639788
0.6120562
0.5156911
0.7094449
0.6502897
0.6878629
0.628396
0.5409356
0.5212648
0.6875111
0.6754036
0.8346219
0.5769476
0.6955854
0.5512121
0.5632978
0.7422564
0.6806182
0.6590472
0.656102
0.7053607
0.6679248
0.6097628
0.5970628
0.6796436
0.6641037
0.8104578
0.5522553
0.7897957
0.6384928
0.6129179
0.5795061
0.4978757
0.635071
0.7910082
0.7702748
0.787132
0.592618
0.7602971
0.6806871
0.679387
0.7497415
0.6213285
0.5769186
0.8774065
0.6878623
0.7458074
0.5667915
0.7701641
0.650132
0.6686902
0.649199
0.8375897
0.8103264
0.7173273
0.8411193
0.801233
0.7327251
0.7669588
0.9433693
0.6993467
0.7409939
0.6793373
0.6816038
0.7784026
0.7637239
0.6846607
0.7456486
0.68907
0.7110852
0.8340266
0.8504402
0.6545246
0.9393478
0.785278
0.706662
0.5818215
0.7618972
0.7088589
0.7284504
0.8668141
0.7141751
0.7288912
0.9080322
0.7867056
0.7080721
0.8966265
0.6843433
0.8780672
0.9467152
0.9352417
0.8602893
0.9040364
0.7993765
0.8641443
0.9247014
0.8474466
0.9264742
0.8582923
0.8524823
0.817144
0.8122228
0.8520154
0.9689729
0.938963
0.7895863
0.7787007
0.7892045
0.7907102
0.8477236
0.8080749
0.6948416
0.8975027
0.8245646
0.9431596
0.9860311
0.9629669
0.9801552
0.8703906
0.8933386
0.8304531
0.8766768
0.8201483
1.029878
0.8744589
0.9094021
1.055138
0.9585432
0.8162552
0.8790497
1.037704
0.9143824
0.9958383
0.8880499
0.7137429
0.879331
0.8689554
0.9510887
1.000743
1.01774
1.067964
1.068078
0.9520994
0.9545427
0.9566357
0.8375352
0.8653457
1.02709
0.9934459
0.8745253
0.8757097
0.9439483
0.9761663
0.9003079
0.9967571
1.040685
0.9128898
1.079882
1.100865
0.9041467
0.8870794
1.051693
1.059439
0.8865938
0.8778487
0.9344889
0.8254255
0.9929092
1.006495
0.9413452
0.8776092
1.065168
0.8932753
0.9021756
1.120425
1.054382
1.037233
1.170039
0.8424877
0.9692797
0.9619873
0.9547933