-0.01701639
-0.9613953
-0.9561031
-0.9852173
-1.053092
-0.9315366
-0.8711719
-0.9673423
-0.8674232
-0.9913895
-1.101089
-1.072128
-1.076341
-0.9550982
-0.9163186
-1.016785
-0.9750853
-0.9420394
-0.9979632
-0.9241932
-1.108353
-1.090097
-0.9814485
-1.100703
-0.9419389
-0.8036501
-0.9534358
-1.085472
-0.9136728
-0.9712731
-1.033358
-0.9216913
-0.8394423
-0.9947527
-0.9747941
-1.060106
-1.003094
-1.087663
-0.870847
-0.8900678
-0.7599398
-0.8663323
-0.949297
-0.9430458
-1.011228
-0.8688424
-0.9941385
-0.9684996
-1.03877
-0.8747771
-0.9141034
-0.8172089
-0.9240829
-0.8938214
-0.9396147
-0.9380352
-1.022008
-0.95555
-0.8111469
-0.8535782
-0.8132965
-0.9306683
-0.9813411
-0.8452583
-0.785182
-0.8827352
-0.8792189
-0.958353
-0.9478084
-0.8753277
-0.7903687
-0.8096899
-0.8129605
-0.9087915
-0.7478341
-0.8070593
-0.8669224
-0.8487411
-0.8090133
-0.8891721
-0.8827302
-0.7601578
-0.7494722
-0.7811204
-0.6936922
-0.9458074
-0.8080023
-0.8237262
-0.8957749
-0.6687044
-0.7114691
-0.947506
-0.7873904
-0.8613584
-0.9159793
-0.6966945
-0.7069211
-0.9030902
-0.7305867
-0.7723464
-0.7532908
-0.9394724
-0.7647635
-0.8652383
-0.7506013
-0.8322294
-0.8448085
-0.8709924
-0.9063489
-0.7223015
-0.7982406
-0.720006
-0.7464332
-0.8566953
-0.6906627
-0.8905819
-0.5609718
-0.959467
-0.8953625
-0.765052
-0.7033286
-0.8259663
-0.6912464
-0.8758124
-0.7735264
-0.8855709
-0.7829664
-0.724459
-0.759474
-0.89897
-0.8558967
-0.6408861
-0.6215169
-0.8182888
-0.6189157
-0.8512962
-0.776273
-0.7655775
-0.5969934
-0.7264861
-0.6936047
-0.8895865
-0.7008325
-0.549961
-0.7559247
-0.7063789
-0.7547669
-0.7582783
-0.6285221
-0.5727719
-0.7323661
-0.7440977
-0.6835351
-0.6831939
-0.6393397
-0.6070293
-0.6592954
-0.8107554
-0.6378712
-0.6613653
-0.7594669
-0.573007
-0.743658
-0.596378
-0.6723652
-0.6724388
-0.6202915
-0.7514853
-0.6227251
-0.6766835
-0.6565454
-0.5073401
-0.4852428
-0.5908565
-0.7867774
-0.4989845
-0.6718432
-0.6804973
-0.5618344
-0.8216876
-0.7605896
-0.628207
-0.7188918
-0.6228214
-0.7328943
-0.7067378
-0.591962
-0.8010178
-0.621552
-0.660342
-0.7094841
-0.5813867
-0.4991404
-0.5446875
-0.5993182
-0.6715244
-0.6382547
-0.6747089
-0.7166297
-0.5830558
-0.6255285
-0.5909804
-0.5342111
-0.5424559
-0.615419
-0.5312594
-0.6182904
-0.4906575
-0.6537367
-0.4711096
-0.5648746
-0.6677263
-0.6088049
-0.5293108
-0.6381388
-0.546763
-0.5896287
-0.439817
-0.46553
-0.714373
-0.6386693
-0.6489574
-0.6170638
-0.5882747
-0.5482895
-0.4249015
-0.42461
-0.7050899
-0.6930621
-0.5327672
-0.589225
-0.4987499
-0.371876
-0.6185446
-0.5809544
-0.3930755
-0.4822835
-0.4231029
-0.4720196
-0.3795879
-0.656008
-0.5009469
-0.5585551
-0.4306077
-0.4568617
-0.4860084
-0.3737247
-0.5207315
-0.5877672
-0.5583432
-0.4932743
-0.4074571
-0.5007526
-0.3787784
-0.6784515
-0.5380905
-0.5454295
-0.3996771
-0.3674276
-0.4872504
-0.440389
-0.4866242
-0.3693047
-0.4911524
-0.3048228
-0.5158476
-0.4447827
-0.5101387
-0.5759778
-0.4250218
-0.443597
-0.5047181
-0.5188491
-0.5012501
-0.3588308
-0.3650037
-0.4363276
-0.4762359
-0.38246
-0.5454053
-0.3932274
-0.4969365
-0.3833452
-0.4361573
-0.478313
-0.4453816
-0.4641936
-0.5069715
-0.3588547
-0.2627159
-0.4108354
-0.3401889
-0.5287145
-0.2948746
-0.4197114
-0.6203648
-0.3181787
-0.5098365
-0.4196771
-0.3356049
-0.4952203
-0.2709857
-0.2819314
-0.3432003
-0.4168074
-0.2575998
-0.3616029
-0.5680456
-0.1923708
-0.3462428
-0.2692333
-0.3161601
-0.4133949
-0.4480427
-0.3301872
-0.3616765
-0.342907
-0.3037486
-0.4413424
-0.2968484
-0.3488155
-0.3217501
-0.385694
-0.4515678
-0.3198103
-0.2766657
-0.3068235
-0.4415589
-0.3883278
-0.3645796
-0.5265202
-0.4256805
-0.3044403
-0.3700324
-0.2998701
-0.3427611
-0.3039795
-0.3579762
-0.3217705
-0.3954564
-0.3568531
-0.296918
-0.1993449
-0.3383481
-0.3596377
-0.3106561
-0.375211
-0.2806015
-0.2527666
-0.4268526
-0.3706167
-0.3057102
-0.252899
-0.2044995
-0.4977878
-0.05230116
-0.05434655
-0.223627
-0.1933959
-0.3205972
-0.3276976
-0.2904999
-0.3082849
-0.4055632
-0.2533731
-0.2479211
-0.3351489
-0.360778
-0.1745638
-0.2732576
-0.2289926
-0.2236945
-0.3229131
-0.2490963
-0.3727089
-0.2662215
-0.3827844
-0.4060834
-0.2286986
-0.2450028
-0.08732095
-0.339726
-0.3044267
-0.3438755
-0.3346737
-0.1923834
-0.3267799
-0.3671691
-0.2386108
-0.2242285
-0.207163
-0.3211234
-0.2502234
-0.276591
-0.413976
-0.2431559
-0.2062172
-0.2157632
-0.1212569
-0.3611376
-0.1917935
-0.1269952
-0.1405683
-0.1609023
-0.1491032
-0.193099
-0.1922234
-0.1999974
-0.1213154
-0.3042196
-0.1590238
-0.1808883
-0.1783289
-0.1120033
-0.07451057
-0.1073532
-0.3165102
-0.3917211
-0.1980087
-0.2368945
0.0255295
-0.2046628
-0.1677173
-0.1058058
-0.2179792
-0.07388263
-0.2167617
-0.1550497
-0.1260656
-0.05693691
-0.085075
-0.1127657
-0.02833509
-0.07749746
-0.1165569
-0.08454768
-0.2559374
-0.358608
-0.1223981
-0.2504315
0.0618375
-0.07519112
-0.2518304
-0.1124595
-0.1349506
-0.1737751
-0.2374323
-0.1564858
-0.04897694
-0.02285101
-0.1619677
-0.1310526
-0.1018884
-0.1355888
-0.2091726
-0.04212727
-0.1607648
-0.02953541
-0.07926298
-0.09160063
-0.1881417
0.001074549
0.01575699
-0.01195329
-0.02650442
-0.1238257
-0.06812377
0.001604336
-0.03176489
-0.1530661
-0.09221004
0.04369764
-0.09451342
-0.02641043
-0.0886685
-0.1038947
-0.03039565
0.006066837
-0.09583249
-0.01761173
-0.109765
-0.1123092
0.05008241
0.08654725
0.02996462
-0.008461831
-0.09667278
-0.09698595
0.03731321
-0.05282449
-0.08315471
0.01184935
-0.1835041
0.1767959
-0.05183115
-0.03188485
1.585868e-05
-0.02535099
0.09894223
-0.1279509
-0.04452958
0.07218711
-0.04081031
0.07983169
-0.01175542
0.03136117
-0.03644207
-0.1301408
0.009720766
0.02866845
0.09693794
-0.06493224
-0.02719167
0.06474998
0.0144177
0.05195937
0.05397607
0.03359125
0.01007716
-0.09513803
-0.04038739
0.1775108
0.009181804
-0.03434525
0.276213
0.06858728
0.02958819
-0.0007392111
0.1366872
-0.03627485
0.1417862
0.1060443
0.0929587
0.1842811
0.06613412
-0.02390079
-0.005490343
0.1806263
0.1291429
0.09471722
0.110803
-0.01251302
0.05425122
0.06657318
0.1053896
0.09509896
0.08969627
0.1289613
0.2570638
0.08765913
0.1264282
0.08692859
0.02102406
0.1870971
0.03066573
0.136381
0.198998
0.2051364
0.0609536
0.07171483
0.1464202
0.1457414
0.09738757
0.2022088
0.05194489
-0.06349786
0.1583711
0.1162239
0.1844259
0.1502931
0.209695
0.1747417
0.2224239
0.1026972
0.1025426
0.1696908
0.1108065
0.1510319
0.2066968
0.2413573
0.1557861
0.1792475
0.2163415
0.2963003
0.09314745
-0.01312923
0.1257317
0.07723143
0.2104434
0.2926072
0.325099
0.264134
0.0573969
0.2271586
0.2375986
0.2802243
0.2378047
0.1345195
0.2694093
0.05746743
0.1856999
0.199071
0.3161636
0.1752864
0.09642214
0.1743074
0.2590943
0.1944191
0.3100141
0.2057488
0.2785515
0.2868524
0.182326
0.2429449
0.1869214
0.2436263
0.3035248
0.1778661
0.2884996
0.08724411
0.2443236
0.2026876
0.1871555
0.2562708
0.2028579
0.2839525
0.2776116
0.1949591
0.1343677
0.2569577
0.3400109
0.05656797
0.1257057
0.4332357
0.2820171
0.04699095
0.2012475
0.4164471
0.2572542
0.2688777
0.3355063
0.313943
0.3131499
0.3112104
0.2917138
0.2478692
0.2911114
0.2226712
0.3314986
0.3336029
0.364066
0.327274
0.3062232
0.3852614
0.318428
0.3454135
0.2452625
0.2698247
0.3106315
0.2225225
0.3338105
0.3061612
0.334099
0.1948122
0.3796903
0.4192569
0.2641888
0.3053959
0.3686738
0.2624022
0.4436796
0.3390714
0.2048724
0.3547631
0.4554512
0.4462216
0.3284963
0.2007335
0.3923649
0.2493579
0.3983956
0.2595
0.3258727
0.3059755
0.3524441
0.4486049
0.4797981
0.3778738
0.5462107
0.47091
0.4167133
0.4089148
0.3389279
0.5543228
0.2555105
0.4045909
0.2393152
0.2803081
0.3307176
0.3861128
0.4067876
0.3431118
0.4762804
0.3735809
0.40203
0.2992958
0.4707891
0.3779369
0.4727422
0.3836523
0.646253
0.4121147
0.5558544
0.3649424
0.3436731
0.3809377
0.3902257
0.502108
0.4332352
0.2952375
0.3597463
0.4612273
0.5364402
0.466473
0.624884
0.3893923
0.3187016
0.4762237
0.4420622
0.4521161
0.5152527
0.5112686
0.3842215
0.5214495
0.592078
0.3539011
0.5191289
0.5523583
0.4658558
0.3926294
0.4141904
0.5554172
0.34959
0.5380879
0.5077879
0.5599292
0.5061406
0.5593123
0.3928686
0.4399127
0.4344297
0.601824
0.5686484
0.3884977
0.5556846
0.4224246
0.6094019
0.6079724
0.4707087
0.5460467
0.4396426
0.6042292
0.5367343
0.4872224
0.4264155
0.499161
0.4768415
0.5562058
0.5129547
0.5496534
0.5257377
0.5763749
0.6367695
0.4775471
0.6492885
0.7048582
0.5457306
0.5606404
0.4268634
0.629153
0.5324693
0.5795404
0.4719614
0.4787555
0.7114842
0.523314
0.5249663
0.5889233
0.6380678
0.535079
0.5234633
0.4829124
0.4206061
0.5978451
0.5663521
0.4827126
0.6538172
0.6216017
0.6158482
0.6198498
0.522268
0.6037778
0.5640379
0.6618874
0.7301039
0.5913455
0.7047831
0.6530992
0.5675456
0.4988017
0.6584552
0.7528102
0.5843388
0.6298386
0.5983138
0.6647196
0.4214222
0.5264339
0.6991538
0.5123939
0.7187852
0.6021115
0.7449102
0.7310501
0.6291299
0.693189
0.7669645
0.610862
0.752682
0.5929141
0.550476
0.6314348
0.6713912
0.5300768
0.5822728
0.8633195
0.5800413
0.6726247
0.6470587
0.8552261
0.7002504
0.6419487
0.6376017
0.7574568
0.6962418
0.7071105
0.7503517
0.6478064
0.6577633
0.6319566
0.7859744
0.7618977
0.7238357
0.6107092
0.7156585
0.6376186
0.6751642
0.7412159
0.7981852
0.791023
0.7007087
0.7917491
0.7141354
0.6510915
0.7779533
0.61558
0.8162951
0.6993462
0.7538046
0.7406077
0.668535
0.7276616
0.6907669
0.6551184
0.722704
0.7468726
0.784318
0.8322841
0.6650187
0.6949852
0.68531
0.6387239
0.8078429
0.8631706
0.861257
0.7007525
0.8384528
0.9067731
0.7999384
0.8419553
0.7428875
0.7693299
0.8164695
0.7596168
0.8245748
0.9018675
0.7923828
0.7345614
0.9451375
0.7439706
0.8187854
0.781972
0.8178404
0.8341812
0.7591604
0.7677163
0.8072422
0.8944676
0.7741385
0.7641951
0.8286253
0.8767563
0.9642534
0.89165
0.7932287
0.7433412
0.9202088
0.9036795
0.8668374
0.8896737
0.8219275
0.9569424
0.9004547
0.9156333
0.9267988
0.6538746
0.9443995
0.8657935
0.8603857
0.7811641
0.8036284
0.8415072
0.8893463
1.008732
0.9308158
0.8615327
0.8463128
0.8086735
0.8036985
0.9271045
0.8252844
0.8402747
0.8552855
0.6473844
0.9214496
0.8248047
0.8355143
0.8855636
1.029104
0.8932212
0.8940896
0.8130922
1.048027
0.9010182
0.8953523
1.025624
1.08562
0.8147257
1.030014
0.9028852
1.038058
1.073248
0.9086586
0.8815349
0.854245
0.8818099
0.9281942
0.8055581
0.8966413
1.003612
1.032808
0.9558499
1.025242
0.9567086
0.867505
0.8563404
0.7993355
0.955418
0.9132772
0.8291185
1.035256
0.8311315
0.9858995
0.9629885
0.8879842
1.029482
1.095972
0.9694106
0.9957047
1.078435
0.9186124
0.9492405
1.015081
1.011745
1.016412
1.022324
0.7853764
1.06244
0.8979219
1.025436
1.012266