0.1428824
-0.9728312
-1.026273
-0.7585033
-0.9026403
-1.055385
-0.996445
-0.8682602
-1.076053
-1.00525
-1.048455
-1.083844
-0.9925437
-1.003187
-0.8460054
-1.045008
-0.8319818
-0.911037
-0.9738999
-0.9907943
-0.8578761
-0.93113
-1.034178
-0.8539834
-1.094505
-0.9316969
-0.7740709
-1.037559
-0.8920432
-0.8463917
-0.9192741
-0.9109876
-0.9691168
-0.8710999
-0.7972654
-1.162639
-1.001561
-0.9249284
-0.9322717
-0.898692
-1.06772
-0.8332084
-0.7482539
-1.013033
-0.9084735
-0.8497436
-0.8619167
-0.8840783
-0.9033077
-0.7580176
-0.8312663
-0.9409032
-0.8459831
-0.8526263
-0.8502279
-0.7598716
-0.9283078
-0.8209005
-0.9460488
-0.7959821
-0.9077998
-0.9544833
-0.8047302
-0.8338719
-0.9110396
-1.060154
-1.029279
-0.7452326
-0.7733726
-0.7891859
-0.8411639
-0.714694
-0.9067166
-0.7849948
-0.9265921
-0.8555172
-0.8211708
-0.8807082
-0.91107
-0.7961614
-0.7040489
-0.9241716
-0.7998908
-0.8587677
-0.8130345
-0.8530919
-0.8937177
-0.8147435
-0.7712947
-0.7757356
-0.873413
-0.8529185
-0.8379756
-0.8022303
-0.8492288
-0.9618184
-0.6591311
-0.6738645
-0.8865213
-0.6789732
-0.7205358
-0.884532
-0.9088547
-0.8153573
-0.814704
-0.7320283
-0.7444649
-0.6991344
-0.7711728
-0.8925697
-0.8258453
-0.7955225
-0.6768663
-0.7899307
-0.795575
-0.655682
-0.7212353
-0.7380622
-0.8746023
-0.6434433
-0.8411981
-0.778516
-0.7595064
-0.7425531
-0.7068929
-0.8335171
-0.7012177
-0.667963
-0.7931495
-0.7185934
-0.7228477
-0.7653408
-0.8125131
-0.7777102
-0.70525
-0.5752126
-0.8198399
-0.7352438
-0.6641644
-0.8300092
-0.7592813
-0.7072931
-0.8378858
-0.7450658
-0.6780275
-0.7528858
-0.8116454
-0.6385921
-0.7325455
-0.6695437
-0.6985388
-0.6067496
-0.6104824
-0.7543631
-0.567083
-0.7636043
-0.6570608
-0.6765919
-0.8169853
-0.6976397
-0.6504151
-0.7405865
-0.6077014
-0.7606598
-0.6880113
-0.6996328
-0.7060328
-0.7277572
-0.6651916
-0.6889332
-0.7308111
-0.5410191
-0.703616
-0.6684579
-0.554124
-0.6110934
-0.5182321
-0.704696
-0.6037493
-0.8061616
-0.533941
-0.6042992
-0.5382156
-0.6607099
-0.5497224
-0.5008634
-0.7645411
-0.6249874
-0.5455043
-0.5101905
-0.7173286
-0.5360717
-0.6142295
-0.6838811
-0.6806365
-0.7635063
-0.6393153
-0.6014412
-0.609189
-0.6853094
-0.6840041
-0.4663244
-0.677351
-0.6099855
-0.624412
-0.6314008
-0.5298869
-0.7422179
-0.5881038
-0.6293706
-0.5820871
-0.5572797
-0.6943426
-0.590049
-0.6975805
-0.5793239
-0.6470469
-0.5314314
-0.5141223
-0.5118391
-0.5813621
-0.5524929
-0.6936721
-0.6255748
-0.5192829
-0.5606458
-0.6064639
-0.6449769
-0.5412376
-0.4344483
-0.6286657
-0.4032474
-0.3853252
-0.3617292
-0.4565923
-0.6981122
-0.6594864
-0.3339593
-0.4557235
-0.5056698
-0.5586284
-0.5143162
-0.6381125
-0.6791378
-0.5352276
-0.5280574
-0.4615709
-0.3950116
-0.4375793
-0.5877881
-0.4936178
-0.3172648
-0.5790983
-0.4171683
-0.3619638
-0.5246231
-0.6136478
-0.3563386
-0.4389668
-0.3893834
-0.4705586
-0.4626774
-0.3758598
-0.4323023
-0.6184195
-0.5087188
-0.4726903
-0.5660185
-0.2190034
-0.5696542
-0.4720769
-0.4901511
-0.3601334
-0.2594738
-0.3568029
-0.4332216
-0.4581109
-0.3952284
-0.3044534
-0.5564499
-0.3879925
-0.4222184
-0.4167861
-0.5138976
-0.2351082
-0.3828887
-0.2487612
-0.4892789
-0.4743756
-0.5719621
-0.3610225
-0.4342234
-0.3620295
-0.2880771
-0.3305085
-0.4125304
-0.4090482
-0.5017492
-0.3683775
-0.3542409
-0.4529006
-0.4708951
-0.3682701
-0.4265796
-0.4497783
-0.4514258
-0.2430491
-0.4363147
-0.3982139
-0.3056638
-0.3804022
-0.3630926
-0.3201271
-0.2446402
-0.2830473
-0.0711534
-0.4673385
-0.3704765
-0.3261887
-0.4397277
-0.4507875
-0.4320051
-0.3811405
-0.1829016
-0.1911011
-0.2445351
-0.3979752
-0.4510606
-0.4680532
-0.352908
-0.3792251
-0.256005
-0.430505
-0.2594256
-0.3736868
-0.3315724
-0.4357564
-0.2875844
-0.1963367
-0.2687578
-0.112396
-0.1605699
-0.1897159
-0.3617934
-0.4774016
-0.2531616
-0.3020239
-0.3303509
-0.1992593
-0.3825933
-0.2440059
-0.2460286
-0.1101742
-0.05807755
-0.3060448
-0.4060522
-0.2890808
-0.1123031
-0.3222581
-0.3844351
-0.488294
-0.2227854
-0.3445458
-0.3339363
-0.2817806
-0.4191561
-0.3176075
-0.319727
-0.2055094
-0.2238693
-0.4290625
-0.3339171
-0.04005481
-0.2211874
-0.2395605
-0.2086828
-0.2924898
-0.3036926
-0.3021061
-0.2738898
-0.2416054
-0.2207605
-0.3397359
-0.2234686
-0.2859759
-0.2087089
-0.1195325
-0.1864373
-0.04693471
-0.3124553
-0.2938291
-0.1632726
-0.1160229
-0.1927204
-0.2179143
-0.1151916
-0.254797
-0.2696662
-0.1943389
-0.1452443
-0.239627
-0.2712688
-0.2797636
-0.2474558
-0.1743406
-0.2212732
-0.246666
-0.2204133
-0.2923499
-0.05841822
-0.2411303
-0.1862657
-0.1967495
-0.1684492
-0.1270163
-0.1773032
-0.1006864
0.005529593
-0.198059
-0.1772036
-0.1551259
-0.1305563
-0.1615231
0.001820423
-0.251116
-0.2091465
-0.1885256
-0.07877626
-0.161962
-0.1494194
-0.1603245
-0.05858736
0.03649751
-0.2421976
-0.2052445
-0.1622346
-0.2833625
-0.06826336
-0.1381774
-0.2609011
-0.103611
-0.05305152
-0.1169054
-0.02136084
-0.03360127
-0.1506103
-0.01845632
-0.1588511
0.03114723
-0.05731285
0.04276202
-0.1211044
-0.1666548
-0.1474717
0.05638875
0.009520707
-0.1102409
-0.0545351
-0.1557763
-0.01989248
0.04846573
-0.06655912
-0.01613671
-0.07872149
0.05496116
-0.06652464
-0.1390077
0.09461396
-0.1360829
-0.08223122
-0.1477722
-0.1433888
0.06988748
0.003851765
0.04497449
-0.1430803
0.009850167
-0.1058
0.01205172
-0.1315923
-0.1066323
-0.1128597
-0.06078517
-0.09823301
0.05564664
-0.06285442
-0.09169799
-0.02395585
-0.0473452
-0.02989156
0.01045747
-0.129636
-0.02383042
0.1360839
-0.007022357
-0.05076798
-0.07970332
0.1334125
0.005040294
0.1224561
-0.2027426
-0.2085809
-0.05279161
-0.02408761
0.07260258
0.02356457
-0.06948086
-0.06294163
-0.1069165
0.05367462
-0.1287075
0.02276023
-0.03062741
0.1510382
0.09638387
-0.1004258
-0.00282715
0.1121217
-0.1618326
0.02203535
0.04281805
0.04291354
0.114077
-0.1400876
0.105409
-0.06425219
-0.02615749
-0.006860536
-0.004339934
-0.1154724
0.1251505
0.01448861
-0.07050205
-0.07545329
0.2728665
-0.03328905
0.01220212
0.03853284
0.1066275
0.2225456
-0.01563431
0.01792189
-0.04855115
0.02561664
-0.05383763
0.1551692
0.07385083
0.1243056
0.1111104
0.128374
0.1521974
0.2096787
0.2213234
-0.08919486
0.2363509
0.1708743
0.3583862
0.183597
0.4054858
0.1733457
0.1015636
0.08112725
0.2689661
0.1813046
0.1323642
0.1788218
0.03363006
-0.0006789967
0.08035689
0.1770594
0.1283919
0.09543649
0.1337857
0.1192577
0.1025399
0.1900441
0.2323269
0.2017623
0.1477934
0.03936846
0.122058
0.01187845
0.09024274
0.1921271
0.1059625
0.0838269
0.1156926
0.1311373
-0.009129716
0.1663877
0.2405727
0.2359269
0.2006523
0.2587554
0.2975317
0.2456721
0.2166266
0.1657431
0.2339245
0.1022388
0.06678436
0.2384329
0.1143726
0.2874103
0.1561153
0.1331968
0.302694
0.2470714
0.212521
0.3333462
0.3303104
0.1385233
0.2569908
0.1301731
0.06568739
0.2613813
0.2776889
0.1314585
0.1117727
0.1454697
0.2475153
0.1754769
0.1333224
0.1847165
0.3504288
0.055774
0.3166035
0.2860432
0.2252838
0.331922
0.1985257
0.1428451
0.294456
0.2230221
0.145318
0.1847967
0.1260916
0.359189
0.3375747
0.2424832
0.3470368
0.388881
0.348346
0.4466493
0.2912278
0.2321784
0.3552544
0.3362077
0.1553176
0.2411263
0.3405854
0.3139116
0.316429
0.2927375
0.361495
0.2546679
0.2710322
0.30076
0.2570757
0.2647798
0.291718
0.2114634
0.4365245
0.3718428
0.3506392
0.4796687
0.246903
0.4006762
0.1791723
0.3680213
0.375171
0.3024014
0.3902444
0.354486
0.211565
0.3239997
0.3268683
0.3623922
0.3767709
0.3085649
0.3397768
0.3690718
0.3143276
0.455972
0.5528725
0.457642
0.1503211
0.3422069
0.4167676
0.5227762
0.285198
0.4558934
0.2339538
0.484788
0.2792969
0.2914145
0.4484045
0.4286385
0.5358581
0.4189489
0.4125824
0.3982618
0.3726495
0.4948243
0.3783748
0.4705897
0.4156415
0.4235655
0.5257105
0.4446385
0.4359838
0.4098089
0.4574654
0.3895896
0.5241142
0.4085516
0.3510539
0.4351923
0.3876463
0.4878965
0.481742
0.4831618
0.4051721
0.38498
0.5009058
0.4736485
0.4327492
0.5391037
0.5462208
0.5484441
0.4959792
0.5217072
0.5700597
0.5348604
0.6585405
0.5633788
0.491249
0.4350504
0.5913344
0.5029131
0.5735274
0.5598359
0.4807797
0.3398317
0.3739511
0.411519
0.4866412
0.5376594
0.5298554
0.4812724
0.5014142
0.5077364
0.5042153
0.4998072
0.5332559
0.5121671
0.384479
0.4882641
0.5113746
0.5079822
0.5664228
0.5018
0.5722786
0.6223496
0.5097399
0.5503472
0.3545049
0.5735773
0.511049
0.5911854
0.5365562
0.395788
0.5927594
0.553511
0.6228471
0.5902822
0.3733468
0.578895
0.5573101
0.5911836
0.6833808
0.6089066
0.6396678
0.6427007
0.6689243
0.520658
0.7310779
0.5485775
0.5721593
0.4477744
0.7252336
0.5516932
0.5852821
0.5500189
0.5204025
0.5426308
0.6134668
0.7261695
0.6767137
0.6515368
0.4603274
0.3966506
0.5878538
0.5487177
0.5892933
0.6892019
0.6172669
0.6983828
0.486086
0.5230987
0.6732103
0.6657774
0.6004156
0.5430302
0.506899
0.4952095
0.7248248
0.8028876
0.647556
0.6649814
0.6884105
0.6934529
0.5999943
0.6858196
0.5936056
0.7018819
0.7204102
0.6604723
0.6700126
0.6021651
0.4239399
0.6671435
0.6765275
0.6907855
0.711911
0.646872
0.5861646
0.6843984
0.588736
0.8422159
0.5200408
0.7249926
0.7699377
0.6965615
0.7804711
0.6482716
0.5702841
0.8383467
0.6937843
0.6960596
0.6226764
0.6644884
0.9618431
0.6092749
0.6007151
0.7641593
0.6727549
0.7874612
0.7012471
0.7795646
0.7163882
0.6826088
0.7415174
0.7703845
0.6098206
0.8711679
0.7538968
0.6718013
0.662155
0.7528549
0.6200068
0.8563473
0.6721908
0.6855879
0.838113
0.7446359
0.8911087
0.8737477
0.762899
0.6506236
0.7361733
0.7342253
0.7638637
0.7306058
0.6885965
0.7273283
0.925499
0.7530559
0.6443463
0.6676861
0.8292966
0.8165518
0.8199131
0.7956533
0.7374581
0.7511375
0.7580956
0.8530553
0.8072847
0.7809298
0.8493072
0.8609379
0.9916675
0.6382872
0.7531348
0.7087238
0.7827966
0.8405774
0.8466669
0.8106022
0.8091591
0.9438026
0.8351336
0.7939656
0.78296
0.7905966
0.8004519
0.77641
0.860901
0.8667605
0.9820383
0.8062416
1.041949
0.7586605
0.786905
0.6030816
0.7051608
0.8546128
0.7696327
0.8905403
0.7545315
0.8386351
0.9097636
0.9506869
0.798353
0.8421862
1.099087
0.68983
0.8743217
0.945849
0.882917
0.8767783
0.8654585
0.925556
0.8356422
0.9975587
0.8003129
0.8491056
0.8681943
0.9425085
0.9941312
0.8711315
0.7873848
0.9012934
0.9004908
0.9082909
0.8404331
0.9705463
0.995574
0.9809364
0.9726748
0.7786019
0.9386214
0.9293098
1.000204
0.9432672
0.9286688
0.8432095
0.9558
0.9292125
0.8101859
0.8895386
0.7861722
0.9765619
0.8076415
0.9446173
1.051935
1.020999
1.018038
0.9500723
0.9081125
1.05205
1.063708
1.096926
0.9916681
0.9934235
0.9332461
0.9043708
0.8731567
1.053609
0.9008881
0.8068387
0.9244837
0.8977205
1.076829
0.9538203
0.9740067
0.9826471
0.9308727
0.9022277
1.012164