0.03226181
-0.9467593
-1.038688
-0.9371255
-1.046891
-0.9444798
-0.9647028
-1.037746
-1.128707
-0.9960667
-0.944476
-0.9369317
-1.017417
-0.9505033
-0.9418551
-0.9363925
-0.9144807
-0.8588019
-1.027623
-0.9517303
-1.032718
-0.9626921
-0.8630288
-0.9063652
-1.104827
-0.8647015
-0.8969644
-0.9536777
-1.043186
-0.9417845
-0.9065666
-0.9199529
-0.8904004
-1.003971
-0.8709997
-0.8849195
-0.9181883
-0.824438
-0.9383861
-0.9064724
-0.6698529
-0.7516284
-0.8646949
-0.9032682
-0.9809286
-0.7845671
-0.9797393
-0.9274444
-0.9140845
-0.8959975
-0.8309741
-1.02546
-1.025253
-0.6735234
-0.7669795
-0.7960222
-0.8957499
-0.985897
-0.8690401
-0.8339857
-0.6979619
-0.8195983
-0.9515862
-0.9682917
-0.8803101
-0.827914
-0.9285714
-0.8383117
-0.8555777
-0.7955719
-0.8097005
-0.6548689
-0.7549883
-0.9883266
-0.9929749
-0.8585989
-0.7764433
-1.005405
-0.731532
-0.8443876
-0.8267643
-0.8434105
-0.8808119
-0.8667056
-0.8397624
-0.799657
-0.6410291
-0.877695
-0.7620614
-0.9171564
-0.8487515
-0.8106923
-0.7338427
-0.877523
-0.7545675
-0.7130001
-0.7213232
-0.8591876
-0.7515637
-0.8277286
-0.8028595
-0.7485854
-0.792504
-0.9238064
-0.896218
-0.9332607
-0.7356244
-0.7308119
-0.9121407
-0.7221725
-0.8646034
-0.7887369
-0.7841311
-0.7156596
-0.6822814
-0.7666365
-0.6935311
-0.7031089
-0.8677109
-0.745839
-0.8187702
-0.7453521
-0.8500157
-0.8127359
-0.7481637
-0.6096165
-0.7162616
-0.9224238
-0.7133468
-0.7104981
-0.6793657
-0.5588502
-0.7418279
-0.8209128
-0.736322
-0.7815097
-0.7121659
-0.5218148
-0.531033
-0.7043246
-0.7520569
-0.6587949
-0.7743458
-0.8202623
-0.7790061
-0.7350925
-0.6079777
-0.7069433
-0.6629595
-0.6831172
-0.6852961
-0.6936854
-0.7108833
-0.6347299
-0.7413687
-0.6318395
-0.7499668
-0.6604028
-0.6073012
-0.5674763
-0.6217577
-0.5800817
-0.5623303
-0.6049088
-0.673929
-0.6416032
-0.6443342
-0.6542907
-0.8062669
-0.6012534
-0.6700692
-0.6013003
-0.6823728
-0.684272
-0.6054855
-0.7676729
-0.6655604
-0.7640105
-0.6492658
-0.8256886
-0.4964071
-0.6565159
-0.5747418
-0.7040112
-0.5770052
-0.5417671
-0.5142633
-0.6464005
-0.6667694
-0.5802957
-0.6901175
-0.5664486
-0.6522294
-0.6657263
-0.6799734
-0.5378283
-0.5524095
-0.5404775
-0.4939763
-0.5000728
-0.6344378
-0.5713583
-0.6548526
-0.5429151
-0.6407541
-0.7350249
-0.6367559
-0.7828659
-0.4781035
-0.4820577
-0.535807
-0.5904793
-0.5801469
-0.5195313
-0.6478103
-0.6077312
-0.5380656
-0.5432559
-0.5682643
-0.669164
-0.375288
-0.5223665
-0.5626732
-0.5341048
-0.6250674
-0.5156332
-0.5695956
-0.7419302
-0.4867151
-0.5082192
-0.5551778
-0.555725
-0.5067939
-0.4442751
-0.6804317
-0.5328174
-0.7186587
-0.4918694
-0.5254427
-0.6751222
-0.6459656
-0.5303245
-0.5096197
-0.5048341
-0.5985844
-0.6067667
-0.4530536
-0.4752931
-0.5553279
-0.4084605
-0.4267523
-0.5365782
-0.6642668
-0.4930548
-0.52784
-0.4648186
-0.458918
-0.6621176
-0.5187886
-0.4542634
-0.4373902
-0.5160498
-0.5817592
-0.4831311
-0.2787385
-0.431844
-0.4252651
-0.4976055
-0.4805811
-0.4013196
-0.3694992
-0.3285121
-0.4203074
-0.6511732
-0.5789249
-0.3923738
-0.4345235
-0.5137236
-0.4084436
-0.3739607
-0.5701975
-0.3954643
-0.5379202
-0.356998
-0.5091536
-0.608345
-0.3116269
-0.4630414
-0.3467487
-0.4470825
-0.2610983
-0.4466391
-0.5424852
-0.3576302
-0.3291979
-0.4439902
-0.432266
-0.510598
-0.3331028
-0.3745299
-0.4117496
-0.452642
-0.4047893
-0.4800947
-0.4232841
-0.4287799
-0.3418731
-0.5002827
-0.485665
-0.4440375
-0.2889463
-0.5021185
-0.4114564
-0.4457562
-0.4343585
-0.3303589
-0.4479336
-0.5040455
-0.2257702
-0.3469789
-0.3155046
-0.3065059
-0.432194
-0.3616862
-0.3455256
-0.5169867
-0.5110655
-0.2089243
-0.270262
-0.2917711
-0.3054541
-0.3312018
-0.3422672
-0.3256474
-0.1757288
-0.3840455
-0.4766976
-0.2270904
-0.315025
-0.3093538
-0.3056597
-0.3824018
-0.4003958
-0.4090989
-0.3192707
-0.2751371
-0.303619
-0.2114561
-0.2428714
-0.3527633
-0.3281344
-0.3502685
-0.3728289
-0.2459812
-0.2191119
-0.2308396
-0.2272618
-0.250511
-0.3141575
-0.2845044
-0.2811067
-0.2420713
-0.2705505
-0.4097454
-0.3119214
-0.1685818
-0.2813949
-0.3264942
-0.2472676
-0.4303242
-0.1752032
-0.2294147
-0.2444486
-0.365732
-0.4119577
-0.2485636
-0.2611783
-0.2790635
-0.2631591
-0.2279334
-0.07142721
-0.1300395
-0.4299436
-0.2900893
-0.3466449
-0.2593336
-0.1035992
-0.2022421
-0.2705663
-0.2169756
-0.2308604
-0.1343043
-0.1799031
-0.2049842
-0.3823475
-0.3576286
-0.3163131
-0.3152533
-0.1986147
-0.2444184
-0.1145577
-0.07894919
-0.2447024
-0.3329282
-0.1239242
-0.1636117
-0.1266454
-0.1422917
-0.1716481
-0.08716383
-0.1530785
-0.0887134
-0.1429941
-0.1530794
-0.167578
-0.1537025
-0.1846375
-0.1319303
-0.0290873
-0.2090465
-0.1282803
-0.3138245
-0.2278021
-0.160461
-0.163876
-0.04297107
-0.1412615
-0.1836152
-0.06444787
-0.04858637
-0.1071462
-0.08863553
-0.2303725
-0.04971337
-0.09793981
0.01083356
-0.1109198
-0.1072066
-0.177756
-0.09599414
-0.07559994
-0.1712361
-0.2849322
-0.1774218
-0.2127913
-0.2097827
-0.2278335
-0.2325064
-0.07637139
-0.03449044
0.009531518
-0.1265017
-0.189437
-0.05894174
-0.07543482
0.01773231
0.01797173
-0.1503654
0.002400963
-0.07931212
-0.08105174
-0.1143127
-0.1802844
-0.02563823
-0.02855225
-0.1216812
-0.1507294
0.01102775
-0.158486
-0.0865935
-0.06235027
-0.112631
0.05653602
-0.1165854
0.02218207
-0.05969272
-0.1633817
-0.07085414
-0.08674641
0.00242869
-0.07861918
0.07447551
-0.03129144
-0.1006904
-0.04231505
-0.1525314
0.05315334
-0.03438686
0.1307469
-0.1083065
-0.06127621
-0.01818799
0.05635579
-0.05359116
0.03559351
0.09023497
-0.08922502
-0.07654115
0.05236668
-0.008053501
-0.08089878
-0.1888094
0.06528321
-0.01930651
-0.08876811
0.06293305
0.008751932
0.2241888
0.173432
-0.1119431
0.05043102
-0.08409651
0.100513
-0.01783279
0.08665414
0.1214344
0.0885718
0.2157808
0.1457081
-0.05146671
0.01049599
-0.08174373
-0.01446645
0.1144867
0.2158679
0.05406034
-0.1013777
-0.05182561
0.1741063
0.07903046
0.12144
0.01379459
0.008608718
0.1873083
0.06910974
0.1491001
0.00259618
-0.02818621
-0.01502908
0.2706599
-0.1053142
0.05647702
0.1378363
0.02668448
0.1340023
-0.03180231
0.237483
0.03794293
0.1085009
0.1236435
0.007432255
0.1339527
0.03649807
-0.007963687
0.1414389
0.1909824
0.1050522
0.1251483
0.1582613
0.2458929
0.1945782
0.1452469
0.06919329
0.1422792
0.004973964
0.1654317
0.07550906
-0.05354843
0.0754718
0.2004476
0.09891956
0.1421386
0.09190997
0.09803447
0.1565727
0.1384712
0.06882029
-0.003642895
0.1287637
0.1557183
0.164524
0.3236293
0.2695183
0.150785
0.2043807
0.2009793
0.123732
0.182453
0.1049634
0.1537431
0.2537239
0.1601761
0.2342043
0.1239614
0.2012841
0.2260621
0.02806763
0.2600952
0.2526152
0.3046972
0.2641271
0.35514
0.09787674
0.3066062
0.1608955
0.3039405
0.1037753
0.3206156
0.200562
0.3350705
0.30684
0.1887649
0.2405499
0.2847733
0.3482475
0.3223689
0.3221123
0.1968982
0.2916414
0.2162364
-0.02716167
0.2150954
0.1808456
0.1965289
0.2674116
0.3131492
0.2773421
0.3635133
0.2497389
0.3363288
0.2711299
0.1976959
0.09864419
0.3367867
0.1684615
0.4114251
0.2832524
0.1758045
0.3223589
0.23184
0.2982874
0.3923612
0.3118391
0.3351706
0.3931187
0.3812078
0.1891031
0.1255464
0.2710745
0.1179649
0.2340649
0.2983096
0.3554602
0.2906158
0.356626
0.2593471
0.2378806
0.2914221
0.268448
0.2645719
0.4476133
0.1454228
0.3216077
0.3371741
0.3282175
0.3749452
0.2125931
0.3706366
0.2429596
0.2954291
0.243402
0.3429382
0.2220376
0.3274236
0.2873233
0.4311787
0.484272
0.3561463
0.4138721
0.3773105
0.5160425
0.2224861
0.2937694
0.3144323
0.375251
0.3689384
0.3646612
0.378298
0.268946
0.3437759
0.3878749
0.4014626
0.3835984
0.6015413
0.3659984
0.3501022
0.3721434
0.4683778
0.3726221
0.4899441
0.3974101
0.5116886
0.3104742
0.370075
0.4387263
0.347394
0.392802
0.2817499
0.3272975
0.3430777
0.4218276
0.4403264
0.5793494
0.5100703
0.5223487
0.2810334
0.3745097
0.4807654
0.4012909
0.4281063
0.4798397
0.5173585
0.4495364
0.5971779
0.3990268
0.4472833
0.442972
0.2960992
0.4964242
0.3936609
0.578487
0.546874
0.3418375
0.2590327
0.5350177
0.4735068
0.3856843
0.5267105
0.6051981
0.4450792
0.4055331
0.5460172
0.5644055
0.3775293
0.5214153
0.5804757
0.3500611
0.5544241
0.6701166
0.4341335
0.484428
0.524064
0.67621
0.4735501
0.3441911
0.6189503
0.600042
0.6262367
0.5174295
0.7464387
0.5390121
0.5031498
0.5641995
0.5645669
0.4984177
0.5151504
0.3999175
0.5034782
0.5961065
0.6094833
0.5198122
0.5579646
0.5103715
0.6333583
0.6115678
0.611324
0.5667253
0.5118586
0.5665667
0.5526171
0.4298596
0.4856658
0.3963852
0.4831356
0.7347464
0.5969235
0.5284777
0.5712597
0.6313534
0.6434582
0.5557438
0.5530843
0.6675794
0.5349322
0.4832182
0.6698283
0.4991391
0.5296641
0.4295851
0.615513
0.5667965
0.6106132
0.5275517
0.609342
0.7116148
0.6642874
0.6434508
0.6409867
0.5231968
0.7049891
0.6624393
0.5336032
0.6516234
0.5658365
0.7353961
0.6011349
0.6677503
0.7389935
0.6803799
0.6291177
0.6804188
0.558583
0.5425915
0.6412055
0.738373
0.7330952
0.6439001
0.7286729
0.5995731
0.6777529
0.6722877
0.5548071
0.6460261
0.5216357
0.7442188
0.7326289
0.7444546
0.7594468
0.8030436
0.724813
0.5539101
0.7688436
0.6666995
0.7556309
0.7307029
0.7227161
0.6882664
0.5788319
0.5012868
0.681623
0.726463
0.7556537
0.7302728
0.7814345
0.6733001
0.6748923
0.79268
0.7288284
0.6366317
0.6844643
0.8078823
0.7800311
0.6114968
0.7898028
0.7353978
0.666219
0.6458833
0.8362529
0.7077981
0.8133636
0.884642
0.6794148
0.7043771
0.7543419
0.7484753
0.6032019
0.8563711
0.6877432
0.6911491
0.7360443
0.9596317
0.7609094
0.7313644
0.8235116
0.7989153
0.7155552
0.8638158
0.7960434
0.7684925
0.620753
0.6583288
0.8053576
0.7841787
0.8809301
0.7875567
0.7575477
0.8684052
0.9384313
0.8273995
0.6982886
0.9169829
0.7847774
0.6993817
0.8783179
0.6268714
0.7903249
0.7515071
0.7778109
0.7959867
0.7901428
0.8024088
0.851657
0.7594473
0.8029153
0.8564793
0.7543666
0.8506124
0.7886382
0.8820529
0.8868455
1.063202
0.9686349
0.8389488
0.8800832
0.8541258
0.872841
0.7985177
0.9458923
0.9880755
0.8291362
0.906123
0.7400588
0.7695731
0.7012776
0.9155611
0.7567121
0.9160625
0.9214749
0.8932097
0.8850525
0.9968222
0.8623766
0.8500757
0.9963014
0.8497151
1.031519
1.001305
0.7720955
0.9224393
1.008076
0.8542923
0.8235578
0.7601179
0.8815144
1.017079
0.7694645
0.8907304
0.8450697
0.7051273
0.8898583
0.9653676
0.9248632
1.113528
1.015804
0.9457057
0.9731076
0.8996117
1.023541
0.9617269
0.8988191
0.9864742
1.014762
0.9628422
0.9730215
0.7896026
1.005041
0.8138008
1.034715
0.9095191
1.000317
0.8415185
0.9600693
0.9889415
0.8756256
0.9055715
1.060507
1.018868
1.032182
0.9976701
1.01957
0.9110927
1.051155
0.9394846
1.05257
1.010049
0.9141174
1.023455
1.058956
0.9424463
0.9130779
0.8567077