0.13399
-0.9701481
-1.012341
-0.7707155
-0.8935726
-1.062677
-0.9938402
-0.8703322
-1.070218
-0.9970916
-1.03023
-1.07525
-0.9929101
-1.010335
-0.8216428
-1.029735
-0.831715
-0.913171
-0.9820593
-0.977278
-0.856345
-0.9157897
-1.039672
-0.8447267
-1.085598
-0.9257507
-0.7516114
-1.043218
-0.8935498
-0.8766341
-0.9141313
-0.8864364
-0.9801986
-0.8711708
-0.8045041
-1.173882
-0.9858649
-0.9362333
-0.9179153
-0.8889777
-1.071676
-0.8265649
-0.7272448
-0.9840789
-0.9379364
-0.8515634
-0.8665038
-0.8862807
-0.9017722
-0.7452025
-0.8051658
-0.9411643
-0.8355772
-0.8486356
-0.8321631
-0.7440032
-0.9262854
-0.8417954
-0.9662536
-0.7981722
-0.9015864
-0.9337562
-0.8032759
-0.8481214
-0.9250885
-1.079591
-1.038334
-0.7585027
-0.7815034
-0.7812527
-0.8519584
-0.7044351
-0.9096542
-0.7666726
-0.9104417
-0.843127
-0.8182785
-0.9135991
-0.9083615
-0.7856825
-0.7168991
-0.892923
-0.7810657
-0.8895983
-0.802804
-0.8609016
-0.9018413
-0.8080281
-0.8049004
-0.7568643
-0.8729231
-0.8475022
-0.8245042
-0.7796776
-0.841025
-0.9635636
-0.6702872
-0.6840061
-0.8868622
-0.6738915
-0.7388966
-0.8761471
-0.9124545
-0.8272463
-0.8287311
-0.7059135
-0.7479452
-0.6560204
-0.7809762
-0.8959207
-0.8382298
-0.7908509
-0.6702696
-0.7754789
-0.7976886
-0.6460312
-0.7309256
-0.7874367
-0.8793482
-0.6618708
-0.8551234
-0.7685081
-0.757134
-0.7449364
-0.7118624
-0.8428929
-0.6761999
-0.6748895
-0.810746
-0.7302598
-0.6966687
-0.7352196
-0.8273131
-0.7705834
-0.7106323
-0.563716
-0.8016144
-0.7297707
-0.6604176
-0.8416839
-0.760919
-0.6915877
-0.8296797
-0.7511632
-0.6887002
-0.7797136
-0.8306587
-0.6545425
-0.72036
-0.6492517
-0.7078109
-0.6139705
-0.6017911
-0.7361501
-0.5792613
-0.7431882
-0.6634644
-0.6593174
-0.8194672
-0.6860702
-0.6518501
-0.7458157
-0.6324435
-0.784818
-0.6862508
-0.696804
-0.6984471
-0.7220518
-0.6499309
-0.689992
-0.722934
-0.5437168
-0.697677
-0.65082
-0.5536834
-0.6433238
-0.5272425
-0.6768678
-0.5942992
-0.7958995
-0.5466049
-0.6130641
-0.5483816
-0.6808707
-0.5664725
-0.516272
-0.783923
-0.6296655
-0.5440557
-0.5212515
-0.703786
-0.5544727
-0.6241744
-0.6735452
-0.6695372
-0.7721054
-0.6129747
-0.5922661
-0.6016056
-0.6872381
-0.691214
-0.4894277
-0.6762117
-0.6185567
-0.6319248
-0.6073239
-0.5263628
-0.749132
-0.5908505
-0.6392247
-0.6002522
-0.5744968
-0.6917284
-0.6000717
-0.6883194
-0.5709046
-0.6390889
-0.5183695
-0.5301321
-0.5176278
-0.5914251
-0.5466806
-0.682993
-0.6134095
-0.5169334
-0.5702518
-0.6169086
-0.6482619
-0.5452488
-0.4369583
-0.6395883
-0.4202626
-0.3782628
-0.3628565
-0.4633246
-0.6996158
-0.6393145
-0.3382981
-0.4292389
-0.5091381
-0.5163181
-0.515541
-0.6296421
-0.7028546
-0.5401328
-0.5091734
-0.4679497
-0.415703
-0.4267915
-0.6031165
-0.4900615
-0.336098
-0.5971019
-0.4306182
-0.3692647
-0.5103959
-0.6280039
-0.3851477
-0.4232846
-0.3888758
-0.463965
-0.4318709
-0.3459204
-0.4618899
-0.6228264
-0.5047361
-0.4768996
-0.566703
-0.2721457
-0.5819748
-0.479531
-0.5098211
-0.3524626
-0.2594041
-0.3700399
-0.4239326
-0.4338959
-0.4124185
-0.2839472
-0.5632311
-0.3861911
-0.4191535
-0.4258749
-0.5123615
-0.2289259
-0.3929408
-0.2572033
-0.4700516
-0.4825316
-0.5601513
-0.3741024
-0.4245501
-0.3906725
-0.286522
-0.3258266
-0.4347751
-0.4311645
-0.4956936
-0.3684524
-0.3726309
-0.4538239
-0.4860202
-0.3856089
-0.4042675
-0.4524127
-0.4710437
-0.2249856
-0.4395082
-0.4110688
-0.3173005
-0.3865613
-0.3515312
-0.336087
-0.2484729
-0.2818016
-0.1165205
-0.4487476
-0.3458716
-0.3435418
-0.4279607
-0.47873
-0.4427221
-0.3919318
-0.1806932
-0.1994825
-0.2344253
-0.3961395
-0.4526027
-0.4766056
-0.3587857
-0.3888214
-0.2508987
-0.4138181
-0.2497077
-0.3993164
-0.3173467
-0.4390868
-0.2764243
-0.1908045
-0.2782469
-0.09949172
-0.1840185
-0.2038978
-0.3707461
-0.4881363
-0.246041
-0.2966916
-0.3139901
-0.2048292
-0.4057265
-0.2473811
-0.2551526
-0.1145439
-0.03931896
-0.2962365
-0.4084554
-0.2787754
-0.1439253
-0.3393565
-0.3848198
-0.4631455
-0.2113198
-0.3081154
-0.3438493
-0.283931
-0.4129795
-0.3444303
-0.3157659
-0.1879648
-0.2280691
-0.4200709
-0.3181523
-0.05075008
-0.2256158
-0.2303004
-0.2110691
-0.2872238
-0.2994629
-0.3160419
-0.2668329
-0.2528105
-0.2325445
-0.3322505
-0.2191341
-0.2893513
-0.2217741
-0.08571319
-0.1789388
-0.04702574
-0.2917443
-0.2823579
-0.1737741
-0.135791
-0.1943607
-0.2278628
-0.1143772
-0.2308079
-0.2646616
-0.1647829
-0.1350099
-0.2428775
-0.2397668
-0.2660504
-0.2470861
-0.1588073
-0.1991097
-0.2664589
-0.1932521
-0.2882042
-0.06372519
-0.2512754
-0.1849188
-0.1944012
-0.1650709
-0.1132105
-0.1628604
-0.1092179
-0.02620861
-0.1995961
-0.1875538
-0.1677204
-0.1411132
-0.1557317
-0.01037139
-0.2523354
-0.2009164
-0.1885763
-0.05994442
-0.1577519
-0.1537806
-0.1477792
-0.08177232
0.03571574
-0.2190052
-0.2198682
-0.1559744
-0.2826845
-0.05879158
-0.1498377
-0.2695429
-0.1154046
-0.05181838
-0.1104813
0.000217172
-0.03660072
-0.1632846
-0.01671984
-0.1422846
0.01977405
-0.0481468
0.0261888
-0.1449913
-0.1672653
-0.1361998
0.04987248
0.01686707
-0.09100663
-0.05010428
-0.1706502
-0.01202862
0.05981793
-0.07602625
-0.01469217
-0.09069956
0.04878591
-0.09041939
-0.1495874
0.09750528
-0.136001
-0.08797912
-0.1292707
-0.136952
0.06700767
0.01444836
0.02126626
-0.1281318
-0.006669842
-0.08618899
0.01051584
-0.1304056
-0.1281022
-0.1087286
-0.03428677
-0.09240706
0.07229377
-0.06025973
-0.06422252
-0.0253279
-0.06274637
-0.03389812
-0.002183261
-0.1515477
-0.03617225
0.1325604
-0.01123751
-0.04603027
-0.08503249
0.12876
-0.02129731
0.1206547
-0.2358152
-0.2252789
-0.04687528
-0.01753581
0.05866115
0.01580203
-0.07894135
-0.04783806
-0.1203869
0.05195389
-0.111372
0.005655468
-0.005646028
0.1534616
0.09479983
-0.0843726
0.005949629
0.1366763
-0.1754481
0.001066174
0.01840962
0.01650421
0.1053438
-0.1461746
0.1148544
-0.07478306
-0.04456203
-0.02985499
0.01527965
-0.1418152
0.1410534
0.02824379
-0.06908492
-0.06225121
0.2962805
-0.02438759
0.02507456
0.02204703
0.1312925
0.2257536
-0.007436804
0.03677717
-0.06012224
0.03589293
-0.0714907
0.1455466
0.0622945
0.1201405
0.1439202
0.1357957
0.1446993
0.2075479
0.2141134
-0.09742595
0.2223174
0.1705209
0.3419026
0.187404
0.3922238
0.1774162
0.1077961
0.07437735
0.2547063
0.1662316
0.1298659
0.1668652
0.0298004
-0.0002428545
0.07511532
0.1661309
0.1164779
0.1004927
0.1367505
0.1318964
0.1229126
0.1725032
0.2178969
0.180388
0.1475509
0.05511314
0.1262027
0.04629777
0.05933381
0.1979456
0.1190361
0.08011016
0.1389389
0.1298206
0.003695506
0.1613959
0.2435098
0.2320301
0.1980705
0.264268
0.3104136
0.2200588
0.2591008
0.1971537
0.2316764
0.1211993
0.0517211
0.246433
0.1283968
0.3042217
0.1316419
0.1345104
0.3207153
0.2346916
0.2187566
0.3139877
0.3286055
0.1361177
0.2619777
0.1069618
0.06562291
0.2392068
0.2818533
0.1056508
0.123889
0.1592147
0.2235673
0.1735068
0.1192248
0.1580864
0.3493193
0.04681548
0.3336482
0.3072151
0.2290514
0.3427158
0.2008937
0.1592199
0.3024733
0.2154541
0.1312348
0.2085279
0.1244394
0.3594385
0.3801732
0.2391712
0.3425126
0.3835642
0.335993
0.4330165
0.3084146
0.2519833
0.3578663
0.3379425
0.182962
0.2221368
0.3344509
0.3333155
0.3161194
0.2683957
0.3738182
0.2446878
0.2717553
0.3284223
0.2473119
0.2391421
0.3080311
0.2123309
0.4380914
0.3688386
0.3218723
0.4892216
0.2693212
0.4036049
0.1986324
0.3767468
0.363498
0.3041307
0.3822872
0.3661123
0.2213697
0.3277318
0.3164502
0.3664067
0.4112757
0.3035602
0.3533705
0.3738732
0.2853888
0.4470885
0.5478232
0.4588312
0.1735232
0.3528521
0.4243013
0.5194477
0.2648616
0.4602084
0.2538423
0.4707944
0.2473228
0.2949775
0.4577803
0.445473
0.5460254
0.3958648
0.4069168
0.3927462
0.388366
0.4915634
0.3671706
0.4817097
0.4174216
0.4401292
0.5087059
0.4446705
0.4442003
0.4153082
0.4756076
0.3946161
0.5097147
0.3973194
0.3441242
0.4157473
0.3854343
0.4947973
0.4826783
0.4800364
0.4236754
0.3690608
0.5364842
0.4777529
0.4333634
0.5341391
0.5319678
0.5439371
0.5005244
0.5118608
0.5526355
0.5231336
0.675248
0.5648514
0.5079647
0.4577506
0.5663011
0.4941294
0.5778899
0.5587288
0.4634278
0.3526893
0.3756685
0.4059782
0.512245
0.5577031
0.5283876
0.4800068
0.4796883
0.5054511
0.5169446
0.4828599
0.5313278
0.497071
0.383039
0.4861352
0.5241789
0.5111217
0.5829348
0.5071348
0.5601125
0.6568964
0.5297638
0.5334164
0.3814575
0.5781058
0.5357498
0.5761952
0.546839
0.4152365
0.6091981
0.5617679
0.6000859
0.5868568
0.3882312
0.586127
0.5503267
0.588337
0.7145341
0.5837861
0.6290012
0.617462
0.6794236
0.5057255
0.7330619
0.5409228
0.5990246
0.4479092
0.7141259
0.5617989
0.5943808
0.5484296
0.5100939
0.5450427
0.6243138
0.7327445
0.6613578
0.6617256
0.4676299
0.4009316
0.5992298
0.5625196
0.5649354
0.6818471
0.6073304
0.7304317
0.466965
0.5195218
0.6787697
0.6565106
0.613991
0.5374238
0.4934254
0.4801268
0.7101824
0.8020688
0.615723
0.6656904
0.7262881
0.6768791
0.611847
0.6910078
0.5980407
0.7338867
0.7164518
0.652404
0.6613565
0.6060738
0.4304331
0.681991
0.6747872
0.6910402
0.7154416
0.6581886
0.5859221
0.6850866
0.5685865
0.8373998
0.5522078
0.7428735
0.7682575
0.7033457
0.7845921
0.6380519
0.5569656
0.8291744
0.6906133
0.7132289
0.6014644
0.656183
0.9607349
0.6376567
0.6084581
0.7730392
0.6687154
0.7738261
0.7232189
0.7831671
0.7168195
0.6934398
0.7642558
0.7938118
0.5912052
0.8487563
0.7668923
0.6602781
0.6387506
0.7460663
0.6080862
0.824588
0.6457229
0.6721323
0.8618285
0.7744694
0.8869775
0.878474
0.7599952
0.662865
0.7613075
0.7220148
0.7581633
0.7156914
0.6928677
0.6877688
0.9340458
0.7170476
0.6641466
0.6736058
0.8076526
0.8357689
0.8074538
0.8020833
0.7323419
0.7483613
0.7880717
0.8439494
0.8095328
0.7711226
0.8537762
0.8525415
0.9788794
0.6231419
0.7704168
0.6887087
0.7583798
0.8200308
0.8439002
0.816843
0.8239157
0.9226818
0.8113034
0.7887747
0.7788348
0.7891469
0.8037494
0.7833081
0.878834
0.8510797
0.9839739
0.8175407
1.040706
0.7443184
0.7813979
0.6025133
0.6972861
0.8638502
0.7804944
0.8772105
0.769753
0.8398468
0.8825385
0.9299087
0.8392823
0.851643
1.124475
0.6706435
0.9026793
0.9494191
0.8994755
0.8656685
0.8816029
0.9254025
0.8623769
0.97294
0.814552
0.8573221
0.8392363
0.9315429
0.9973577
0.8596501
0.7765781
0.9304949
0.9110782
0.9234197
0.8620142
0.9869169
0.9805282
0.978327
0.9520232
0.7741582
0.9340269
0.9305191
0.9981422
0.9580082
0.9180338
0.8375456
0.9638375
0.9479782
0.8183846
0.8792592
0.8162188
0.961091
0.7917223
0.9281091
1.060324
1.033247
1.018998
0.9441903
0.8941354
1.035234
1.05266
1.079091
0.9826731
1.010339
0.9385964
0.8710196
0.8733451
1.088115
0.8919022
0.817921
0.9495444
0.8900992
1.083449
0.9508219
0.9690227
0.987692
0.9253326
0.9277115
1.015462