-0.0347521
-1.091847
-0.9702507
-1.047292
-0.9227158
-0.939448
-0.8731823
-0.9099926
-0.9683904
-1.139367
-0.9477921
-0.9266382
-0.9811444
-0.9775114
-0.8931211
-1.035556
-1.004967
-0.7613958
-0.9919722
-1.00933
-0.9692325
-0.7805973
-0.9067593
-0.9886275
-0.856785
-0.8925176
-0.9872283
-0.9303568
-0.943367
-0.9465652
-0.7799594
-0.9239221
-0.8263335
-1.031546
-0.9484715
-0.8789472
-0.955185
-0.9156906
-0.9848181
-0.8549449
-0.8716115
-0.9489917
-0.9539793
-1.099782
-0.9909886
-1.017403
-0.9632534
-1.041321
-0.9248955
-0.8977037
-0.9014995
-0.9577379
-1.013261
-0.8698251
-0.909534
-0.9874616
-0.8161366
-0.7879494
-0.911233
-0.9277655
-0.8831697
-0.8864105
-1.040851
-0.9983353
-0.8027204
-0.8689033
-0.8577197
-0.9036204
-0.7221706
-0.9631403
-0.8959812
-0.9689276
-0.9395637
-0.9526011
-0.9598362
-0.8240284
-0.9000854
-0.8710948
-0.7228634
-0.8243843
-0.787087
-0.8798535
-0.8215071
-0.9418422
-0.9653843
-0.9910359
-0.8344549
-0.7498484
-0.7957501
-0.7806501
-0.904102
-0.9567109
-0.74502
-0.9213113
-0.7744054
-0.8945047
-0.778209
-0.7724465
-0.9053776
-0.7704823
-0.8227771
-0.7537021
-0.7925236
-0.789873
-0.7169348
-0.7519932
-0.8546077
-0.5884019
-0.7367161
-0.8010499
-0.8932361
-0.8144481
-0.8196988
-0.7780921
-0.5432681
-0.8155923
-0.7952427
-0.7678359
-0.7815613
-0.6412412
-0.8718838
-0.6961337
-0.8963972
-0.6800004
-0.6927743
-0.813064
-0.8107209
-0.7981929
-0.7602237
-0.8497326
-0.8150855
-0.7335588
-0.8254916
-0.6164975
-0.7112024
-0.7950133
-0.7999674
-0.6846779
-0.7299705
-0.8142834
-0.7024222
-0.7654424
-0.7435555
-0.4937258
-0.8340063
-0.6518102
-0.744543
-0.4914784
-0.6431605
-0.6629461
-0.6950728
-0.6139116
-0.6420209
-0.6394387
-0.7109313
-0.7653883
-0.6696828
-0.7125427
-0.5847443
-0.792487
-0.7512108
-0.6463032
-0.5651531
-0.5927689
-0.6085772
-0.7027886
-0.7226936
-0.6890132
-0.679513
-0.6242039
-0.5821927
-0.6823781
-0.6089137
-0.479957
-0.7424607
-0.5789245
-0.7760755
-0.6008171
-0.7937311
-0.5898003
-0.5620846
-0.6279651
-0.6368851
-0.5737379
-0.590699
-0.600284
-0.7381007
-0.6508097
-0.5818336
-0.5564692
-0.7591911
-0.6370256
-0.7464282
-0.5695566
-0.6060972
-0.6360469
-0.550464
-0.622857
-0.6423438
-0.4686018
-0.5542595
-0.7654946
-0.6174159
-0.615832
-0.6530102
-0.660161
-0.5666326
-0.4077631
-0.5986887
-0.4180327
-0.5082424
-0.5643724
-0.4923586
-0.4861124
-0.6068463
-0.6133295
-0.5569389
-0.6904432
-0.473664
-0.6528549
-0.5824864
-0.5455335
-0.6763797
-0.6773687
-0.4148619
-0.6065796
-0.5848164
-0.3784757
-0.4981325
-0.5740751
-0.576885
-0.3775914
-0.6140397
-0.492361
-0.5719046
-0.637276
-0.4718494
-0.4671047
-0.5469402
-0.4626777
-0.5085838
-0.4623705
-0.5455054
-0.5677009
-0.4322003
-0.5760687
-0.6080713
-0.4922379
-0.5762837
-0.6368734
-0.5411016
-0.3545387
-0.6616435
-0.333681
-0.5532053
-0.5527971
-0.509164
-0.4656333
-0.4695236
-0.40024
-0.3808586
-0.4836592
-0.6010092
-0.4638547
-0.5006369
-0.556408
-0.4027256
-0.4168646
-0.4311205
-0.4989346
-0.4131046
-0.3450492
-0.4828197
-0.4043435
-0.2897171
-0.3578028
-0.4438488
-0.4645593
-0.3807048
-0.5177173
-0.4511393
-0.4103356
-0.3865999
-0.4699745
-0.5353085
-0.3277777
-0.4723305
-0.5239076
-0.3030732
-0.575564
-0.4270116
-0.3760263
-0.4521503
-0.3877388
-0.4320765
-0.3960772
-0.4105996
-0.5516336
-0.3560235
-0.4378849
-0.5644333
-0.512451
-0.3921893
-0.5011965
-0.4933495
-0.459207
-0.3391853
-0.2763652
-0.4322802
-0.456142
-0.5139319
-0.5766781
-0.3840214
-0.3906989
-0.3440765
-0.4637644
-0.4465608
-0.3346883
-0.4470427
-0.4075032
-0.4440108
-0.3827633
-0.3619599
-0.25787
-0.3614351
-0.3848485
-0.44011
-0.3610034
-0.4221655
-0.2993114
-0.3690078
-0.4134024
-0.3334035
-0.3646374
-0.389557
-0.1761208
-0.1706049
-0.1969569
-0.35382
-0.3894804
-0.3500518
-0.3372638
-0.2870343
-0.3156816
-0.424235
-0.3492641
-0.2870788
-0.2718843
-0.3566899
-0.2575772
-0.253215
-0.1918782
-0.2909808
-0.2663101
-0.2206695
-0.3705827
-0.2519727
-0.2111162
-0.3879392
-0.1829755
-0.3764653
-0.222617
-0.3060354
-0.2563096
-0.1964745
-0.2692889
-0.3635509
-0.431731
-0.4417189
-0.2636567
-0.2226561
-0.2071956
-0.3120739
-0.3798884
-0.1253272
-0.3575121
-0.2691654
-0.2352729
-0.1592661
-0.3221596
-0.1415874
-0.149052
-0.3078031
-0.4313217
-0.3976386
-0.1070081
-0.1948849
-0.2050597
-0.1933422
-0.1623029
-0.3369836
-0.3342372
-0.3548727
-0.3215259
-0.3066208
-0.1626736
-0.2919361
-0.2182762
-0.1398523
-0.2447959
-0.3010425
-0.01453136
-0.05313021
-0.3641419
-0.3379778
-0.223524
-0.2550041
-0.1603401
-0.02165005
-0.2016657
-0.1497176
-0.2737068
-0.1715245
-0.2644434
-0.1809911
-0.1018743
-0.1672105
-0.2883534
-0.1950768
-0.1722692
-0.1404509
-0.1773034
-0.1104105
-0.1937707
-0.04750167
-0.3588884
-0.1309891
-0.02680993
-0.1610098
-0.07170583
-0.2068392
-0.1849114
-0.09545504
-0.1308527
-0.1358204
-0.2115653
-0.06958117
-0.2312132
-0.1015742
-0.2474063
-0.2057027
-0.1494951
-0.1501513
-0.04285415
-0.1452756
-0.05416678
-0.3146984
-0.2337157
-0.1373447
-0.07332919
-0.2107169
-0.0445629
-0.03307617
-0.2339101
0.04256394
-0.2186799
0.01169956
-0.02205693
0.02620083
-0.2920933
-0.07924573
-0.03522035
-0.1641659
-0.0448869
-0.1231675
0.03550018
-0.1215829
-0.1316446
-0.02920758
-0.01596984
-0.0165483
-0.1034368
-0.1276687
-0.08362871
-0.05157037
0.01028783
-0.1748679
-0.05334227
0.01384164
-0.03612922
-0.05014255
-0.04240378
0.03064738
0.05571459
-0.0463217
-0.0718384
-0.02599454
-0.1886077
-0.05247311
0.05756996
-0.1216325
0.1037701
0.01815644
0.03174388
-0.1456923
-0.0821908
0.04327384
-0.1874451
-0.02855263
0.01295239
-0.1164558
-0.02177124
0.1315763
-0.004506474
-0.06403223
0.09880695
-0.009152548
0.02909307
-0.005003907
8.866293e-05
0.02372689
-0.03256926
-0.005559244
0.009974723
0.08513911
0.1020784
0.0130527
0.07442651
0.0197134
0.03833901
0.0991484
-0.07015519
0.1458426
0.03497572
0.04602024
0.1427815
0.01712558
-0.078114
-0.06788769
0.05850193
-0.03362634
0.2164176
0.133629
0.06537006
0.1569993
0.147241
0.0641274
-0.04583145
0.1227379
0.1213423
0.02967807
0.1203271
0.09314378
0.006088392
0.1337002
0.04915886
0.1294722
-0.007716189
0.201204
0.05183963
0.2641527
0.1515186
0.1067964
0.01522593
0.1630576
0.220784
0.1219963
0.05966063
0.101957
-0.04164917
0.1039649
0.1637667
0.09380778
0.08434522
0.1518795
0.2436458
0.1880908
0.04737345
0.1391608
0.157934
0.2341714
0.1607228
0.3069929
0.1100879
0.1541979
0.04592868
0.1908459
0.1620065
0.1851949
0.1411865
0.1811947
0.129152
0.1448192
0.008090604
0.09526884
0.2586958
0.2947044
0.1140498
0.1134499
0.3044513
0.1661498
0.1558982
0.1602766
0.118574
0.2632303
0.05867839
0.2171109
0.2552868
0.1031789
0.3396567
0.1843532
0.1743721
0.1194254
0.03040753
0.3413259
0.2389073
0.124557
0.194112
0.2147796
0.3586017
0.2452254
0.1658949
0.07924702
0.1753764
0.2676098
0.2402903
0.07730738
0.1247989
0.2361403
0.1457263
0.3312853
0.1991448
0.2522676
0.3737355
0.2447485
0.2794966
0.1458604
0.1617124
0.2902504
0.2636324
0.1254404
0.04162849
0.2770481
0.3277856
0.2596469
0.2028289
0.2342786
0.2915789
0.1385655
0.2101814
0.2422264
0.2730028
0.247761
0.3929496
0.2342502
0.360248
0.1319429
0.3282609
0.3170815
0.2521248
0.4230276
0.3286026
0.302169
0.4018695
0.3701909
0.4208466
0.3651461
0.2986716
0.2916153
0.4139561
0.3303817
0.1526005
0.340254
0.3965408
0.3961846
0.4322752
0.3978115
0.2416537
0.3708528
0.276138
0.2328665
0.4000491
0.4245889
0.4097208
0.3086537
0.3865857
0.2588338
0.4935604
0.5930593
0.5266226
0.3874829
0.5509905
0.338962
0.3946407
0.3030821
0.3484559
0.433441
0.5475151
0.3319601
0.364282
0.4877054
0.3430287
0.2376388
0.2461184
0.3454191
0.3153762
0.3190703
0.2880271
0.4579513
0.3776627
0.2628929
0.411839
0.3918263
0.4887111
0.3766444
0.3694047
0.3373871
0.4553101
0.352835
0.4378173
0.3816918
0.4070848
0.3253679
0.3141004
0.4947312
0.3987535
0.4273446
0.4168214
0.4369184
0.4015128
0.2523799
0.3905243
0.335547
0.5826332
0.4903732
0.5048279
0.3609018
0.5593468
0.5220084
0.5062342
0.4501596
0.4295689
0.4558301
0.3999105
0.4415196
0.4032199
0.4799081
0.3782311
0.4606989
0.403772
0.4325015
0.3665386
0.4899855
0.4496023
0.4440183
0.5722065
0.5564857
0.5817905
0.5640406
0.5470885
0.5553935
0.5605172
0.6141899
0.6176551
0.5014924
0.5174992
0.6132567
0.5770686
0.4367599
0.5467215
0.5448721
0.536385
0.5227433
0.4527379
0.628694
0.421169
0.5092886
0.4628188
0.5743751
0.5001818
0.5553963
0.5176636
0.5274105
0.4496922
0.4677047
0.5705257
0.4251189
0.5210957
0.6549121
0.6482864
0.6067045
0.5718345
0.6651098
0.4346557
0.5778566
0.6225831
0.5133019
0.6254372
0.5318158
0.5263407
0.4168872
0.7540853
0.5955875
0.5947631
0.4710666
0.499101
0.5961
0.55795
0.5772133
0.6711173
0.5523349
0.5655282
0.4599885
0.6516219
0.528467
0.4374881
0.4882324
0.5180533
0.6204518
0.6361725
0.6171885
0.7127391
0.7424429
0.6609318
0.7289761
0.5295
0.5660137
0.6816397
0.5746242
0.6290738
0.6550328
0.700222
0.4526162
0.6763677
0.6910713
0.8662769
0.682911
0.6849225
0.6734915
0.7542453
0.8202753
0.6700194
0.6091045
0.6816426
0.6648275
0.7377495
0.6822528
0.6093336
0.7473719
0.6843827
0.6686427
0.6237145
0.6981855
0.685086
0.6193286
0.7852727
0.6218173
0.6872707
0.6039456
0.6280092
0.8035098
0.7271661
0.7048332
0.7755293
0.7921812
0.8191843
0.6987513
0.6934836
0.7724305
0.6059519
0.8657277
0.6923806
0.752058
0.7896111
0.6557536
0.6932563
0.673602
0.7965999
0.689172
0.6365207
0.6242278
0.7556714
0.6879584
0.8443041
0.8468671
0.7299412
0.6765694
0.8094056
0.8011247
0.6123278
0.793484
0.6627343
0.6973416
0.7580758
0.696557
0.7264481
0.6889035
0.7582159
0.7902555
0.6798333
0.8453709
0.8554926
0.9243443
0.8626414
0.7262989
0.8270398
0.6759989
0.7222139
0.7455191
0.7317526
0.9117116
0.8039594
0.8726468
0.6679802
0.8045305
0.7879899
0.833882
0.7610897
0.8750835
0.7113727
0.8200518
0.7210247
0.8063478
0.803673
0.8075544
0.7404048
0.776318
0.8893602
0.7893781
0.9667359
0.8490488
0.9038328
0.8370651
0.8236141
0.7552701
0.9627665
0.9142869
0.8626062
0.8360288
1.053178
0.8095604
0.9263005
0.9587321
0.861345
0.8434817
0.8686485
0.7687853
0.8694216
0.7239746
0.9143253
0.9881094
0.7761878
0.9492455
0.7719534
0.8880579
0.9790166
0.8423526
0.9580522
0.8614147
0.8565554
0.7533306
0.8910095
0.9849567
0.9623223
0.9558591
0.9171959
0.7802489
1.095467
0.9742138
0.854424
0.9553728
0.8565723
0.9026509
0.9460283
0.9797238
0.9273064
1.015911
0.8857807
0.9117252
0.7893306
0.9076935
1.021171
0.9367329
1.046577
0.9488816
1.058197
0.8437104
0.8721569
0.9840926
0.9211618
0.9586396
0.7519028
0.9005262
1.037806
0.9203434
0.8177503
1.03994
0.9426875
1.020805
0.9339562
1.003919
1.153339
0.976224
1.110247
0.9946347
0.9490192
1.008013
0.9171394
1.053028
1.092834
0.864157