-0.02643087
-1.09875
-0.9787563
-1.039815
-0.9408055
-0.9236657
-0.8925238
-0.9136655
-0.9654908
-1.137606
-0.9528285
-0.9205296
-0.968746
-0.966908
-0.8962888
-1.052555
-1.000123
-0.7564929
-0.9942899
-1.022364
-0.9655503
-0.779837
-0.9061926
-0.9904365
-0.8874629
-0.8957997
-1.002194
-0.927018
-0.9538552
-0.9350909
-0.7899969
-0.907919
-0.8250341
-1.030338
-0.933145
-0.8476307
-0.9565301
-0.9313959
-0.9785287
-0.871511
-0.8693547
-0.9535843
-0.9158037
-1.086725
-1.00235
-0.9986808
-0.9693865
-1.074711
-0.9361673
-0.8785337
-0.9031873
-0.9704009
-1.007274
-0.8937328
-0.8968809
-0.9905447
-0.8379957
-0.8232428
-0.936858
-0.9465847
-0.8688745
-0.8988718
-1.053244
-0.9904547
-0.8113602
-0.8639313
-0.8561101
-0.8938822
-0.7195232
-0.949814
-0.891917
-0.9751857
-0.932219
-0.9581742
-0.9758035
-0.8064849
-0.9027302
-0.8953299
-0.7326724
-0.8282645
-0.7827569
-0.8758496
-0.8183325
-0.9329906
-0.9521089
-1.005755
-0.8411989
-0.7597383
-0.7808541
-0.7841408
-0.8982586
-0.9701509
-0.7287822
-0.9049222
-0.7739261
-0.9093004
-0.8081111
-0.7657011
-0.9174382
-0.7489706
-0.8229616
-0.7418917
-0.803456
-0.7886089
-0.7432694
-0.7454496
-0.8416969
-0.5814427
-0.748903
-0.8000932
-0.8847175
-0.8145377
-0.818331
-0.7912502
-0.5487519
-0.832634
-0.7978184
-0.7367326
-0.7904223
-0.6563312
-0.8547332
-0.6688565
-0.8866788
-0.6684231
-0.6928711
-0.8043909
-0.7910974
-0.8115299
-0.7592188
-0.8538755
-0.8182269
-0.7529114
-0.8342086
-0.6144448
-0.6909883
-0.8123501
-0.7874275
-0.7063218
-0.7496625
-0.8068321
-0.6920956
-0.7540156
-0.7391582
-0.4900842
-0.8102081
-0.6335143
-0.7528015
-0.4849018
-0.6427876
-0.6580959
-0.7137278
-0.6115723
-0.6531341
-0.6376581
-0.715551
-0.7465105
-0.6618936
-0.7056215
-0.5770121
-0.8187715
-0.7269741
-0.6268128
-0.5742782
-0.6075681
-0.6078654
-0.6976041
-0.735921
-0.6852432
-0.6933717
-0.6371737
-0.5830056
-0.6578822
-0.609322
-0.4827334
-0.7600315
-0.581873
-0.7957529
-0.6041711
-0.7899913
-0.6068558
-0.5569118
-0.6088542
-0.6504924
-0.5788997
-0.5970468
-0.6005508
-0.7214792
-0.6398217
-0.5792835
-0.5466347
-0.7583372
-0.6261985
-0.7541108
-0.5638438
-0.6063329
-0.6190695
-0.5519521
-0.6268848
-0.6431502
-0.4619642
-0.5366959
-0.7823489
-0.6357038
-0.6293349
-0.6536924
-0.6407887
-0.5772992
-0.4074072
-0.5994684
-0.4104911
-0.4939835
-0.5643694
-0.51146
-0.4919262
-0.6068838
-0.5911009
-0.544056
-0.6857491
-0.5090801
-0.6560881
-0.5803004
-0.5312585
-0.6668328
-0.6908453
-0.4254955
-0.6319638
-0.5866389
-0.3797193
-0.4807497
-0.5911379
-0.5649
-0.3804227
-0.6161453
-0.4853438
-0.5624712
-0.6242109
-0.4910504
-0.46308
-0.5481948
-0.4605641
-0.5201063
-0.4546776
-0.5368767
-0.5868332
-0.4262991
-0.5770172
-0.5914139
-0.5057319
-0.550275
-0.6550428
-0.5443785
-0.3571245
-0.6633903
-0.3500199
-0.5397562
-0.5484172
-0.4953811
-0.4640185
-0.491111
-0.3952784
-0.3702294
-0.4997373
-0.6186026
-0.4533906
-0.49805
-0.5712986
-0.4081276
-0.4246292
-0.4215126
-0.510608
-0.4097636
-0.3360768
-0.4659722
-0.4114476
-0.2691603
-0.3666246
-0.42787
-0.4903429
-0.3643412
-0.5167459
-0.4458506
-0.4249792
-0.3587451
-0.4621437
-0.5428917
-0.3218212
-0.4755704
-0.5048485
-0.2828196
-0.5805116
-0.445823
-0.3805103
-0.4558992
-0.3793356
-0.4097352
-0.3852345
-0.3959222
-0.5697699
-0.3386949
-0.4154871
-0.574399
-0.5006189
-0.3945281
-0.4963548
-0.4969895
-0.4567522
-0.3433429
-0.2948756
-0.4338508
-0.4634593
-0.5141768
-0.5729697
-0.3702581
-0.3808506
-0.3275768
-0.4468445
-0.4779289
-0.319701
-0.4197571
-0.4286754
-0.442494
-0.3739501
-0.3553297
-0.2595697
-0.3716571
-0.3977614
-0.4294043
-0.3641181
-0.4268132
-0.290547
-0.383125
-0.4153369
-0.3552095
-0.3480285
-0.3912814
-0.165485
-0.179069
-0.186811
-0.3534617
-0.384129
-0.3331748
-0.3283344
-0.293353
-0.300957
-0.3774889
-0.3722106
-0.2869528
-0.2714876
-0.3543425
-0.2468459
-0.2462468
-0.1967416
-0.2997419
-0.270929
-0.2275171
-0.3736778
-0.2545885
-0.1968154
-0.3821983
-0.1669217
-0.3578803
-0.2343579
-0.2950827
-0.2619793
-0.2002545
-0.2804663
-0.3614692
-0.4178449
-0.4139569
-0.277486
-0.2308901
-0.21182
-0.2935699
-0.3737842
-0.1372931
-0.3629465
-0.2670993
-0.2207615
-0.1569561
-0.3392981
-0.1443055
-0.1489151
-0.2865996
-0.4320163
-0.3905484
-0.110355
-0.2090404
-0.1945807
-0.2197695
-0.1642157
-0.360739
-0.3399224
-0.3324418
-0.3305972
-0.3230647
-0.1648418
-0.285936
-0.2198815
-0.1366144
-0.2379155
-0.2787521
0.002833766
-0.03709016
-0.3753918
-0.328794
-0.2088065
-0.2532744
-0.1566768
-0.01375488
-0.2180796
-0.150376
-0.2866735
-0.1622725
-0.2668258
-0.175626
-0.1106364
-0.1617341
-0.288189
-0.2137552
-0.1699322
-0.1235349
-0.1559656
-0.1227347
-0.1875158
-0.04050972
-0.3424947
-0.1298586
-0.03400552
-0.1543667
-0.05755041
-0.2050616
-0.1890998
-0.08576261
-0.1143975
-0.1335626
-0.2325508
-0.07697594
-0.2211691
-0.1166254
-0.2468724
-0.2160289
-0.1733291
-0.1648518
-0.05972551
-0.1451713
-0.06476355
-0.3033073
-0.2510562
-0.1153721
-0.0694293
-0.2212851
-0.034898
-0.02120242
-0.2329734
0.02919707
-0.2292889
0.01302349
-0.02608714
0.02060182
-0.3121186
-0.09268976
-0.04955829
-0.1516208
-0.04190947
-0.1315534
0.05895778
-0.1122733
-0.1533735
-0.05681286
-0.002159742
-0.0240836
-0.1083451
-0.1295162
-0.07555958
-0.063302
-0.008048315
-0.1935226
-0.05300653
0.000346761
-0.03406181
-0.05810212
-0.05530685
0.03341353
0.06751489
-0.04333402
-0.08175402
-0.003280669
-0.1985913
-0.05277609
0.04703587
-0.1278766
0.09454256
0.02983002
0.01051161
-0.1658909
-0.08457079
0.01869546
-0.1955582
-0.02321121
0.01160943
-0.1235892
-0.01511477
0.1511155
-0.01380815
-0.07000787
0.1116348
-0.0006749879
0.03677646
0.01471523
0.0171691
0.005029721
-0.03078761
0.0003863978
-0.003474313
0.06705751
0.1294929
0.01969202
0.05872237
0.01742113
0.05985242
0.1240942
-0.0496971
0.1351337
0.03302483
0.01898508
0.130212
0.00837284
-0.08476159
-0.06694058
0.0534132
-0.02353992
0.2284473
0.1252337
0.08884942
0.1650576
0.1660824
0.03268792
-0.05125883
0.1254368
0.1313356
0.04793023
0.07538711
0.1084301
0.01643976
0.1317488
0.02346665
0.1071717
-0.01193757
0.1950061
0.02947714
0.2633412
0.1542955
0.1275502
0.01584999
0.1614248
0.214687
0.1359365
0.05475516
0.08015268
-0.03039553
0.1173025
0.1669147
0.08308713
0.08166615
0.1512236
0.2587346
0.1747826
0.03393781
0.1318317
0.1389881
0.2233007
0.1423794
0.3179284
0.09976903
0.1661899
0.05544706
0.1681023
0.1781301
0.173373
0.1579122
0.1741789
0.1259447
0.1494321
0.01721721
0.06647184
0.2528082
0.2958031
0.1472643
0.1343983
0.3075225
0.159149
0.1691408
0.197007
0.1219459
0.2457546
0.06246144
0.21802
0.2484579
0.110672
0.3251908
0.1990422
0.1590612
0.1252668
0.01505349
0.325894
0.2462865
0.1259955
0.2012962
0.2067465
0.3637356
0.2427872
0.1447497
0.06698447
0.1750115
0.2604378
0.2085218
0.09616996
0.1498103
0.273225
0.1212121
0.3211313
0.2124799
0.2516007
0.3809788
0.2639196
0.2683107
0.1754467
0.1370045
0.2937456
0.2669868
0.112506
0.04157096
0.294832
0.3212719
0.2413634
0.1902502
0.2365357
0.2901313
0.1330985
0.2088384
0.2642393
0.2610293
0.2537091
0.4017882
0.2513966
0.3783903
0.1403908
0.3242294
0.322968
0.2476578
0.4278721
0.3217032
0.2568839
0.3844586
0.3553543
0.4265705
0.3674369
0.3240433
0.2900399
0.3924641
0.334077
0.1632566
0.3274149
0.4081918
0.3850605
0.4305658
0.4055178
0.2194742
0.3768945
0.2946115
0.2300009
0.4114979
0.4268723
0.4147041
0.3112835
0.3968085
0.2775447
0.4896045
0.5810016
0.539809
0.4052991
0.5225855
0.3377933
0.3986591
0.3312186
0.3235126
0.4090992
0.5475573
0.336278
0.3700184
0.5043349
0.3625427
0.2468511
0.2479709
0.3633968
0.3202703
0.3241161
0.2896235
0.452378
0.374092
0.2766922
0.4229001
0.3942374
0.5050728
0.3582788
0.3714843
0.3268045
0.4502016
0.3442479
0.4303422
0.3624197
0.3992186
0.3013757
0.3189689
0.4894714
0.3890223
0.4510534
0.4347928
0.4456965
0.3977656
0.2430768
0.4026164
0.3113859
0.5953292
0.4803812
0.5056394
0.3573985
0.5573451
0.5343272
0.520074
0.4566979
0.4382967
0.4569802
0.3981993
0.4605894
0.4385024
0.4584399
0.3698869
0.4413287
0.4119619
0.426421
0.3850301
0.4980162
0.4533402
0.4465287
0.54758
0.5655745
0.6043512
0.5575713
0.5696507
0.5369672
0.5445378
0.6181391
0.6227847
0.5177977
0.5143351
0.6320245
0.5930087
0.4442073
0.5630096
0.5474146
0.5405643
0.5396202
0.4644604
0.6068446
0.4174886
0.5172388
0.4668974
0.5916151
0.5306552
0.545903
0.5217518
0.5330681
0.4562779
0.4748333
0.5437505
0.4056307
0.5166909
0.6462388
0.6352683
0.5943655
0.5647846
0.6776613
0.4211737
0.5670157
0.6036182
0.5077393
0.6054801
0.5309102
0.5326623
0.4228392
0.7507022
0.6160637
0.595901
0.470381
0.5052307
0.6089859
0.5626531
0.5761405
0.6383945
0.5635068
0.5797335
0.4476355
0.650414
0.5312927
0.4376205
0.4951382
0.5350894
0.623864
0.6383072
0.6311285
0.7028354
0.7267631
0.6633829
0.7158733
0.5355559
0.5696696
0.6651985
0.6112025
0.6598817
0.6377504
0.7028921
0.4473672
0.659873
0.6911865
0.8521224
0.728039
0.6773171
0.6850468
0.7538875
0.8393477
0.6762997
0.6136822
0.672972
0.6865198
0.7521855
0.6986142
0.6195718
0.7536398
0.6875954
0.6604011
0.6350532
0.6830638
0.7088798
0.6261574
0.7775136
0.6145251
0.6594342
0.5859127
0.636215
0.792362
0.7403097
0.7335785
0.7749887
0.7886033
0.8098663
0.6768922
0.6805557
0.7509806
0.6155247
0.8783787
0.7079205
0.7383747
0.7925162
0.660707
0.7175947
0.6717828
0.8043487
0.703362
0.6253192
0.6252805
0.7648914
0.6706321
0.8271927
0.8528279
0.716584
0.6865147
0.8040542
0.7961042
0.5847178
0.7910475
0.6721889
0.6865954
0.7637251
0.7098197
0.7307128
0.7098667
0.7777166
0.7667426
0.6823837
0.8267561
0.8762288
0.9317631
0.8646814
0.7137451
0.826386
0.6867447
0.7250359
0.7376905
0.7207544
0.8982087
0.8103642
0.8688457
0.6690542
0.8146831
0.8136484
0.842315
0.7640077
0.8607933
0.7257632
0.8243857
0.7151977
0.8175856
0.8099958
0.7817477
0.7546468
0.7828625
0.8985538
0.8238613
0.9627893
0.8371144
0.914286
0.8247149
0.8281793
0.7533751
0.9844296
0.9081191
0.8881947
0.8240536
1.053586
0.8140674
0.9389035
0.9618429
0.873397
0.8201421
0.8889243
0.7745328
0.8469279
0.7368409
0.9071876
1.000961
0.7801086
0.9363979
0.7838002
0.8807244
0.9882472
0.8567886
0.9445513
0.8273644
0.8692596
0.7400724
0.8927558
0.9820004
0.962173
0.9845802
0.9111164
0.7581218
1.101162
0.9633874
0.8576947
0.9451553
0.8823764
0.9072707
0.9365988
0.9886753
0.9384552
1.028724
0.8935101
0.9135146
0.7839615
0.9178093
1.025211
0.9421317
1.038724
0.9500386
1.053687
0.8432397
0.8669209
0.9690439
0.9156434
0.977803
0.7453496
0.9008708
1.054107
0.9317257
0.8316425
1.03181
0.9456487
1.024537
0.9457962
1.012128
1.161065
0.9571799
1.123279
0.9964553
0.942433
0.9992725
0.9099041
1.052619
1.085235
0.863265