0.1294452
-0.9584098
-1.005214
-0.7681015
-0.9107852
-1.059415
-0.9907506
-0.8665049
-1.069427
-1.005039
-1.036318
-1.0711
-0.9995737
-1.013283
-0.8481702
-1.029635
-0.8334331
-0.9203258
-0.9745282
-0.9857615
-0.843546
-0.9212135
-1.014846
-0.86933
-1.073281
-0.9274166
-0.804174
-1.042469
-0.8700057
-0.8568759
-0.9136542
-0.8951453
-0.9695067
-0.8516712
-0.7866373
-1.159909
-1.00243
-0.9156913
-0.8976828
-0.9024707
-1.071514
-0.8265032
-0.7469967
-0.9813443
-0.9384951
-0.8298892
-0.8784844
-0.9004961
-0.9269049
-0.755819
-0.7917074
-0.9382992
-0.8381785
-0.8629921
-0.8569229
-0.7383752
-0.927194
-0.8402347
-0.9464061
-0.8145575
-0.9068987
-0.9606873
-0.8036549
-0.8428975
-0.9242988
-1.073567
-1.029019
-0.7651849
-0.775192
-0.8007549
-0.8462468
-0.7130179
-0.9256672
-0.7896454
-0.8976135
-0.8700959
-0.8251747
-0.8908264
-0.8899315
-0.7711023
-0.7121571
-0.9143667
-0.790031
-0.8643449
-0.8055606
-0.8644739
-0.8973364
-0.8193093
-0.7783365
-0.7720904
-0.868196
-0.8421951
-0.8202668
-0.7967358
-0.8433355
-0.978243
-0.6597326
-0.6831697
-0.8961765
-0.6746678
-0.7398099
-0.8728488
-0.9231025
-0.8328864
-0.8308973
-0.7448291
-0.7498525
-0.6800697
-0.7667699
-0.9116878
-0.8198035
-0.7978567
-0.6665735
-0.7746499
-0.8054629
-0.6481806
-0.7000309
-0.7489245
-0.8900966
-0.6592354
-0.8529316
-0.7702838
-0.7674932
-0.754332
-0.735594
-0.8642295
-0.6663548
-0.678769
-0.8139499
-0.7334361
-0.7326858
-0.743797
-0.8136798
-0.7714156
-0.7191655
-0.5777257
-0.8097611
-0.7251761
-0.6773743
-0.8466445
-0.7538813
-0.7256287
-0.8281436
-0.7517507
-0.6692189
-0.7751708
-0.8009843
-0.6352915
-0.7330786
-0.6719592
-0.715401
-0.5959395
-0.6198609
-0.7599864
-0.5983189
-0.7517476
-0.65871
-0.6681661
-0.8211067
-0.7147467
-0.6730256
-0.7543159
-0.6296071
-0.7597658
-0.6927327
-0.7127667
-0.7007254
-0.7245421
-0.6670382
-0.6725486
-0.7181058
-0.5419665
-0.7229134
-0.6511577
-0.5610345
-0.6232581
-0.5146076
-0.6856433
-0.6021618
-0.8132461
-0.5391033
-0.5937723
-0.5715054
-0.6550486
-0.5554992
-0.5137279
-0.7667015
-0.6239957
-0.5552875
-0.4987892
-0.7057599
-0.5648943
-0.6229934
-0.6845312
-0.6766815
-0.7718182
-0.6385115
-0.5858466
-0.6027506
-0.6981482
-0.6895295
-0.4800021
-0.6653964
-0.6197598
-0.6204469
-0.6313006
-0.52942
-0.7503448
-0.5623158
-0.6379962
-0.5779347
-0.5818791
-0.6919058
-0.5858194
-0.6575306
-0.5866566
-0.6166531
-0.5064591
-0.5309622
-0.5129134
-0.5793057
-0.5430251
-0.6744943
-0.6354079
-0.5112276
-0.573623
-0.6390622
-0.6386192
-0.5218542
-0.4284905
-0.6357524
-0.4087172
-0.3577742
-0.3487796
-0.4694416
-0.6986937
-0.649022
-0.3512671
-0.417971
-0.5321261
-0.5314362
-0.5141891
-0.6411352
-0.6826649
-0.5469194
-0.5295382
-0.4598203
-0.4178729
-0.4327065
-0.5881189
-0.4925062
-0.3304366
-0.5836422
-0.4029312
-0.3470008
-0.5152102
-0.6125281
-0.3737073
-0.4332875
-0.402184
-0.4628454
-0.4707081
-0.3689666
-0.4435882
-0.6195415
-0.494962
-0.4618809
-0.5689724
-0.2226526
-0.5746816
-0.4274898
-0.4969199
-0.3554287
-0.2509245
-0.3537006
-0.4299203
-0.4723026
-0.414539
-0.3025376
-0.5733298
-0.3902736
-0.4337408
-0.4321431
-0.5024775
-0.2473681
-0.393915
-0.2511295
-0.4732448
-0.4604977
-0.549992
-0.3633561
-0.4374185
-0.3808091
-0.2806992
-0.333073
-0.4156567
-0.4052853
-0.4945274
-0.3683118
-0.3780446
-0.4537575
-0.4611575
-0.3791551
-0.4051316
-0.4564925
-0.4700455
-0.2341039
-0.4390613
-0.4058895
-0.3131051
-0.4013854
-0.3493815
-0.3349671
-0.2222576
-0.2952864
-0.1089305
-0.4483198
-0.343208
-0.3693371
-0.4465336
-0.4725474
-0.4317084
-0.3909956
-0.1950564
-0.1992159
-0.2415774
-0.3953665
-0.4700466
-0.4845943
-0.352704
-0.3997013
-0.2740553
-0.4442544
-0.2728445
-0.3960603
-0.3058191
-0.437326
-0.2908339
-0.1907513
-0.2739083
-0.1242705
-0.1908748
-0.2019164
-0.3557111
-0.4951927
-0.250406
-0.3048579
-0.3192037
-0.2213225
-0.3981586
-0.256489
-0.2549279
-0.1235802
-0.06821312
-0.3294109
-0.4202992
-0.2764245
-0.1127497
-0.3676071
-0.3982364
-0.4849652
-0.1963073
-0.3481606
-0.3137608
-0.2929074
-0.4114398
-0.3253296
-0.3211481
-0.1858645
-0.2271331
-0.4484506
-0.3210651
-0.04378559
-0.2454679
-0.2488582
-0.2046385
-0.2946623
-0.2722822
-0.3257692
-0.2744963
-0.2531592
-0.2223363
-0.34494
-0.2338032
-0.2883748
-0.1903846
-0.09488011
-0.1858844
-0.05867327
-0.2891332
-0.2895342
-0.1715367
-0.1236138
-0.1848361
-0.2132742
-0.1254486
-0.2330602
-0.2547242
-0.1540691
-0.1378677
-0.2393416
-0.2451732
-0.2781888
-0.2490168
-0.1725788
-0.2149922
-0.257509
-0.2017612
-0.2897568
-0.05732236
-0.2399752
-0.1940669
-0.1769052
-0.1680619
-0.1282054
-0.1630694
-0.09220005
0.01177588
-0.2073129
-0.1815435
-0.1523268
-0.1398401
-0.1471218
0.01562331
-0.2461873
-0.2101676
-0.1925977
-0.08755822
-0.1721162
-0.156016
-0.1505151
-0.09455625
0.02684631
-0.2195688
-0.2198078
-0.1922761
-0.2712049
-0.08554603
-0.1201355
-0.2586537
-0.08985868
-0.05669332
-0.107984
-0.01584374
-0.04757869
-0.1529357
-0.01132386
-0.146907
0.01894437
-0.06191385
0.02700754
-0.1344014
-0.1713821
-0.1324584
0.05268377
-0.0004957867
-0.1008994
-0.03941758
-0.1565369
0.00766433
0.04043157
-0.08508344
-0.02139216
-0.06740606
0.05829404
-0.09781017
-0.130357
0.09389271
-0.1302545
-0.1047387
-0.1303391
-0.1444106
0.05657978
0.008394022
0.04545563
-0.1304969
0.009505575
-0.06685329
0.009051868
-0.1391767
-0.1259486
-0.09346957
-0.03727091
-0.09570979
0.05698178
-0.05296272
-0.08152774
-0.03588134
-0.02487547
-0.02800596
0.01253277
-0.1363268
-0.02136103
0.1423317
-0.004307893
-0.05538937
-0.0662835
0.1296512
-0.004094125
0.120649
-0.2152637
-0.2139415
-0.06474418
-0.01273262
0.07182326
0.01916491
-0.08299487
-0.04645651
-0.1257233
0.04648874
-0.1300302
-7.435582e-05
-0.02099923
0.1525226
0.08117759
-0.09553623
0.01670098
0.1030001
-0.1647172
-0.002006951
0.0219736
0.03158155
0.09534246
-0.1317275
0.1193365
-0.06900194
-0.01143227
-0.008560143
-0.004620572
-0.13079
0.1350161
0.02796185
-0.06030023
-0.07451128
0.2909449
-0.02948337
0.03133051
0.0468363
0.1198859
0.222751
-0.01000845
0.02737189
-0.06481069
0.01272994
-0.06030203
0.1423754
0.05477557
0.125634
0.1064488
0.1392224
0.1414816
0.2115239
0.2122298
-0.09804276
0.2111275
0.1677827
0.3459885
0.1644501
0.4011238
0.1858488
0.1143511
0.07749512
0.2527115
0.1486786
0.1210124
0.1910874
0.03697329
0.0139002
0.04715416
0.1496188
0.1176025
0.09152111
0.1140827
0.1113082
0.1061185
0.1958449
0.2531226
0.1863305
0.1512105
0.04956879
0.1200624
0.01411758
0.09459942
0.2022365
0.114126
0.07615747
0.1255871
0.1254652
0.004923561
0.1561873
0.2586969
0.2296833
0.1882826
0.2579947
0.2938425
0.232067
0.2498246
0.1976695
0.2128836
0.1338445
0.06580451
0.2468642
0.1513227
0.3009376
0.1541935
0.132805
0.3115516
0.2545207
0.2192259
0.3245977
0.3309595
0.1416604
0.2447324
0.1274475
0.09275852
0.2449079
0.2801009
0.1198347
0.1283979
0.1535228
0.2178763
0.1893696
0.1270894
0.1842424
0.31677
0.04685789
0.336277
0.2904112
0.2219078
0.3464264
0.1962158
0.1403993
0.3079619
0.2311679
0.1291168
0.2038984
0.1355552
0.354728
0.3661906
0.236751
0.358486
0.3910893
0.3231441
0.4622048
0.303089
0.2397814
0.3500973
0.3462967
0.1700508
0.2334288
0.3326028
0.3204789
0.3075321
0.2796895
0.3674293
0.2446877
0.2834564
0.3375908
0.2507239
0.2389829
0.3279623
0.213696
0.4361809
0.3723234
0.3332149
0.4873858
0.2522526
0.4158999
0.1958313
0.367289
0.3640705
0.3049896
0.3885024
0.3378926
0.2135943
0.3441138
0.3316362
0.3544863
0.388888
0.2784525
0.3420881
0.3799405
0.3108861
0.4489711
0.5505112
0.4567317
0.1638284
0.335824
0.4197013
0.5187516
0.2694038
0.4410603
0.2422474
0.4721226
0.278951
0.293143
0.4613342
0.452622
0.540738
0.4025421
0.423795
0.3956674
0.3795288
0.4982347
0.3513903
0.4705315
0.4022508
0.4289173
0.5182229
0.4348756
0.456933
0.4180209
0.474762
0.3985434
0.5256958
0.3889694
0.3586112
0.4333797
0.3662177
0.5098072
0.4684957
0.4844313
0.4077212
0.3756208
0.5169199
0.4821262
0.4269558
0.524888
0.5341715
0.5479191
0.4687498
0.5133007
0.5916462
0.5161036
0.6627775
0.5527151
0.5062703
0.4291959
0.5821958
0.521225
0.5797543
0.5938183
0.4790302
0.3285651
0.3713567
0.41436
0.4832367
0.5458832
0.5406626
0.4806332
0.4913409
0.5147104
0.5067481
0.476166
0.5415078
0.4603375
0.3825925
0.4886379
0.5254483
0.5100917
0.5998629
0.5121778
0.5822713
0.642962
0.5209366
0.5405596
0.3830023
0.5744607
0.5130723
0.6023012
0.5357651
0.4052227
0.5963845
0.5480555
0.6085216
0.5797114
0.3814935
0.5914888
0.5528931
0.6036066
0.7159233
0.6208696
0.6158493
0.6143925
0.6561049
0.5245685
0.7369526
0.5374609
0.584151
0.4506596
0.7270173
0.5451306
0.5842437
0.5594296
0.4958688
0.5536355
0.6239481
0.7169745
0.660031
0.672712
0.4605565
0.4038135
0.589182
0.5434635
0.553686
0.6602709
0.6112557
0.7030066
0.4611424
0.5226161
0.6895016
0.6525071
0.6288005
0.5429387
0.5220814
0.4734177
0.7120805
0.8057006
0.6108291
0.654637
0.7225472
0.677552
0.6006711
0.6583891
0.6097482
0.7077674
0.7169797
0.6632805
0.6510996
0.6156548
0.4224206
0.6591611
0.7153599
0.6828458
0.7282252
0.6511817
0.5850473
0.6838288
0.5800973
0.837141
0.5410819
0.7403552
0.7881815
0.679921
0.787987
0.6260133
0.5649599
0.8517806
0.6829121
0.7092007
0.6031505
0.6486392
0.9390486
0.6309916
0.5880067
0.7968824
0.6905832
0.768723
0.711719
0.7851191
0.706429
0.6702497
0.7563767
0.7761595
0.6135034
0.8594726
0.7445143
0.6703067
0.6450298
0.7741785
0.6203475
0.8318407
0.6704412
0.699981
0.8390026
0.7598404
0.8733552
0.872934
0.7594279
0.6585926
0.7335902
0.7282857
0.7734194
0.7327192
0.7042611
0.7101318
0.913292
0.728684
0.6524374
0.6547729
0.8210099
0.850606
0.8108457
0.8266426
0.7450782
0.7546874
0.7677375
0.8594664
0.7839793
0.8054988
0.858463
0.8315945
0.9825028
0.6245553
0.7694218
0.7005176
0.7597813
0.8219767
0.8353405
0.8044366
0.8166519
0.9278397
0.812157
0.7783922
0.7672633
0.7949671
0.7958812
0.7861435
0.8598266
0.8556145
0.9803187
0.8125901
1.047945
0.7618201
0.7717627
0.6104794
0.7082451
0.8491588
0.8029986
0.8627009
0.7478761
0.8321934
0.8885125
0.9315416
0.8341596
0.8528523
1.128462
0.681575
0.8898751
0.9412938
0.8661472
0.8679004
0.862161
0.9378742
0.8467984
0.9825146
0.8009708
0.8548826
0.8388734
0.9364505
0.9958943
0.8500723
0.7890228
0.9413852
0.899111
0.9218958
0.8405564
0.9800707
0.9998194
0.9561214
0.9527776
0.7711013
0.9274033
0.9189041
1.007309
0.9682689
0.9263228
0.8511972
0.9586285
0.9521543
0.8253475
0.9109199
0.8220824
0.9866423
0.8166551
0.9605561
1.061619
1.01521
0.99278
0.9421202
0.9181365
1.060274
1.030931
1.11075
0.9735196
1.024365
0.9279836
0.8942649
0.8875335
1.070673
0.8899576
0.8101562
0.9454593
0.9001992
1.079031
0.9586079
0.9625452
0.9694222
0.9329012
0.9160789
1.021109