0.131386
-0.9714476
-1.019354
-0.7768631
-0.8909754
-1.062494
-0.9852396
-0.8844539
-1.056874
-1.014748
-1.020301
-1.082063
-1.011224
-1.016098
-0.8258713
-1.038186
-0.8405505
-0.9377967
-0.96192
-0.9981175
-0.8556503
-0.9251441
-1.043005
-0.8486834
-1.0803
-0.9315763
-0.7828715
-1.026703
-0.8840511
-0.8519719
-0.9284042
-0.9033575
-0.9698072
-0.8499774
-0.8081343
-1.161974
-0.9957886
-0.9398421
-0.9140938
-0.9036896
-1.055473
-0.8606229
-0.7525699
-0.9835482
-0.9459146
-0.8423584
-0.8903085
-0.8817709
-0.8900419
-0.7390832
-0.8190374
-0.9367013
-0.8788082
-0.8801783
-0.8427414
-0.7754799
-0.9228239
-0.8482819
-0.9307931
-0.808315
-0.9008513
-0.9475198
-0.8218962
-0.8604557
-0.9301087
-1.071296
-1.042175
-0.7853599
-0.7938888
-0.7861744
-0.8350372
-0.693691
-0.9155945
-0.7840978
-0.897355
-0.8461747
-0.8202435
-0.8942144
-0.8952883
-0.8128539
-0.7038992
-0.9047333
-0.7994211
-0.8572858
-0.8057551
-0.863795
-0.8917249
-0.8029524
-0.7670336
-0.7682168
-0.8907826
-0.8405605
-0.8430059
-0.7877305
-0.8325047
-0.950662
-0.6615931
-0.6730706
-0.8764055
-0.6975885
-0.7079801
-0.8866933
-0.9005387
-0.8191933
-0.819927
-0.7177375
-0.7586953
-0.6591047
-0.7649845
-0.9029168
-0.830338
-0.8090813
-0.6873143
-0.7669412
-0.7844094
-0.6553472
-0.7323926
-0.7544618
-0.8795691
-0.6468817
-0.8630783
-0.7571636
-0.7617987
-0.7540154
-0.7041006
-0.8391187
-0.6882446
-0.6823003
-0.8283039
-0.7375066
-0.7156036
-0.7438803
-0.8273603
-0.7769826
-0.7234851
-0.5803196
-0.7943851
-0.7463593
-0.6745876
-0.8112305
-0.7450853
-0.7031855
-0.8177081
-0.7407722
-0.6692982
-0.7692463
-0.7920627
-0.635393
-0.7388591
-0.6801019
-0.7120073
-0.6094763
-0.6131282
-0.7672372
-0.5835721
-0.7280281
-0.6596118
-0.6671611
-0.8178428
-0.6916959
-0.6560289
-0.739485
-0.6483407
-0.7677718
-0.671126
-0.7055828
-0.6734227
-0.7109637
-0.6788938
-0.6822409
-0.7393188
-0.541323
-0.7063708
-0.6586378
-0.5872849
-0.6328916
-0.521449
-0.7133176
-0.5902057
-0.7948692
-0.5408694
-0.5755942
-0.5687137
-0.6373283
-0.5610748
-0.5123829
-0.7708965
-0.6374954
-0.5485531
-0.5326965
-0.7141639
-0.5338034
-0.6194006
-0.6506297
-0.6752029
-0.7763421
-0.6380725
-0.5811324
-0.5882436
-0.6845919
-0.6859167
-0.458369
-0.6615979
-0.613212
-0.634792
-0.6258035
-0.5222182
-0.7291682
-0.565333
-0.6230344
-0.5880496
-0.5636773
-0.680727
-0.6106868
-0.6752681
-0.5980317
-0.6242413
-0.5210705
-0.5363765
-0.5137495
-0.5922336
-0.5134634
-0.6949856
-0.6165475
-0.5276
-0.5763922
-0.6261851
-0.6462932
-0.5208727
-0.4262257
-0.6438913
-0.4042836
-0.3731078
-0.3501571
-0.4567306
-0.7064875
-0.6454381
-0.3370647
-0.4196223
-0.5147318
-0.5656179
-0.5185202
-0.646803
-0.6963765
-0.5430271
-0.5297132
-0.4678283
-0.4058688
-0.4352122
-0.6056003
-0.5146579
-0.3311654
-0.5946943
-0.4217981
-0.3480249
-0.5075456
-0.6081729
-0.3761513
-0.4310949
-0.3894531
-0.4885408
-0.4700641
-0.3610094
-0.4440322
-0.615073
-0.5185421
-0.463513
-0.571041
-0.2377993
-0.5586816
-0.4639278
-0.501285
-0.3408168
-0.2707884
-0.3392596
-0.4119343
-0.4425389
-0.3988796
-0.3244879
-0.5700854
-0.3801069
-0.4323713
-0.4065154
-0.4975813
-0.2332955
-0.3823645
-0.2633466
-0.4722252
-0.4609628
-0.5616712
-0.3582477
-0.4337432
-0.390576
-0.2831254
-0.33554
-0.4204493
-0.4394168
-0.4954403
-0.3534069
-0.3644987
-0.4461467
-0.4643762
-0.3947905
-0.4063668
-0.4611905
-0.4660381
-0.2418141
-0.4470609
-0.401764
-0.3045577
-0.3907171
-0.34242
-0.3434114
-0.2452905
-0.272419
-0.09037143
-0.4508014
-0.3614184
-0.3489931
-0.4357849
-0.4753274
-0.4176387
-0.3854366
-0.197177
-0.1961576
-0.2383514
-0.4142465
-0.4542471
-0.4601868
-0.3532853
-0.3830169
-0.2667715
-0.4460509
-0.2760436
-0.3807968
-0.3059598
-0.4485819
-0.2700421
-0.1569384
-0.2555423
-0.1191827
-0.1827082
-0.1880668
-0.357709
-0.4852943
-0.2639106
-0.2983157
-0.3305131
-0.196697
-0.4273865
-0.2588647
-0.2588808
-0.117989
-0.05926068
-0.3091585
-0.392953
-0.2640471
-0.1168262
-0.3612926
-0.3968308
-0.4623254
-0.2001033
-0.3298568
-0.3236142
-0.2774998
-0.4291827
-0.3230932
-0.3105466
-0.1961357
-0.2330821
-0.4483403
-0.311517
-0.04324065
-0.2261438
-0.2467435
-0.2135705
-0.2910442
-0.2756838
-0.30908
-0.2598512
-0.2261261
-0.2123901
-0.3511811
-0.2241895
-0.2740991
-0.192317
-0.0891588
-0.196043
-0.06047476
-0.3124455
-0.2969524
-0.1672976
-0.09804593
-0.186527
-0.2143463
-0.1230012
-0.2435137
-0.2687744
-0.1676318
-0.1470753
-0.2568255
-0.2300251
-0.2791229
-0.2516977
-0.1831708
-0.2207541
-0.2650889
-0.1951881
-0.2934325
-0.06794605
-0.2584906
-0.1909658
-0.1902063
-0.1620956
-0.1215219
-0.1757294
-0.1108866
-0.008906039
-0.2095377
-0.1884689
-0.1450711
-0.11182
-0.1840591
0.01521404
-0.2547971
-0.2081923
-0.1795712
-0.08315034
-0.1464801
-0.1485398
-0.1578329
-0.06662738
0.02886833
-0.2403727
-0.2126281
-0.1972201
-0.2807069
-0.07994811
-0.1319268
-0.2637961
-0.120757
-0.0784343
-0.105214
-0.002021497
-0.04338192
-0.1579433
-0.02620138
-0.138516
0.02626032
-0.0564979
0.04990037
-0.1382137
-0.1648824
-0.132964
0.06527688
0.0199404
-0.1030412
-0.03744836
-0.1596856
-0.005878834
0.01945503
-0.05173919
-0.005367536
-0.06354344
0.0320671
-0.07007651
-0.1239914
0.07256528
-0.1352111
-0.1121352
-0.1363594
-0.1412725
0.04499795
0.009282259
0.03851617
-0.123118
0.005896453
-0.0940138
0.03422432
-0.1483575
-0.09433315
-0.1042985
-0.03663091
-0.1045605
0.05226488
-0.07150013
-0.08179348
-0.02481995
-0.05555029
-0.03483934
0.008695208
-0.1373211
-0.008176486
0.1500442
0.004183276
-0.04989175
-0.04228284
0.1231512
-0.03575436
0.1019531
-0.2234532
-0.2142483
-0.04666775
-0.00804184
0.04407498
0.02473595
-0.08168223
-0.06795996
-0.1233307
0.04063101
-0.1142481
0.01713016
-0.005053904
0.1520934
0.08507047
-0.09078656
0.01913045
0.1249373
-0.1495076
-0.005590248
0.06124992
0.0355899
0.09602769
-0.1250272
0.1122997
-0.06880555
-0.01016165
0.001794565
0.004849336
-0.1142906
0.1412451
0.02181409
-0.06166248
-0.05979574
0.3021928
-0.01902868
0.02048352
0.03458912
0.1178335
0.2401919
-0.02782386
0.0536381
-0.06066741
0.01494854
-0.05885548
0.148064
0.05555179
0.1090297
0.1263676
0.1314274
0.1499181
0.2091817
0.2185255
-0.1003818
0.2128415
0.181106
0.3353185
0.1736497
0.3903465
0.1647309
0.1065511
0.08660213
0.228896
0.1718048
0.1214249
0.1843946
0.04126672
0.009446147
0.06900148
0.1494022
0.1381281
0.0909734
0.119988
0.1243959
0.09524578
0.1927797
0.2331634
0.1967295
0.1599053
0.07275395
0.1318842
0.01645803
0.07981641
0.2007965
0.1043873
0.06861876
0.1317891
0.1308742
-0.01306265
0.1728192
0.256518
0.2467096
0.1795465
0.2578524
0.2916359
0.2358047
0.2350521
0.161878
0.2247935
0.1339941
0.057446
0.2520689
0.1177828
0.3073046
0.1483724
0.1279628
0.3043069
0.24402
0.2246044
0.3160329
0.328373
0.1542271
0.2497982
0.1200276
0.08680581
0.2244773
0.2777538
0.1126929
0.1189712
0.1460384
0.2423694
0.1869425
0.1279409
0.1776613
0.3312921
0.05211339
0.326285
0.304612
0.2264459
0.3513168
0.1995231
0.1396854
0.301655
0.219882
0.1338779
0.180199
0.1492473
0.3461157
0.3656767
0.2368685
0.3643763
0.3890601
0.3532127
0.436818
0.3228572
0.2526315
0.3527491
0.329142
0.1725365
0.2219773
0.3329097
0.3343088
0.2958437
0.275106
0.3659371
0.2533529
0.2786482
0.3325848
0.2371662
0.262129
0.301212
0.2331999
0.4275054
0.3954666
0.3540192
0.4849158
0.2528214
0.3925465
0.1818893
0.367001
0.358099
0.3130013
0.4013423
0.3427136
0.2063201
0.3309379
0.3276604
0.3667435
0.4059793
0.2955683
0.3507525
0.3826845
0.3220353
0.4446164
0.5450165
0.4569219
0.1553803
0.3467039
0.4073706
0.5112813
0.2775079
0.4607498
0.2249316
0.4691584
0.2798351
0.2977728
0.4661268
0.4436784
0.5384726
0.4002841
0.4136672
0.4161743
0.3619322
0.505702
0.3427523
0.4859496
0.3893926
0.4377831
0.5164392
0.446093
0.4526491
0.4055149
0.4804511
0.3873674
0.5286624
0.399004
0.3469991
0.4217283
0.3925773
0.497287
0.4713811
0.4610311
0.419394
0.4080907
0.5226876
0.4685565
0.424443
0.5423893
0.5219904
0.5424981
0.4655489
0.5092237
0.56785
0.5227493
0.6617439
0.5674679
0.5161434
0.4504636
0.5705513
0.501615
0.5761313
0.5546026
0.50401
0.3532165
0.3731689
0.4377983
0.5058514
0.5652898
0.5457692
0.4809452
0.5009508
0.4924713
0.5079716
0.4878764
0.518466
0.4971957
0.3801388
0.4713979
0.5055966
0.484554
0.5903336
0.5238291
0.5670013
0.6301988
0.5399734
0.5447349
0.3860715
0.5782473
0.502605
0.5840526
0.5355795
0.3963168
0.5865504
0.5730044
0.5994275
0.5776545
0.3607354
0.6061896
0.5239318
0.5939086
0.7095592
0.5923562
0.6121547
0.6458773
0.6686273
0.5051931
0.7238419
0.5335396
0.5635346
0.4581094
0.7508833
0.5346418
0.5920027
0.5537155
0.4989928
0.5726951
0.6370952
0.7149904
0.6528567
0.6714443
0.4814212
0.4099909
0.5893399
0.5397721
0.5635288
0.7032447
0.5992064
0.7101993
0.4872614
0.5357476
0.6695317
0.6559411
0.625331
0.560532
0.5131264
0.4737083
0.7128699
0.8017443
0.6348417
0.6474145
0.6922486
0.7106264
0.6004703
0.6606865
0.596156
0.7216267
0.7312053
0.6629347
0.645284
0.6133897
0.4329237
0.6816634
0.6839563
0.7030569
0.7344626
0.6326514
0.585406
0.6752026
0.594015
0.8370284
0.5404529
0.7332853
0.780684
0.6843101
0.7883892
0.6401968
0.5666698
0.8304911
0.6962166
0.7062495
0.6130125
0.6673084
0.9529488
0.6147796
0.6089283
0.7656115
0.6851063
0.7880158
0.7041985
0.7875439
0.7082182
0.6816207
0.7447153
0.7971582
0.6162594
0.86319
0.7431373
0.6770907
0.6246292
0.756893
0.6302969
0.8265113
0.6707724
0.6986389
0.846143
0.7708335
0.8773419
0.8889877
0.762446
0.6696882
0.7500871
0.7450605
0.7589127
0.7346988
0.7007758
0.7099506
0.9414437
0.7350583
0.6498883
0.6849635
0.8274734
0.8442184
0.8341598
0.8224855
0.7430716
0.7560434
0.7794199
0.861866
0.7932575
0.7792586
0.8420576
0.8306359
0.9816771
0.6410157
0.7512807
0.6908718
0.7930426
0.8284593
0.8458233
0.8134459
0.7982096
0.923866
0.8223719
0.7730069
0.7549374
0.8035517
0.8165952
0.7857923
0.8706923
0.8604564
1.000286
0.8141846
1.035701
0.7721084
0.7397631
0.5954253
0.6974236
0.8831756
0.7802501
0.863732
0.7724094
0.8553542
0.8951389
0.9486601
0.8367196
0.8507554
1.119943
0.7055939
0.8743081
0.9559258
0.878948
0.8768206
0.8904784
0.9355395
0.8417266
0.9838416
0.8092354
0.8603859
0.8490697
0.9396377
0.9901844
0.8465328
0.7684819
0.9298146
0.8914424
0.9167709
0.8477387
0.9692451
1.004976
0.9720693
0.9540307
0.7719959
0.9379631
0.9281946
1.00282
0.9674737
0.9417721
0.8323613
0.9611713
0.9441148
0.8109543
0.882455
0.8134204
0.9650563
0.8102976
0.9475453
1.052814
1.019039
1.019019
0.9362267
0.9082105
1.040807
1.037472
1.107561
0.9998913
1.008556
0.9238298
0.8967057
0.89694
1.065526
0.9201845
0.8092176
0.93988
0.8927034
1.086588
0.9499767
0.9789397
0.9770697
0.9284837
0.9125756
0.9934015