0.1380069
-0.9736614
-1.014181
-0.7707917
-0.9078312
-1.060811
-0.9863251
-0.8756548
-1.06979
-1.025238
-1.033165
-1.063289
-0.9857531
-0.9995383
-0.830231
-1.042713
-0.8391909
-0.9090835
-0.9898114
-0.9958114
-0.8409435
-0.9163041
-1.026629
-0.8584341
-1.068247
-0.9289342
-0.7855365
-1.039111
-0.882341
-0.8668589
-0.9166353
-0.9077149
-0.9609686
-0.8678943
-0.7915135
-1.15233
-0.9855101
-0.9365907
-0.917448
-0.9129508
-1.063924
-0.8440742
-0.7408428
-1.010486
-0.9318611
-0.8389813
-0.8661429
-0.8993346
-0.8937835
-0.7330623
-0.8094307
-0.9212706
-0.8368942
-0.8565588
-0.8521607
-0.7662592
-0.9262539
-0.8310118
-0.9364697
-0.7845147
-0.90225
-0.9415618
-0.8047976
-0.834038
-0.9483285
-1.090296
-1.031353
-0.7629948
-0.7755222
-0.7981921
-0.8387939
-0.7217067
-0.8892544
-0.7695281
-0.8958967
-0.828504
-0.8203106
-0.8885375
-0.9033763
-0.7870616
-0.7109003
-0.9035019
-0.7957984
-0.8810733
-0.8071761
-0.8653655
-0.8928746
-0.8014239
-0.7917198
-0.762878
-0.8707498
-0.8351437
-0.8284004
-0.8025542
-0.8529456
-0.9871933
-0.6754858
-0.6921524
-0.8537494
-0.6817754
-0.7174389
-0.8728609
-0.9054986
-0.8231375
-0.8293032
-0.7346647
-0.7470916
-0.6784169
-0.7674848
-0.8887395
-0.8367088
-0.8155933
-0.6703286
-0.7650115
-0.7868435
-0.6483537
-0.7182644
-0.7531084
-0.8599204
-0.6509466
-0.8507682
-0.7567165
-0.7737664
-0.7558584
-0.7183045
-0.8328229
-0.7123875
-0.7015934
-0.778072
-0.7407625
-0.7069436
-0.7363746
-0.8249425
-0.7739446
-0.718487
-0.5798982
-0.7912335
-0.7328251
-0.6642799
-0.8324254
-0.7603957
-0.7007477
-0.8140774
-0.7270738
-0.683361
-0.7806993
-0.7959674
-0.6455092
-0.733451
-0.6608802
-0.7098834
-0.585511
-0.628906
-0.7540143
-0.5839035
-0.7547771
-0.6787948
-0.6800164
-0.8249819
-0.6818572
-0.6725835
-0.7453866
-0.6283849
-0.7818396
-0.6898253
-0.6884511
-0.6851448
-0.7252831
-0.6641032
-0.687323
-0.733049
-0.5353346
-0.710165
-0.6657746
-0.5529182
-0.6431944
-0.4966831
-0.6726184
-0.596954
-0.8091432
-0.5372964
-0.6009127
-0.559301
-0.6631342
-0.5537309
-0.5232698
-0.7758056
-0.6437994
-0.5451689
-0.5194996
-0.7338949
-0.5671945
-0.6181041
-0.6794797
-0.666204
-0.7795759
-0.6292436
-0.5816424
-0.6136771
-0.6783057
-0.6886896
-0.4812355
-0.674912
-0.6106462
-0.631107
-0.634538
-0.5178489
-0.7602352
-0.563039
-0.6063597
-0.5985379
-0.5567332
-0.6891805
-0.6004001
-0.6733324
-0.5758385
-0.6285888
-0.5276558
-0.5207038
-0.5374759
-0.5973297
-0.5328547
-0.6819271
-0.6052351
-0.4992481
-0.5643822
-0.6127696
-0.6471373
-0.5196628
-0.4266481
-0.6240766
-0.4267589
-0.3652588
-0.3400539
-0.476111
-0.7042561
-0.6645373
-0.3182319
-0.408923
-0.5238017
-0.544971
-0.5282464
-0.6386573
-0.6902271
-0.5537617
-0.5177369
-0.4675757
-0.3985816
-0.4403122
-0.5916399
-0.503479
-0.3259745
-0.6064501
-0.4244142
-0.3495862
-0.514841
-0.6288585
-0.3676805
-0.4299479
-0.3881521
-0.462529
-0.4736825
-0.3674491
-0.4515838
-0.6204728
-0.4962732
-0.4676229
-0.5825595
-0.2566612
-0.55935
-0.4572352
-0.4913957
-0.3581168
-0.2361155
-0.3488655
-0.4346878
-0.4394837
-0.3775661
-0.2953475
-0.5477953
-0.3858515
-0.4204688
-0.4135804
-0.5122391
-0.24678
-0.382478
-0.2744119
-0.4589054
-0.4551887
-0.570607
-0.3414481
-0.4427351
-0.3827348
-0.2841534
-0.3289807
-0.4150637
-0.4195081
-0.4945434
-0.3752039
-0.3977958
-0.45169
-0.4885486
-0.3655925
-0.4162233
-0.4642517
-0.4619333
-0.2388664
-0.4392729
-0.4120438
-0.3011302
-0.3712286
-0.3470239
-0.3213549
-0.2456548
-0.2785918
-0.07622874
-0.4549702
-0.358695
-0.3306875
-0.4256598
-0.4658385
-0.4370932
-0.3762297
-0.1862416
-0.1863976
-0.2539233
-0.4112732
-0.4645315
-0.4816574
-0.3717056
-0.3747928
-0.2565266
-0.4158119
-0.2526749
-0.3846489
-0.3122582
-0.4533629
-0.2989519
-0.1861627
-0.2629299
-0.118503
-0.1859661
-0.197279
-0.357591
-0.4887804
-0.2415781
-0.2927122
-0.3316169
-0.2160824
-0.4065679
-0.2671285
-0.2537007
-0.1242029
-0.06827701
-0.3251528
-0.4129003
-0.2780896
-0.1210187
-0.3360616
-0.3830578
-0.4714831
-0.2162576
-0.3211347
-0.3334037
-0.2815294
-0.4064899
-0.3529727
-0.3129954
-0.1660107
-0.2218744
-0.4327433
-0.3206654
-0.06237418
-0.2320986
-0.2395692
-0.2044829
-0.2909115
-0.301342
-0.3132987
-0.2680833
-0.2390564
-0.2285976
-0.337095
-0.2196235
-0.2801977
-0.1998489
-0.1139164
-0.1793473
-0.0530607
-0.2887941
-0.2993531
-0.1743086
-0.1281756
-0.1896109
-0.2092636
-0.0922933
-0.2526564
-0.2613182
-0.1799509
-0.1294729
-0.261494
-0.231588
-0.2761114
-0.2300764
-0.1713919
-0.2160976
-0.2423384
-0.2202119
-0.3012475
-0.05235258
-0.2516395
-0.1959088
-0.1864577
-0.1759245
-0.1162892
-0.1881822
-0.09978467
0.003642622
-0.2014576
-0.1957137
-0.1477452
-0.1210196
-0.1725406
0.01941301
-0.2442762
-0.2196236
-0.2045862
-0.07341811
-0.1853226
-0.1626692
-0.1516277
-0.08318638
0.03835579
-0.2308045
-0.2117139
-0.170928
-0.2757315
-0.0633479
-0.1369585
-0.2723326
-0.1217993
-0.05813444
-0.1202022
-0.0156862
-0.02263014
-0.1455476
-0.005075308
-0.1400097
0.01285009
-0.05811276
0.04167446
-0.1474422
-0.1645368
-0.1361748
0.05036432
0.01262987
-0.08320798
-0.05207727
-0.1638627
-0.01048979
0.04580562
-0.05358595
-0.009217967
-0.08057961
0.06115637
-0.08820695
-0.1444212
0.08770316
-0.147638
-0.07974871
-0.118586
-0.160633
0.05546068
-0.005100115
0.02676612
-0.140342
0.0009767995
-0.08211866
0.00440218
-0.1497609
-0.1034496
-0.0924446
-0.03302055
-0.08624989
0.04123487
-0.05063687
-0.1075117
-0.0430691
-0.04858783
-0.0399217
0.02609802
-0.1409757
-0.02688388
0.1304263
-0.005265573
-0.0575232
-0.07118801
0.1263427
-0.02277904
0.1293512
-0.2112037
-0.2339864
-0.0537014
-0.0242666
0.05647533
0.02945638
-0.07235209
-0.06127161
-0.116012
0.04088012
-0.1270105
0.02159546
0.00159947
0.1379189
0.08446406
-0.09980877
0.01016741
0.1129501
-0.1582727
-0.004617415
0.04198592
0.04642997
0.1131216
-0.1500892
0.1127837
-0.08053436
-0.02052866
-0.01249327
0.0001641484
-0.1410895
0.1357938
0.0241341
-0.07214127
-0.06535775
0.304204
-0.02547593
0.02459672
0.02976077
0.1173279
0.2373346
-0.01521166
0.02354941
-0.068704
0.03147538
-0.06376851
0.1497173
0.05545559
0.1344388
0.1325129
0.1352045
0.1300018
0.2020291
0.2078329
-0.08781674
0.2059061
0.1907387
0.339806
0.1815727
0.404999
0.1595502
0.1077865
0.08654772
0.2475372
0.1686766
0.1306542
0.1794457
0.03457961
-3.680283e-05
0.07228553
0.1830376
0.1260262
0.08828222
0.1419578
0.1374591
0.09922867
0.1893063
0.2192413
0.190494
0.1563203
0.07588028
0.1111781
0.02325621
0.07754391
0.1765785
0.1281261
0.07440464
0.125565
0.1349129
-0.002566004
0.1648025
0.2485443
0.2352213
0.1950322
0.2448539
0.3008421
0.2084257
0.2520339
0.1881401
0.2410224
0.1217794
0.05150065
0.2601066
0.1371407
0.285542
0.1252713
0.1483458
0.3126106
0.2339386
0.2130539
0.3082844
0.3433006
0.1423384
0.2684898
0.1135579
0.0846231
0.2366305
0.2877221
0.1228471
0.128015
0.149238
0.23101
0.1889283
0.1382035
0.1694391
0.3327506
0.04538913
0.3184313
0.3115115
0.22274
0.3225571
0.1973067
0.1596359
0.3008007
0.219985
0.119489
0.1990906
0.1305974
0.3358979
0.3812966
0.2517925
0.3540148
0.3772369
0.3574615
0.4364376
0.3081837
0.2552315
0.3475463
0.3423794
0.1605707
0.2436593
0.3299264
0.322944
0.3077604
0.2895873
0.3666003
0.2587325
0.2684693
0.3393624
0.2531864
0.2680957
0.294291
0.2049725
0.4278535
0.3825525
0.336781
0.4873738
0.2458538
0.3983606
0.1897998
0.3918354
0.3719574
0.3131912
0.4017662
0.3571042
0.22483
0.337635
0.3301861
0.3585594
0.3836483
0.2859488
0.3496987
0.3696452
0.3141836
0.442458
0.5433464
0.4557791
0.1551411
0.3562589
0.4213172
0.5121077
0.2864121
0.4589588
0.2527116
0.467291
0.2804885
0.295896
0.471548
0.4547748
0.5253588
0.3968349
0.4055596
0.4148087
0.3663753
0.4884332
0.3585226
0.4697454
0.4152524
0.4448704
0.4991474
0.4632671
0.4336153
0.4056782
0.4720454
0.3967907
0.5172898
0.4117392
0.3444633
0.4265233
0.3757023
0.5055959
0.4577972
0.4673541
0.4026513
0.3758046
0.5289901
0.4679454
0.4532203
0.5294633
0.5243336
0.5495197
0.4914596
0.4947697
0.5587762
0.5197071
0.6700045
0.5727645
0.5236235
0.4218179
0.5732675
0.4894663
0.5712801
0.5801701
0.4770293
0.3394624
0.3788113
0.3873817
0.4889928
0.5497018
0.5405588
0.4952854
0.4854455
0.5098455
0.5200995
0.4871364
0.5170247
0.514216
0.3790014
0.4839367
0.5120883
0.5168694
0.5777084
0.5285846
0.5573434
0.6407912
0.5325166
0.5464363
0.3611754
0.5480505
0.4910482
0.5804291
0.5324825
0.4004016
0.599424
0.5528205
0.6169518
0.5727333
0.37764
0.5921412
0.563534
0.595853
0.6958165
0.5953132
0.6251221
0.6313504
0.6701019
0.5228697
0.7311999
0.5379996
0.5730798
0.4261152
0.7374372
0.5325321
0.6044911
0.5588911
0.5173163
0.5627296
0.6281487
0.7298906
0.6562936
0.6659606
0.4807173
0.4149026
0.5887661
0.5479929
0.5734669
0.6680782
0.6066978
0.7035894
0.465278
0.530376
0.6928632
0.6515073
0.6352011
0.5435799
0.5435374
0.4733776
0.7091989
0.7946687
0.6197517
0.6560733
0.721679
0.6797059
0.5970841
0.666544
0.6192868
0.7038951
0.7352626
0.6448502
0.6519893
0.6248701
0.4407612
0.6770161
0.6901525
0.6898606
0.72753
0.6476481
0.5864574
0.6930874
0.5913661
0.8608789
0.5443502
0.7468729
0.7795589
0.692145
0.7919198
0.6330912
0.5681218
0.8263363
0.6939534
0.7046167
0.5963354
0.6852214
0.9454695
0.6225118
0.5866254
0.7642302
0.6653414
0.7869753
0.7193184
0.7737102
0.6953565
0.682535
0.7616054
0.7893203
0.59938
0.8646591
0.747709
0.6794069
0.6364622
0.77769
0.6124242
0.8311609
0.6843465
0.6924916
0.8465698
0.7604082
0.8769035
0.8756898
0.7626446
0.6631691
0.7539282
0.7327638
0.7622488
0.7288025
0.7045
0.7197554
0.9309061
0.7290978
0.6502504
0.6887224
0.8006481
0.8434297
0.8246249
0.8149434
0.7488906
0.7639922
0.7785236
0.8750552
0.7984639
0.7731204
0.8644057
0.8374743
0.986601
0.6296293
0.774356
0.6866518
0.77517
0.8288243
0.8384037
0.812007
0.7999076
0.9344336
0.8205947
0.7897593
0.7601308
0.7794592
0.8076712
0.794287
0.8624325
0.8537153
0.9811714
0.8352309
1.02878
0.7621717
0.7500541
0.5999686
0.7132788
0.8501564
0.7869005
0.8789134
0.7372102
0.8389233
0.9078382
0.9493791
0.822765
0.8707475
1.12916
0.6863447
0.8888616
0.9519875
0.8890056
0.8622809
0.8895563
0.9488906
0.8387514
0.970519
0.7963628
0.8547755
0.8396454
0.9472932
0.9786769
0.8646261
0.7880494
0.9258914
0.9267709
0.9052868
0.8449422
0.9821076
0.983029
0.9713485
0.9607461
0.7920648
0.9423527
0.9224369
0.9883867
0.9680072
0.928034
0.8474779
0.9583064
0.9477544
0.8073815
0.8902447
0.805448
0.9769011
0.7938959
0.9453098
1.039225
1.022571
1.016665
0.9405193
0.9206479
1.047449
1.048059
1.102728
0.9816896
1.022282
0.9392218
0.9010635
0.8689686
1.074359
0.9145995
0.8074017
0.9141376
0.8888267
1.058466
0.9683583
0.9734614
0.9723728
0.9202812
0.8973677
0.9981699