0.1224754
-0.9745113
-1.025164
-0.7704082
-0.9148636
-1.051781
-0.9969789
-0.8694317
-1.067726
-1.020062
-1.038593
-1.069439
-1.008424
-1.016469
-0.8284713
-1.039664
-0.8456337
-0.9308797
-0.9505646
-0.9885147
-0.8331092
-0.922915
-1.033943
-0.859229
-1.099027
-0.9079927
-0.7997506
-1.028758
-0.8853813
-0.8572527
-0.9141386
-0.9000913
-0.9706245
-0.8856212
-0.8005921
-1.165785
-1.005412
-0.9278108
-0.9270193
-0.8827444
-1.069558
-0.8431947
-0.7398742
-0.9858764
-0.9341589
-0.846537
-0.8715321
-0.8999424
-0.9143996
-0.7581856
-0.7949837
-0.9385395
-0.8596248
-0.8616713
-0.8297829
-0.758405
-0.9289968
-0.8453615
-0.9396952
-0.8077064
-0.9006197
-0.9319515
-0.8047808
-0.8286444
-0.9285491
-1.066299
-1.008757
-0.7747761
-0.7686279
-0.7919436
-0.8519494
-0.7319381
-0.9065294
-0.7888429
-0.8985978
-0.8467772
-0.8142168
-0.8939663
-0.9021891
-0.7895091
-0.7110615
-0.9016108
-0.79774
-0.8645508
-0.8089708
-0.8631747
-0.9054208
-0.8125943
-0.7944044
-0.7708789
-0.8744194
-0.8715597
-0.8210692
-0.7944516
-0.8384087
-0.9624575
-0.6865693
-0.6890611
-0.8803885
-0.651862
-0.7266778
-0.8679601
-0.9082711
-0.8153931
-0.8273861
-0.7103067
-0.7494249
-0.6715195
-0.7477334
-0.8806745
-0.8416433
-0.8037443
-0.6719379
-0.7603019
-0.7830719
-0.65501
-0.7071349
-0.7524806
-0.8781321
-0.6759412
-0.8586297
-0.7588818
-0.756942
-0.7564428
-0.700727
-0.834049
-0.6877104
-0.6650646
-0.7827823
-0.737167
-0.733843
-0.7445038
-0.8245936
-0.7654509
-0.7094545
-0.5538972
-0.7883089
-0.7479576
-0.6768513
-0.8123025
-0.7448771
-0.7109101
-0.8430895
-0.7401377
-0.6678642
-0.7646729
-0.8108525
-0.6477931
-0.7309658
-0.6543783
-0.7087282
-0.5956298
-0.5949047
-0.7533943
-0.5990661
-0.7414555
-0.6809749
-0.6774859
-0.822162
-0.7076835
-0.6568352
-0.7624453
-0.6379825
-0.7659151
-0.6972025
-0.699343
-0.7024152
-0.7195045
-0.6809896
-0.6712658
-0.7404843
-0.5511552
-0.6997331
-0.6760689
-0.5635433
-0.6133817
-0.5116424
-0.6853536
-0.5987276
-0.8290127
-0.5231408
-0.6022166
-0.5598128
-0.6486444
-0.546052
-0.5020175
-0.8014939
-0.6344092
-0.5400681
-0.5043089
-0.7109801
-0.5456229
-0.5944408
-0.6694159
-0.6647991
-0.7805069
-0.6281604
-0.5847019
-0.6040565
-0.6789826
-0.6900316
-0.4766449
-0.6702717
-0.6129496
-0.6404381
-0.6065893
-0.5163125
-0.7427448
-0.5814387
-0.6332449
-0.6053326
-0.571134
-0.6692453
-0.6068553
-0.6823213
-0.6058743
-0.6443011
-0.5185807
-0.5403383
-0.5140303
-0.5815401
-0.5349652
-0.6757286
-0.6211113
-0.5210112
-0.573772
-0.633402
-0.6359092
-0.5259292
-0.425476
-0.6290983
-0.404209
-0.3734615
-0.3543079
-0.4551973
-0.7047689
-0.63204
-0.3451433
-0.4318979
-0.5281083
-0.5480252
-0.5115371
-0.6402619
-0.7065066
-0.5470815
-0.5209106
-0.4578804
-0.3888392
-0.4278097
-0.6173465
-0.4959216
-0.327629
-0.5771936
-0.4238294
-0.3497192
-0.5155211
-0.6071874
-0.3767184
-0.4465578
-0.3956884
-0.4656524
-0.4772683
-0.3576591
-0.4597738
-0.6075618
-0.5323162
-0.4687707
-0.586992
-0.2446267
-0.564011
-0.4747827
-0.4980645
-0.3408488
-0.2299973
-0.3610125
-0.4083783
-0.4540613
-0.3970796
-0.2811172
-0.5723224
-0.3907679
-0.4165241
-0.4355213
-0.5265221
-0.2307623
-0.3720862
-0.2576663
-0.4735508
-0.4468444
-0.5634019
-0.3653591
-0.4439834
-0.3848111
-0.2929328
-0.3201185
-0.4319739
-0.4261492
-0.5125734
-0.3496874
-0.3743701
-0.4458402
-0.4812006
-0.3796641
-0.4177001
-0.4655472
-0.4605715
-0.2633666
-0.4555854
-0.4044844
-0.3111794
-0.3771045
-0.3501086
-0.3235709
-0.2262333
-0.2506463
-0.1155101
-0.4636509
-0.3753055
-0.3478202
-0.4277087
-0.4572639
-0.4522501
-0.3870826
-0.2040477
-0.206864
-0.2352389
-0.3977817
-0.4643192
-0.4804911
-0.3537287
-0.3851338
-0.2562877
-0.4256961
-0.2654822
-0.3765971
-0.3047178
-0.4429364
-0.3044868
-0.1821151
-0.2586993
-0.1106694
-0.1771815
-0.2095619
-0.3755731
-0.4828581
-0.2555516
-0.3181274
-0.3203572
-0.1928501
-0.4115396
-0.2666357
-0.2575096
-0.1270872
-0.05954333
-0.3084316
-0.4050669
-0.2615145
-0.1258751
-0.3382463
-0.3851362
-0.4538658
-0.2022417
-0.3396734
-0.3275095
-0.2770849
-0.4193662
-0.3493483
-0.3035296
-0.1889992
-0.239554
-0.434704
-0.3059152
-0.04889336
-0.2279277
-0.2370899
-0.1854013
-0.2903908
-0.28981
-0.3029919
-0.252708
-0.2279665
-0.2104609
-0.349845
-0.2359796
-0.2990098
-0.2075775
-0.1101163
-0.1718987
-0.05422086
-0.2845046
-0.2832935
-0.1728892
-0.13292
-0.1840634
-0.2033613
-0.1237747
-0.2497675
-0.2558269
-0.1699448
-0.1267861
-0.2376467
-0.2390423
-0.277953
-0.2501077
-0.1781323
-0.2062117
-0.2642286
-0.2144528
-0.3008444
-0.05867537
-0.2306643
-0.2133597
-0.178795
-0.1614382
-0.1199948
-0.1759153
-0.1042484
-0.009168134
-0.1924878
-0.1887814
-0.1696418
-0.1224502
-0.154898
0.002800007
-0.2597814
-0.2010012
-0.1825084
-0.08420925
-0.1647557
-0.1631131
-0.1576582
-0.06798079
0.009811658
-0.239314
-0.1999269
-0.1966299
-0.2750309
-0.07834683
-0.1340472
-0.2602866
-0.09564698
-0.05971779
-0.1198621
-0.01647964
-0.03883883
-0.1535706
0.002276751
-0.1338912
0.006320215
-0.04126682
0.03709347
-0.1273843
-0.1714176
-0.1047409
0.04068935
-0.00456176
-0.1183067
-0.04683357
-0.1645823
-0.0221685
0.0554771
-0.06727454
-0.009731831
-0.06640497
0.05697368
-0.08631943
-0.1474532
0.08772228
-0.1373772
-0.0967771
-0.1231608
-0.1456695
0.05741448
0.008947821
0.02713406
-0.1434368
0.004878912
-0.09662206
0.006660378
-0.1324228
-0.1041802
-0.09230192
-0.04403987
-0.1019026
0.04061572
-0.04035029
-0.07594054
-0.02242094
-0.03766309
-0.03936611
0.01267568
-0.1581262
-0.0271195
0.1281422
0.007181685
-0.06437532
-0.05473951
0.1344312
-0.01401897
0.1223725
-0.2275306
-0.212421
-0.06589808
-0.01564975
0.06555371
0.05017293
-0.08206897
-0.06657861
-0.1302622
0.04558232
-0.1292063
-0.0156019
-0.01675585
0.1380486
0.08614337
-0.1093271
0.008334972
0.1313107
-0.16847
0.01208775
0.04529681
0.03301446
0.1218259
-0.1422898
0.1068864
-0.06889393
-0.009822392
0.005697874
0.004996263
-0.1297604
0.1423373
0.03008419
-0.07387709
-0.07076514
0.2948615
-0.03075657
0.01568021
0.02967453
0.103432
0.2078799
-0.0244783
0.02188998
-0.04689546
0.01766189
-0.05213288
0.1576522
0.06256427
0.1252664
0.1206677
0.1339229
0.1337754
0.2005716
0.2175336
-0.09350271
0.2016439
0.170725
0.3313846
0.1723892
0.3860856
0.1678214
0.09652509
0.09145892
0.2541096
0.1642731
0.12627
0.1750977
0.01901323
0.02299647
0.0616849
0.1523046
0.1225413
0.08522364
0.1045581
0.1173033
0.1061795
0.2063826
0.2272646
0.1936769
0.1656062
0.05874794
0.127261
0.01981125
0.09331577
0.181567
0.1255567
0.08251749
0.1382457
0.1270114
-0.01507736
0.1781608
0.2414644
0.2262747
0.2036847
0.2573547
0.2736302
0.2228381
0.2466738
0.19821
0.2079318
0.1194827
0.06264308
0.238957
0.1329897
0.3036496
0.1401053
0.1587406
0.3317742
0.2357595
0.2238855
0.3156775
0.3327305
0.1543566
0.2401375
0.1197549
0.05654513
0.2437367
0.2767218
0.1083566
0.1138935
0.1725606
0.2223566
0.1947955
0.1378046
0.162614
0.3275638
0.05420492
0.3271317
0.2933098
0.2313164
0.335863
0.2091467
0.1547987
0.301131
0.2256248
0.1140834
0.1699352
0.1345209
0.351256
0.3574839
0.2422951
0.3668983
0.3971474
0.355132
0.4602733
0.2982585
0.2417807
0.3539642
0.3435976
0.1782144
0.2339488
0.3398277
0.3356103
0.3275074
0.2930052
0.3643475
0.2650649
0.2538706
0.3303663
0.2410846
0.2636186
0.3096345
0.2202267
0.4317441
0.3753374
0.336815
0.5022923
0.2411183
0.4125645
0.1812128
0.3754194
0.3724943
0.2966826
0.3893123
0.350595
0.2129629
0.324301
0.3070388
0.3516356
0.406159
0.2811792
0.3370918
0.3876017
0.306786
0.4601351
0.5410394
0.4619632
0.1485243
0.3644692
0.4275545
0.514966
0.2715126
0.4593318
0.243988
0.4652094
0.2562929
0.2852655
0.4542212
0.4358406
0.5248837
0.4064684
0.429087
0.398048
0.3473542
0.4799048
0.3611438
0.4737988
0.4230332
0.4300656
0.5162504
0.4378716
0.4374319
0.4205104
0.4803274
0.3999996
0.5313356
0.394324
0.366981
0.4147377
0.3859295
0.4944138
0.4652756
0.4691994
0.4035823
0.387255
0.513768
0.4800863
0.4118949
0.5206617
0.5275259
0.5330098
0.4892605
0.4997074
0.5723171
0.5366167
0.6717929
0.5736796
0.5077574
0.437184
0.5557675
0.4903837
0.5938815
0.5690946
0.4935652
0.3474219
0.3836457
0.3926332
0.4970751
0.5399276
0.5354611
0.4790632
0.5078649
0.4993692
0.5162982
0.4765523
0.5435984
0.5103005
0.3942136
0.4986867
0.5234334
0.4994747
0.5858426
0.5102221
0.5791237
0.6330418
0.5204053
0.5482738
0.3832657
0.5700543
0.505303
0.5976078
0.5527548
0.4126475
0.609957
0.5572019
0.6142983
0.58526
0.3569945
0.5892614
0.5596474
0.5979315
0.7156115
0.6159019
0.6209066
0.6421106
0.6771806
0.5104617
0.7358656
0.553749
0.5802683
0.4805188
0.7405535
0.5351404
0.5843741
0.5532558
0.5013081
0.555359
0.6410626
0.7233996
0.6642043
0.6658022
0.4620396
0.37611
0.5944647
0.5460462
0.5817328
0.687484
0.6128185
0.714834
0.461382
0.5174239
0.6829078
0.6517176
0.6355871
0.5474534
0.5103047
0.4718634
0.7073667
0.7937677
0.6286773
0.6587936
0.7121943
0.6771825
0.6028265
0.6656014
0.5988144
0.7123309
0.7188478
0.6426456
0.6605981
0.5991645
0.4322793
0.6670321
0.6855396
0.6839254
0.7110313
0.6301985
0.6064105
0.6791513
0.595046
0.836879
0.5541629
0.7115483
0.7985326
0.6879362
0.7901826
0.6396637
0.5739261
0.8262929
0.677724
0.7148265
0.6273448
0.6576521
0.9374924
0.6359263
0.5789967
0.7712289
0.6734186
0.7857785
0.7230045
0.7706637
0.699215
0.6950281
0.7530071
0.7724397
0.5959937
0.869728
0.7482572
0.68581
0.6470071
0.7540187
0.6408759
0.837686
0.6739031
0.6970341
0.8588745
0.7481795
0.8900842
0.8635316
0.7660223
0.6509317
0.7464839
0.7221839
0.7622499
0.7159471
0.6970476
0.7158817
0.9254921
0.7460975
0.6455947
0.681776
0.8179764
0.8309224
0.8243263
0.8119276
0.7353193
0.7646122
0.7883091
0.8508974
0.7997826
0.7720034
0.8625615
0.8376087
0.9838599
0.6419801
0.7855944
0.6829933
0.7804444
0.8262374
0.8372071
0.8053552
0.7994277
0.9461763
0.8246721
0.7769866
0.7586385
0.797251
0.8043005
0.8056473
0.868764
0.8528268
1.018168
0.8251131
1.024935
0.7563589
0.756401
0.601863
0.712352
0.8675912
0.8067732
0.8733748
0.7633795
0.8361634
0.8984944
0.9294115
0.8396729
0.8409516
1.12129
0.7005524
0.8676696
0.9748418
0.8614423
0.856894
0.8625456
0.9462754
0.8476168
0.9805726
0.801205
0.8639506
0.8686112
0.9511573
0.988577
0.845515
0.7950888
0.9155816
0.8849023
0.9211991
0.8567693
0.9642639
0.9923305
0.9836842
0.9661518
0.7698142
0.9327931
0.9269136
0.9978799
0.9470135
0.9336238
0.8547095
0.9596739
0.938808
0.8072449
0.9034342
0.8178584
0.942037
0.7970662
0.9360372
1.061177
1.013041
1.023673
0.9575654
0.9167465
1.024504
1.055458
1.1082
0.9990946
1.011382
0.9310889
0.8844769
0.8730252
1.059358
0.8867365
0.7958769
0.9317827
0.87266
1.071692
0.9651413
0.968178
0.9674219
0.9319222
0.9063827
1.011464