-0.02212808
-0.9662088
-0.953137
-0.955305
-1.074262
-0.9380299
-0.8654212
-0.9882905
-0.8493614
-0.9725675
-1.104939
-1.059327
-1.077463
-0.9468186
-0.892366
-1.038335
-0.9989113
-0.9303737
-1.033273
-0.9421028
-1.114642
-1.105041
-0.9681519
-1.094986
-0.9490048
-0.7705506
-0.9414648
-1.090461
-0.9148768
-0.956433
-1.046324
-0.9176558
-0.8553323
-0.9816187
-0.9586814
-1.088498
-0.9999509
-1.059597
-0.8660406
-0.8972492
-0.7555379
-0.8383213
-0.9368385
-0.9562005
-0.9961012
-0.88531
-1.011221
-0.9719323
-1.030995
-0.8708482
-0.9146739
-0.8329287
-0.9271552
-0.8986903
-0.9437613
-0.9560888
-1.024717
-0.9490476
-0.799864
-0.859893
-0.8480183
-0.8995394
-0.962408
-0.841206
-0.773728
-0.8746314
-0.8559615
-0.9513257
-0.9354281
-0.8717485
-0.7958823
-0.7963879
-0.8070282
-0.9131961
-0.746666
-0.7873702
-0.8406291
-0.8497752
-0.7998026
-0.9019098
-0.8922053
-0.7387174
-0.7559489
-0.7668638
-0.7078755
-0.9513668
-0.8097375
-0.8552493
-0.8549275
-0.6741989
-0.6974096
-0.9624687
-0.7876761
-0.8490228
-0.9149505
-0.7036278
-0.6939895
-0.912278
-0.7246388
-0.7790933
-0.7546041
-0.9205181
-0.7781656
-0.8629861
-0.7584552
-0.8380971
-0.8464104
-0.8939087
-0.9181151
-0.740102
-0.7871098
-0.7476
-0.7177073
-0.8528853
-0.6836499
-0.9061914
-0.5708994
-0.9516945
-0.8983923
-0.7633906
-0.7077726
-0.8438177
-0.6920878
-0.8653102
-0.7901556
-0.8742967
-0.7884194
-0.7005598
-0.7373581
-0.8846564
-0.856889
-0.6387163
-0.6374903
-0.8356853
-0.6360994
-0.8493772
-0.7956476
-0.791466
-0.6143061
-0.7144226
-0.6967651
-0.889175
-0.7045807
-0.5174454
-0.7512686
-0.7036129
-0.7809048
-0.7495948
-0.6268396
-0.5743243
-0.7105704
-0.7648471
-0.675318
-0.7076488
-0.6488657
-0.6194617
-0.6888241
-0.808428
-0.6301357
-0.6358708
-0.7641345
-0.5948553
-0.7538079
-0.5926067
-0.664936
-0.6665001
-0.6109626
-0.7532454
-0.6304685
-0.6824301
-0.6399105
-0.5249248
-0.4769535
-0.594284
-0.7778326
-0.5157397
-0.667584
-0.6862538
-0.554881
-0.8065454
-0.7707378
-0.6287223
-0.7084235
-0.6435718
-0.7513849
-0.6895709
-0.58368
-0.7947895
-0.6268386
-0.6766742
-0.7267606
-0.5612613
-0.5028832
-0.5443183
-0.5981378
-0.6930094
-0.6432993
-0.6836297
-0.688614
-0.5963229
-0.62379
-0.5903613
-0.5288398
-0.5288255
-0.5846553
-0.5447957
-0.6184003
-0.5111311
-0.6547484
-0.4676291
-0.572335
-0.6605112
-0.6222388
-0.5164899
-0.6598874
-0.5556143
-0.6196658
-0.4519532
-0.4743526
-0.7149728
-0.6450393
-0.6518748
-0.6082085
-0.6030294
-0.540325
-0.440358
-0.4446187
-0.7008779
-0.7123226
-0.5412625
-0.5709449
-0.5154878
-0.3815258
-0.6282664
-0.5782967
-0.3939861
-0.4820522
-0.4344935
-0.4928743
-0.3916736
-0.6598362
-0.5027712
-0.5581694
-0.4279028
-0.4428468
-0.4962735
-0.3768912
-0.5247687
-0.6073001
-0.5477384
-0.487741
-0.413186
-0.4790885
-0.38297
-0.6754705
-0.5311247
-0.5410928
-0.4164554
-0.3697323
-0.4832929
-0.445288
-0.5131609
-0.3632437
-0.4821819
-0.3276946
-0.4903338
-0.4440309
-0.5090825
-0.573484
-0.4207526
-0.4562944
-0.4930665
-0.5149216
-0.5050729
-0.3844959
-0.3642703
-0.4614466
-0.498804
-0.3712895
-0.5552162
-0.3977711
-0.5134702
-0.3763057
-0.4179193
-0.4771711
-0.4442419
-0.4690862
-0.5472354
-0.3684931
-0.2845411
-0.4024138
-0.3479854
-0.5458832
-0.3076335
-0.4213438
-0.6291586
-0.3321553
-0.5060353
-0.4180699
-0.2996547
-0.4857763
-0.2793553
-0.2864376
-0.364787
-0.42175
-0.2663665
-0.3388213
-0.5830101
-0.1962275
-0.3303042
-0.2770908
-0.32476
-0.4175333
-0.4636138
-0.3242401
-0.3445094
-0.3461607
-0.2809856
-0.4473253
-0.2982308
-0.3518864
-0.3110459
-0.3757009
-0.4578371
-0.3152304
-0.2699945
-0.3224458
-0.4455599
-0.3747858
-0.3796553
-0.5068596
-0.4152971
-0.3061301
-0.3557189
-0.3088862
-0.3344873
-0.304344
-0.3458652
-0.3074204
-0.4132745
-0.3520582
-0.2732137
-0.1941177
-0.3273898
-0.3718385
-0.3258938
-0.3814077
-0.2760029
-0.2616269
-0.4198315
-0.3693506
-0.2882375
-0.2696257
-0.210958
-0.5011386
-0.06933228
-0.04021853
-0.2149876
-0.2203781
-0.2981736
-0.3153471
-0.2813752
-0.3379419
-0.4036404
-0.2438086
-0.2657711
-0.3308032
-0.353955
-0.1690545
-0.3010663
-0.2355487
-0.2528225
-0.3195895
-0.236568
-0.3631919
-0.2572528
-0.3718013
-0.3810217
-0.2151378
-0.2707419
-0.1045188
-0.3385059
-0.2981996
-0.3452413
-0.3338577
-0.2001683
-0.3113395
-0.3593996
-0.2428438
-0.2307111
-0.179658
-0.3004873
-0.2555048
-0.285866
-0.4018105
-0.2374107
-0.2010731
-0.2245135
-0.1311415
-0.3640434
-0.2101148
-0.1213711
-0.1569021
-0.1745183
-0.1537972
-0.2031388
-0.197132
-0.2182084
-0.1125285
-0.2930595
-0.1682412
-0.1593375
-0.1814051
-0.08381232
-0.08369344
-0.08558796
-0.317215
-0.3787104
-0.1951691
-0.2411538
0.03597405
-0.2058538
-0.1711883
-0.1106545
-0.2180885
-0.07162424
-0.1888587
-0.1602918
-0.1505839
-0.0467161
-0.07211428
-0.08768947
-0.03598781
-0.06289892
-0.1210823
-0.07411911
-0.2381397
-0.3536372
-0.1320586
-0.2425644
0.07053147
-0.06383198
-0.2390908
-0.1172243
-0.1458305
-0.1865512
-0.2373631
-0.1464904
-0.05151303
-0.03110857
-0.1689753
-0.1426071
-0.1015352
-0.1704179
-0.2001864
-0.06884852
-0.1417878
-0.01801251
-0.08056481
-0.1109244
-0.1731194
-0.01373218
0.004725158
0.02760845
-0.04044813
-0.1287988
-0.05136655
0.008679142
-0.01390431
-0.1610563
-0.07437451
0.0619141
-0.09212449
-0.01900913
-0.09310013
-0.105899
-0.04960276
-0.00393312
-0.07550116
-0.03676904
-0.1087271
-0.09995851
0.02786316
0.1055929
0.03530758
0.0108874
-0.1092867
-0.09525614
0.03672599
-0.05938063
-0.05172412
0.01095023
-0.174115
0.1673114
-0.05172404
-0.02846285
-0.007233366
-0.01148258
0.1104657
-0.1067465
-0.05238673
0.07477388
-0.03664318
0.0432778
-0.02500247
0.02777637
-0.03074096
-0.1370613
0.01915459
0.0211191
0.08119245
-0.07930633
-0.03330283
0.07250668
0.008324296
0.08667412
0.03425474
0.04812384
0.004298162
-0.09369056
-0.01645119
0.1712682
0.008527309
-0.02490114
0.2791185
0.04753456
0.02106636
-0.003757889
0.126669
-0.04151708
0.1623796
0.108093
0.06097418
0.1835046
0.0794818
-0.03323058
-0.009203112
0.1736522
0.1419105
0.08892122
0.08634792
-0.005736897
0.06669975
0.04630567
0.1057341
0.1076933
0.07671753
0.1465523
0.2747
0.08068535
0.1492994
0.07306482
0.01773933
0.1798201
0.05123191
0.122263
0.202764
0.1846843
0.05454966
0.08231425
0.1413535
0.1529797
0.1278639
0.2156052
0.05639332
-0.06518025
0.1369515
0.1133236
0.1878806
0.1494468
0.193554
0.1691628
0.1926382
0.1019231
0.1017811
0.1979596
0.1173346
0.1599713
0.2202494
0.2363569
0.1546507
0.168337
0.201865
0.2853089
0.06847634
-0.04155346
0.1281341
0.08238197
0.213484
0.2889136
0.3149833
0.2663294
0.03566885
0.1978651
0.2212834
0.2810047
0.2153862
0.146515
0.2555415
0.06758886
0.1880852
0.2007426
0.3065412
0.1850817
0.1073552
0.1899183
0.2368511
0.1792068
0.2863557
0.2190966
0.2899075
0.2764342
0.1928065
0.2545509
0.17776
0.2050628
0.3012758
0.1834299
0.2784536
0.09800447
0.227917
0.1924532
0.1648295
0.2539356
0.1993188
0.2957579
0.2774082
0.215491
0.1360901
0.2741695
0.3293259
0.03670884
0.1257041
0.4638143
0.2990535
0.04871613
0.2010925
0.4187926
0.2670054
0.2849845
0.3346953
0.3150103
0.3145886
0.312237
0.2999576
0.253472
0.2731344
0.2494384
0.3285332
0.3451186
0.3502919
0.3116605
0.3045656
0.385974
0.335229
0.3467168
0.2649858
0.2780178
0.3026292
0.2403465
0.3134921
0.3095587
0.3237978
0.1887338
0.3793273
0.4110585
0.2448515
0.2932504
0.4027879
0.2711312
0.4700158
0.3184591
0.2116908
0.3342615
0.4578704
0.4532928
0.3457755
0.2027451
0.406714
0.2388193
0.3858697
0.2480534
0.3318129
0.3013349
0.3490089
0.4522328
0.5095355
0.3992904
0.541639
0.4571807
0.4218086
0.4067095
0.327738
0.5467184
0.2388533
0.404485
0.2596323
0.2756012
0.3404971
0.365387
0.4386988
0.3442071
0.4821306
0.3871312
0.402932
0.3020339
0.4745733
0.3721906
0.4446675
0.3770642
0.6423894
0.4056074
0.5659972
0.3699327
0.355167
0.3960335
0.4052504
0.4980412
0.4148114
0.2881909
0.3441296
0.4539477
0.516803
0.4522943
0.6214236
0.3879233
0.2836055
0.451319
0.4208875
0.4618488
0.5204941
0.5209608
0.3923823
0.4989405
0.6206307
0.3863399
0.5172302
0.5538174
0.4670261
0.391338
0.4191639
0.572081
0.3429372
0.5544825
0.5203016
0.5629425
0.5012892
0.5549724
0.3612429
0.4182797
0.4293194
0.593165
0.5519127
0.3885094
0.5666047
0.4492523
0.6244008
0.6319229
0.4582498
0.559655
0.4288124
0.5990667
0.5547878
0.5338318
0.4207252
0.5010953
0.4758191
0.5664034
0.5329636
0.5346812
0.5469482
0.5931345
0.6438129
0.4792567
0.6707622
0.6957745
0.5349865
0.5860525
0.4144212
0.6324382
0.5231033
0.5821191
0.4709294
0.4786242
0.6988904
0.5318032
0.5070766
0.5811382
0.6477878
0.5267327
0.5383684
0.4696176
0.429986
0.6073866
0.5727676
0.5007339
0.6683247
0.6205993
0.6383771
0.6189869
0.5252679
0.5971997
0.568652
0.6584686
0.7382942
0.5801349
0.7229335
0.6472147
0.5483423
0.5128567
0.6559508
0.7319485
0.5909213
0.6294959
0.5872513
0.6656451
0.4244809
0.5373657
0.7078877
0.5080476
0.7180205
0.5895125
0.7504525
0.7397768
0.6267369
0.7029088
0.7601991
0.6135452
0.7421538
0.568473
0.5414122
0.5943625
0.6677605
0.5473455
0.5928048
0.8514687
0.5580831
0.6785497
0.6770807
0.8665172
0.7328722
0.6333221
0.6389603
0.763491
0.6815834
0.7203031
0.7361345
0.6481642
0.6601834
0.6452922
0.7931617
0.7601888
0.7158439
0.60299
0.7106252
0.6432054
0.6877716
0.7293904
0.7888685
0.7750716
0.7131603
0.8012607
0.6949999
0.6610754
0.7722692
0.6001372
0.8265079
0.7022141
0.7508415
0.7336165
0.6665211
0.7384376
0.709686
0.6890706
0.7264326
0.7508853
0.7905514
0.8285481
0.6579223
0.6996338
0.7062286
0.6652898
0.8132683
0.8584373
0.8611289
0.7066089
0.8336811
0.9002901
0.7913392
0.8548129
0.7495036
0.7475533
0.8057446
0.7725913
0.8035859
0.8982068
0.7961581
0.7344189
0.9428937
0.7810122
0.8222172
0.7982421
0.8246341
0.8015196
0.7483449
0.763837
0.8046433
0.8810825
0.7842985
0.7562007
0.8106055
0.8610014
0.9743906
0.8873287
0.7737854
0.7376053
0.9253127
0.9104613
0.8896841
0.9078417
0.8487895
0.9502373
0.8924274
0.9087933
0.920608
0.6453792
0.9377969
0.8611735
0.8808408
0.7780564
0.8097701
0.8398926
0.8824739
0.983804
0.9486015
0.8802961
0.8526232
0.8054266
0.8107669
0.9297723
0.8476421
0.8256393
0.8470604
0.6157206
0.9280643
0.8374884
0.8589359
0.8968932
1.033445
0.8807715
0.8924106
0.8249855
1.063311
0.8939447
0.9038307
1.037183
1.118641
0.8063231
1.037932
0.9177349
1.048371
1.069149
0.9044683
0.8820472
0.8561415
0.8843066
0.9154101
0.8126275
0.9074019
0.9883574
1.018574
0.9612215
1.017009
0.9512
0.8687675
0.8557046
0.7938977
0.9568837
0.9096769
0.8387195
1.03203
0.8284854
0.9999302
0.9718795
0.9053731
1.034201
1.118154
0.9739628
0.983614
1.062589
0.9218014
0.970915
1.015835
1.009444
1.017603
1.033889
0.7980511
1.049629
0.9046156
1.005881
0.9960605