0.0513959
-0.9836778
-1.036694
-0.9340774
-1.063109
-0.9624427
-0.979922
-1.026637
-1.124607
-0.9925055
-0.9380026
-0.9205534
-1.009288
-0.9512392
-0.9535626
-0.9531787
-0.9268563
-0.8588666
-1.012269
-0.955074
-1.032265
-0.9660665
-0.8509195
-0.9136426
-1.103425
-0.8619779
-0.914441
-0.9513929
-1.036015
-0.9416654
-0.9271597
-0.9065239
-0.8863932
-0.9766823
-0.8724804
-0.8949329
-0.9150994
-0.8060573
-0.9287694
-0.9173795
-0.688162
-0.7427761
-0.8544001
-0.9052852
-0.9794843
-0.8043931
-0.9599856
-0.9287803
-0.9292761
-0.9431338
-0.8458982
-1.01004
-1.023672
-0.690094
-0.7648069
-0.7855692
-0.8705488
-0.9902943
-0.841125
-0.831396
-0.7041092
-0.8230833
-0.9475472
-0.9761701
-0.8933454
-0.8232405
-0.9413356
-0.8243141
-0.8543238
-0.820627
-0.7919216
-0.6349679
-0.7382461
-0.9790196
-0.9904689
-0.8258059
-0.8018658
-0.9989441
-0.749484
-0.8602058
-0.830477
-0.8526895
-0.9067933
-0.8557472
-0.8308367
-0.8187979
-0.6416628
-0.8844064
-0.788788
-0.9266684
-0.8354018
-0.8320277
-0.7325815
-0.8803035
-0.7671153
-0.7136835
-0.7050167
-0.8449236
-0.7375984
-0.8362758
-0.7952976
-0.7578571
-0.7828988
-0.9150269
-0.890082
-0.9186498
-0.7216246
-0.7230779
-0.9020623
-0.7053178
-0.8653419
-0.7820875
-0.788343
-0.7299686
-0.7078576
-0.7692442
-0.6885438
-0.7141706
-0.8496795
-0.7396228
-0.8230646
-0.7480158
-0.8819223
-0.8242647
-0.7551675
-0.6037745
-0.7227613
-0.9227637
-0.71891
-0.7310763
-0.7107408
-0.5782745
-0.7473524
-0.8363962
-0.7656559
-0.7692476
-0.6922471
-0.5054497
-0.5254544
-0.7231447
-0.7630572
-0.6813819
-0.7594422
-0.7912425
-0.792138
-0.7251924
-0.6113714
-0.6970925
-0.6416702
-0.695183
-0.6811444
-0.6858258
-0.7157501
-0.6513486
-0.7277192
-0.6422687
-0.7547123
-0.6500251
-0.6190397
-0.5366252
-0.6234815
-0.5939681
-0.5538536
-0.6207481
-0.6762486
-0.6568011
-0.6260038
-0.6695589
-0.8265922
-0.5870956
-0.6533743
-0.6125718
-0.6770919
-0.712139
-0.5984411
-0.7731165
-0.6783866
-0.7599041
-0.6391865
-0.8230042
-0.504964
-0.6783987
-0.5587612
-0.6933662
-0.5899271
-0.569868
-0.5234206
-0.6355251
-0.6681106
-0.5884521
-0.6586542
-0.5731655
-0.6442203
-0.6943076
-0.6628284
-0.5247848
-0.5592021
-0.5466116
-0.4878281
-0.4974981
-0.6246023
-0.5660614
-0.6638312
-0.5463439
-0.6242522
-0.7392428
-0.6279335
-0.784144
-0.4770142
-0.4914226
-0.5540337
-0.5860445
-0.569337
-0.5181276
-0.6337487
-0.6171036
-0.5372697
-0.5648578
-0.5533556
-0.6922821
-0.3831946
-0.5457676
-0.5719785
-0.534817
-0.5953348
-0.5190687
-0.5553646
-0.7280725
-0.498406
-0.5078993
-0.5595991
-0.5587298
-0.5149966
-0.4567792
-0.6737414
-0.5314846
-0.7092666
-0.4809787
-0.5387133
-0.6596615
-0.6408945
-0.5206601
-0.4950987
-0.4969706
-0.6049387
-0.6145606
-0.4678458
-0.4840317
-0.5542325
-0.3898127
-0.4232196
-0.5244349
-0.6699205
-0.4950504
-0.5043886
-0.4596528
-0.4722789
-0.6404349
-0.5193993
-0.4617942
-0.447702
-0.5088451
-0.5941143
-0.511478
-0.2782067
-0.4367161
-0.4407866
-0.5043347
-0.4903853
-0.4106495
-0.3790952
-0.3364883
-0.4134466
-0.6321086
-0.5632392
-0.3985738
-0.4344955
-0.5125477
-0.3809435
-0.3744178
-0.5491278
-0.4080691
-0.528486
-0.3487578
-0.5053224
-0.6121331
-0.3150496
-0.4385202
-0.3292189
-0.4501907
-0.2732015
-0.4344507
-0.5372417
-0.3463089
-0.3433917
-0.4300627
-0.4363022
-0.5145087
-0.3265895
-0.3720048
-0.4170672
-0.4612655
-0.430829
-0.4736654
-0.430845
-0.433726
-0.3123686
-0.4961105
-0.4730366
-0.4300197
-0.2940403
-0.4997909
-0.3867426
-0.469574
-0.4213043
-0.3377955
-0.434805
-0.508355
-0.2147054
-0.3374027
-0.3177187
-0.3063159
-0.4222654
-0.3716206
-0.3141959
-0.5302375
-0.497939
-0.1967101
-0.270083
-0.3019886
-0.2733246
-0.3558982
-0.3500302
-0.3107922
-0.1798851
-0.377861
-0.4597469
-0.2473297
-0.3270776
-0.3194537
-0.2904977
-0.3705547
-0.3699915
-0.3972557
-0.3018596
-0.2620636
-0.2879374
-0.2147473
-0.220614
-0.3417421
-0.3355006
-0.3621274
-0.3606448
-0.2432128
-0.2268899
-0.2177678
-0.2219717
-0.2708991
-0.3068128
-0.2884746
-0.2867619
-0.2429669
-0.2803796
-0.3913691
-0.2962701
-0.1604038
-0.2629142
-0.3321135
-0.2486664
-0.4190962
-0.1631241
-0.2421894
-0.2173757
-0.3715429
-0.4072723
-0.2341493
-0.2724558
-0.2470842
-0.2929195
-0.2334947
-0.08521636
-0.1217625
-0.4293159
-0.3053485
-0.384551
-0.2832805
-0.124691
-0.217176
-0.2708848
-0.2210746
-0.2103915
-0.1228709
-0.1744786
-0.2106699
-0.3811502
-0.3847956
-0.3341674
-0.3279504
-0.1829481
-0.2302284
-0.1034005
-0.05040821
-0.2506056
-0.3433683
-0.129761
-0.1770292
-0.1551646
-0.1303132
-0.156364
-0.09024211
-0.167401
-0.08950078
-0.1303895
-0.1479368
-0.1496522
-0.13542
-0.1987856
-0.1285115
-0.04924735
-0.2120073
-0.1335658
-0.3106435
-0.2093997
-0.1596132
-0.1444677
-0.04218334
-0.1352549
-0.1778916
-0.06500423
-0.06170332
-0.1197125
-0.07090235
-0.241172
-0.05273044
-0.1033168
0.01883834
-0.107194
-0.1190212
-0.1567348
-0.09057029
-0.08284242
-0.1650121
-0.3169255
-0.1668587
-0.2401064
-0.221168
-0.234965
-0.2468147
-0.07915591
-0.02274009
0.01432014
-0.1402585
-0.1713103
-0.0657257
-0.08641746
0.01523978
0.0202097
-0.1408835
-0.0009285446
-0.103859
-0.08235344
-0.1311687
-0.1706807
-0.03609102
-0.02385579
-0.117649
-0.1498138
0.02835305
-0.130913
-0.05852443
-0.05058054
-0.08771323
0.05103087
-0.1155076
0.004055682
-0.03516969
-0.1441286
-0.08075412
-0.08839374
-0.002944177
-0.07412929
0.07336327
-0.03908202
-0.09262456
-0.02290091
-0.1483554
0.07252074
-0.0296589
0.1349376
-0.09252913
-0.05744216
-0.003398328
0.06838497
-0.0618254
0.005749205
0.1040222
-0.1099636
-0.09593963
0.0475816
-0.01008391
-0.084278
-0.1733635
0.08789385
-0.004968349
-0.09106598
0.07509628
0.001387528
0.2240153
0.172143
-0.1243472
0.04224509
-0.09144685
0.09207283
-0.01682458
0.08441697
0.1321082
0.08765236
0.2111675
0.1317946
-0.06363944
0.02277063
-0.08035356
-0.01639287
0.09990623
0.2210498
0.05181305
-0.07814041
-0.07415898
0.1809862
0.06717899
0.136383
0.03038925
-0.01176318
0.1899849
0.07464618
0.1368992
0.01899225
-0.04211586
-0.03087566
0.2486126
-0.1120388
0.05103645
0.1089453
0.03210131
0.1255893
-0.03674812
0.2184691
0.03100863
0.1126468
0.1358338
0.01698899
0.1365645
0.03767932
-0.001976341
0.1545412
0.1949455
0.1172259
0.1099158
0.1572344
0.2550045
0.1920498
0.132617
0.07304786
0.170221
-0.01004191
0.1657769
0.09290584
-0.0326168
0.06544879
0.2208563
0.07340537
0.1256527
0.1058231
0.0951586
0.1495263
0.1400792
0.07095001
-0.005325707
0.1268744
0.1643688
0.160184
0.3113558
0.2585739
0.1633768
0.2213794
0.2070939
0.1267895
0.1891551
0.1275115
0.1432733
0.2479549
0.1499317
0.2350841
0.1441987
0.1971521
0.2112005
0.02386816
0.2473223
0.2675641
0.3184541
0.2680255
0.3590433
0.09675514
0.2949289
0.1564134
0.3058042
0.1098349
0.3009597
0.2004467
0.3119168
0.3008132
0.1973432
0.2518861
0.2806293
0.3243884
0.3218106
0.3295275
0.1995616
0.2850257
0.2177962
-0.03705974
0.1937498
0.1754389
0.2065084
0.2742226
0.3257511
0.2807531
0.3465972
0.2452544
0.3425706
0.2658502
0.2047275
0.09977379
0.3520992
0.1643934
0.4375208
0.2955791
0.2056822
0.334457
0.2283322
0.3341007
0.3851062
0.3298791
0.3459063
0.3973675
0.3823956
0.2195136
0.1327876
0.261227
0.1029564
0.2173397
0.2784093
0.3453536
0.2781014
0.3423516
0.2552928
0.2356425
0.3102127
0.2614404
0.2544802
0.4132563
0.1466863
0.3192728
0.3139321
0.3285734
0.3711724
0.223418
0.3839041
0.2375975
0.3272533
0.2439479
0.3400669
0.2401459
0.3250823
0.2805381
0.4297959
0.4876188
0.3638319
0.407841
0.3759992
0.5300706
0.246839
0.3013701
0.3281874
0.3993158
0.368672
0.3537075
0.3893193
0.2781196
0.3450126
0.409664
0.4004155
0.3844197
0.5707006
0.3720826
0.340266
0.3920848
0.4444441
0.3815716
0.5272399
0.3866064
0.4997314
0.3104133
0.3662335
0.4297212
0.358147
0.4102765
0.2881939
0.3198422
0.3392228
0.4156486
0.4359744
0.5820222
0.5079476
0.5226411
0.2736821
0.3693584
0.4585417
0.4124309
0.3987735
0.4961201
0.5178139
0.4226021
0.5971197
0.3810397
0.4509772
0.4363468
0.3052179
0.5181973
0.406873
0.5950922
0.5641002
0.3259223
0.2812005
0.5179019
0.4983703
0.3737209
0.5214426
0.5988509
0.458278
0.3993175
0.5445009
0.5647926
0.3817195
0.4991482
0.5791301
0.3405135
0.5453606
0.6769426
0.4709193
0.4770427
0.5331677
0.668277
0.4802665
0.3369343
0.6308268
0.5865822
0.6132994
0.5140801
0.7469615
0.5277116
0.4907565
0.5482533
0.5802614
0.4808557
0.5036181
0.3996218
0.4901167
0.6039073
0.5994908
0.5178402
0.5722117
0.5335777
0.6357362
0.6385409
0.6150333
0.5801672
0.496832
0.575959
0.5709701
0.4671162
0.4783588
0.4048804
0.4791703
0.7262304
0.5918675
0.5306516
0.5852845
0.6158899
0.6507378
0.5549309
0.5715397
0.6707897
0.5393738
0.4971438
0.6812816
0.4884963
0.5191222
0.449625
0.6127185
0.5920795
0.6108339
0.5245157
0.6193503
0.70324
0.6810834
0.6193815
0.6368528
0.5369584
0.7173728
0.6721208
0.5405734
0.6554661
0.5705671
0.744137
0.6219946
0.6711703
0.726645
0.6991883
0.6278868
0.6849052
0.5600764
0.5534436
0.6574453
0.7450336
0.7265342
0.656686
0.7255527
0.5913819
0.6705341
0.6730774
0.5703623
0.6511579
0.5309747
0.7225126
0.7080963
0.7686016
0.7735297
0.8086757
0.7286499
0.5584679
0.7613326
0.6498148
0.7529977
0.7510073
0.7096355
0.6722268
0.5895653
0.5067003
0.6836538
0.7330118
0.775857
0.7410944
0.7739469
0.6579251
0.6878647
0.7924212
0.678072
0.6338836
0.6953356
0.8025411
0.787419
0.6443884
0.7980488
0.7260589
0.6532595
0.6559943
0.8338799
0.7117395
0.8177328
0.8967169
0.6656294
0.6935128
0.7697541
0.7356669
0.5981596
0.8617879
0.7111169
0.6852808
0.7134906
0.96732
0.7597407
0.7286462
0.8225062
0.7820666
0.7060369
0.8719912
0.7730342
0.7701969
0.6072117
0.6537083
0.8100425
0.8064698
0.8844449
0.7950726
0.7855346
0.854682
0.9391113
0.8155778
0.6997378
0.9276053
0.7798101
0.7007599
0.8722244
0.6289075
0.7915653
0.7609412
0.7694945
0.785871
0.7767208
0.812765
0.8604062
0.7559298
0.8213882
0.8800029
0.7540819
0.84987
0.7747054
0.8711674
0.8873905
1.059128
0.9552455
0.8243957
0.8829759
0.8551557
0.8825856
0.8003709
0.9520424
0.973028
0.8494099
0.8962876
0.7538045
0.7752477
0.687733
0.8995518
0.7516206
0.9596612
0.9282491
0.8856782
0.8927901
0.9869833
0.8806862
0.8538021
1.005523
0.8511962
1.023797
1.013629
0.7580498
0.9260516
0.9870527
0.8370502
0.8345933
0.7963665
0.8566167
1.014278
0.775111
0.8837205
0.8736081
0.7000067
0.8973828
0.9377647
0.9153983
1.11984
1.011412
0.9544013
0.9695061
0.8972898
1.016692
1.004615
0.9072688
1.015361
0.9921621
0.9567606
0.9725436
0.8064103
1.013974
0.8146878
1.044444
0.9254801
1.011153
0.8407227
0.9809855
0.9866427
0.8946198
0.8956583
1.068185
0.9995654
1.037792
1.009383
1.020555
0.9063831
1.070183
0.9594153
1.053751
1.0174
0.8944886
1.009535
1.079091
0.9530749
0.9138295
0.8447703