-0.03077648
-0.9589201
-0.9488144
-0.9905631
-1.070795
-0.9169457
-0.8658919
-0.9433806
-0.8594886
-0.9838049
-1.098612
-1.062
-1.076264
-0.9338094
-0.8886155
-0.9992419
-0.9822876
-0.9447046
-1.038066
-0.9396281
-1.095782
-1.10862
-0.9608794
-1.118117
-0.9429335
-0.7813232
-0.9674763
-1.093525
-0.9164666
-0.9722905
-1.050379
-0.9246977
-0.8562007
-0.9904195
-0.9729192
-1.050692
-0.9943739
-1.084172
-0.8733788
-0.8975966
-0.7471627
-0.8506533
-0.9575895
-0.9427973
-1.020616
-0.8794011
-1.011597
-0.9627864
-1.053303
-0.8851254
-0.9059111
-0.8437209
-0.9395308
-0.8892537
-0.9308015
-0.9298042
-1.023017
-0.9718372
-0.7844077
-0.8350139
-0.8440733
-0.9141391
-0.9795929
-0.8263144
-0.779202
-0.8818203
-0.8625549
-0.9412745
-0.9385612
-0.8742977
-0.798221
-0.7958451
-0.8131179
-0.916842
-0.7331869
-0.7961759
-0.8706039
-0.834445
-0.800327
-0.9091788
-0.8819335
-0.7550404
-0.7644404
-0.7599856
-0.7155066
-0.9517272
-0.8185874
-0.8257058
-0.8804593
-0.6761835
-0.6980027
-0.9367708
-0.7913395
-0.8502174
-0.9186067
-0.6748802
-0.6962384
-0.8923618
-0.7385449
-0.759091
-0.7522867
-0.9285877
-0.7761321
-0.873938
-0.7456942
-0.8475575
-0.8254994
-0.8967571
-0.9067591
-0.7310568
-0.8034525
-0.7576602
-0.730343
-0.863592
-0.6917839
-0.8952262
-0.5716518
-0.9392254
-0.8745457
-0.7805966
-0.7184532
-0.8194888
-0.7149225
-0.8909779
-0.7960948
-0.8900765
-0.7985292
-0.7167248
-0.7596407
-0.8822234
-0.8369217
-0.6276697
-0.6148335
-0.8221274
-0.6246764
-0.8631843
-0.779675
-0.8187564
-0.601059
-0.7105956
-0.7100933
-0.8739537
-0.7110462
-0.5439292
-0.7435751
-0.7067457
-0.7580457
-0.7670163
-0.6300203
-0.5505734
-0.708042
-0.74582
-0.6985642
-0.6978731
-0.6562649
-0.6080224
-0.6931403
-0.8181826
-0.644427
-0.6458716
-0.7500891
-0.5903659
-0.7429537
-0.5904895
-0.6578096
-0.6638012
-0.6251971
-0.7403802
-0.6093785
-0.7018329
-0.6483577
-0.5352799
-0.4833121
-0.6087932
-0.7818943
-0.5090791
-0.6676912
-0.7046573
-0.5535655
-0.7888599
-0.7639069
-0.6132399
-0.715098
-0.6318453
-0.7216944
-0.6836451
-0.5941624
-0.8001887
-0.6333429
-0.6497059
-0.7359168
-0.5522703
-0.5032916
-0.5497003
-0.5908252
-0.6642903
-0.6200979
-0.668369
-0.7014007
-0.6001596
-0.6239806
-0.5978156
-0.5587032
-0.5283193
-0.6219126
-0.5335023
-0.6032087
-0.5247813
-0.6431323
-0.4561765
-0.5627697
-0.6728133
-0.6252441
-0.5369632
-0.6630046
-0.5416469
-0.615278
-0.4322585
-0.4576435
-0.7348073
-0.6765582
-0.6376824
-0.6064023
-0.5967856
-0.5543497
-0.4233014
-0.4461892
-0.6939979
-0.6834483
-0.5400439
-0.5764144
-0.5067941
-0.3675289
-0.6114097
-0.566789
-0.3804622
-0.4716879
-0.4012798
-0.4792487
-0.4037446
-0.6459733
-0.495237
-0.5688826
-0.4245112
-0.4616741
-0.4947512
-0.3884199
-0.5035419
-0.6037407
-0.5581114
-0.5145303
-0.4171686
-0.491481
-0.3757564
-0.6703308
-0.5665819
-0.5362219
-0.4087156
-0.3522088
-0.5196481
-0.4337265
-0.4891281
-0.3616691
-0.4942731
-0.310325
-0.5198844
-0.4370415
-0.5126547
-0.5715141
-0.4249648
-0.445244
-0.4903539
-0.5111843
-0.5043284
-0.3801232
-0.3518159
-0.440934
-0.4872801
-0.3647237
-0.5496331
-0.4136073
-0.4896954
-0.371751
-0.3897384
-0.4778065
-0.4260261
-0.4611307
-0.5249289
-0.3694518
-0.2801715
-0.4188196
-0.3539854
-0.5226949
-0.2983799
-0.4329259
-0.6364003
-0.3037334
-0.5012435
-0.4249346
-0.3031703
-0.4879678
-0.2953569
-0.2924287
-0.3592641
-0.4103436
-0.271288
-0.3474585
-0.5800383
-0.1754409
-0.339297
-0.2717202
-0.3184991
-0.4131519
-0.4572825
-0.3155983
-0.3337743
-0.3400745
-0.269264
-0.4485865
-0.2972037
-0.346292
-0.3281612
-0.3723087
-0.4640386
-0.3101753
-0.2713703
-0.3142925
-0.4495238
-0.376672
-0.3626296
-0.5166114
-0.4286007
-0.2989531
-0.3513637
-0.298736
-0.3650806
-0.3082253
-0.3389859
-0.3078327
-0.4022345
-0.3573016
-0.2823753
-0.2009419
-0.323313
-0.3516536
-0.3215426
-0.3739215
-0.2499179
-0.2529362
-0.4070115
-0.382301
-0.2945724
-0.2644952
-0.2019272
-0.4945212
-0.05517244
-0.05910198
-0.2143609
-0.2064025
-0.2966173
-0.2999188
-0.2725318
-0.3436966
-0.3974835
-0.2508347
-0.2293489
-0.3357898
-0.3779989
-0.1651004
-0.2819743
-0.2380391
-0.2442887
-0.3021772
-0.2520706
-0.3574856
-0.2490818
-0.3794598
-0.393351
-0.2228265
-0.2594552
-0.1042627
-0.3278666
-0.2982801
-0.3636565
-0.3313614
-0.1978074
-0.308158
-0.3669376
-0.2332258
-0.2118897
-0.1789974
-0.3022285
-0.2528742
-0.2861551
-0.4085889
-0.2493542
-0.2057925
-0.1915674
-0.1358767
-0.3626806
-0.2007204
-0.1112977
-0.1513629
-0.1612239
-0.1521718
-0.1934646
-0.1829562
-0.2190631
-0.1244489
-0.2958412
-0.1721862
-0.159093
-0.1564273
-0.1252569
-0.06733507
-0.08082622
-0.3038479
-0.3706261
-0.1873922
-0.2309163
0.02718479
-0.2056747
-0.1686502
-0.139404
-0.2298653
-0.07325236
-0.1772013
-0.1446608
-0.1222429
-0.0445889
-0.06615758
-0.08296269
-0.04538609
-0.03743817
-0.1331596
-0.08943577
-0.2572
-0.336533
-0.1347162
-0.2355799
0.04064004
-0.07586154
-0.2187419
-0.116253
-0.1316874
-0.1829638
-0.2303105
-0.1669306
-0.04661643
-0.0113089
-0.1711206
-0.1271227
-0.1162146
-0.1480057
-0.2110241
-0.05153656
-0.1585659
-0.04480977
-0.0964799
-0.104767
-0.1952947
-0.01701785
-0.001353599
0.006463132
-0.02773643
-0.1102514
-0.06086376
-0.007540493
-0.02577235
-0.1579441
-0.100206
0.06765283
-0.1051291
-0.04250282
-0.0708522
-0.1157368
-0.04675222
0.01272232
-0.07691551
-0.05081839
-0.08561433
-0.09673654
0.05871892
0.0906476
0.02686435
0.009192371
-0.09873724
-0.1259224
0.03361024
-0.0777702
-0.07228392
-0.008394934
-0.17833
0.1802191
-0.0451446
-0.04853454
-0.0113345
-0.02765103
0.1089201
-0.1243237
-0.05952731
0.06460759
-0.04345285
0.08064673
-0.0229859
0.01967964
-0.03111139
-0.1227754
0.02998343
0.03236267
0.1025394
-0.09182701
-0.02493235
0.06997774
0.01215226
0.06288667
0.04234857
0.04585617
0.04541433
-0.09121742
-0.02734836
0.1843821
0.01355897
-0.01377369
0.2774915
0.03552272
0.03702763
-0.002809416
0.1349154
-0.03206989
0.1633035
0.1153833
0.07337528
0.1736533
0.07647264
-0.02515051
0.02287972
0.2043326
0.1341406
0.101475
0.09639601
-0.01629918
0.06189134
0.05401817
0.118741
0.09348293
0.07619366
0.1206129
0.2877769
0.09360468
0.1261788
0.0839089
0.002150645
0.200159
0.06557497
0.1463877
0.2239143
0.2010736
0.07033334
0.06003144
0.1470286
0.1423256
0.1010938
0.1995235
0.04046892
-0.04229315
0.1664082
0.134284
0.1674285
0.1512344
0.2196081
0.1778444
0.2188294
0.1042582
0.1077719
0.1980062
0.1021269
0.1879502
0.2343233
0.2464605
0.1449916
0.1972843
0.2204826
0.2805494
0.0796823
-0.02157092
0.1273289
0.08517332
0.2042586
0.2816025
0.3199248
0.2695701
0.03727137
0.1963646
0.2478866
0.293631
0.2322449
0.1391237
0.2440235
0.06811289
0.2177192
0.19715
0.2995328
0.1782279
0.117141
0.1960805
0.2660393
0.1870472
0.2791784
0.193506
0.2892152
0.2851663
0.197983
0.2525069
0.1730039
0.2423308
0.3123958
0.1819912
0.2703178
0.0942542
0.223843
0.1812134
0.1723983
0.2395422
0.205034
0.3024189
0.2708618
0.2129114
0.1262376
0.2650891
0.358166
0.04227288
0.127479
0.4490909
0.2832161
0.05938634
0.2163106
0.419015
0.2746339
0.2549241
0.3413599
0.314802
0.3262179
0.3103458
0.2986638
0.2622993
0.2856978
0.2360827
0.3340474
0.3334636
0.3568118
0.3137308
0.3104488
0.3938596
0.3362214
0.3448876
0.2664226
0.2635137
0.3113691
0.2301995
0.3176315
0.3167539
0.3177263
0.2056234
0.358155
0.4239683
0.2517605
0.3121284
0.3813995
0.2702856
0.4716327
0.3206685
0.1678129
0.364167
0.4498143
0.4296952
0.3060943
0.2059654
0.3887981
0.2235328
0.4027509
0.2488911
0.3404567
0.3109757
0.3550514
0.4701527
0.4941231
0.3881415
0.5358355
0.4545632
0.4288912
0.4052998
0.303934
0.5520145
0.2558771
0.3921855
0.2670034
0.2887346
0.3417524
0.393071
0.4382271
0.3427957
0.4901952
0.3971838
0.4029131
0.3006072
0.4669821
0.3723708
0.4401106
0.3622206
0.6274123
0.4145002
0.5663614
0.3683606
0.338593
0.4091845
0.3837574
0.4916322
0.3786485
0.3168183
0.3637648
0.4478474
0.5426482
0.4802605
0.6190376
0.3964072
0.2947443
0.4579143
0.4562481
0.4595651
0.5401356
0.5055974
0.3940232
0.5147681
0.6224453
0.3871785
0.521524
0.5546017
0.4730909
0.3803463
0.417068
0.574954
0.3531074
0.5558051
0.5061584
0.5822088
0.5166371
0.5596769
0.3640874
0.4503866
0.4379975
0.5814929
0.5498156
0.3837804
0.5382868
0.419978
0.6446941
0.6140254
0.4737072
0.549167
0.4330377
0.590037
0.548278
0.5248475
0.4382448
0.5084523
0.4890647
0.5595981
0.5025232
0.5449799
0.5419976
0.5787659
0.6162962
0.4786942
0.6534608
0.6973259
0.5353085
0.5834057
0.4315907
0.6239442
0.5322698
0.5517756
0.4632148
0.4822141
0.7035144
0.5196353
0.5448136
0.5899226
0.6382622
0.5311872
0.555786
0.4506241
0.4097384
0.6079133
0.5685833
0.4823206
0.6695929
0.6147496
0.6083887
0.6236624
0.5376553
0.5646936
0.5588649
0.6627932
0.7379597
0.5812352
0.7084568
0.6435605
0.5631396
0.5237646
0.6376197
0.7453469
0.5976234
0.6155964
0.5955975
0.6673471
0.4338719
0.5426415
0.6870631
0.5066306
0.7197479
0.5972109
0.7486313
0.7480529
0.6417958
0.7027493
0.7588647
0.6108345
0.7335905
0.5713229
0.5497789
0.6018822
0.6687821
0.5394766
0.5977636
0.8475738
0.5630862
0.6824471
0.6692819
0.8549935
0.7430403
0.6419435
0.6357715
0.7615343
0.6949848
0.7213351
0.7417173
0.6656601
0.654859
0.6409619
0.7665407
0.7674664
0.7320085
0.6127633
0.6936102
0.6452977
0.6907627
0.7400272
0.7979549
0.7798615
0.6896362
0.7841679
0.7117385
0.6488132
0.772258
0.5956257
0.821082
0.7210077
0.7480405
0.7426241
0.6807566
0.7369772
0.7160006
0.6952803
0.7284878
0.7553062
0.7911245
0.8410027
0.663526
0.724339
0.7005691
0.6520926
0.8292129
0.8429889
0.8673351
0.6760034
0.8288672
0.8943957
0.7746127
0.8470435
0.7514414
0.7583009
0.8153518
0.7499001
0.8181821
0.8759446
0.7916828
0.7227705
0.9453619
0.7760358
0.8123472
0.7844765
0.8412837
0.8131542
0.7306128
0.7754064
0.811603
0.8798192
0.7932339
0.752679
0.8203968
0.8630497
0.9710818
0.8844731
0.7731945
0.7400858
0.9398678
0.9127671
0.8846378
0.9092074
0.8341224
0.9617356
0.8736896
0.8905454
0.9432432
0.6375919
0.9410442
0.8576324
0.8543344
0.7738127
0.8036427
0.8285168
0.8782958
1.001839
0.9572308
0.8537819
0.85266
0.8012645
0.7834613
0.9287545
0.8398275
0.8339821
0.8644642
0.6424622
0.9360644
0.8521135
0.8555203
0.8945266
1.042083
0.8872317
0.9081499
0.8122337
1.065436
0.8816254
0.8985048
1.039001
1.100697
0.7985869
1.046908
0.9121618
1.041328
1.073525
0.8963436
0.8902533
0.8607007
0.8756646
0.9341059
0.8195261
0.8962716
0.9758149
1.040246
0.9655562
1.022085
0.9526792
0.844033
0.8350311
0.7981572
0.9638439
0.9143058
0.8626801
1.009487
0.825677
0.9796705
0.9857562
0.8934932
1.032275
1.116763
0.9868769
0.9857062
1.080334
0.9313809
0.9545983
1.02084
1.006128
1.014172
1.050154
0.801167
1.076351
0.8883959
1.019403
1.030759