-0.02146442
-0.9413526
-0.9509559
-0.9579521
-1.063164
-0.9302099
-0.86183
-0.9577864
-0.8584594
-0.9777262
-1.084715
-1.078222
-1.063222
-0.9466721
-0.8978887
-1.01602
-0.9772981
-0.9319202
-1.022919
-0.917031
-1.119316
-1.096934
-0.9551243
-1.080767
-0.9408619
-0.8032861
-0.9564045
-1.089405
-0.9093912
-0.9748206
-1.053006
-0.9169797
-0.8527739
-0.9639453
-0.9672997
-1.067306
-0.9819498
-1.080252
-0.8799443
-0.8763925
-0.7559636
-0.8562464
-0.9601751
-0.9483678
-1.017362
-0.872983
-1.01278
-0.9597693
-1.039812
-0.8826457
-0.9273824
-0.82808
-0.9270924
-0.8738263
-0.9257839
-0.9439749
-1.019414
-0.9675373
-0.8135229
-0.8430502
-0.8565869
-0.9177779
-0.9841987
-0.8516905
-0.7874688
-0.8999891
-0.8452966
-0.9468864
-0.9292358
-0.8903519
-0.7814616
-0.8068574
-0.8057419
-0.8821423
-0.7371404
-0.8122639
-0.8776539
-0.856121
-0.8261375
-0.9040583
-0.8696677
-0.7677997
-0.7416409
-0.772887
-0.7055792
-0.9692414
-0.8087062
-0.8441069
-0.8714664
-0.7045708
-0.7105828
-0.9515674
-0.7844906
-0.8460478
-0.9128452
-0.6815998
-0.677229
-0.9038936
-0.7436285
-0.7692477
-0.7515808
-0.9309881
-0.7774581
-0.8649912
-0.7676152
-0.8443842
-0.845325
-0.8847596
-0.9114369
-0.7612013
-0.8130004
-0.7537952
-0.7353474
-0.8559861
-0.6967009
-0.9142984
-0.5562931
-0.9488444
-0.903809
-0.7596173
-0.7175125
-0.8324021
-0.7098564
-0.8779365
-0.8028727
-0.9018856
-0.7838417
-0.7204373
-0.7184358
-0.8769884
-0.8488992
-0.6470359
-0.6380277
-0.8123423
-0.6367997
-0.8634942
-0.7961324
-0.790458
-0.6113873
-0.7210504
-0.6934502
-0.8684055
-0.7258898
-0.5307202
-0.7428717
-0.7032883
-0.7603433
-0.7618158
-0.6059339
-0.5644246
-0.7152444
-0.7375568
-0.6999204
-0.696078
-0.6675409
-0.6347827
-0.6925805
-0.8133723
-0.6574148
-0.6627301
-0.7723118
-0.5849712
-0.7433199
-0.6068081
-0.6680814
-0.6763525
-0.6276224
-0.7408671
-0.6204885
-0.674338
-0.6535302
-0.5240091
-0.4745341
-0.6085914
-0.7938672
-0.524405
-0.6660523
-0.694482
-0.553791
-0.7958623
-0.7582684
-0.5971598
-0.7186415
-0.6224832
-0.7453101
-0.7043743
-0.5626999
-0.7986299
-0.6312053
-0.6538309
-0.7308519
-0.5629205
-0.5181357
-0.5273733
-0.5814026
-0.6922106
-0.6270705
-0.6809959
-0.7218007
-0.5718244
-0.6116472
-0.5924764
-0.5481302
-0.5343865
-0.6330997
-0.5429419
-0.6279149
-0.5013353
-0.643873
-0.4578388
-0.5584365
-0.6939238
-0.6166042
-0.5302331
-0.644915
-0.553864
-0.6051907
-0.4272608
-0.4935567
-0.7088817
-0.6637271
-0.6458383
-0.6118851
-0.6075993
-0.5387876
-0.4267891
-0.4247133
-0.697112
-0.6999356
-0.5422963
-0.5576496
-0.5112115
-0.3777004
-0.6083375
-0.5585604
-0.4070783
-0.4744084
-0.4292771
-0.4722353
-0.3687121
-0.6624206
-0.487703
-0.5497071
-0.4354418
-0.4465596
-0.4878894
-0.3621824
-0.5092312
-0.6122636
-0.5405203
-0.4987047
-0.3911189
-0.5038617
-0.3845492
-0.671258
-0.5376568
-0.5332567
-0.4148367
-0.348307
-0.4916048
-0.4392699
-0.496571
-0.3476467
-0.4702891
-0.3176363
-0.5245229
-0.4358417
-0.5214036
-0.56846
-0.4374007
-0.4401159
-0.483224
-0.519084
-0.5144109
-0.3771447
-0.3381861
-0.4572707
-0.5002853
-0.3830718
-0.5647983
-0.4048353
-0.496011
-0.3805205
-0.4233956
-0.4689883
-0.4281844
-0.4634265
-0.5173731
-0.3451549
-0.2673362
-0.448183
-0.3493739
-0.5326518
-0.2940404
-0.3970164
-0.6303869
-0.3110203
-0.5019584
-0.4284535
-0.3255374
-0.4727511
-0.2831866
-0.2782565
-0.3601084
-0.4133507
-0.283243
-0.3375936
-0.5612302
-0.1913871
-0.3355479
-0.2707347
-0.3206198
-0.4333624
-0.454232
-0.3167562
-0.3389744
-0.3522413
-0.265669
-0.4628661
-0.3153564
-0.3389081
-0.3226203
-0.3665811
-0.461868
-0.3100627
-0.2890806
-0.3363849
-0.4233704
-0.3788779
-0.360778
-0.5205725
-0.4324945
-0.2978079
-0.3743588
-0.3062401
-0.3323857
-0.2914932
-0.3529116
-0.3260172
-0.4049403
-0.3585034
-0.2770116
-0.2046003
-0.3324591
-0.3899247
-0.2978901
-0.3771438
-0.2705287
-0.2743258
-0.4369303
-0.3724881
-0.2844905
-0.2622406
-0.2072654
-0.4757757
-0.06251968
-0.06595177
-0.2115595
-0.2276833
-0.3130148
-0.301386
-0.2549989
-0.3324395
-0.3874918
-0.2402992
-0.234726
-0.3443231
-0.3531217
-0.1607482
-0.2856128
-0.2335747
-0.2460767
-0.3112518
-0.2620433
-0.352874
-0.2742155
-0.3774242
-0.409297
-0.2377084
-0.251241
-0.1162947
-0.339746
-0.2942454
-0.3411894
-0.335698
-0.1728855
-0.3259589
-0.3628728
-0.2547661
-0.2259942
-0.1943004
-0.2958531
-0.2495191
-0.2642296
-0.4036076
-0.2609058
-0.2218985
-0.2215757
-0.1373188
-0.3735513
-0.1877381
-0.1014479
-0.1535483
-0.1585314
-0.1704284
-0.2014319
-0.1935049
-0.2172785
-0.1143153
-0.3103397
-0.1556008
-0.1523155
-0.176638
-0.1172107
-0.06123769
-0.08238506
-0.2980527
-0.3989875
-0.2065583
-0.2510922
0.03137558
-0.211763
-0.1580985
-0.1268837
-0.2288188
-0.06370086
-0.190362
-0.1406889
-0.1373198
-0.06461301
-0.08536543
-0.1100828
-0.03952093
-0.03803319
-0.1261098
-0.08999679
-0.2410542
-0.362931
-0.1412774
-0.2424946
0.06512121
-0.09713032
-0.2350776
-0.121761
-0.1502275
-0.1855538
-0.2629044
-0.1486456
-0.03584284
-0.01398947
-0.1526267
-0.09677921
-0.0653263
-0.1615982
-0.2052225
-0.06122326
-0.1343787
-0.02883053
-0.08073102
-0.1036713
-0.1716582
-0.02933107
0.01822597
0.01030724
-0.03456905
-0.1172082
-0.06374084
0.004669284
-0.02967378
-0.1496373
-0.09030198
0.05734867
-0.1011021
-0.02267006
-0.09863749
-0.09017651
-0.04854182
0.018351
-0.0928264
-0.02797918
-0.1079695
-0.09189824
0.0403666
0.1052231
0.01252568
0.02140502
-0.1161296
-0.1021261
0.0446402
-0.06773279
-0.08182452
0.01492849
-0.1692366
0.1802342
-0.03372931
-0.05253023
0.009302206
0.0008526918
0.08993494
-0.1117114
-0.05290501
0.07396729
-0.02558573
0.08051806
-0.02037306
0.02248034
-0.01767009
-0.1479383
0.03069276
0.01099047
0.08084082
-0.07301171
-0.03417171
0.05918343
0.008856702
0.05528501
0.03911822
0.02158241
0.02819478
-0.09431882
-0.04495352
0.1746492
0.006011736
-0.01881495
0.266886
0.04243871
0.01847516
-0.003965416
0.1270344
-0.0290508
0.1456307
0.1036962
0.06934545
0.1861913
0.07266899
-0.03330431
0.008099737
0.1747338
0.1413744
0.1122964
0.08565994
-0.003974183
0.05865522
0.06605618
0.1089144
0.09916751
0.0883935
0.1329057
0.2677204
0.1024007
0.1306644
0.06842285
0.0090636
0.1916896
0.03776332
0.1295005
0.2020078
0.2136729
0.06740293
0.07915014
0.1391369
0.1418288
0.1090203
0.2038962
0.06150206
-0.04566111
0.1497776
0.1158449
0.1720508
0.1438831
0.2071661
0.1761051
0.2041983
0.0546391
0.08253138
0.1918893
0.1180274
0.1666976
0.2287855
0.2496856
0.1640513
0.1827336
0.2095807
0.3034257
0.0906786
-0.01200155
0.1235314
0.08315219
0.2218156
0.2889938
0.3211251
0.2711327
0.05039671
0.1940593
0.2341651
0.2854776
0.2427388
0.1349985
0.2572707
0.07048047
0.1995562
0.1795721
0.3220488
0.187614
0.1085959
0.2037661
0.261611
0.1866408
0.3042649
0.2113547
0.2877209
0.3057579
0.1904135
0.2387924
0.183382
0.2365012
0.3107405
0.2033799
0.2733612
0.09429382
0.2118692
0.1774074
0.1580883
0.2415389
0.196582
0.2905203
0.3045882
0.2102864
0.1487271
0.294889
0.3389906
0.06057118
0.1354848
0.4362474
0.2625563
0.06995844
0.21873
0.3959548
0.2752235
0.2659793
0.3190802
0.3132602
0.3256836
0.308456
0.3007801
0.2690364
0.2871424
0.2598462
0.3248866
0.3457681
0.3689365
0.3299623
0.2979692
0.3915488
0.3537895
0.3340367
0.2521655
0.2680528
0.3024997
0.2422199
0.3080281
0.3214006
0.3209305
0.2013417
0.3870342
0.4227018
0.2481084
0.3207045
0.3899089
0.2542761
0.4485401
0.3231354
0.2025839
0.3638983
0.4547907
0.4498389
0.3302097
0.2066377
0.4006469
0.2421641
0.4002961
0.2364302
0.3205271
0.3063048
0.3440811
0.4551957
0.4781828
0.3900392
0.5497177
0.4642609
0.4248187
0.4064501
0.3090088
0.5465661
0.263724
0.4131022
0.2545517
0.2541525
0.3255986
0.388877
0.4222298
0.3523831
0.4758012
0.371646
0.4257602
0.2924337
0.4708894
0.3777741
0.4822058
0.36713
0.6385405
0.40287
0.5638016
0.3547383
0.3539712
0.3965039
0.405064
0.4876463
0.4166289
0.276074
0.3656926
0.4565372
0.5376339
0.4540176
0.5988472
0.399954
0.3118638
0.464309
0.4268668
0.4704679
0.5231221
0.5041783
0.3999402
0.5020434
0.6148328
0.3651702
0.526039
0.5357297
0.4778858
0.4080498
0.4105436
0.5773888
0.3474375
0.5713481
0.5439574
0.5801353
0.5054562
0.547087
0.3732479
0.4312354
0.4291214
0.5999413
0.5460544
0.4051955
0.556236
0.4347261
0.6285835
0.6164856
0.481076
0.544651
0.4326172
0.6198629
0.5449214
0.5203305
0.425864
0.5159763
0.4846721
0.5536934
0.5229601
0.5485952
0.5216599
0.5742044
0.6369707
0.4834269
0.6708063
0.696662
0.5182055
0.5709953
0.4380493
0.6029052
0.5073229
0.5820723
0.4716768
0.4628282
0.695686
0.52069
0.4941344
0.5799192
0.627629
0.5525116
0.5422714
0.4401211
0.4214378
0.5964461
0.5690585
0.4978578
0.6595829
0.6075687
0.6076811
0.6389346
0.5450077
0.5961271
0.5739584
0.6440838
0.7486778
0.5858265
0.7115008
0.6372862
0.5596654
0.5012046
0.6574656
0.7399548
0.6046229
0.6319181
0.5907545
0.6627113
0.4302552
0.5350536
0.6790911
0.4877046
0.7299615
0.5871567
0.7316084
0.7482438
0.6211174
0.6826349
0.7428553
0.6099406
0.7474097
0.5936932
0.5402396
0.607487
0.6705456
0.5297147
0.5921433
0.8486868
0.56875
0.6794813
0.6692526
0.8460956
0.7147905
0.6354609
0.654522
0.7723523
0.6713602
0.7250167
0.7398043
0.6321662
0.6503118
0.6403852
0.77527
0.7725769
0.7236631
0.5940699
0.6929567
0.6308468
0.6750473
0.7499524
0.8015965
0.7793933
0.7188375
0.8115171
0.7084981
0.6470764
0.771952
0.6058328
0.8234506
0.72037
0.7394653
0.7465705
0.6602065
0.72814
0.6979978
0.6749142
0.729792
0.7645475
0.7880905
0.8352512
0.663951
0.7210872
0.707844
0.6635566
0.8137797
0.8677597
0.8766909
0.6968176
0.8424901
0.9182946
0.7831322
0.8324436
0.7441397
0.774457
0.8145176
0.7599131
0.8082828
0.8939554
0.7975025
0.7155556
0.9562286
0.7531587
0.8250686
0.792645
0.8297076
0.8187849
0.7578096
0.759885
0.8046114
0.8807925
0.7854183
0.7567702
0.8023869
0.8809747
0.9748616
0.8628178
0.7780052
0.7290411
0.9170518
0.8974721
0.8835359
0.9102991
0.8490919
0.9450478
0.894668
0.9111927
0.929147
0.6619071
0.9516719
0.8672083
0.8781174
0.7866973
0.8095904
0.8386455
0.8780283
0.9922368
0.9384901
0.8610795
0.8473173
0.8153284
0.7759768
0.9265759
0.8208849
0.8284977
0.8594219
0.6201366
0.935487
0.8580508
0.8502567
0.8887828
1.047826
0.8802013
0.8902732
0.8313454
1.085127
0.8911252
0.8849317
1.04628
1.10154
0.7840153
1.025476
0.9023018
1.037616
1.07291
0.9166906
0.9042926
0.8757728
0.8729112
0.9252143
0.8133571
0.9019006
0.9727265
1.040823
0.9559454
1.027761
0.9464472
0.8623093
0.8522614
0.799817
0.9518791
0.9432241
0.8503809
1.023243
0.8353644
0.9900583
0.9798342
0.8888897
1.031417
1.104163
0.9598197
0.9848315
1.057035
0.9198795
0.9589727
1.004722
1.007914
1.036846
1.006796
0.7996521
1.058772
0.9018436
1.021313
1.026599