-0.03765872
-1.055163
-0.9717222
-1.053025
-0.9553196
-0.9585822
-1.058846
-1.099478
-0.9456465
-0.9802816
-1.010384
-1.052732
-1.026921
-0.8909325
-0.9141704
-1.063831
-0.8903946
-0.9040155
-0.9004904
-0.9100383
-0.9795532
-0.9930317
-0.9484353
-1.099062
-0.9007377
-1.068548
-0.9430165
-1.005356
-0.9595215
-0.9153909
-0.9823717
-0.9580371
-0.9596811
-0.9999376
-0.9710957
-0.8714222
-0.8950613
-1.146016
-0.9535019
-0.9614709
-1.019039
-0.9120211
-0.8602907
-0.7798672
-0.9542666
-0.9656043
-0.8840462
-0.9368878
-1.035433
-0.8458462
-0.9415344
-0.7964997
-0.9186667
-0.9952909
-0.8603607
-1.036973
-0.9019953
-0.8485824
-0.8985181
-1.000348
-1.072827
-0.8930455
-1.007478
-0.7805755
-0.9434612
-0.8128146
-0.7319195
-0.8338012
-0.7526917
-0.873245
-0.8676599
-0.9238801
-1.017408
-0.9869043
-0.7081026
-0.9235931
-0.8588032
-0.7131408
-0.8673109
-0.8523883
-0.6791401
-0.9559792
-0.9134831
-0.8512954
-0.8772948
-1.006091
-0.7184507
-0.8789558
-0.8702699
-0.9933919
-0.798416
-0.7232672
-0.884875
-0.7096268
-0.6156826
-0.8331845
-0.7686378
-0.8011472
-0.7511623
-0.8593463
-0.7281267
-0.9639889
-0.6566902
-0.807839
-0.8412841
-0.7759272
-0.7327985
-0.7647114
-0.8884425
-0.7358807
-0.8181052
-0.7561013
-0.7957509
-0.7851316
-0.7902695
-0.7966794
-0.7802137
-0.6473631
-0.7673374
-0.7631191
-0.6954554
-0.8542418
-0.7802913
-0.690491
-0.8291869
-0.7142277
-0.5849986
-0.7534659
-0.8089125
-0.7398337
-0.7913559
-0.7839907
-0.8221516
-0.7099995
-0.6645441
-0.7427543
-0.7883368
-0.5997125
-0.7619779
-0.5964983
-0.6564797
-0.8009308
-0.647748
-0.8328759
-0.7519118
-0.6353781
-0.7574304
-0.6355318
-0.8208163
-0.8095896
-0.6525534
-0.8172334
-0.8050537
-0.5746735
-0.59743
-0.6319539
-0.6188027
-0.7348798
-0.6431576
-0.6665506
-0.810673
-0.5999324
-0.7639074
-0.6674304
-0.6658344
-0.6371767
-0.7272319
-0.6810196
-0.5563099
-0.669503
-0.6667093
-0.6873625
-0.6422432
-0.6109688
-0.6544042
-0.663428
-0.673809
-0.7337519
-0.709481
-0.6547956
-0.6885528
-0.6190729
-0.647893
-0.7531166
-0.6764279
-0.5647745
-0.6651578
-0.5704341
-0.5771988
-0.6571879
-0.6457001
-0.4559952
-0.558285
-0.5439574
-0.5863983
-0.6499309
-0.5331014
-0.5134808
-0.6684392
-0.6634109
-0.6478179
-0.5959817
-0.5761807
-0.5162517
-0.7250351
-0.5370272
-0.6637936
-0.6280374
-0.5515573
-0.7100445
-0.5638038
-0.4540236
-0.5878079
-0.6358651
-0.5756171
-0.6198572
-0.5450611
-0.6086245
-0.5470713
-0.5929686
-0.5404125
-0.5328054
-0.4600375
-0.5719592
-0.612753
-0.623975
-0.4773693
-0.3269068
-0.6181218
-0.5225471
-0.5982342
-0.6399465
-0.2608264
-0.524959
-0.5546705
-0.6513745
-0.6588685
-0.4322897
-0.4089871
-0.502959
-0.4547303
-0.4997688
-0.6254657
-0.4718515
-0.6321811
-0.5562934
-0.4591452
-0.4932829
-0.4990546
-0.4738849
-0.4400414
-0.4882072
-0.6033802
-0.4761809
-0.4311543
-0.4644862
-0.5093974
-0.4871421
-0.4535238
-0.3022412
-0.6137189
-0.5076487
-0.3657185
-0.4610568
-0.5273476
-0.4470302
-0.6111087
-0.4447173
-0.4846923
-0.4183294
-0.3461324
-0.4247179
-0.4202215
-0.5160582
-0.4620909
-0.384166
-0.3460886
-0.5556106
-0.5056803
-0.4046151
-0.3588397
-0.4290984
-0.4002495
-0.5472495
-0.3573334
-0.4719562
-0.3433849
-0.4858463
-0.648388
-0.2551659
-0.292693
-0.2886704
-0.5894859
-0.3065024
-0.5000204
-0.3248367
-0.325365
-0.4071155
-0.3359598
-0.4608896
-0.3556048
-0.4776945
-0.3378765
-0.4589698
-0.4312514
-0.4726838
-0.6226389
-0.4603853
-0.3640561
-0.423768
-0.4126589
-0.4786589
-0.386255
-0.3128836
-0.4896101
-0.2783124
-0.3673561
-0.2229758
-0.2583474
-0.3853801
-0.5553188
-0.3782711
-0.3381769
-0.4439501
-0.3662507
-0.3385936
-0.3928343
-0.53556
-0.2858432
-0.3144822
-0.3822555
-0.4431866
-0.3790104
-0.3313426
-0.3983394
-0.2773724
-0.3098511
-0.3357102
-0.2685828
-0.2724047
-0.2891533
-0.3666379
-0.3421404
-0.4119036
-0.2667043
-0.2916512
-0.2261041
-0.3334475
-0.3528817
-0.4679329
-0.3616026
-0.3685081
-0.2663352
-0.2664243
-0.1876706
-0.281119
-0.1891382
-0.3383461
-0.1804992
-0.3417744
-0.4998758
-0.303317
-0.2366745
-0.2228506
-0.3189017
-0.2269472
-0.3291886
-0.3250151
-0.3560349
-0.3155808
-0.2775046
-0.2229506
-0.2419909
-0.3648636
-0.3408916
-0.3504821
-0.1349154
-0.324009
-0.2372885
-0.2104913
-0.2469861
-0.2678798
-0.2647944
-0.2406771
-0.198072
-0.3112182
-0.2434763
-0.1155888
-0.2428355
-0.2374575
-0.2147467
-0.05993364
-0.2215972
-0.349413
-0.2192177
-0.3823809
-0.1351314
-0.06286043
-0.1855233
-0.1672661
-0.2075787
-0.1680258
-0.1199711
-0.275801
-0.08108495
-0.1280275
-0.1952559
-0.03604348
-0.208127
-0.2396166
-0.1102117
-0.192622
-0.1113761
-0.1409191
-0.2375082
-0.1031071
-0.1638463
-0.2383332
-0.2661525
-0.1992243
-0.0974654
-0.2276132
-0.2115932
-0.09853201
-0.1143461
-0.1982129
-0.1990258
-0.2896906
-0.2139473
-0.2612905
-0.3090724
-0.1225846
-0.07751702
-0.2501041
-0.2080498
-0.06876449
-0.08047497
-0.2804839
-0.1528428
-0.1821785
-0.01581855
-0.1638039
-0.138949
-0.02089373
-0.2145838
-0.1463627
-0.2215033
-0.1591274
0.05209563
0.08645384
0.02063337
-0.06382035
-0.1753591
-0.1003081
-0.01258386
-0.1303197
-0.1185053
-0.2052086
-0.05692041
-0.008484424
-0.1672158
-0.2830828
-0.07056393
-0.0658942
-0.0218988
-0.1317155
-0.1470334
-0.1446781
0.05438596
-0.06788133
-0.01463739
-0.1163001
-0.1317844
0.02994396
0.006497854
-0.05610903
0.02103918
-0.1349817
0.08343071
-0.1070098
-0.1098232
-0.1783352
-0.1590991
0.02882439
0.1603901
-0.1295048
-0.04773382
-0.07822974
-0.02455459
0.08477063
0.03424546
-0.01783466
-0.05226047
0.09494245
0.0115621
0.00883737
-0.07603541
0.0004844827
-0.08506239
-0.02135593
0.02559747
0.1634637
-0.007788274
-0.2352893
0.1179004
0.0234574
-0.06051785
-0.07304279
0.001419403
0.1359694
-0.1068887
0.003515238
0.1751891
-0.03301468
0.07734047
0.1429015
-0.1126437
0.02067024
-0.007354755
0.09740726
0.06106523
0.08126086
0.07441619
-0.04738628
-0.05086082
-0.02619122
0.1240732
0.07706424
0.01547951
0.000531045
0.1393776
0.04696643
-0.03001031
0.08535158
0.05351349
0.01089331
0.140714
0.04165713
0.08374241
0.002477692
0.06116191
0.02175268
0.06339766
0.07300099
0.1804492
-0.03599984
0.2188538
0.0479714
0.1124374
0.265962
0.1257688
0.07272537
-0.1052532
0.2333734
0.07382557
0.1299556
0.07927025
0.1450632
0.1271106
0.1807977
0.09604892
0.1802379
0.1892109
0.1679932
0.1867318
0.1309168
0.2493855
0.2412395
0.195426
0.2585369
0.05016677
0.1849255
0.1677425
0.2617102
-0.0186379
0.1084753
0.1871498
0.1636155
0.03809105
0.1054382
0.1659353
0.1509309
0.1446696
0.1045051
0.1487268
0.1934063
0.2812695
0.1857493
0.1023792
0.2784306
0.1324667
0.2042071
0.2878817
0.12394
0.3068479
0.2207163
0.2047239
0.02944574
0.1363168
0.1561023
0.09007472
0.2823012
0.049871
0.1458464
0.2265394
0.1290542
0.2548482
0.2467557
0.2183731
0.190449
0.3171302
0.2400997
0.2376191
0.3444111
-0.107891
0.244253
0.07672099
0.3021602
0.2733924
0.2889916
0.2720503
0.2924398
0.3552804
0.1751484
0.2646189
0.3815985
0.2896605
0.1263031
0.2346255
0.2890239
0.2880904
0.1384457
0.3053906
0.2189384
0.1459996
0.142301
0.1598824
0.3231126
0.2866291
0.3000103
0.2120637
0.1817272
0.2812745
0.1155485
0.2469705
0.3713264
0.2836211
0.416753
0.2405556
0.2677677
0.4290354
0.3612964
0.329194
0.2205573
0.3464841
0.393837
0.4099534
0.2832229
0.3898995
0.3076808
0.4148071
0.4636533
0.1638857
0.307166
0.3958853
0.2809873
0.1477045
0.541733
0.1751798
0.3957467
0.2455158
0.309342
0.3309422
0.3364556
0.3698531
0.3474992
0.357831
0.3446058
0.4374608
0.2996991
0.2591798
0.2443747
0.4858848
0.3858277
0.3740578
0.3145575
0.4845377
0.2849894
0.354778
0.3002372
0.3985114
0.41438
0.4218363
0.3698558
0.4077814
0.4527788
0.3224411
0.151813
0.4583532
0.3166079
0.4099054
0.3389146
0.360343
0.5535121
0.327917
0.4165745
0.3458787
0.4254697
0.401133
0.2842628
0.2865469
0.3617685
0.2546668
0.3169314
0.5104035
0.4099452
0.4482864
0.4519401
0.3511648
0.5033278
0.4459281
0.3528388
0.4152798
0.5918202
0.3164416
0.6675184
0.4642744
0.4645774
0.5102403
0.5090467
0.4693167
0.4182766
0.3831112
0.3025368
0.5080944
0.3467247
0.4578728
0.4357259
0.5645315
0.3704555
0.4981939
0.6334446
0.5007748
0.4732859
0.5787896
0.5385676
0.6035412
0.5544303
0.5660658
0.5645233
0.5280933
0.293868
0.5314108
0.3464411
0.5110545
0.5233551
0.6005383
0.4505697
0.4677802
0.5828821
0.7264653
0.4504115
0.4560849
0.5471235
0.6000839
0.6697099
0.5556167
0.7357659
0.5568373
0.4764517
0.5829362
0.5395048
0.4683036
0.4297881
0.630702
0.5165853
0.5814218
0.5038123
0.6193821
0.7333325
0.6054487
0.4734244
0.5239787
0.495957
0.6178112
0.5704642
0.5184229
0.6064544
0.7179057
0.5667492
0.4686367
0.7664386
0.6081084
0.5055155
0.5323368
0.4447693
0.6385383
0.6291488
0.6590073
0.6150486
0.6705647
0.6320676
0.4306542
0.6009466
0.6606672
0.7837775
0.7094063
0.6721115
0.7197822
0.7140723
0.6311077
0.6504111
0.5905397
0.6795436
0.6594462
0.6122287
0.6657615
0.6873304
0.4466093
0.6385918
0.6301202
0.508505
0.7109041
0.6595816
0.6623918
0.6381909
0.5473591
0.5119046
0.6908902
0.6770411
0.8055942
0.578144
0.6814785
0.5448547
0.5609018
0.7377407
0.6778941
0.6569906
0.6699919
0.7081813
0.6420496
0.6143789
0.5956779
0.688919
0.6542247
0.8144056
0.5593172
0.7876707
0.6564855
0.632488
0.585554
0.5064211
0.6505489
0.77292
0.7734777
0.7883778
0.5876563
0.750555
0.6926002
0.6872295
0.7276437
0.5980312
0.5732184
0.8615223
0.7007868
0.7464659
0.5783128
0.761012
0.65732
0.6708943
0.657827
0.8408894
0.8091419
0.7252845
0.8360842
0.7935759
0.7428897
0.7823266
0.9340102
0.6862156
0.7285332
0.6799121
0.6938039
0.7811572
0.7596161
0.691163
0.7504524
0.6850029
0.7221761
0.8184001
0.8431609
0.6498288
0.9160389
0.7881865
0.7385378
0.5929108
0.7491708
0.7017157
0.7436523
0.874739
0.712245
0.7340833
0.9301588
0.7663031
0.709747
0.9060427
0.6659138
0.8925442
0.9491059
0.9257716
0.8453046
0.9058624
0.7974098
0.8419246
0.9291393
0.8612244
0.9249818
0.879546
0.8576749
0.8297027
0.825667
0.8638555
0.9493183
0.9335291
0.7769039
0.7905909
0.806809
0.7885313
0.8294157
0.8301659
0.7045474
0.8960543
0.8188155
0.9240793
0.9800576
0.9879316
0.9535538
0.8471278
0.8921343
0.8367715
0.8533805
0.8308449
1.025193
0.8633076
0.8872466
1.045222
0.9508572
0.8146492
0.8872867
1.034862
0.9211828
0.9954499
0.8970771
0.6967992
0.8885501
0.8760253
0.9419303
1.008774
1.010269
1.063949
1.057087
0.9474128
0.9368694
0.9665831
0.8304115
0.8631956
1.026308
0.9890878
0.8801221
0.8597154
0.9414009
0.9614524
0.8888853
1.010211
1.037622
0.9057014
1.092293
1.11494
0.884633
0.899983
1.049021
1.061448
0.8771048
0.8674698
0.9507181
0.8177605
1.017757
1.020531
0.9409433
0.8679854
1.058822
0.8943755
0.9048056
1.143909
1.01676
1.033777
1.1678
0.8458753
0.9502178
0.9607615
0.9787709