-0.03380817
-1.084444
-0.9871054
-1.036647
-0.9203848
-0.9355597
-0.9022796
-0.9302523
-0.9582161
-1.138195
-0.9469704
-0.9256356
-0.9771984
-0.9873644
-0.8951784
-1.027478
-0.9928598
-0.7601825
-1.000559
-1.017008
-0.9879213
-0.7822467
-0.9220102
-0.9785602
-0.8880078
-0.8951149
-0.9971953
-0.9275653
-0.9466369
-0.9396976
-0.7879575
-0.9116339
-0.8228286
-1.016404
-0.9656135
-0.8643746
-0.9669514
-0.9124625
-0.9859363
-0.8605549
-0.8774534
-0.9753319
-0.9197259
-1.051584
-0.9765831
-0.9832778
-0.9766333
-1.063214
-0.9113947
-0.8659389
-0.9209659
-0.9477062
-1.01535
-0.8818036
-0.909422
-0.9984223
-0.8311621
-0.7905958
-0.9201494
-0.920474
-0.8730058
-0.9128455
-1.03285
-0.9927346
-0.8133903
-0.8721639
-0.8563233
-0.9014397
-0.7196766
-0.9417039
-0.8970068
-0.9752386
-0.9335484
-0.9521758
-0.9672304
-0.8218558
-0.9045879
-0.8828673
-0.7256285
-0.8302329
-0.7912313
-0.894812
-0.8292783
-0.9498337
-0.9569718
-0.9960542
-0.8515664
-0.770489
-0.8108439
-0.7696207
-0.8817444
-0.9426563
-0.7291515
-0.9173964
-0.7608053
-0.9193607
-0.7983266
-0.7774234
-0.9408628
-0.7665254
-0.8248316
-0.7583255
-0.8110008
-0.7839076
-0.7284929
-0.736034
-0.82593
-0.5647012
-0.7451375
-0.7815794
-0.8553824
-0.8072377
-0.795976
-0.7991049
-0.5461982
-0.8172749
-0.7771207
-0.7474078
-0.7802621
-0.6579664
-0.8716185
-0.7084678
-0.9046575
-0.6774351
-0.6753839
-0.8066805
-0.7929933
-0.798417
-0.7778733
-0.8534216
-0.8226685
-0.7578695
-0.8349902
-0.6327956
-0.7039264
-0.8158781
-0.7895991
-0.6883821
-0.7372821
-0.8123113
-0.7078663
-0.7685215
-0.749287
-0.4790824
-0.7876094
-0.6526118
-0.7441172
-0.4814564
-0.6400803
-0.6578562
-0.7080403
-0.6316317
-0.6501667
-0.6445533
-0.7190367
-0.7558186
-0.6804035
-0.7142027
-0.5785107
-0.8199943
-0.7357495
-0.6370246
-0.573113
-0.6057076
-0.6066653
-0.7010734
-0.713767
-0.6983831
-0.6952595
-0.6453818
-0.589362
-0.6670708
-0.6092254
-0.4919863
-0.7460544
-0.5901434
-0.772625
-0.6118381
-0.7699848
-0.5998631
-0.5599555
-0.6143759
-0.6462926
-0.568071
-0.5717037
-0.5965666
-0.728054
-0.6516049
-0.5844234
-0.5472526
-0.7540274
-0.6454931
-0.7312448
-0.545598
-0.6169328
-0.6213246
-0.5383772
-0.6320219
-0.6466856
-0.4638756
-0.5619115
-0.7916722
-0.6276792
-0.6023272
-0.6637145
-0.6490989
-0.5451639
-0.4253819
-0.5856265
-0.3933203
-0.5197016
-0.5668452
-0.5017907
-0.497865
-0.6108642
-0.6089238
-0.5640274
-0.6928487
-0.4753201
-0.6457589
-0.5869534
-0.5418719
-0.6705013
-0.6712659
-0.4109542
-0.6338433
-0.58297
-0.3820153
-0.5019267
-0.5941869
-0.5482297
-0.3673119
-0.6189358
-0.5021734
-0.577976
-0.6408688
-0.4915615
-0.4661484
-0.5647752
-0.4598836
-0.5115405
-0.4640469
-0.5402545
-0.5574494
-0.4310725
-0.5879017
-0.5958503
-0.5039846
-0.578925
-0.6540865
-0.5403833
-0.3603976
-0.6721878
-0.3455839
-0.5184245
-0.5591584
-0.5135967
-0.4423997
-0.477173
-0.4026001
-0.3838969
-0.4848538
-0.6032301
-0.4727515
-0.4973587
-0.5387701
-0.3974374
-0.401552
-0.4216706
-0.4883212
-0.3946017
-0.3546359
-0.4637519
-0.4114872
-0.2924617
-0.3709309
-0.4364001
-0.4632774
-0.381474
-0.5129447
-0.4464787
-0.4117099
-0.369853
-0.4593623
-0.4984117
-0.3344181
-0.4582777
-0.5138712
-0.3095365
-0.5783097
-0.4452176
-0.3682009
-0.4456525
-0.370866
-0.4376321
-0.3669152
-0.407342
-0.5581321
-0.3530892
-0.4241377
-0.5718183
-0.5218982
-0.3798848
-0.4982954
-0.4933403
-0.4602323
-0.3326154
-0.3034617
-0.4291258
-0.4464242
-0.5134299
-0.5780899
-0.3673931
-0.383667
-0.3452918
-0.4584923
-0.4584654
-0.3409246
-0.4100812
-0.4241462
-0.4564645
-0.3610889
-0.3401818
-0.2560999
-0.3783221
-0.3838686
-0.4295397
-0.381835
-0.4278298
-0.2816516
-0.3833514
-0.4071901
-0.3416713
-0.3626287
-0.3966996
-0.1729984
-0.1829473
-0.1873069
-0.3471975
-0.3953609
-0.3383785
-0.3401993
-0.3097534
-0.308284
-0.3907006
-0.3657523
-0.2720072
-0.2615023
-0.3356618
-0.2386711
-0.2504252
-0.1935264
-0.2973576
-0.2692514
-0.2164917
-0.3446325
-0.2576424
-0.2244582
-0.3817955
-0.1761184
-0.3626351
-0.2427462
-0.3125072
-0.2396541
-0.1990094
-0.2943154
-0.361549
-0.4015214
-0.4301999
-0.2559197
-0.2195675
-0.2033259
-0.2900791
-0.3866873
-0.1253809
-0.3705006
-0.2724588
-0.2352972
-0.1469269
-0.3395244
-0.1437821
-0.1295062
-0.2799592
-0.4166672
-0.403554
-0.1072399
-0.1809285
-0.1921049
-0.2300233
-0.1499181
-0.3414397
-0.3324875
-0.3236815
-0.3144558
-0.3154832
-0.1700557
-0.2800572
-0.22724
-0.1500581
-0.2394331
-0.3065059
-0.01963708
-0.064607
-0.3587775
-0.335258
-0.2268467
-0.2421185
-0.1421822
-0.01915771
-0.1959794
-0.1432045
-0.2804072
-0.1557491
-0.2630537
-0.1796488
-0.1107162
-0.1558532
-0.2745396
-0.2052646
-0.1779429
-0.1095435
-0.1580771
-0.1102589
-0.2283764
-0.02633921
-0.3488241
-0.1378044
-0.02130827
-0.1562197
-0.05245395
-0.2089388
-0.1829938
-0.07383561
-0.1258785
-0.1488034
-0.2287651
-0.08190713
-0.2117935
-0.1048503
-0.2526662
-0.2089094
-0.1440098
-0.1371377
-0.06018317
-0.1443223
-0.04264584
-0.3026374
-0.2407735
-0.1015438
-0.08346188
-0.2117423
-0.05709635
-0.02859305
-0.2321453
0.03693648
-0.1937446
0.002584407
-0.01914808
0.007323527
-0.3177732
-0.06827297
-0.05056362
-0.1449346
-0.05434361
-0.1304958
0.03970041
-0.1132533
-0.1427829
-0.05343422
-0.02892101
-0.02913449
-0.09898127
-0.1379555
-0.06574431
-0.05339343
0.01592136
-0.1694677
-0.07321897
0.01280851
-0.04879484
-0.07386854
-0.0508252
0.03058703
0.05773495
-0.0499052
-0.08562041
-0.01354278
-0.2047998
-0.03815983
0.0498789
-0.1179585
0.09810021
0.03207296
0.03343523
-0.1423262
-0.07438478
0.02816547
-0.2084355
-0.02032742
-0.009638659
-0.1100308
-0.008578315
0.1416785
-0.01293431
-0.04764718
0.1049924
0.005326291
0.04758091
0.01055159
0.01545133
0.03165977
-0.05249552
0.003395056
-0.02338447
0.06960554
0.1306901
0.01122641
0.04208091
0.01335926
0.07074977
0.1072226
-0.0643087
0.1413697
0.03023376
0.05176986
0.1383711
0.008042134
-0.08344739
-0.08621236
0.0407771
-0.0001454116
0.2244703
0.1154144
0.09975171
0.169382
0.12597
0.03668305
-0.04313211
0.09551358
0.1329039
0.04685957
0.09896655
0.1174284
0.01101993
0.1201546
0.0180435
0.1231958
-0.01315565
0.2021345
0.04107921
0.2477546
0.1428752
0.112254
0.007987176
0.1708983
0.2164477
0.1244601
0.06025638
0.09747466
-0.03032972
0.1153055
0.1766944
0.108287
0.07707619
0.1505946
0.2333351
0.1806337
0.02639883
0.1232504
0.1415649
0.2466366
0.1547222
0.3136404
0.1192631
0.1583986
0.0461591
0.1890069
0.1707044
0.1487602
0.1511268
0.1906185
0.1307285
0.1508823
0.006515112
0.09719861
0.2600443
0.2758833
0.1473922
0.1159617
0.2965687
0.1513424
0.1544441
0.1857394
0.1362393
0.2401628
0.07920372
0.2147197
0.2467877
0.1244821
0.3493103
0.1990319
0.1642972
0.1366212
0.008147472
0.3328853
0.2130441
0.1511929
0.2164642
0.2011142
0.351677
0.2318117
0.1691262
0.07035006
0.1846522
0.2424013
0.1969421
0.09384336
0.1435798
0.2529472
0.1370662
0.3255586
0.201784
0.2213463
0.3886018
0.2714161
0.276492
0.160047
0.1308639
0.2747956
0.2761722
0.09932404
0.03405657
0.305945
0.3256803
0.2627044
0.197796
0.243573
0.2961331
0.1242906
0.2301414
0.25555
0.288997
0.2453875
0.4020936
0.2798044
0.3789104
0.1250215
0.3237062
0.3063596
0.2485156
0.4044772
0.3242957
0.2755982
0.3885227
0.3733415
0.4110342
0.3684796
0.325821
0.2945062
0.3844037
0.3091706
0.1789079
0.3139278
0.4053383
0.3936537
0.4213162
0.4059075
0.2168722
0.3664617
0.2915359
0.256171
0.3998957
0.4340179
0.4062285
0.2981171
0.3951614
0.2853651
0.4850551
0.5896428
0.5579986
0.4000335
0.5501655
0.3370707
0.3989162
0.2996433
0.3210972
0.4470187
0.5635476
0.33993
0.3756497
0.4847737
0.3441955
0.2388385
0.2550917
0.3478487
0.3206949
0.3206015
0.2603832
0.4861279
0.384379
0.2547767
0.386933
0.3985722
0.5067016
0.3625739
0.3676111
0.3275199
0.4433931
0.3632822
0.4239386
0.3782466
0.4064172
0.3023872
0.3298003
0.4909642
0.3965409
0.4308774
0.4138803
0.4335113
0.3926738
0.2534662
0.3984022
0.3235806
0.5877333
0.4871562
0.5169837
0.3408138
0.5603757
0.5263009
0.4984501
0.4527273
0.4081566
0.4615388
0.3992577
0.4584256
0.4276424
0.453489
0.3682521
0.4594777
0.3928126
0.4327484
0.3700975
0.5062466
0.4488832
0.4496666
0.5402833
0.5388565
0.5959043
0.5381883
0.5475637
0.5391256
0.540948
0.6300334
0.6221667
0.5138846
0.5318641
0.6260704
0.5739437
0.4332377
0.551463
0.5451721
0.5241363
0.4937127
0.4508788
0.6140491
0.4197604
0.5179771
0.4566054
0.5720032
0.5132261
0.5364032
0.4905227
0.533642
0.4635273
0.4747132
0.5637858
0.4207881
0.528905
0.6343699
0.6518319
0.5997654
0.5686083
0.6620302
0.4352342
0.5656361
0.6115573
0.5148698
0.6139977
0.5174345
0.5335164
0.4298927
0.7409607
0.6039055
0.6219123
0.4636986
0.5189513
0.5988594
0.5768615
0.5816346
0.6645913
0.5822886
0.5687058
0.4644405
0.6421701
0.5431657
0.4300537
0.4862775
0.5254705
0.6195509
0.6286179
0.6048039
0.707653
0.7304626
0.6677907
0.7103699
0.5315263
0.5513975
0.6788207
0.5930393
0.6355577
0.641816
0.7009033
0.4404972
0.6869066
0.6747246
0.8529797
0.7056857
0.6938933
0.6685414
0.7419113
0.840099
0.6785846
0.6119564
0.6682151
0.6819237
0.744129
0.6682726
0.5996919
0.748891
0.701981
0.6535428
0.6323526
0.6957166
0.6886192
0.6265095
0.7735589
0.605971
0.6772209
0.5956229
0.6062018
0.8015022
0.7268222
0.722155
0.7519779
0.7927965
0.8016625
0.6837127
0.6930857
0.7494029
0.6201984
0.8834975
0.7090577
0.7618933
0.7958345
0.6449536
0.7119561
0.6632114
0.7818006
0.6817878
0.6361224
0.6171108
0.7608059
0.6898438
0.8508749
0.8453373
0.7231814
0.6948912
0.8250478
0.7978618
0.5914429
0.7959818
0.6829903
0.7010898
0.772769
0.7077592
0.7265425
0.6932201
0.7762524
0.793874
0.6867932
0.8470254
0.8713477
0.9425036
0.8712026
0.7393093
0.8366403
0.6887453
0.7341059
0.7272802
0.708341
0.9152714
0.7909547
0.8680644
0.663354
0.8127995
0.8131027
0.8197516
0.7434763
0.8682675
0.7334813
0.8055499
0.7143635
0.8120024
0.8178789
0.7994888
0.7579589
0.7823873
0.8789551
0.8223295
0.9541053
0.8490734
0.8849017
0.8382804
0.8369499
0.7629373
0.9827275
0.9069732
0.8568896
0.822355
1.063634
0.816476
0.9358478
0.9591914
0.8896836
0.8356211
0.8773157
0.7750952
0.8734209
0.7426111
0.903797
0.9977866
0.781948
0.9567703
0.7677549
0.8913165
0.9941124
0.8527882
0.938516
0.8401449
0.8685076
0.7308116
0.8943362
0.9699789
0.9640062
0.9848229
0.9256341
0.7933588
1.100913
0.9551299
0.864754
0.9394498
0.8668641
0.921919
0.9344109
0.970191
0.9475952
1.043415
0.9033455
0.8902681
0.8117178
0.9133061
1.029526
0.9588018
1.065668
0.9555302
1.033659
0.8271835
0.865166
0.9696932
0.906467
0.972979
0.7493014
0.9101342
1.048165
0.9276586
0.8351377
1.016925
0.9849133
1.030064
0.927649
0.9805696
1.139507
0.9740744
1.123337
1.000038
0.9418799
1.027746
0.9253863
1.05984
1.092719
0.8806338