-0.03817708
-0.9632087
-0.9548693
-0.9708876
-1.057649
-0.9186372
-0.8481273
-0.949245
-0.8749652
-0.9906356
-1.086931
-1.073215
-1.101518
-0.94047
-0.8970755
-1.01444
-0.9836682
-0.9396122
-1.002523
-0.9407492
-1.108334
-1.093534
-0.9785731
-1.102486
-0.9402953
-0.7760011
-0.9535707
-1.089859
-0.9185771
-0.972584
-1.061164
-0.9007925
-0.8480906
-0.9600172
-0.9467934
-1.082651
-0.9902423
-1.091176
-0.881853
-0.9129849
-0.7556649
-0.8602818
-0.9508364
-0.9424553
-0.9778207
-0.8814
-1.020629
-0.9585956
-1.043157
-0.8677369
-0.8970393
-0.8210749
-0.9417007
-0.8791607
-0.9287843
-0.9480373
-1.02264
-0.9621333
-0.7902967
-0.8582564
-0.8406251
-0.9085437
-0.9730004
-0.8458099
-0.7909428
-0.8732773
-0.8752108
-0.9362436
-0.944068
-0.8901998
-0.8056327
-0.7744571
-0.7888145
-0.9133834
-0.7349014
-0.7858885
-0.8504113
-0.8436165
-0.8193232
-0.8692993
-0.8581989
-0.753661
-0.7729426
-0.7817079
-0.716375
-0.961599
-0.8053096
-0.8369468
-0.8690753
-0.672313
-0.7029974
-0.9572138
-0.7922148
-0.851382
-0.916529
-0.7048476
-0.7048673
-0.922424
-0.7196732
-0.7623193
-0.7562613
-0.938548
-0.7593041
-0.8740406
-0.7541601
-0.8494636
-0.8542754
-0.8791755
-0.9131441
-0.7253648
-0.7648271
-0.7393893
-0.7238199
-0.8527847
-0.6967418
-0.9126273
-0.5461357
-0.9509595
-0.8898032
-0.7645322
-0.7287807
-0.8259175
-0.6989196
-0.9059977
-0.7937878
-0.8979293
-0.7808429
-0.7192078
-0.7510549
-0.894575
-0.8518172
-0.6527631
-0.6319839
-0.8428209
-0.6468963
-0.847472
-0.795224
-0.786793
-0.606941
-0.6979577
-0.684935
-0.8726779
-0.6987912
-0.5369559
-0.754246
-0.6983955
-0.7503922
-0.758824
-0.6329308
-0.5573805
-0.7152
-0.7389339
-0.6795521
-0.6985644
-0.6508659
-0.6397712
-0.6854001
-0.8218736
-0.6415161
-0.6352654
-0.7505178
-0.6019114
-0.7237413
-0.596547
-0.6582896
-0.6744356
-0.62328
-0.755489
-0.6268548
-0.6523374
-0.659711
-0.5121122
-0.4679513
-0.5940401
-0.7909857
-0.5230697
-0.6571346
-0.70141
-0.5508279
-0.7865109
-0.769549
-0.6060918
-0.6956249
-0.6401101
-0.7448192
-0.6924175
-0.5898176
-0.788727
-0.6110153
-0.6620659
-0.7267922
-0.5628291
-0.4924837
-0.5307627
-0.6039142
-0.6725768
-0.6293121
-0.6592832
-0.7067494
-0.5966269
-0.6333379
-0.6045774
-0.5323581
-0.5472052
-0.6031552
-0.5105737
-0.6251157
-0.5103348
-0.6464306
-0.4762609
-0.5788858
-0.665248
-0.6116475
-0.518998
-0.6595467
-0.5424383
-0.6156113
-0.4190618
-0.4746856
-0.724498
-0.6507739
-0.6577161
-0.6060063
-0.5857445
-0.5309757
-0.4357228
-0.4496047
-0.6994132
-0.6892406
-0.550764
-0.5903883
-0.5023611
-0.3665436
-0.6144873
-0.5513541
-0.3914748
-0.4724793
-0.4141946
-0.4819799
-0.3775391
-0.661091
-0.5084527
-0.5590531
-0.4262122
-0.4585858
-0.4892524
-0.3938914
-0.5132446
-0.6005907
-0.5515231
-0.5036292
-0.414767
-0.4836545
-0.3918392
-0.6735723
-0.5326825
-0.5431062
-0.4054831
-0.3765135
-0.5181909
-0.4534184
-0.491915
-0.3631173
-0.4927873
-0.3063563
-0.5249024
-0.4379345
-0.5041103
-0.5819513
-0.4309528
-0.432436
-0.4950079
-0.5161288
-0.4958229
-0.3529412
-0.3465806
-0.4443973
-0.48204
-0.3645554
-0.5722544
-0.4039158
-0.49353
-0.3883863
-0.3996071
-0.4707537
-0.4410039
-0.4683733
-0.4969886
-0.3451461
-0.2783726
-0.4184621
-0.3556863
-0.5361572
-0.2930674
-0.4149277
-0.6601461
-0.3268411
-0.5041831
-0.4612597
-0.3192856
-0.4961554
-0.2748447
-0.2818608
-0.359177
-0.4147787
-0.266146
-0.3540063
-0.5726901
-0.217492
-0.342669
-0.2815495
-0.3052098
-0.4253197
-0.4485374
-0.3110133
-0.3491609
-0.3419576
-0.2910656
-0.4523495
-0.2942203
-0.3523069
-0.3278313
-0.3678994
-0.4642059
-0.3220367
-0.2813168
-0.3216069
-0.4253643
-0.3890074
-0.3704735
-0.5152016
-0.4334468
-0.3186392
-0.3614424
-0.2812962
-0.3535656
-0.2873514
-0.3446448
-0.3238087
-0.3972563
-0.3573006
-0.2788298
-0.1966144
-0.3213062
-0.3869062
-0.3194793
-0.3825615
-0.2631425
-0.261591
-0.429283
-0.3715699
-0.2822863
-0.2623946
-0.1964755
-0.4868401
-0.05649368
-0.05430538
-0.2198927
-0.2194104
-0.2760215
-0.3040052
-0.2461
-0.3421936
-0.4096223
-0.247135
-0.2240137
-0.3263113
-0.3523001
-0.1592218
-0.2838418
-0.2407767
-0.2663477
-0.2965751
-0.2481791
-0.3627716
-0.2695556
-0.3717172
-0.389117
-0.2162471
-0.2589703
-0.08301394
-0.3522166
-0.3166814
-0.3369742
-0.3346134
-0.2029221
-0.3139545
-0.3373132
-0.2103111
-0.2168454
-0.1721023
-0.2816341
-0.2687704
-0.2840635
-0.4112109
-0.2619527
-0.2157169
-0.2061481
-0.1316906
-0.3712215
-0.1794227
-0.09900013
-0.1758634
-0.1447822
-0.1596156
-0.1963483
-0.1899759
-0.2093646
-0.1164597
-0.290791
-0.1731452
-0.1477159
-0.1609547
-0.119612
-0.06163939
-0.06357754
-0.3115454
-0.3771759
-0.1782033
-0.245075
0.03545264
-0.1957084
-0.1658441
-0.09967944
-0.2198102
-0.07456738
-0.1770244
-0.1549536
-0.1302962
-0.0586783
-0.08137449
-0.1127426
-0.02387013
-0.06385931
-0.1175685
-0.09149905
-0.2545141
-0.3396687
-0.136963
-0.2546641
0.05129917
-0.08399142
-0.2400641
-0.1038624
-0.1415516
-0.1714256
-0.2222611
-0.147495
-0.04469243
-0.03546492
-0.1812854
-0.1316937
-0.09557791
-0.1415057
-0.1943706
-0.05339005
-0.1575267
-0.02287039
-0.08181327
-0.1175811
-0.1793385
-0.01584915
0.03304029
0.01075533
-0.01723299
-0.1301439
-0.04280363
0.01325301
-0.02498706
-0.1595191
-0.08577839
0.04303572
-0.09394813
-0.02896081
-0.08380227
-0.1138454
-0.01883663
0.0106464
-0.08642145
-0.02559217
-0.1091953
-0.1169441
0.0616218
0.1006125
0.02653044
0.004267512
-0.1076239
-0.1089164
0.02377452
-0.06879279
-0.07157225
0.006009345
-0.1687352
0.1691002
-0.04274836
-0.0323453
0.02891079
-0.03715694
0.09684271
-0.1239104
-0.04218001
0.0762558
-0.03339774
0.07663324
-0.008232428
0.0224607
-0.03216364
-0.1403188
0.04606495
0.02815478
0.07409453
-0.0917713
-0.02804387
0.08900453
0.009182954
0.0609188
0.03302116
0.04568261
0.02474661
-0.0779834
-0.02401872
0.1690401
0.0135065
-0.01116843
0.2765178
0.03991721
0.0131136
-0.002784557
0.1437783
-0.04390948
0.1398566
0.09018761
0.07245898
0.1886293
0.06946158
-0.03378588
0.03029363
0.18888
0.1610664
0.1069589
0.09688367
-0.02363576
0.06007967
0.05363983
0.1124457
0.09154787
0.08113431
0.1221765
0.2593222
0.09413786
0.1257059
0.08780546
0.02889414
0.2026147
0.04992605
0.1393527
0.2244109
0.2217252
0.07608315
0.06801561
0.1383017
0.1413693
0.1038161
0.2125071
0.03525078
-0.03597469
0.1660225
0.1143725
0.1748619
0.1412424
0.2114663
0.183223
0.2153187
0.08530533
0.1004155
0.2037301
0.1209761
0.1568474
0.2450327
0.2295209
0.145907
0.1814121
0.1958134
0.2882517
0.08525552
-0.02204082
0.1274807
0.07880044
0.2076212
0.2781174
0.3226118
0.2673586
0.04707114
0.2150047
0.2457139
0.2854289
0.2422182
0.1252923
0.2706301
0.083102
0.1963976
0.2138513
0.2961761
0.1806844
0.1006126
0.1889645
0.2438967
0.1915718
0.3122872
0.1981548
0.2835684
0.297112
0.1830862
0.2705385
0.2010606
0.2270724
0.306548
0.1843861
0.2851148
0.08528702
0.2158804
0.1924351
0.1538142
0.2499203
0.185171
0.286905
0.3056237
0.2200136
0.1357364
0.2483536
0.3434959
0.035355
0.1206544
0.434655
0.2722665
0.05435327
0.2217515
0.4205143
0.2778337
0.2753956
0.3534804
0.2919206
0.3099686
0.3008412
0.3038285
0.2442395
0.2811015
0.2324712
0.3326938
0.3311815
0.3571643
0.3136727
0.324598
0.3819607
0.3306968
0.3551933
0.2700573
0.2583075
0.2792224
0.2255858
0.3353545
0.3119903
0.3332188
0.2034209
0.3614065
0.4077901
0.2458768
0.2900111
0.3722966
0.2800685
0.450506
0.3273041
0.1855275
0.3505291
0.4630445
0.4462394
0.3356791
0.2166528
0.3947493
0.2431244
0.4102335
0.2553424
0.3293317
0.2992618
0.3642451
0.4564626
0.4953424
0.3767862
0.5360609
0.4729968
0.4141374
0.4218789
0.3100081
0.5507405
0.2492556
0.3913543
0.2515161
0.2817408
0.3350894
0.3732669
0.4302583
0.3247805
0.4590696
0.3903371
0.3874073
0.2968271
0.4768926
0.3647695
0.4406244
0.3655171
0.6383283
0.4166649
0.5521307
0.3484725
0.3536801
0.399122
0.3970128
0.4894524
0.4302037
0.2975396
0.3524118
0.4746681
0.5518534
0.4673108
0.6202851
0.403005
0.3142688
0.4517021
0.4251517
0.4484561
0.5095514
0.4992579
0.3918455
0.5027548
0.6082732
0.3684527
0.5145721
0.5545278
0.4541545
0.3860703
0.4200618
0.5841556
0.3319671
0.5687335
0.4961716
0.5793966
0.5094783
0.5514775
0.3780651
0.4416527
0.4320651
0.5838271
0.5575995
0.3940166
0.5546679
0.4284585
0.6328519
0.6328822
0.4886888
0.5616204
0.4299234
0.6111859
0.5432292
0.5287225
0.4139406
0.517916
0.461183
0.5578919
0.5137316
0.5352072
0.5236266
0.5701099
0.6105644
0.4535202
0.642329
0.6947624
0.5061112
0.5954551
0.4119052
0.633887
0.5111442
0.5863775
0.4926832
0.4674215
0.6986365
0.5156226
0.5145192
0.5868237
0.6504142
0.544673
0.5352223
0.4520539
0.4055312
0.5906967
0.5812498
0.4865757
0.6611006
0.5978081
0.6260592
0.6397936
0.5286577
0.5795288
0.5567427
0.6544126
0.741493
0.5721153
0.6971745
0.6400647
0.5602006
0.5169756
0.6382091
0.7340943
0.6020931
0.5999595
0.5850861
0.6551305
0.4081354
0.5359357
0.6839707
0.4934837
0.7138351
0.6076571
0.7447747
0.7416763
0.6336795
0.6946393
0.7559061
0.6176824
0.7458529
0.5769072
0.5515511
0.6084385
0.6960586
0.5535245
0.5895186
0.8549154
0.569331
0.6862584
0.6546257
0.8411312
0.7112055
0.6535789
0.644901
0.7607515
0.6795792
0.6949022
0.7477158
0.6330171
0.6530374
0.633262
0.7777321
0.7723586
0.7226659
0.5954012
0.7061021
0.6435496
0.6685815
0.7383266
0.7937617
0.7829573
0.6907209
0.7858589
0.7067391
0.6572299
0.7928746
0.597545
0.7991894
0.7211473
0.752247
0.7518209
0.667992
0.7404083
0.7086778
0.6652556
0.7334392
0.7645911
0.768398
0.8369608
0.6459907
0.7163782
0.7050797
0.6684991
0.818246
0.8693792
0.8599678
0.6805954
0.8239305
0.9084072
0.8009526
0.8530931
0.734931
0.7470961
0.7999344
0.7596817
0.7965699
0.8952022
0.7891735
0.7488673
0.9462013
0.7626827
0.8366919
0.7850244
0.8450411
0.7969452
0.7877416
0.7841868
0.8166633
0.8648552
0.7627654
0.7488264
0.8140397
0.8696775
0.9847875
0.8768765
0.7835174
0.7271736
0.9259766
0.8990053
0.8771913
0.9034395
0.8460376
0.9510626
0.8913638
0.9026545
0.9330967
0.6723174
0.9464005
0.8791205
0.8680959
0.783159
0.7970018
0.8421544
0.883352
0.9974066
0.9376587
0.8622051
0.8512362
0.813685
0.793302
0.9389354
0.8354639
0.825905
0.8442398
0.6445111
0.9187459
0.8471561
0.8343587
0.8812818
1.034285
0.8763037
0.893893
0.8196534
1.073106
0.8909684
0.9100211
1.033188
1.10773
0.8205431
1.033126
0.9120563
1.048656
1.079229
0.9089467
0.8872241
0.8547584
0.902597
0.9142358
0.7866934
0.9339579
0.9698739
1.066278
0.9590942
1.023098
0.9424767
0.8452022
0.8547373
0.7937775
0.9664106
0.9139916
0.8386317
1.027419
0.8438678
0.9936694
0.9812101
0.8884207
1.032507
1.096547
0.9688492
1.002702
1.074877
0.9275274
0.962758
1.01627
1.025185
1.013599
1.013227
0.793923
1.05348
0.8884007
1.013649
1.03106