-0.03285631
-1.098558
-0.9772689
-1.036607
-0.9225632
-0.9345463
-0.8780868
-0.9273384
-0.9594892
-1.143264
-0.9299406
-0.9264647
-0.9918156
-0.9656006
-0.8876955
-1.043327
-1.003999
-0.757021
-1.003588
-1.024043
-0.9799671
-0.7897002
-0.9035771
-0.9863617
-0.8787149
-0.9064335
-0.9859881
-0.9364168
-0.9353355
-0.9495058
-0.7677623
-0.8969458
-0.8108602
-1.021937
-0.960602
-0.8615296
-0.9757558
-0.9206314
-0.9759598
-0.8804043
-0.844383
-0.9406681
-0.9407365
-1.073082
-0.9920771
-1.000127
-0.9757364
-1.051876
-0.9369518
-0.8721267
-0.9233261
-0.9508323
-1.003426
-0.8840297
-0.9036982
-0.9714648
-0.8180281
-0.7919429
-0.9205941
-0.9258015
-0.8551945
-0.8939176
-1.037162
-0.9977283
-0.7990531
-0.8723527
-0.861234
-0.8836534
-0.7215396
-0.9422569
-0.8948348
-0.9731092
-0.923817
-0.9641792
-0.9699464
-0.8289668
-0.9069388
-0.8993575
-0.7122311
-0.8374476
-0.7777428
-0.8870656
-0.8031164
-0.9333912
-0.9466813
-1.027514
-0.834933
-0.765095
-0.8017386
-0.7811784
-0.8778806
-0.9664441
-0.743394
-0.9442083
-0.7574678
-0.9005154
-0.7782802
-0.765066
-0.9483786
-0.7594429
-0.8078523
-0.765703
-0.799932
-0.7756248
-0.7251979
-0.7409379
-0.8623971
-0.5922952
-0.7346809
-0.8025571
-0.8798396
-0.8160089
-0.828485
-0.7835413
-0.5487477
-0.8195118
-0.7774312
-0.7641168
-0.7849732
-0.652979
-0.883247
-0.6822847
-0.8847787
-0.6832804
-0.7081858
-0.8241552
-0.8046619
-0.8052494
-0.7794219
-0.8498811
-0.8330937
-0.7387651
-0.8463838
-0.610712
-0.7037523
-0.8224907
-0.7997606
-0.6937316
-0.7428311
-0.8220324
-0.6955818
-0.7487301
-0.7494407
-0.4870727
-0.8060123
-0.63326
-0.7455252
-0.4712186
-0.6402984
-0.6639638
-0.6884537
-0.6168296
-0.6537541
-0.6326859
-0.7065498
-0.7391849
-0.6651583
-0.6787959
-0.6037194
-0.7950032
-0.7184373
-0.6249702
-0.5885267
-0.59596
-0.6059471
-0.7125113
-0.7397716
-0.6857712
-0.6879572
-0.6492877
-0.5854409
-0.6740264
-0.6195825
-0.483056
-0.7445977
-0.5974027
-0.7801201
-0.6096022
-0.7660644
-0.5962223
-0.5644821
-0.6115481
-0.6597461
-0.5746884
-0.6173651
-0.6202331
-0.7298516
-0.670618
-0.5742316
-0.5475184
-0.76075
-0.6225981
-0.7484955
-0.5628283
-0.613615
-0.6323994
-0.5232031
-0.623844
-0.642034
-0.4749346
-0.5462138
-0.7777018
-0.6287885
-0.6286977
-0.6533456
-0.6424778
-0.5689723
-0.4191881
-0.5808592
-0.4023605
-0.5091253
-0.5663742
-0.504668
-0.4939664
-0.6037602
-0.5933061
-0.5596082
-0.6854509
-0.4928123
-0.6366806
-0.5798912
-0.5306048
-0.6683484
-0.6998869
-0.423909
-0.6018095
-0.5740101
-0.3834571
-0.4964526
-0.5648192
-0.5528753
-0.3714329
-0.6155789
-0.5018858
-0.5781088
-0.6485483
-0.5093357
-0.4670411
-0.5280009
-0.4790708
-0.5300352
-0.4435174
-0.5358884
-0.5837904
-0.4357805
-0.5856623
-0.6151263
-0.4982955
-0.5880522
-0.6393867
-0.5410293
-0.3644782
-0.6737172
-0.355572
-0.51559
-0.5425972
-0.4950993
-0.4773242
-0.4820797
-0.4092107
-0.3890966
-0.4682396
-0.5996274
-0.4695204
-0.5001966
-0.5528364
-0.4101956
-0.4176584
-0.4223855
-0.4885997
-0.4173757
-0.3688523
-0.4719992
-0.4121067
-0.302
-0.3474595
-0.4487169
-0.4641084
-0.3858905
-0.5078918
-0.4347548
-0.4174743
-0.3502199
-0.4585088
-0.5304994
-0.3224093
-0.4740004
-0.524949
-0.2945452
-0.5885744
-0.437519
-0.3557725
-0.457673
-0.3852982
-0.3939005
-0.3857202
-0.4191609
-0.5302378
-0.3491614
-0.4193435
-0.5670182
-0.5221295
-0.3762222
-0.4966874
-0.4814373
-0.4543362
-0.3376203
-0.2791269
-0.4260321
-0.4706536
-0.4934114
-0.5738871
-0.3626442
-0.3876939
-0.3377174
-0.4611872
-0.456769
-0.3529219
-0.4160155
-0.425285
-0.4548196
-0.3795814
-0.3593158
-0.2398865
-0.3772434
-0.3798539
-0.4283148
-0.3693467
-0.4304722
-0.3026107
-0.3606758
-0.4080293
-0.3232526
-0.3283685
-0.3831093
-0.1648058
-0.1644398
-0.1819609
-0.3476677
-0.3613045
-0.3490019
-0.3332971
-0.3222873
-0.3087472
-0.4185441
-0.3561738
-0.2725161
-0.2652117
-0.3615256
-0.2386105
-0.2518937
-0.2105989
-0.293973
-0.2633368
-0.231183
-0.3496399
-0.2397323
-0.2037237
-0.400764
-0.1778028
-0.3639445
-0.230353
-0.2975431
-0.2513582
-0.205337
-0.279993
-0.3560957
-0.4295819
-0.4332243
-0.2753478
-0.2247232
-0.2099196
-0.317634
-0.3674601
-0.127782
-0.3667839
-0.2678228
-0.2313934
-0.1550532
-0.337035
-0.1237414
-0.1345147
-0.2803133
-0.4142364
-0.3988411
-0.1115229
-0.1952245
-0.1983768
-0.2194571
-0.1623028
-0.3434945
-0.3206148
-0.3489353
-0.3107145
-0.3214252
-0.1482436
-0.2752324
-0.2342191
-0.137935
-0.2311981
-0.3124769
-0.009103069
-0.04380625
-0.354561
-0.3427942
-0.2240985
-0.2469757
-0.1627147
-0.01816044
-0.1835577
-0.1468752
-0.292394
-0.1710414
-0.2501137
-0.1608687
-0.09701431
-0.1677713
-0.298468
-0.2035593
-0.184966
-0.1132041
-0.1609575
-0.1073179
-0.1887095
-0.03557309
-0.3445527
-0.133735
-0.03096119
-0.1726935
-0.0449696
-0.2055316
-0.1920482
-0.08577145
-0.1282045
-0.1473225
-0.235873
-0.073798
-0.2348639
-0.0977878
-0.239876
-0.2150082
-0.1563954
-0.1355379
-0.04771605
-0.1538231
-0.07675808
-0.3085268
-0.2549166
-0.1052246
-0.0513441
-0.2204714
-0.03192121
-0.01950653
-0.2283985
0.04823878
-0.213832
-0.00714615
-0.01650973
0.02019804
-0.2915403
-0.05531781
-0.06321388
-0.1636521
-0.06899732
-0.139982
0.05568781
-0.1193839
-0.1408647
-0.04655468
0.003269595
-0.01021038
-0.1038164
-0.125785
-0.07577391
-0.05350705
0.002867453
-0.1815617
-0.0777698
0.02622736
-0.02431956
-0.06753542
-0.04725667
0.0268041
0.05410699
-0.0547323
-0.07820391
-0.00227304
-0.2164345
-0.04649635
0.03666501
-0.1336826
0.09269534
0.01201684
0.02634395
-0.1367589
-0.07364464
0.03248248
-0.1872001
-0.03872249
0.001515413
-0.1021842
-0.001475758
0.1342387
-0.02200213
-0.04720043
0.1206883
0.005163025
0.02389047
0.02354318
0.01353225
0.03088499
-0.02400865
-0.01381576
-0.003379584
0.05960499
0.1336246
-0.006172626
0.06495236
0.01666482
0.0843295
0.09479481
-0.05836475
0.147348
0.02202407
0.05591144
0.1225819
0.009930751
-0.1026663
-0.06559807
0.07017541
-0.0137472
0.2173388
0.1286662
0.09597887
0.1735512
0.1586483
0.0381978
-0.05069564
0.09346035
0.1406475
0.07048712
0.101293
0.1072427
0.006192538
0.1417313
0.02598021
0.1066864
-0.01935842
0.1719766
0.01942168
0.2658298
0.1486362
0.1127329
0.01103945
0.1707635
0.1999861
0.1212503
0.05089205
0.1016796
-0.03779898
0.1017135
0.1845392
0.1058598
0.08804177
0.1439168
0.2601935
0.1648989
0.02501738
0.1208496
0.1529787
0.2305727
0.165594
0.3024709
0.1091024
0.1628002
0.06255898
0.1999652
0.1700076
0.1726393
0.1634546
0.1809289
0.1335232
0.152258
0.006065009
0.08393804
0.2514
0.2900493
0.1133241
0.1277487
0.2947877
0.1704211
0.1510156
0.1837429
0.1260992
0.2377546
0.04496652
0.2184997
0.244233
0.1058316
0.3334564
0.1885611
0.162241
0.1120163
0.03070104
0.3265367
0.241294
0.1455151
0.208632
0.2234095
0.3636793
0.2310352
0.1575386
0.06420037
0.1858901
0.2619331
0.2104624
0.1108715
0.1402521
0.2536063
0.1376143
0.3024148
0.1944604
0.2487356
0.3718963
0.2612523
0.2593196
0.1603368
0.1369399
0.2893134
0.2731718
0.1135423
0.03251265
0.2914534
0.3381442
0.2605649
0.1880421
0.237838
0.284136
0.1384709
0.2009362
0.2584265
0.2549432
0.2409736
0.3944433
0.2433084
0.3961075
0.1283974
0.3097704
0.300094
0.2525553
0.418824
0.3184863
0.2668573
0.3896912
0.3806842
0.4237901
0.3604007
0.3189658
0.2962211
0.3880053
0.3166481
0.1457782
0.3273901
0.3986366
0.3913185
0.441553
0.4020896
0.2265286
0.3603675
0.2867521
0.2444977
0.4285367
0.432262
0.3922652
0.3051323
0.4026115
0.2741357
0.4819077
0.5809092
0.525885
0.4110201
0.5418932
0.3572319
0.4022673
0.3010734
0.3402675
0.4387108
0.5670259
0.3509518
0.36232
0.4866056
0.3539436
0.2338328
0.2317756
0.3508376
0.2989214
0.3510162
0.2630955
0.4731059
0.3786529
0.2628966
0.3932398
0.3866029
0.5069984
0.3715283
0.3849514
0.3397439
0.4484213
0.3444005
0.4390965
0.3743532
0.3888765
0.3183847
0.3298764
0.4908845
0.3893235
0.4276254
0.4353077
0.4471442
0.3893102
0.2421258
0.4129097
0.3041351
0.5800073
0.4829994
0.4796958
0.3584407
0.5479219
0.5394499
0.5115188
0.4505445
0.4234121
0.4716978
0.4204647
0.4580414
0.4258104
0.4748705
0.3744905
0.4366887
0.4057205
0.4303877
0.3781862
0.4966242
0.4687904
0.4285382
0.5454791
0.5726797
0.5953903
0.5649658
0.568669
0.5322605
0.5341039
0.610327
0.6316018
0.5250285
0.5115171
0.6194465
0.5887173
0.4252466
0.5497129
0.5648076
0.531761
0.5062131
0.4578851
0.6218373
0.3932019
0.4999448
0.4726606
0.5929019
0.5118148
0.552922
0.5053814
0.5250624
0.4488873
0.485456
0.5574839
0.4309446
0.5114251
0.6516621
0.6550417
0.6061313
0.5548502
0.6832268
0.4062775
0.5656768
0.6073517
0.5019226
0.5888826
0.5318956
0.5336253
0.4388095
0.7536147
0.617685
0.6007815
0.4688968
0.4982967
0.6045387
0.5548425
0.5729435
0.6545296
0.5620587
0.5786686
0.4455161
0.6616266
0.5463152
0.4428005
0.4964234
0.5414664
0.6286923
0.6158843
0.6086653
0.6965466
0.7353577
0.652204
0.7145178
0.5272905
0.5832974
0.6919417
0.6102872
0.663753
0.6266822
0.7041844
0.4383819
0.6647113
0.6757728
0.8584284
0.7110436
0.6541245
0.6814285
0.7284054
0.8309591
0.6822702
0.6213803
0.6595447
0.6988379
0.7249486
0.6862478
0.6201938
0.7499128
0.6901908
0.6623884
0.6424437
0.690174
0.6883475
0.6226869
0.7798757
0.5978283
0.666858
0.5809892
0.6301569
0.7809704
0.7258877
0.7184342
0.7564037
0.7901551
0.798399
0.7116183
0.6975219
0.7551372
0.6004053
0.8891037
0.7134981
0.7622096
0.7826766
0.6429115
0.6920578
0.6635858
0.7858078
0.6897818
0.6239517
0.6419749
0.7427151
0.6674636
0.8455066
0.8426682
0.6882853
0.7045358
0.8117988
0.8030534
0.5901689
0.7975527
0.6785497
0.7009915
0.7631979
0.7271355
0.7248197
0.7032667
0.7727
0.7833954
0.6983343
0.8485037
0.8797231
0.9349441
0.8662693
0.7150992
0.8429174
0.6846794
0.7386967
0.7384948
0.7250981
0.8928874
0.8126857
0.8821607
0.6620481
0.8158433
0.8061933
0.8225519
0.7780505
0.8410307
0.7131505
0.8246891
0.721787
0.8234974
0.7863319
0.8002804
0.7391763
0.801325
0.9011742
0.828048
0.9662788
0.8546093
0.8982345
0.8406972
0.8264196
0.7666572
0.9702314
0.9072676
0.8752973
0.8458477
1.059756
0.8111622
0.9299858
0.9817439
0.8807226
0.8233197
0.8757451
0.7645856
0.844821
0.7365211
0.9297901
1.004212
0.7839792
0.9470497
0.7780925
0.8977698
0.9794164
0.8653625
0.9295942
0.8411614
0.867874
0.7542701
0.8882677
0.9803306
0.9963316
0.9590396
0.9388405
0.7755525
1.11156
0.9738297
0.8764426
0.9401384
0.8731705
0.9237754
0.9436165
0.9886126
0.9648505
1.04186
0.9043714
0.9091305
0.7848582
0.9265589
1.010816
0.9542923
1.049073
0.9663537
1.040193
0.8319547
0.8706739
0.9605257
0.9287881
0.9518678
0.7346705
0.9004556
1.047137
0.9405328
0.8148033
1.027446
0.9590819
1.030982
0.9491716
0.9828787
1.146755
0.9812254
1.107995
0.9923832
0.9431712
1.024882
0.9342974
1.03352
1.082503
0.8626727