0.1310362
-0.9892101
-1.028709
-0.7659639
-0.9059616
-1.047144
-0.9974396
-0.8721093
-1.061444
-0.9987711
-1.046845
-1.083859
-0.9735774
-1.007238
-0.8299452
-1.013143
-0.8420414
-0.9247292
-1.008012
-1.009286
-0.8373152
-0.9322628
-1.012927
-0.847024
-1.076217
-0.9309211
-0.7850003
-1.043587
-0.8866393
-0.8611473
-0.9347844
-0.8988374
-0.9503521
-0.8744059
-0.8071358
-1.178987
-1.000694
-0.9484791
-0.9300913
-0.9088501
-1.04836
-0.848027
-0.7444858
-1.001925
-0.9366911
-0.8251663
-0.8768947
-0.8915982
-0.9196269
-0.754429
-0.795035
-0.937426
-0.8655902
-0.8511229
-0.8577738
-0.7496333
-0.9474211
-0.8349118
-0.9643265
-0.7999997
-0.8937307
-0.938893
-0.8182454
-0.8345244
-0.9185598
-1.063161
-1.016156
-0.7549594
-0.7531402
-0.7896171
-0.842598
-0.7217611
-0.8959721
-0.7824056
-0.9060674
-0.8493361
-0.8357518
-0.9006208
-0.9107167
-0.7860318
-0.6897064
-0.8925426
-0.7889104
-0.8599413
-0.8181684
-0.8466571
-0.8838303
-0.8146154
-0.7928617
-0.7679542
-0.8693405
-0.8563029
-0.821846
-0.7896074
-0.8248949
-0.9477626
-0.6641756
-0.682524
-0.8909857
-0.6964795
-0.7250579
-0.8841506
-0.8979188
-0.8198358
-0.8161895
-0.7280841
-0.7505948
-0.6770809
-0.7592368
-0.8928392
-0.833158
-0.8215191
-0.6807107
-0.7671099
-0.8100198
-0.6488649
-0.7225061
-0.7387564
-0.8712271
-0.6440066
-0.8366278
-0.7621632
-0.7795909
-0.7498384
-0.700978
-0.8382658
-0.6915582
-0.6607811
-0.8112394
-0.7391655
-0.709156
-0.7366314
-0.8158378
-0.7717184
-0.7237423
-0.5693155
-0.8138792
-0.7423386
-0.6521978
-0.8096046
-0.7646574
-0.7013834
-0.8302895
-0.7293567
-0.6750903
-0.7828256
-0.8041754
-0.6448228
-0.7296766
-0.6640522
-0.7165893
-0.5933497
-0.5993012
-0.7545263
-0.5851761
-0.7559783
-0.6592219
-0.6796459
-0.8422987
-0.7085599
-0.6486973
-0.7319363
-0.6256892
-0.7627005
-0.6924832
-0.69385
-0.7058825
-0.7064566
-0.6669806
-0.6860073
-0.7338724
-0.5544559
-0.7225643
-0.6624027
-0.5388746
-0.6423907
-0.5095215
-0.7004682
-0.600594
-0.8114326
-0.5363956
-0.600539
-0.5529118
-0.6611311
-0.5699559
-0.4997083
-0.7749036
-0.6447628
-0.5370517
-0.517479
-0.7036049
-0.545823
-0.6254815
-0.6692583
-0.678648
-0.7647798
-0.6413857
-0.5891624
-0.6082442
-0.6649332
-0.6795012
-0.4910906
-0.6668972
-0.6112444
-0.625292
-0.6186962
-0.5384827
-0.7416238
-0.5766118
-0.6343021
-0.6237702
-0.5617711
-0.6766094
-0.5987395
-0.6774146
-0.5958791
-0.6340234
-0.5234736
-0.529492
-0.5253313
-0.5856907
-0.5024969
-0.6808972
-0.6157242
-0.5223427
-0.5588065
-0.6198733
-0.6545656
-0.5013006
-0.4261506
-0.6415517
-0.4194759
-0.3836239
-0.3601605
-0.4602615
-0.7066673
-0.6464108
-0.3509154
-0.4353524
-0.5204617
-0.5434834
-0.5212819
-0.6385756
-0.7016842
-0.5361201
-0.5300576
-0.4692383
-0.401202
-0.4443668
-0.5903061
-0.5180394
-0.3172304
-0.577831
-0.4326924
-0.3476164
-0.5002415
-0.6340901
-0.3769708
-0.4343499
-0.3920519
-0.490771
-0.4602052
-0.3800967
-0.4347345
-0.6143908
-0.5102346
-0.470863
-0.5640964
-0.2361047
-0.5536875
-0.4584541
-0.4878623
-0.3425177
-0.2530957
-0.3483144
-0.4418955
-0.4421542
-0.3860638
-0.2958399
-0.5727337
-0.3882325
-0.4279514
-0.4296689
-0.5231662
-0.2372701
-0.3826382
-0.2624261
-0.4598355
-0.4676682
-0.5565213
-0.3437351
-0.4348947
-0.3727207
-0.2838736
-0.3258053
-0.4409493
-0.4352304
-0.489568
-0.3533609
-0.3801096
-0.4435673
-0.4748716
-0.3830739
-0.410054
-0.4583312
-0.4623643
-0.2489815
-0.4409029
-0.4171924
-0.3147983
-0.3891884
-0.3533667
-0.328796
-0.2311839
-0.2954102
-0.09570818
-0.4435725
-0.376652
-0.3348098
-0.4172267
-0.468913
-0.4402271
-0.3713461
-0.1895144
-0.2040839
-0.2490918
-0.4089411
-0.4568481
-0.4900484
-0.3501577
-0.4038287
-0.2487086
-0.4153755
-0.26897
-0.3751994
-0.2904933
-0.4403563
-0.2968652
-0.2020415
-0.2578728
-0.1142751
-0.1786373
-0.1999417
-0.3460283
-0.4864921
-0.2488378
-0.3110083
-0.3151826
-0.2233008
-0.4064983
-0.2665411
-0.2599941
-0.120498
-0.07745004
-0.3110062
-0.404191
-0.2802507
-0.1392208
-0.3414608
-0.3736758
-0.464915
-0.214866
-0.31163
-0.3225013
-0.2806555
-0.434341
-0.3460441
-0.301071
-0.1756809
-0.2252998
-0.4345281
-0.3135755
-0.04977712
-0.2210192
-0.2272226
-0.2109212
-0.3058333
-0.2832859
-0.3112392
-0.2663228
-0.2514377
-0.238742
-0.3159599
-0.2241236
-0.3018029
-0.2071213
-0.1164084
-0.2044765
-0.07952201
-0.2929199
-0.2947824
-0.1865704
-0.1206037
-0.19099
-0.2395377
-0.1248865
-0.2460761
-0.2611217
-0.1833846
-0.13196
-0.2359786
-0.239057
-0.275279
-0.2422622
-0.1713754
-0.2105442
-0.2615701
-0.2111573
-0.3042899
-0.05447935
-0.2504367
-0.1806364
-0.1963962
-0.1605279
-0.1136956
-0.1758812
-0.1059447
0.001092952
-0.2078444
-0.1879328
-0.1476912
-0.1343277
-0.165454
0.02454857
-0.2469297
-0.2071033
-0.1828307
-0.102745
-0.1677752
-0.1529499
-0.1508424
-0.07880128
0.05663074
-0.2356703
-0.2086771
-0.1745638
-0.265172
-0.06144714
-0.1169282
-0.2746486
-0.1083309
-0.06252093
-0.1240486
-0.02028027
-0.03273814
-0.1545655
-0.02139446
-0.1537904
0.02496699
-0.04349809
0.03637324
-0.1264288
-0.1698055
-0.1303574
0.05482671
0.02028881
-0.1117495
-0.04354967
-0.1665487
-0.02197223
0.03456383
-0.06378811
-0.006054047
-0.06725189
0.05605015
-0.07692981
-0.1366385
0.09157689
-0.1290705
-0.110029
-0.1189189
-0.154782
0.04995146
0.0009571321
0.03060723
-0.1368467
-0.01498055
-0.09320863
0.03054858
-0.1396603
-0.1066601
-0.09918379
-0.04713516
-0.09378628
0.05689632
-0.04068123
-0.09304426
-0.0078476
-0.05712899
-0.03777665
-0.01680574
-0.1353228
-0.02188381
0.1243437
0.005342191
-0.05122822
-0.06509742
0.119988
-0.0004049168
0.1344571
-0.2080519
-0.2287682
-0.05929568
-0.01110572
0.06014407
0.03036815
-0.06633879
-0.07855721
-0.1251927
0.05851266
-0.1313193
-0.002370616
-0.01428417
0.1422621
0.08712238
-0.08905129
0.01017946
0.1246346
-0.1502204
-0.01082738
0.0447264
0.03235041
0.1071104
-0.1410742
0.1177371
-0.09884556
-0.03661849
-0.01868045
0.007909892
-0.1202983
0.1475521
0.02789315
-0.07037936
-0.07182301
0.2897838
-0.02490902
0.02250476
0.02222517
0.1194445
0.2425624
-0.0276469
0.02038711
-0.06104226
0.02643026
-0.08513214
0.1537772
0.07134092
0.1058512
0.1167555
0.1329861
0.1386693
0.2349928
0.2341055
-0.09435603
0.2162145
0.1739071
0.3641381
0.1879458
0.3995221
0.1779269
0.1080203
0.07837637
0.256347
0.1723188
0.1157736
0.1662126
0.02187539
-0.01203866
0.06791961
0.1692739
0.1176871
0.08310216
0.1446962
0.1165118
0.09263416
0.1920377
0.2376804
0.1927745
0.1614898
0.07311558
0.1105762
0.01883355
0.08958065
0.1997719
0.1228507
0.0857557
0.1337216
0.1362547
-0.008907257
0.1501267
0.2520469
0.2347359
0.1981856
0.255973
0.2826895
0.2175174
0.2459579
0.1962243
0.2469466
0.1234269
0.07113098
0.2348096
0.1222054
0.2972497
0.1485466
0.1539816
0.2974166
0.2498445
0.2286778
0.3194025
0.3451056
0.158279
0.2582188
0.1160926
0.08164017
0.2217581
0.3014127
0.1155339
0.1044799
0.1569607
0.235352
0.1845589
0.1267785
0.1716496
0.3434687
0.06627955
0.3350159
0.3015968
0.2119685
0.3416815
0.1801529
0.1488394
0.3004159
0.2189574
0.1284581
0.2032046
0.1576328
0.3522378
0.3723523
0.2183347
0.3351962
0.379611
0.3478651
0.4255503
0.307639
0.235109
0.3547846
0.3627328
0.1562529
0.2335267
0.3325899
0.3140054
0.3262698
0.2821719
0.3483422
0.2670374
0.2654574
0.3004229
0.2547006
0.2632769
0.2918655
0.2156883
0.4343293
0.380182
0.3189118
0.5019646
0.2725404
0.4080624
0.1893757
0.3713714
0.3643386
0.3105277
0.4025762
0.3552354
0.2175437
0.3289024
0.3234521
0.3560804
0.4022183
0.2783778
0.3134703
0.393195
0.3117229
0.4552805
0.5345473
0.4563611
0.1489172
0.354292
0.4131082
0.5014324
0.2679155
0.4550791
0.2287041
0.4756441
0.275347
0.2860534
0.4602228
0.4396738
0.5305524
0.3956374
0.3970227
0.4223344
0.3830883
0.4800118
0.3679532
0.4606096
0.4239516
0.4334821
0.5078177
0.4556763
0.4480093
0.3914114
0.4536632
0.399279
0.5171585
0.4106117
0.3613089
0.4055419
0.3867088
0.5029058
0.4569291
0.4702471
0.4166645
0.3965999
0.5101358
0.4845722
0.4291241
0.5283688
0.5200919
0.5530059
0.4825491
0.5163405
0.5718444
0.5329641
0.6618375
0.5713639
0.5088238
0.4310172
0.5562648
0.5073166
0.5711413
0.5746996
0.4797973
0.3411807
0.3565008
0.4154945
0.4936813
0.5493728
0.53707
0.4795025
0.5045585
0.5090257
0.5213665
0.5003193
0.5255138
0.483479
0.3735915
0.4930688
0.4999664
0.5178694
0.5797756
0.5325732
0.5726827
0.6346072
0.5232952
0.5635079
0.3814787
0.568478
0.5241335
0.6006331
0.5443771
0.4069596
0.5946067
0.5408995
0.6200806
0.5890756
0.3725578
0.5916508
0.561002
0.5883311
0.6990943
0.6157209
0.6400099
0.6362397
0.6763201
0.5178176
0.7350112
0.5282384
0.5896823
0.4685291
0.7205101
0.5372998
0.5857684
0.5553664
0.4941716
0.5649951
0.6328978
0.7265447
0.6477843
0.6668172
0.4714856
0.3978846
0.5932888
0.5424643
0.5548039
0.6823862
0.5979074
0.7260091
0.4765744
0.5224805
0.7028853
0.6595594
0.6352417
0.5554702
0.5116206
0.4780719
0.7076744
0.7881662
0.6280126
0.6825393
0.6980062
0.678467
0.5911394
0.662391
0.6192504
0.7066364
0.7208324
0.6446437
0.6449565
0.6039136
0.4331469
0.6643989
0.701166
0.6916143
0.7358005
0.639424
0.5886235
0.6811883
0.5861674
0.852752
0.5546542
0.7239348
0.7751172
0.7006016
0.7502903
0.6136813
0.5572686
0.8303255
0.6866269
0.6863217
0.6078639
0.6796869
0.946949
0.6295026
0.5909198
0.7679447
0.6893974
0.7817698
0.7038494
0.7864315
0.7121938
0.6860954
0.7381424
0.7816463
0.5917032
0.8672729
0.7480332
0.6753853
0.6464679
0.752917
0.6225581
0.8407171
0.6806593
0.7026532
0.849501
0.7473001
0.9172911
0.8596724
0.7831705
0.6558032
0.7413467
0.7209944
0.7702543
0.7307392
0.6993642
0.7069812
0.9371735
0.7138459
0.6445968
0.660911
0.7949345
0.8428842
0.8126605
0.826011
0.7368249
0.7466951
0.7868971
0.8565519
0.7976279
0.7981145
0.8515116
0.8524848
0.9786647
0.6290619
0.7711787
0.6906432
0.7667008
0.8321355
0.8280317
0.7915989
0.8208225
0.9371742
0.8245989
0.7786912
0.7664212
0.7957955
0.8174252
0.7861289
0.8624059
0.852713
0.9982268
0.822783
1.043799
0.7401978
0.7475129
0.5932594
0.6948109
0.8607225
0.7825217
0.8617961
0.7534605
0.830774
0.9252045
0.948039
0.8179036
0.8409778
1.123386
0.6771737
0.8975847
0.9478172
0.8587822
0.8620965
0.8665313
0.9500942
0.8436673
0.9694932
0.8085259
0.8612259
0.8546377
0.9498848
0.9861673
0.8388172
0.7840162
0.9170205
0.9050866
0.9162134
0.841497
0.9736928
1.012725
0.9853528
0.9450848
0.7708095
0.919024
0.9222132
0.9980857
0.9460611
0.9248086
0.8481782
0.9675486
0.9356891
0.817877
0.9084745
0.8097904
0.9563759
0.8049249
0.9243881
1.060239
1.03132
0.992528
0.9342001
0.9260684
1.040497
1.058665
1.10257
1.014589
1.00286
0.9290553
0.8963893
0.8802055
1.063369
0.9102005
0.8202309
0.9267114
0.880734
1.065636
0.9747902
0.971672
0.9631628
0.9423183
0.9034069
0.9944314