0.03626948
-0.9552221
-1.038714
-0.937329
-1.062271
-0.929187
-0.9901566
-1.014782
-1.126935
-0.9885132
-0.9466066
-0.939658
-0.9992243
-0.9609473
-0.9576534
-0.9486995
-0.9258337
-0.8354325
-1.011314
-0.9630104
-1.005761
-0.9552082
-0.8539558
-0.9136374
-1.110676
-0.853472
-0.9047052
-0.985542
-1.044366
-0.952239
-0.9312634
-0.910365
-0.8758042
-0.9938819
-0.8691482
-0.9070268
-0.8996335
-0.8022113
-0.9196905
-0.9222232
-0.6704487
-0.7434779
-0.8620029
-0.8946803
-0.9929744
-0.7966302
-0.9776793
-0.9316918
-0.9390198
-0.948237
-0.8392352
-0.9940383
-1.010527
-0.6936626
-0.7606929
-0.7815122
-0.8808983
-0.9791435
-0.8566534
-0.8236194
-0.7028549
-0.8314571
-0.9401051
-0.9763548
-0.877141
-0.8144753
-0.9641638
-0.8256808
-0.8437513
-0.8281735
-0.8147366
-0.6495678
-0.7527364
-0.9916554
-1.010316
-0.8520751
-0.812012
-1.010493
-0.7332665
-0.8502096
-0.8333407
-0.8331081
-0.8902085
-0.8440381
-0.805936
-0.7918807
-0.6547334
-0.8808807
-0.7843304
-0.9248847
-0.8423368
-0.8148749
-0.7410517
-0.8781378
-0.7643118
-0.7298098
-0.704642
-0.8395438
-0.7435738
-0.827132
-0.7957167
-0.7716071
-0.8006496
-0.9130801
-0.9034433
-0.9314669
-0.7256742
-0.7298299
-0.8978683
-0.7171652
-0.8757806
-0.8033961
-0.7882056
-0.7147417
-0.7038767
-0.799466
-0.67502
-0.7163823
-0.8554883
-0.7367271
-0.8024419
-0.7562126
-0.8755597
-0.8348606
-0.7242579
-0.5992584
-0.7364386
-0.9278176
-0.7137454
-0.7137758
-0.7158563
-0.5596022
-0.7459251
-0.8205315
-0.7461504
-0.7890821
-0.6912516
-0.5074367
-0.5403814
-0.7072396
-0.7726431
-0.6697332
-0.7974927
-0.8106119
-0.7788883
-0.7349082
-0.610469
-0.6957714
-0.651556
-0.649204
-0.6821248
-0.6948154
-0.7167247
-0.6238064
-0.736569
-0.6127331
-0.7372131
-0.6577443
-0.5921376
-0.5688034
-0.6375879
-0.5726235
-0.5508804
-0.6131016
-0.6687986
-0.6307378
-0.6273927
-0.6482903
-0.8197854
-0.590688
-0.6401905
-0.631158
-0.6754438
-0.6929287
-0.5836326
-0.7686118
-0.664184
-0.7634476
-0.6502322
-0.781982
-0.5223513
-0.662455
-0.5925727
-0.6799224
-0.5650423
-0.5644425
-0.5075553
-0.6258282
-0.6730646
-0.5691549
-0.6805703
-0.5669907
-0.6606119
-0.6886854
-0.6723689
-0.5312236
-0.5564269
-0.5358874
-0.5096363
-0.5096229
-0.6205948
-0.5631257
-0.6776135
-0.5414795
-0.6273065
-0.732498
-0.6343678
-0.7545051
-0.4799657
-0.4870669
-0.5645277
-0.5783838
-0.5700519
-0.5152695
-0.6361026
-0.6236147
-0.5432964
-0.5436368
-0.5783981
-0.6647796
-0.3833882
-0.5281628
-0.5715073
-0.5265336
-0.6458059
-0.5407194
-0.5541899
-0.7318116
-0.5082912
-0.5092701
-0.5673863
-0.5529352
-0.5094194
-0.4638982
-0.6510961
-0.5331296
-0.7150126
-0.4913332
-0.5464943
-0.6739248
-0.6305297
-0.5055021
-0.521575
-0.5010705
-0.6001259
-0.60701
-0.4490362
-0.4761177
-0.5567054
-0.3992226
-0.4391456
-0.5283984
-0.6822677
-0.4923553
-0.5070521
-0.4637627
-0.4796189
-0.6436911
-0.5209586
-0.4631205
-0.4311167
-0.5161341
-0.6110002
-0.5055097
-0.2700771
-0.434425
-0.423753
-0.4927656
-0.4811156
-0.3898806
-0.3777985
-0.3364911
-0.4306834
-0.6415473
-0.56895
-0.4060398
-0.4233344
-0.5123247
-0.3946393
-0.3918363
-0.5454665
-0.4100993
-0.523615
-0.3575113
-0.5141047
-0.5890868
-0.3118492
-0.4376731
-0.3540308
-0.4452436
-0.2828233
-0.4314962
-0.543277
-0.371754
-0.3378783
-0.4228663
-0.4295226
-0.5156679
-0.3266369
-0.3599915
-0.416423
-0.4561559
-0.4116113
-0.4788446
-0.4196325
-0.4401095
-0.3240547
-0.4785482
-0.4964533
-0.4289803
-0.3013331
-0.5000365
-0.376761
-0.4684662
-0.4207859
-0.3264531
-0.4379992
-0.4698607
-0.2386712
-0.3422434
-0.3070934
-0.3021523
-0.418087
-0.3607109
-0.3152902
-0.5111545
-0.5079757
-0.1894429
-0.274131
-0.2939067
-0.2949345
-0.3684032
-0.3426513
-0.3092564
-0.1911156
-0.4035686
-0.4672324
-0.225129
-0.3006792
-0.317923
-0.3137567
-0.3987385
-0.395822
-0.4126311
-0.3176561
-0.2790294
-0.3021928
-0.2119122
-0.2449333
-0.3363167
-0.3395145
-0.339105
-0.3684671
-0.2488191
-0.2340577
-0.2539102
-0.2147154
-0.2566402
-0.3350723
-0.296449
-0.2692835
-0.2485226
-0.27031
-0.3861587
-0.2841412
-0.1791932
-0.2882744
-0.3252516
-0.2362508
-0.414238
-0.1825863
-0.2451483
-0.2213342
-0.3703793
-0.4070028
-0.2534052
-0.2512332
-0.2635095
-0.3088034
-0.2317911
-0.06811319
-0.127048
-0.424268
-0.3019832
-0.3540329
-0.2791204
-0.1248319
-0.19726
-0.2664261
-0.2391681
-0.2330211
-0.1409097
-0.184918
-0.2111629
-0.3743099
-0.3818429
-0.3253445
-0.3228091
-0.2092196
-0.2577295
-0.1006929
-0.07507086
-0.2506953
-0.3202508
-0.141016
-0.1867436
-0.1342262
-0.142584
-0.1739814
-0.1049028
-0.164082
-0.08004575
-0.1376759
-0.1487128
-0.1507783
-0.1447215
-0.2085251
-0.1338617
-0.009611201
-0.2043303
-0.1591142
-0.3178835
-0.2168207
-0.1553208
-0.1723413
-0.05176772
-0.1235582
-0.1759392
-0.04828506
-0.05881427
-0.1066924
-0.07509254
-0.2037228
-0.05092596
-0.1183849
0.0007268778
-0.1460966
-0.100305
-0.173609
-0.07881371
-0.06687852
-0.1819245
-0.3120062
-0.176481
-0.2043351
-0.1933671
-0.229219
-0.2239122
-0.08364119
-0.02094318
0.009085506
-0.1372512
-0.2026335
-0.05922628
-0.10238
0.006291219
0.01224453
-0.1288865
0.00423916
-0.07239866
-0.09228683
-0.120682
-0.1620184
-0.04123286
-0.03151288
-0.1391481
-0.1478432
0.02907047
-0.1538368
-0.07086898
-0.04457316
-0.07898569
0.0439801
-0.1161223
0.03106138
-0.06007829
-0.1547603
-0.07597024
-0.09415315
-0.00236506
-0.1024132
0.06979959
-0.05496689
-0.09116094
-0.00885834
-0.1668275
0.06117512
-0.03880553
0.1547088
-0.09176592
-0.07723048
-0.02283658
0.04945089
-0.04194777
0.004438117
0.09600562
-0.1079065
-0.1118461
0.04855684
0.01561572
-0.0823124
-0.1766493
0.08179575
-0.01353567
-0.08288929
0.08311774
0.002276565
0.2213396
0.1658751
-0.1331064
0.04870664
-0.09125418
0.09001617
-0.03924226
0.1024811
0.1016225
0.0836861
0.2032622
0.148356
-0.04624897
0.03210467
-0.1064151
-0.01760201
0.1049633
0.2189822
0.07183704
-0.09138403
-0.05904269
0.1673202
0.09548689
0.1352206
0.02343677
-0.001775823
0.2155883
0.09256174
0.1586321
0.0403821
-0.06303922
-0.02097589
0.2556595
-0.11145
0.06221141
0.1275949
0.04821349
0.1219018
-0.04166253
0.2338848
0.03099366
0.1324736
0.1376091
0.02072259
0.1232813
0.04325377
-0.00349636
0.1454693
0.1972163
0.114959
0.1005213
0.1594002
0.2470581
0.1738057
0.1507106
0.07820463
0.1537289
-0.00467276
0.1703275
0.1024995
-0.05437899
0.09053803
0.2077307
0.0745702
0.1411948
0.08448641
0.09796181
0.1614135
0.1412245
0.07399281
-0.003880676
0.1310169
0.1753604
0.1515426
0.3045129
0.2471674
0.1566178
0.2285937
0.1994445
0.1353978
0.1871726
0.1289153
0.1375119
0.231757
0.1435861
0.2253245
0.1498127
0.2017861
0.2093256
0.03285043
0.2359663
0.2490217
0.3213019
0.2825847
0.367327
0.0982809
0.3087601
0.1584394
0.310482
0.1177789
0.311178
0.2075224
0.317785
0.2959225
0.2108843
0.2481611
0.250002
0.3682883
0.3171514
0.3112391
0.1919328
0.3046043
0.2568386
-0.02115495
0.2017903
0.182863
0.2038237
0.271733
0.3439663
0.2775723
0.3539375
0.2256237
0.3361063
0.2605949
0.1916804
0.09946391
0.340123
0.1592108
0.4404748
0.2839577
0.1947712
0.3412806
0.2316355
0.3170839
0.3689567
0.3188779
0.3466068
0.4003295
0.3848172
0.1952395
0.1331311
0.2682413
0.1277294
0.2392911
0.3022686
0.3536894
0.2783849
0.3537807
0.2539001
0.2391043
0.3070945
0.2819144
0.2543694
0.4363677
0.1466725
0.3240118
0.3399313
0.3014182
0.354951
0.2144017
0.388302
0.2627173
0.2901307
0.2528238
0.3534318
0.2180297
0.3056496
0.2730572
0.4372989
0.4784475
0.3486576
0.4233154
0.3940377
0.4889833
0.2347119
0.3269935
0.3391022
0.3698771
0.3682054
0.3419869
0.3838347
0.2778769
0.3495156
0.3888094
0.404081
0.3947379
0.5970615
0.372382
0.3379578
0.3703362
0.4567071
0.3746047
0.5286122
0.3794147
0.4850965
0.2805629
0.3668865
0.4394367
0.3301015
0.3999523
0.2731185
0.289729
0.3553193
0.4126427
0.4357075
0.5797507
0.5059536
0.5299268
0.2933086
0.3643848
0.4850156
0.3805935
0.4057358
0.5063008
0.5375773
0.4181596
0.5885965
0.3713879
0.4546694
0.4448445
0.3039299
0.4923166
0.3919186
0.5684072
0.5828232
0.3253352
0.2722963
0.5274384
0.4948691
0.3769478
0.5247434
0.6030277
0.4661328
0.3986862
0.5415473
0.5702496
0.371863
0.4948985
0.573529
0.3440661
0.5345338
0.6859428
0.45715
0.4792413
0.5345813
0.6618602
0.4723767
0.3370593
0.6098645
0.6104666
0.6213993
0.5316704
0.7333574
0.5223573
0.4787001
0.5714852
0.5685467
0.4712937
0.5136223
0.3927568
0.4802638
0.5827966
0.6046007
0.5099782
0.5534123
0.5140939
0.6373577
0.6269173
0.6075346
0.583471
0.4930883
0.5798036
0.5665531
0.4736135
0.5089603
0.4080072
0.4992055
0.7323901
0.5726761
0.5399792
0.5874068
0.6125877
0.6244121
0.5671499
0.5388231
0.641474
0.5258433
0.4894328
0.6751606
0.4837846
0.5197097
0.440088
0.617769
0.5856419
0.6128586
0.5157297
0.6440526
0.6957138
0.6757159
0.6440111
0.6403896
0.5319044
0.698091
0.6705122
0.5174127
0.6426407
0.5430188
0.7510639
0.6210996
0.6673924
0.7545594
0.6913802
0.6302264
0.6821157
0.550456
0.5318394
0.6355837
0.7377087
0.7193428
0.6317635
0.7437618
0.5935648
0.6831537
0.644656
0.5820822
0.6524584
0.5258753
0.7412805
0.7273906
0.7663735
0.7619921
0.7879242
0.702076
0.5563107
0.7749845
0.6883995
0.7350536
0.7416601
0.7248747
0.6581292
0.5946467
0.4856396
0.6810669
0.7336064
0.7679382
0.7430287
0.7895402
0.6639547
0.6723972
0.7895651
0.6883936
0.6351249
0.691626
0.8065331
0.7819774
0.6533285
0.805556
0.7285731
0.640874
0.6707013
0.8377429
0.7196828
0.8105738
0.8846047
0.664561
0.7306201
0.7822819
0.7476295
0.5840205
0.8506643
0.6723493
0.6872099
0.7251956
0.9646484
0.7441303
0.7286298
0.8006172
0.7646815
0.7222204
0.8644698
0.7865198
0.753968
0.6092162
0.6485769
0.8052674
0.8026121
0.8974007
0.7926609
0.7656528
0.8649991
0.9333001
0.8232711
0.7086377
0.9065089
0.806147
0.6947611
0.8658522
0.6440006
0.7863368
0.7757911
0.7938747
0.7667874
0.7684862
0.8198225
0.8500756
0.7689334
0.8195059
0.876103
0.7432973
0.8229787
0.7883588
0.8749661
0.9054119
1.041902
0.9428171
0.8291076
0.8699873
0.8644103
0.8989748
0.799497
0.9416452
0.9689294
0.8379728
0.9179995
0.7601521
0.7563814
0.698154
0.9003651
0.7450355
0.9629043
0.950591
0.9055323
0.9038156
0.9756386
0.8636429
0.8558039
1.000024
0.8596178
1.032776
0.9824958
0.7825592
0.9093264
0.9977719
0.8535099
0.8370024
0.755403
0.8570744
1.009578
0.7921235
0.8808451
0.8599438
0.7180296
0.8835166
0.9311876
0.9102166
1.098917
1.036236
0.9512382
0.9814792
0.899981
1.012928
0.9788941
0.8991566
0.9832628
0.9748614
0.9782169
0.9754678
0.795172
1.006317
0.7979639
1.035963
0.9259509
1.001496
0.8399416
0.9773408
1.007474
0.8877813
0.8904553
1.074164
0.9879411
1.038285
0.9766778
1.02562
0.9173289
1.08911
0.9445383
1.087363
0.9982846
0.9269926
1.03104
1.091961
0.9436381
0.9027275
0.8541818