-0.03986964
-1.029669
-1.009111
-1.027568
-0.9432419
-0.9672998
-1.040658
-1.102241
-0.9320667
-0.9954597
-1.025721
-1.060907
-1.0012
-0.869603
-0.929118
-1.054861
-0.9101755
-0.9104435
-0.9093097
-0.9202387
-0.9411329
-0.9771996
-0.9631493
-1.119564
-0.8951666
-1.073797
-0.9274605
-1.002963
-0.9409609
-0.9187331
-0.9746996
-0.9612044
-0.9609941
-0.9884903
-0.9545478
-0.8663054
-0.9181519
-1.167597
-0.9400071
-0.9365467
-1.005239
-0.9139831
-0.831894
-0.8078206
-0.9520208
-0.981761
-0.87921
-0.9187685
-1.031368
-0.8617364
-0.9509915
-0.7999785
-0.910734
-0.9846648
-0.8469421
-1.029027
-0.9003136
-0.8349921
-0.9019951
-0.9937576
-1.068491
-0.9207121
-1.031841
-0.7808485
-0.9558946
-0.7929608
-0.7576412
-0.8496009
-0.755001
-0.8831795
-0.9014881
-0.9141035
-1.00975
-0.9771545
-0.7160194
-0.9077847
-0.8730918
-0.7112827
-0.8503722
-0.8477312
-0.6933931
-0.9532988
-0.9167961
-0.8222249
-0.8715415
-0.9865972
-0.7220935
-0.8843256
-0.8621027
-0.9967634
-0.7560713
-0.7236984
-0.8749233
-0.7094336
-0.6125406
-0.8352601
-0.7651343
-0.8091358
-0.7665916
-0.8566484
-0.7155936
-0.9287251
-0.6551517
-0.8204541
-0.8324991
-0.7912325
-0.7493978
-0.7594747
-0.9023175
-0.7301361
-0.82541
-0.7624335
-0.8079709
-0.784753
-0.778812
-0.7804566
-0.7701511
-0.6330108
-0.7717731
-0.764663
-0.6886901
-0.8535985
-0.7624817
-0.657658
-0.8137678
-0.7011314
-0.5857466
-0.7876238
-0.8171257
-0.735783
-0.7952688
-0.7929476
-0.8282368
-0.695017
-0.679794
-0.7439079
-0.7980061
-0.5921201
-0.7760715
-0.6025459
-0.679206
-0.8111942
-0.6579725
-0.8511821
-0.7654995
-0.6103871
-0.7278395
-0.622765
-0.8153471
-0.8222782
-0.6558409
-0.827314
-0.801894
-0.5916124
-0.5868474
-0.6240844
-0.6126344
-0.7589176
-0.6496057
-0.6619009
-0.8067879
-0.6110735
-0.7827733
-0.6468324
-0.6553206
-0.6450522
-0.7546492
-0.6952205
-0.5613206
-0.679275
-0.6510838
-0.683907
-0.6610203
-0.6160191
-0.6507376
-0.6722434
-0.6665619
-0.7481034
-0.7250343
-0.6469584
-0.6873241
-0.6132219
-0.6297845
-0.7601294
-0.6769825
-0.5699038
-0.6608023
-0.5567285
-0.5695938
-0.6314859
-0.6204089
-0.4551045
-0.5566481
-0.5470494
-0.580902
-0.622657
-0.5258679
-0.4886202
-0.6748309
-0.6481022
-0.6568937
-0.5923939
-0.5781557
-0.5100269
-0.7103783
-0.5618025
-0.6697263
-0.6607436
-0.5452975
-0.7060864
-0.5690298
-0.4549532
-0.5787411
-0.6421987
-0.5427339
-0.6405301
-0.531057
-0.5703546
-0.553637
-0.5966803
-0.554646
-0.5179116
-0.4305797
-0.5677898
-0.5896713
-0.6123503
-0.4644674
-0.3480563
-0.6145535
-0.5230184
-0.606655
-0.6369631
-0.268615
-0.5169407
-0.5838815
-0.660839
-0.661
-0.4377283
-0.4194388
-0.4815503
-0.4640936
-0.4863616
-0.6398812
-0.4591539
-0.6283107
-0.5679773
-0.4546793
-0.5000448
-0.482586
-0.4711803
-0.4298338
-0.5016271
-0.593484
-0.5023935
-0.4418912
-0.4498889
-0.517771
-0.5103074
-0.4444041
-0.3187167
-0.6131824
-0.510325
-0.3636759
-0.4867536
-0.5201212
-0.4348104
-0.5898118
-0.4383747
-0.4803533
-0.4003425
-0.3606088
-0.4325239
-0.4104174
-0.4884818
-0.4797664
-0.3824023
-0.3501464
-0.5552826
-0.4973675
-0.3997316
-0.3767603
-0.4079892
-0.4017819
-0.5426362
-0.3540029
-0.4788659
-0.3235049
-0.5096934
-0.6242114
-0.2721343
-0.3034628
-0.2834546
-0.5747772
-0.3023944
-0.5142701
-0.3369541
-0.3129486
-0.4128698
-0.3552249
-0.4570401
-0.3218048
-0.5004796
-0.3676261
-0.4618543
-0.4142868
-0.4895664
-0.6188624
-0.4555116
-0.388998
-0.4032176
-0.4203066
-0.4557838
-0.3956711
-0.3210961
-0.4807554
-0.2653022
-0.3526633
-0.2215856
-0.2604798
-0.393236
-0.5493365
-0.4016955
-0.3444285
-0.4319396
-0.3990816
-0.3523684
-0.398286
-0.5409156
-0.2625656
-0.3028565
-0.3847837
-0.4371787
-0.3662197
-0.3328941
-0.3902026
-0.2801882
-0.3060463
-0.3455834
-0.2691515
-0.2785395
-0.2805532
-0.3682958
-0.3489053
-0.4049018
-0.306776
-0.2857174
-0.2125225
-0.3272409
-0.328663
-0.4895202
-0.3643743
-0.3687662
-0.2758007
-0.2488723
-0.1943756
-0.2916969
-0.2068616
-0.3446666
-0.1608141
-0.3500594
-0.4872792
-0.3122596
-0.2585632
-0.2249342
-0.3166538
-0.211403
-0.3366777
-0.3323947
-0.3427565
-0.310687
-0.2328434
-0.1996786
-0.2605675
-0.3301322
-0.3617476
-0.3297961
-0.1644296
-0.331951
-0.2433622
-0.2146416
-0.2593506
-0.2891549
-0.2696878
-0.2306372
-0.2048983
-0.3060822
-0.2225438
-0.1197481
-0.2155803
-0.242339
-0.207039
-0.05881468
-0.2218589
-0.3424188
-0.1929377
-0.3763862
-0.1348345
-0.05705087
-0.1761523
-0.1814638
-0.2034196
-0.1575441
-0.1132586
-0.2668598
-0.07080457
-0.1485158
-0.1621352
-0.03850273
-0.1974028
-0.2277514
-0.1319915
-0.1829938
-0.09963901
-0.1164312
-0.2384131
-0.1177118
-0.1782391
-0.2147279
-0.2597341
-0.1892513
-0.1014246
-0.2397933
-0.2011061
-0.1079192
-0.1263932
-0.2157691
-0.1954048
-0.2882387
-0.2410792
-0.2348422
-0.3140742
-0.09985388
-0.05689562
-0.2314703
-0.1758081
-0.09123384
-0.07511286
-0.2921066
-0.1316647
-0.200948
0.004286376
-0.1885252
-0.1184005
-0.01654962
-0.2080369
-0.1401051
-0.2368969
-0.1590127
0.04445398
0.09383494
0.02641698
-0.07514955
-0.174819
-0.08862748
-0.02609642
-0.1349034
-0.1249632
-0.2066217
-0.05256303
0.003801601
-0.1795916
-0.2837049
-0.06759423
-0.04515222
-0.04288625
-0.1239725
-0.1363983
-0.1117699
0.06619559
-0.08888139
-0.001830879
-0.1170304
-0.1215575
0.03398738
0.006703677
-0.04837228
0.0141729
-0.1403308
0.09426166
-0.1067396
-0.09842249
-0.1653007
-0.1588968
0.01817047
0.1461875
-0.1287995
-0.04881799
-0.08614354
-0.01210908
0.08633166
0.03171711
0.004847977
-0.04798772
0.08887038
0.01213296
0.02171941
-0.0934262
-0.00876858
-0.07352289
-0.01986357
0.01157865
0.1523396
0.007804505
-0.2264991
0.09366636
0.02405127
-0.07552387
-0.07325161
-0.01297775
0.133854
-0.1102123
0.002794908
0.173188
-0.007430136
0.07847358
0.1486975
-0.1196978
0.04645382
-0.01738399
0.08582686
0.07221001
0.0907904
0.08163561
-0.03823676
-0.01431565
-0.0356489
0.1442084
0.0762439
0.009033306
-0.01478798
0.1340113
0.04954603
-0.03065454
0.08477922
0.05077847
0.03419103
0.136411
0.02482373
0.07687067
0.02047734
0.0545183
0.02469847
0.05550066
0.05760566
0.1873193
-0.02092245
0.2195936
0.03982963
0.1153572
0.2729161
0.1243118
0.05274298
-0.09118502
0.2321439
0.08434917
0.1144057
0.06405664
0.1297769
0.1420957
0.1969062
0.101089
0.1926688
0.1914145
0.1662992
0.1681269
0.1427329
0.25274
0.2697931
0.1943683
0.2424206
0.06371552
0.189124
0.1855262
0.2656539
-0.0283196
0.1145526
0.1836466
0.1636295
0.03665837
0.112402
0.1503831
0.133229
0.1770672
0.1020989
0.1708568
0.1982989
0.272546
0.1957669
0.09337248
0.2396054
0.1268969
0.193072
0.2765468
0.09587865
0.3057705
0.2405647
0.2082113
0.01776755
0.1407166
0.1506623
0.08448068
0.2674823
0.06295268
0.1490327
0.204929
0.1069811
0.2481935
0.2333077
0.2363233
0.1681765
0.3012088
0.2089275
0.2395141
0.3342285
-0.1212148
0.2333671
0.0697317
0.3189379
0.2715011
0.2882395
0.286872
0.2973915
0.3591117
0.1735352
0.2929786
0.385667
0.3058103
0.1164787
0.2266161
0.2824021
0.2812546
0.155358
0.3180888
0.2277505
0.1424229
0.1675207
0.1454649
0.3027026
0.2953302
0.31211
0.1987114
0.1732692
0.2820252
0.1070692
0.2484656
0.3664064
0.2770754
0.407665
0.2483229
0.2707969
0.4615498
0.3474939
0.335964
0.2185913
0.3279529
0.3765704
0.413027
0.2698365
0.3764908
0.3094444
0.4108772
0.4569305
0.1555504
0.3176237
0.4145104
0.2962427
0.1506678
0.5142531
0.1500758
0.3987706
0.2624814
0.3205286
0.3394168
0.3505528
0.3759207
0.3260187
0.3489916
0.3306203
0.4640045
0.2940588
0.2531685
0.2549906
0.4632638
0.399698
0.3852352
0.3107512
0.4862631
0.2881874
0.3423683
0.3148622
0.3751973
0.3944698
0.416943
0.37291
0.3943389
0.4345053
0.3315745
0.146393
0.4411819
0.3109179
0.3927035
0.3496353
0.353212
0.5305504
0.3653342
0.4330958
0.3382755
0.4223589
0.3983055
0.2904106
0.2866201
0.358832
0.2488237
0.2941024
0.5131382
0.4076223
0.4605069
0.4273706
0.3649614
0.5122965
0.4511979
0.3624633
0.4102277
0.5862533
0.3268754
0.659361
0.4659536
0.4457663
0.5152442
0.5136183
0.4795697
0.4096027
0.3878649
0.286562
0.5278874
0.3365727
0.4484293
0.4287437
0.5564018
0.3764451
0.4968797
0.5971238
0.5005764
0.4288326
0.5653421
0.5421393
0.6035281
0.5400193
0.5606345
0.5542002
0.5126134
0.3009806
0.523822
0.362341
0.5085489
0.541705
0.5848394
0.4648251
0.4675194
0.5621409
0.7024859
0.4352183
0.4572975
0.5528482
0.592855
0.6683024
0.5599107
0.7190186
0.5463126
0.4720456
0.5708209
0.5403723
0.4705887
0.4631455
0.6536165
0.5353461
0.5704043
0.5187187
0.6222327
0.7413993
0.6101413
0.466418
0.4964535
0.4659695
0.6289329
0.5948719
0.502172
0.6108531
0.7386354
0.5770687
0.4582605
0.7640873
0.595181
0.5115526
0.556733
0.4433533
0.6536412
0.6357334
0.6540594
0.6035956
0.6919651
0.6158903
0.4025107
0.5870716
0.6672782
0.7730575
0.7026106
0.6894423
0.708738
0.7266196
0.6054573
0.6238866
0.6011659
0.6728996
0.6354194
0.5913864
0.6679406
0.6746645
0.4449098
0.6247499
0.6341651
0.4864066
0.7172429
0.6635631
0.6655511
0.6178536
0.5386057
0.5233741
0.6940449
0.6710367
0.8306997
0.5840793
0.6858007
0.5659065
0.5608329
0.7248764
0.6845277
0.6668512
0.6544636
0.7087826
0.6509256
0.6106807
0.596512
0.6838873
0.6591895
0.8167137
0.551365
0.7794738
0.6491745
0.6360256
0.5855572
0.5084728
0.6357556
0.7853406
0.7551426
0.7663967
0.5851047
0.7485392
0.6638182
0.6643233
0.7452116
0.6314935
0.5839329
0.8621591
0.7070542
0.7540801
0.5552678
0.7489369
0.6435053
0.6771323
0.6587919
0.8624349
0.797627
0.731331
0.8413231
0.7933357
0.7550044
0.7602686
0.9442119
0.7008529
0.7416002
0.6728148
0.6921107
0.7845322
0.7603948
0.7169144
0.7522292
0.685431
0.7202008
0.8207005
0.8605549
0.6733062
0.9291933
0.7921295
0.725452
0.5890159
0.7630674
0.7126651
0.7374676
0.8763839
0.7084718
0.7228523
0.920334
0.788892
0.7025766
0.8876886
0.6758299
0.8966291
0.9547695
0.9580816
0.8640698
0.9066191
0.7743863
0.8481131
0.9204442
0.8557698
0.9053177
0.8785361
0.8542179
0.804621
0.8027785
0.8676148
0.9609996
0.929992
0.7953261
0.794286
0.7948749
0.7873093
0.8350732
0.8113749
0.7105345
0.8877335
0.8230101
0.9513881
0.9861681
0.9703069
0.9625161
0.8478527
0.9033087
0.8501524
0.8674685
0.8163405
1.00734
0.891839
0.889947
1.049851
0.946101
0.8155994
0.8969512
1.037889
0.9148489
0.9931094
0.8978432
0.7046573
0.8949044
0.8834638
0.9334871
0.9918306
1.00814
1.072221
1.069537
0.9312032
0.9642712
0.9725248
0.8479061
0.8677281
1.023862
0.9907838
0.8927933
0.8530072
0.9191114
0.9772328
0.8857441
0.9935897
1.037461
0.9132937
1.076978
1.104237
0.8779782
0.8988898
1.046611
1.07267
0.8626227
0.8731366
0.9469046
0.8196416
1.011098
0.9864611
0.9197011
0.8724971
1.067768
0.8839195
0.8861885
1.13469
1.022079
1.025873
1.191152
0.8533214
0.9402082
0.9706456
0.9857893