0.130427
-0.9757316
-1.017803
-0.7695816
-0.8918225
-1.069361
-0.9927484
-0.8793768
-1.071051
-0.9955868
-1.041583
-1.058049
-0.9808254
-1.012706
-0.8442758
-1.033947
-0.8316898
-0.9098327
-0.9896974
-1.000918
-0.8629741
-0.9313147
-1.027187
-0.8657303
-1.051044
-0.9407687
-0.7781063
-1.034022
-0.8925391
-0.8545309
-0.9357185
-0.8975128
-0.9712571
-0.8591039
-0.8011122
-1.167944
-0.9932222
-0.936853
-0.9192601
-0.9209692
-1.07707
-0.8401813
-0.7460614
-0.9801032
-0.9567589
-0.8578714
-0.8902619
-0.9027452
-0.9110487
-0.7613514
-0.8011517
-0.9339982
-0.8509907
-0.8580657
-0.8687395
-0.7612402
-0.9047519
-0.8280067
-0.9491307
-0.8085091
-0.8881057
-0.9460266
-0.8106587
-0.8408798
-0.9229284
-1.062621
-1.026163
-0.7759407
-0.7777617
-0.7967239
-0.8382944
-0.712391
-0.9146173
-0.7824665
-0.8854332
-0.8510382
-0.8241549
-0.9095925
-0.9090651
-0.7917807
-0.7126625
-0.9305473
-0.7941063
-0.86552
-0.812613
-0.8731014
-0.8977075
-0.8126776
-0.7833243
-0.773225
-0.8916619
-0.8535893
-0.8348286
-0.811319
-0.8316361
-0.9636375
-0.6536311
-0.6617671
-0.8724733
-0.6627578
-0.7162551
-0.8782459
-0.900887
-0.8256323
-0.8211629
-0.7381328
-0.7649817
-0.6531512
-0.7575343
-0.900543
-0.8291815
-0.8096998
-0.6744375
-0.795903
-0.7971786
-0.6634044
-0.7127714
-0.7560067
-0.8848588
-0.656022
-0.8729311
-0.7629403
-0.7506236
-0.7453773
-0.6974018
-0.8589563
-0.671541
-0.6822926
-0.8037131
-0.7293169
-0.7193486
-0.7265845
-0.8208862
-0.772442
-0.7133175
-0.5734856
-0.8005223
-0.7360416
-0.6730483
-0.8159836
-0.7604727
-0.7039564
-0.8193361
-0.7343986
-0.6830463
-0.7517548
-0.804825
-0.6424291
-0.7369889
-0.6685898
-0.6973616
-0.5875634
-0.6077297
-0.7636764
-0.5846867
-0.7539534
-0.668586
-0.6854102
-0.818411
-0.7074124
-0.676257
-0.7477492
-0.6206716
-0.7615165
-0.6807289
-0.6779511
-0.6868616
-0.7164564
-0.6796539
-0.6733636
-0.7313963
-0.547493
-0.7163176
-0.6656889
-0.5456372
-0.6204276
-0.515481
-0.6876753
-0.6066955
-0.8151885
-0.5430555
-0.5904569
-0.5635224
-0.6713514
-0.563704
-0.5192615
-0.7619684
-0.6352424
-0.5521437
-0.524531
-0.7203769
-0.5403943
-0.6157933
-0.6671397
-0.6816755
-0.7652287
-0.6233385
-0.5943045
-0.6215296
-0.7095343
-0.6961027
-0.4778944
-0.6815832
-0.6130401
-0.626193
-0.6162375
-0.5451428
-0.7532397
-0.5793307
-0.650299
-0.5805484
-0.5446312
-0.6799645
-0.5995625
-0.6756007
-0.5854841
-0.6195908
-0.5269816
-0.5165608
-0.5257212
-0.58113
-0.5418997
-0.6806769
-0.6199311
-0.511056
-0.5713631
-0.6250043
-0.6374516
-0.5349792
-0.4474081
-0.6199782
-0.4207788
-0.3738482
-0.3391834
-0.4593916
-0.699719
-0.6545363
-0.3153212
-0.4444306
-0.5223842
-0.5661066
-0.5245637
-0.6471882
-0.6971167
-0.5228391
-0.5095699
-0.4743515
-0.3866376
-0.4304685
-0.584342
-0.5081466
-0.3303347
-0.5995654
-0.4192733
-0.3478321
-0.5093312
-0.6291365
-0.3923353
-0.4375479
-0.3820773
-0.472761
-0.4616852
-0.3750026
-0.4494417
-0.5974277
-0.5145848
-0.4698437
-0.5587472
-0.2252238
-0.5666205
-0.4531967
-0.4960219
-0.3556409
-0.2548422
-0.358915
-0.4263346
-0.4522899
-0.4027903
-0.2783656
-0.5614739
-0.3805377
-0.4410079
-0.4258836
-0.5166185
-0.2236946
-0.3951813
-0.256948
-0.4509061
-0.4390883
-0.5483342
-0.3627437
-0.4405641
-0.3908465
-0.2839497
-0.3208031
-0.4233827
-0.4392155
-0.4948572
-0.3727207
-0.357821
-0.4380656
-0.4613593
-0.3705648
-0.4079825
-0.4599799
-0.4619334
-0.2510208
-0.4350845
-0.4066299
-0.3089742
-0.3930434
-0.3575596
-0.3135672
-0.2460076
-0.2744854
-0.07276532
-0.4491348
-0.3611413
-0.3371164
-0.4438917
-0.4833537
-0.4327177
-0.3743438
-0.1680043
-0.1837442
-0.2508179
-0.4025426
-0.4527374
-0.4772597
-0.3548484
-0.3751368
-0.2605666
-0.442057
-0.2599753
-0.3870935
-0.2990522
-0.4530655
-0.290328
-0.2002487
-0.2675574
-0.1226266
-0.179497
-0.201923
-0.3675331
-0.476179
-0.2506704
-0.2762965
-0.3170913
-0.197193
-0.38806
-0.2577293
-0.2630554
-0.1149292
-0.06042541
-0.3184474
-0.4240963
-0.2807069
-0.1336349
-0.3626993
-0.364732
-0.4740429
-0.2148361
-0.3118836
-0.3338715
-0.2805415
-0.4208695
-0.3362794
-0.3119104
-0.151613
-0.226393
-0.4391965
-0.3309384
-0.05969349
-0.2226551
-0.2282942
-0.2159335
-0.2591345
-0.2691475
-0.321292
-0.285766
-0.2362293
-0.2225346
-0.3362224
-0.2214325
-0.2962036
-0.2151208
-0.1040803
-0.1849534
-0.04631795
-0.2884346
-0.2776593
-0.1870468
-0.1257736
-0.1747055
-0.1976079
-0.08168415
-0.2659819
-0.2540461
-0.1600728
-0.1349687
-0.2534742
-0.2446816
-0.2716957
-0.2351958
-0.1924672
-0.2234248
-0.2608846
-0.2037496
-0.3015431
-0.05379053
-0.2711045
-0.1874643
-0.1817639
-0.1671495
-0.09355041
-0.1826812
-0.1103545
-0.008072654
-0.2001937
-0.1817092
-0.1497351
-0.157362
-0.1363377
0.003602516
-0.2442188
-0.2029838
-0.1994592
-0.08937721
-0.1476258
-0.1594848
-0.1620128
-0.06337279
0.02823209
-0.2305337
-0.2023121
-0.195871
-0.2710251
-0.06475059
-0.1376286
-0.2738603
-0.1183051
-0.05136363
-0.1044521
-0.007802159
-0.02321847
-0.1354545
0.001791525
-0.1471257
0.01635347
-0.06553544
0.01847839
-0.1318601
-0.1485707
-0.1229629
0.05769288
0.02436374
-0.1073752
-0.03966334
-0.1437848
0.005312136
0.0408721
-0.0578205
-0.02790937
-0.07726797
0.04280238
-0.09676338
-0.1413535
0.1096175
-0.1340655
-0.1119015
-0.1259013
-0.1475962
0.02129524
-0.01411175
0.04403451
-0.1378302
-0.0007701265
-0.08923247
0.004508877
-0.1559108
-0.1372139
-0.08726955
-0.04667917
-0.1007657
0.04636045
-0.05245463
-0.07950386
-0.01017796
-0.03622776
-0.02954695
0.01981052
-0.1517213
-0.007003483
0.1296165
0.01338213
-0.05565233
-0.0561409
0.1322875
-0.006433866
0.1334279
-0.2277574
-0.2318822
-0.06126424
-0.02427939
0.08136701
0.01637758
-0.0969375
-0.06299771
-0.106961
0.05977914
-0.113601
-0.01095194
-0.01191675
0.1546905
0.0962358
-0.08275903
0.01357328
0.1211276
-0.1465515
0.001027488
0.04311698
0.04593511
0.104371
-0.1390222
0.1080524
-0.09386701
-0.0298436
-0.0003284796
-0.005745583
-0.1311374
0.1425852
0.02584352
-0.07596167
-0.06401389
0.3003749
-0.03758978
0.01620306
0.03061691
0.1302594
0.2138389
-0.02206009
0.03942355
-0.05686285
0.02346429
-0.06542992
0.1542608
0.06472248
0.1144337
0.1436792
0.1334547
0.1440457
0.1971221
0.2230376
-0.1137793
0.2079329
0.1758764
0.3414709
0.1731073
0.3992853
0.1669297
0.1083052
0.08895838
0.2501902
0.1625146
0.1284441
0.1670026
0.01555509
-0.0005638021
0.07310524
0.1439762
0.1041719
0.09074297
0.1236224
0.1303237
0.09329466
0.1998963
0.2282763
0.1935792
0.1653505
0.07659254
0.1154464
0.01783459
0.08855857
0.2014291
0.11928
0.06485463
0.1270847
0.1414151
-0.01387932
0.1702868
0.2616399
0.2348551
0.2153188
0.2679864
0.3186043
0.2408285
0.2213145
0.1754653
0.2324331
0.1280355
0.05220733
0.2405439
0.1289638
0.3056158
0.1313101
0.1409127
0.324013
0.2215855
0.2248884
0.3227671
0.3549234
0.1418751
0.2560845
0.1177555
0.08587596
0.214736
0.3066077
0.1282342
0.1359377
0.1615204
0.2165738
0.1796533
0.1131223
0.1833258
0.3377319
0.04012162
0.3078175
0.3072295
0.2263187
0.318341
0.1934438
0.1416458
0.2890863
0.236062
0.1222246
0.1890669
0.1354144
0.3707106
0.3612803
0.2232669
0.3345479
0.3930181
0.3479171
0.4397642
0.3128614
0.2534168
0.360001
0.348725
0.1766327
0.2376084
0.3433198
0.3233115
0.2918019
0.2697839
0.3607867
0.2622819
0.273411
0.3195083
0.2395565
0.2739612
0.3031119
0.2148642
0.4403198
0.3582955
0.348531
0.4913259
0.2643853
0.4160326
0.1788239
0.3872887
0.3768894
0.3132312
0.3836037
0.3372152
0.2240689
0.3267791
0.3316147
0.3644501
0.3811335
0.2957055
0.3444457
0.3915364
0.3063365
0.4420641
0.5520544
0.451706
0.1500042
0.3562827
0.4117145
0.5061885
0.2758125
0.4675545
0.232311
0.4963944
0.2715969
0.2812051
0.4720232
0.4307549
0.529202
0.401132
0.3980366
0.4056179
0.3635584
0.493912
0.3591478
0.4649384
0.4043374
0.4371868
0.5188389
0.4525374
0.4581485
0.4137203
0.4782676
0.4079771
0.5084004
0.4180728
0.3588163
0.427258
0.3878145
0.515248
0.4520836
0.4680817
0.4020544
0.3895024
0.5249851
0.4827465
0.4289716
0.5442345
0.522607
0.5417432
0.4886336
0.5167429
0.5682073
0.5219045
0.6657825
0.5571914
0.4978353
0.4312723
0.5851079
0.5185667
0.5718235
0.5579995
0.4913328
0.3528225
0.3726371
0.4287735
0.4874747
0.5536572
0.5250457
0.4872649
0.4862761
0.5190699
0.5071184
0.4734778
0.5309564
0.4788424
0.3835286
0.4819825
0.5036587
0.4898996
0.5991073
0.5222155
0.5621631
0.6352769
0.5277836
0.5380302
0.3713198
0.5683795
0.5000409
0.5920664
0.5470352
0.3963031
0.5995192
0.5483535
0.6051145
0.584583
0.3672193
0.5851478
0.5760222
0.6015919
0.7013907
0.6292399
0.6368489
0.6354002
0.6579717
0.5196739
0.7269772
0.5285607
0.576913
0.464221
0.7262659
0.5308769
0.602724
0.5550642
0.5071634
0.5619929
0.622229
0.7274355
0.6580791
0.6629377
0.4641788
0.4052296
0.5870251
0.5341807
0.5643198
0.6758301
0.6200115
0.723224
0.4812954
0.5088899
0.6659704
0.6404877
0.6349595
0.5353091
0.5168324
0.4792552
0.7267778
0.7885124
0.6355369
0.6570523
0.7192703
0.6742147
0.6054797
0.6630739
0.6134366
0.7092687
0.7222089
0.6424042
0.665367
0.6137313
0.4416645
0.6726082
0.6963164
0.6905922
0.7148453
0.6470725
0.5978224
0.6938099
0.5735478
0.8416304
0.5397031
0.7369363
0.7707624
0.6856125
0.7799854
0.6278599
0.5730901
0.8334611
0.705592
0.6954356
0.6058599
0.66245
0.9440039
0.6271823
0.5902413
0.7717345
0.6728739
0.780312
0.7064143
0.7888214
0.7116048
0.6783227
0.7551281
0.7857451
0.6075615
0.8612014
0.7480495
0.6864195
0.6465546
0.7822812
0.6326511
0.8274365
0.6889095
0.7139471
0.8510923
0.7440757
0.8792862
0.8716224
0.7696059
0.6489633
0.7494771
0.7383063
0.7830023
0.7183692
0.6813579
0.7156548
0.9297939
0.7214302
0.6521402
0.6619238
0.8238208
0.8403776
0.8100912
0.8364454
0.7230186
0.760963
0.7613773
0.867397
0.7852752
0.7745689
0.8583389
0.8403362
0.983025
0.6350492
0.7694123
0.7040902
0.7669786
0.829572
0.8407202
0.8135953
0.7902432
0.9430289
0.8104082
0.7897526
0.7627172
0.7855119
0.8100712
0.790002
0.8834696
0.841552
0.9800421
0.8144666
1.033002
0.7390587
0.7752511
0.609424
0.7040785
0.867136
0.7782991
0.867815
0.7488352
0.8406982
0.8815686
0.951724
0.8092086
0.8433261
1.117616
0.6984964
0.899776
0.9559236
0.8863713
0.8686713
0.8772034
0.9086689
0.8461501
0.9831338
0.8105564
0.8657675
0.8719257
0.9410244
0.9836095
0.8689479
0.7866174
0.9376518
0.9049702
0.911282
0.8418459
0.9564907
0.9832511
0.9662981
0.9383152
0.7708887
0.9182508
0.9218238
1.009102
0.9600683
0.932995
0.8292119
0.9722262
0.9549214
0.8316975
0.8840375
0.8014838
0.9615545
0.790441
0.9348224
1.053449
1.038446
1.00005
0.9299218
0.9096911
1.041886
1.041533
1.108884
0.9809908
1.004807
0.9438376
0.8935267
0.8706038
1.060766
0.9131284
0.8021334
0.9249087
0.8874524
1.095505
0.9711703
0.9774666
0.9504194
0.9219267
0.8953187
1.012411