0.0460324
-0.9537606
-1.044661
-0.9409874
-1.059118
-0.9618468
-1.001905
-1.03508
-1.143482
-0.9948348
-0.944166
-0.9469219
-1.010391
-0.970369
-0.9367693
-0.9489024
-0.9263192
-0.8459626
-1.016291
-0.9432401
-1.013847
-0.9741505
-0.8541801
-0.9137073
-1.104987
-0.8695171
-0.9042387
-0.9630515
-1.027842
-0.9338932
-0.9212657
-0.9006483
-0.8875899
-0.9928987
-0.883013
-0.8870336
-0.9011289
-0.8160716
-0.9207052
-0.9110232
-0.6702534
-0.7440307
-0.880817
-0.9011547
-0.9925582
-0.7955438
-0.9627813
-0.9267157
-0.936644
-0.9224439
-0.840255
-1.029085
-1.025206
-0.6771144
-0.7712166
-0.777136
-0.8623391
-0.9847488
-0.861681
-0.8415682
-0.711648
-0.8233047
-0.9404045
-0.9570499
-0.8816916
-0.8430529
-0.9328028
-0.8571641
-0.8576644
-0.8067192
-0.8126451
-0.6322166
-0.7431492
-0.9804984
-1.011117
-0.8680452
-0.8008772
-1.026361
-0.720478
-0.8530743
-0.8210916
-0.8570333
-0.8846832
-0.8709909
-0.8368653
-0.8176659
-0.662952
-0.8942886
-0.7738054
-0.9145533
-0.842173
-0.8201676
-0.7351126
-0.8773369
-0.7418064
-0.7228083
-0.6944001
-0.8499149
-0.7440703
-0.8289768
-0.7987082
-0.7361929
-0.7881924
-0.9254004
-0.8879748
-0.9201439
-0.7117879
-0.7065299
-0.9121115
-0.7122202
-0.8736548
-0.7860887
-0.7831392
-0.7099192
-0.6989564
-0.7826847
-0.6691661
-0.7074797
-0.8704461
-0.737191
-0.793565
-0.7142594
-0.8621485
-0.8199759
-0.728798
-0.604865
-0.7237261
-0.9125242
-0.7312001
-0.7001028
-0.7172233
-0.548667
-0.7497733
-0.830748
-0.7705644
-0.7702078
-0.696991
-0.5362622
-0.5398328
-0.7143147
-0.7807002
-0.6819419
-0.769348
-0.8016493
-0.7733139
-0.7290306
-0.5854867
-0.6991569
-0.6427966
-0.6830757
-0.7049205
-0.6918167
-0.7226625
-0.6392398
-0.7322408
-0.6213962
-0.7465851
-0.65083
-0.5989587
-0.5633216
-0.6178811
-0.5809003
-0.5584985
-0.6007167
-0.6700459
-0.653997
-0.6190726
-0.6538353
-0.8234074
-0.5762173
-0.6497029
-0.5966778
-0.6685979
-0.6865113
-0.5928644
-0.7567341
-0.6774925
-0.7578688
-0.6590964
-0.8191344
-0.5138567
-0.6888038
-0.5893304
-0.7021013
-0.5836842
-0.5560195
-0.5122961
-0.6375407
-0.6637754
-0.5819316
-0.6669485
-0.5762692
-0.6479182
-0.6830417
-0.6844421
-0.5453702
-0.5667252
-0.5499101
-0.4931763
-0.4990289
-0.6337548
-0.5659098
-0.6811486
-0.5410243
-0.6446468
-0.7049481
-0.6446331
-0.7764959
-0.4911256
-0.4864246
-0.5547307
-0.576328
-0.5449098
-0.5001648
-0.6336641
-0.5938374
-0.5296058
-0.5585049
-0.5650414
-0.6849137
-0.3750486
-0.5401477
-0.5383613
-0.5428228
-0.619107
-0.526899
-0.5633649
-0.7435649
-0.4940869
-0.5012656
-0.5454601
-0.5535381
-0.5048237
-0.482327
-0.6601714
-0.535852
-0.7079988
-0.4776502
-0.5403335
-0.6485571
-0.6254077
-0.5238917
-0.5227507
-0.5081635
-0.6022658
-0.6161366
-0.4773987
-0.4853438
-0.5597552
-0.3996974
-0.4237361
-0.5187933
-0.6745558
-0.4938278
-0.5216368
-0.4654879
-0.4487977
-0.6717892
-0.5233518
-0.4723318
-0.4410811
-0.5189474
-0.5999826
-0.5048758
-0.2644834
-0.45353
-0.4279098
-0.4941515
-0.4990281
-0.3769911
-0.39726
-0.3202244
-0.4283218
-0.6307121
-0.5757565
-0.3991402
-0.4276356
-0.5171966
-0.4084968
-0.3924279
-0.5496243
-0.4249486
-0.5163792
-0.3511363
-0.5019013
-0.5968787
-0.3205197
-0.4388509
-0.328674
-0.4566865
-0.2795854
-0.4478413
-0.5479065
-0.3565993
-0.3510053
-0.4505224
-0.4220104
-0.5201726
-0.3334897
-0.3646388
-0.4198913
-0.478606
-0.4160332
-0.4562423
-0.4186321
-0.4344912
-0.3123972
-0.4903891
-0.4842738
-0.4232491
-0.3033755
-0.5028628
-0.388964
-0.4725414
-0.4283107
-0.3305644
-0.4469975
-0.5112425
-0.2382021
-0.3539902
-0.3120798
-0.3063134
-0.4164394
-0.3664252
-0.3178419
-0.5214168
-0.5131259
-0.1981104
-0.2681922
-0.2728891
-0.2827674
-0.3459914
-0.3237459
-0.3244122
-0.1795522
-0.3927066
-0.4687536
-0.2241198
-0.3112732
-0.3389329
-0.2973783
-0.3631081
-0.3995401
-0.4047059
-0.3223794
-0.2815751
-0.3141588
-0.2018188
-0.2526203
-0.3422815
-0.3348275
-0.3629164
-0.3658387
-0.2451548
-0.2464543
-0.2511542
-0.2333517
-0.2736674
-0.3089445
-0.2725161
-0.2692159
-0.240975
-0.2729434
-0.3807913
-0.2691016
-0.1556641
-0.2656588
-0.3228862
-0.2517019
-0.4224035
-0.1769271
-0.2354772
-0.2431404
-0.3718808
-0.4157928
-0.2581862
-0.2516913
-0.2529866
-0.2844739
-0.2305272
-0.07697115
-0.1244142
-0.4335448
-0.3212107
-0.3746368
-0.2782759
-0.102209
-0.179837
-0.2619585
-0.2333478
-0.2251006
-0.1324108
-0.1970441
-0.208349
-0.3824746
-0.3511971
-0.3231519
-0.3359372
-0.180288
-0.2566048
-0.102418
-0.08489522
-0.2408111
-0.3420806
-0.1339581
-0.1662892
-0.1203173
-0.1402783
-0.1735429
-0.08523207
-0.1640437
-0.09651186
-0.1546438
-0.1521379
-0.1675144
-0.1445013
-0.2062236
-0.133032
-0.01994238
-0.2159148
-0.1326607
-0.289319
-0.2202264
-0.1690466
-0.165592
-0.04261195
-0.1476196
-0.1769195
-0.06960186
-0.07635491
-0.08791694
-0.09205457
-0.2228531
-0.04906348
-0.09954303
-0.001471013
-0.132271
-0.1047657
-0.1633316
-0.07052392
-0.07629392
-0.1710375
-0.2969458
-0.1520775
-0.2348968
-0.2044239
-0.2285086
-0.2298869
-0.07775411
-0.03567667
0.006564497
-0.133353
-0.1752797
-0.0650453
-0.08534823
0.007433382
0.01895124
-0.1157882
-0.01844556
-0.06271486
-0.074177
-0.1166191
-0.1742964
-0.02895638
-0.03958642
-0.108255
-0.1401312
-0.001782515
-0.1284421
-0.07843567
-0.06870923
-0.1088121
0.07377702
-0.1123396
0.01633578
-0.05467095
-0.1487613
-0.07589578
-0.09077727
-0.0003651171
-0.08160034
0.07951207
-0.04088151
-0.0765809
-0.03988418
-0.1395792
0.06546533
0.00820309
0.1303065
-0.1058606
-0.07985542
-0.02695846
0.07114396
-0.03183888
0.00867305
0.0795094
-0.1130343
-0.1030741
0.0393846
0.006483737
-0.09058725
-0.1748539
0.06763674
-0.02783963
-0.07752314
0.08769341
-0.0113861
0.2298715
0.1543604
-0.1315643
0.05562025
-0.0950221
0.1063443
-0.01512819
0.08971085
0.131145
0.09021554
0.1943954
0.1271399
-0.05213553
0.004733705
-0.09490574
-0.006712717
0.1223
0.2174305
0.06163942
-0.0711935
-0.07267435
0.1795639
0.05970008
0.1179961
0.01839132
-0.02229065
0.1924643
0.07384065
0.1349527
0.02989731
-0.03378395
-0.01743512
0.2713234
-0.107066
0.0588508
0.1180537
0.03302783
0.1500713
-0.03511808
0.2223666
0.04883982
0.1237158
0.1399058
0.00169046
0.1430475
0.04624753
-0.01749916
0.1503865
0.1925501
0.1218903
0.09573404
0.1579239
0.2626971
0.1918974
0.1641797
0.07890759
0.1544961
0.001128801
0.1511522
0.0859495
-0.06173731
0.07200376
0.232092
0.05508173
0.130284
0.1022705
0.08706217
0.1530712
0.1509671
0.07862839
0.008114073
0.1258764
0.1846782
0.150391
0.3317515
0.2465182
0.1510682
0.2398792
0.1982374
0.1322319
0.1777986
0.1214408
0.1361199
0.2432572
0.1422226
0.2311321
0.1471399
0.1940771
0.20239
0.03304551
0.2499648
0.2354265
0.3300645
0.2581747
0.3513922
0.1072813
0.3043463
0.1506348
0.3059339
0.1164761
0.2920274
0.1981167
0.3190663
0.2916747
0.2039391
0.2368827
0.2586626
0.3315508
0.3243837
0.3308714
0.1866195
0.301633
0.2510757
-0.01930978
0.212159
0.1812449
0.1949182
0.2508752
0.3105828
0.2853799
0.3503618
0.2335583
0.3471456
0.2742002
0.2021411
0.09773627
0.344884
0.1649841
0.4339751
0.2925387
0.1780341
0.3212166
0.2371072
0.315818
0.3938626
0.3414539
0.3130997
0.3903553
0.3697547
0.2080464
0.1313232
0.2637845
0.1164969
0.237092
0.2905732
0.3499575
0.2724296
0.3422165
0.2618456
0.220459
0.3212393
0.265565
0.2558348
0.4334376
0.1443746
0.3117565
0.3204345
0.3014881
0.3760424
0.1985677
0.3769519
0.257853
0.2970478
0.2659291
0.3480387
0.2358933
0.3279196
0.2793244
0.4275891
0.4879426
0.3486788
0.4185429
0.3858335
0.5127044
0.2256586
0.3062164
0.337813
0.4026966
0.3656594
0.3561191
0.3831164
0.2757945
0.3520568
0.4065818
0.4132091
0.389294
0.5808177
0.3699103
0.352078
0.3879731
0.4410247
0.383459
0.5109899
0.4078113
0.5177519
0.3036262
0.3884262
0.4594898
0.3254279
0.3957038
0.2966053
0.3045867
0.318176
0.4138738
0.4341463
0.5748681
0.5116128
0.5319157
0.2716691
0.362823
0.4859086
0.4004363
0.4188867
0.4875395
0.5256612
0.4427284
0.5848271
0.3852339
0.453922
0.4318717
0.295681
0.4983901
0.3879116
0.5870183
0.5744303
0.3268767
0.2776153
0.5011209
0.4827661
0.3956693
0.5169436
0.590404
0.4525837
0.3992055
0.5415745
0.5507616
0.3840671
0.5165414
0.5848177
0.3518415
0.5408215
0.6777399
0.4604162
0.5012815
0.5303584
0.6730425
0.4770541
0.3412996
0.6111424
0.598205
0.6292114
0.521382
0.7591166
0.5216134
0.495538
0.5601134
0.5506699
0.4725322
0.510152
0.4100518
0.4778577
0.5913214
0.6003185
0.5042097
0.5556175
0.5426566
0.6348008
0.6119622
0.591104
0.5755496
0.5148796
0.5760352
0.5517905
0.433454
0.5067443
0.4078092
0.4778699
0.7339807
0.5866782
0.5111187
0.5825224
0.6376751
0.6409123
0.5747768
0.5548222
0.6851837
0.5371438
0.4759307
0.6811566
0.4891788
0.5317685
0.4448889
0.6036149
0.5668271
0.6094333
0.5299565
0.6192606
0.7183488
0.66079
0.6313386
0.6283854
0.5399202
0.7097086
0.6687433
0.5232261
0.6489474
0.5637299
0.7300212
0.6201413
0.6659022
0.7312818
0.6937947
0.6365822
0.6804235
0.5749758
0.5626465
0.6429289
0.7303052
0.7296914
0.6602261
0.71467
0.6061899
0.6864554
0.6517012
0.5782572
0.65793
0.5410389
0.7463603
0.7430692
0.7830266
0.7545898
0.7942678
0.7037013
0.5524437
0.7506568
0.6608496
0.7270468
0.7302248
0.7101443
0.6589977
0.5748527
0.4955048
0.6707166
0.7302198
0.7723083
0.7160669
0.7841377
0.6593852
0.6839516
0.7793149
0.6987871
0.629434
0.6867057
0.8081281
0.7730611
0.6194242
0.7950474
0.725373
0.6291658
0.6518893
0.8249945
0.7315436
0.8128099
0.8892805
0.6806033
0.7320211
0.7559822
0.7396771
0.5988258
0.8712394
0.7024261
0.6911292
0.7357038
0.9495773
0.7469979
0.7357975
0.811972
0.7972265
0.7286034
0.8647958
0.7993963
0.7675862
0.6045863
0.6323771
0.7957819
0.7971986
0.9017316
0.8105367
0.7780499
0.8703493
0.9222048
0.8160014
0.7091934
0.9024737
0.7824815
0.6835832
0.888592
0.649807
0.7925699
0.753288
0.7547112
0.7854661
0.7907465
0.8020515
0.8596541
0.7690169
0.8220351
0.8708762
0.7448739
0.8559267
0.7808931
0.8870353
0.875199
1.057804
0.9602637
0.7912679
0.8732885
0.860066
0.8743119
0.8052709
0.9224708
0.9750786
0.8241028
0.9233741
0.7421503
0.7706857
0.7042086
0.9025076
0.75993
0.9434778
0.9314724
0.9094091
0.8899342
0.9722872
0.8471728
0.8670633
1.001296
0.8524737
1.018144
1.000723
0.7619312
0.9288543
0.9983408
0.8315329
0.8224268
0.7636234
0.8699991
1.005671
0.7721298
0.8758236
0.8625622
0.7119447
0.8928511
0.9431996
0.9087182
1.115878
1.02361
0.9369728
0.9809253
0.8777398
1.02156
0.9729282
0.9046623
0.9846401
0.9961807
0.9520242
0.951513
0.802311
1.004923
0.8114254
1.051347
0.9190372
0.9964726
0.8440564
0.9602734
1.00861
0.8884449
0.9153255
1.051631
1.009739
1.035049
1.006603
1.002068
0.9021372
1.093862
0.9577134
1.055385
1.009973
0.9117999
1.014237
1.088214
0.9516156
0.9070738
0.8228111