0.1176224
-0.9744874
-1.01815
-0.7712998
-0.9103073
-1.049164
-0.9984003
-0.8675514
-1.08148
-1.006276
-1.038908
-1.063595
-0.9892613
-1.000535
-0.8348825
-1.040589
-0.8323931
-0.9205104
-0.9801909
-0.9898105
-0.8397784
-0.9333013
-1.022549
-0.8660372
-1.088859
-0.9366991
-0.7957349
-1.045622
-0.9059278
-0.8391446
-0.9119875
-0.8929824
-0.9814766
-0.8815604
-0.8059081
-1.17619
-0.9985879
-0.9395016
-0.9039039
-0.9151072
-1.060406
-0.864839
-0.7486595
-0.9933528
-0.9635652
-0.8285418
-0.8609877
-0.8965061
-0.9051669
-0.7575249
-0.8043628
-0.9470168
-0.8368094
-0.8777625
-0.8418714
-0.7527597
-0.9348975
-0.8290932
-0.9355275
-0.795202
-0.9040279
-0.9538117
-0.806118
-0.8401475
-0.9211547
-1.067744
-1.023834
-0.7625029
-0.7728032
-0.7593168
-0.8509416
-0.7076505
-0.9094277
-0.7698328
-0.9111082
-0.8521683
-0.8078862
-0.923985
-0.9124359
-0.7851016
-0.7075269
-0.9117238
-0.7908855
-0.8709984
-0.8141775
-0.8474827
-0.8832177
-0.8223733
-0.794355
-0.7578018
-0.8670794
-0.8437073
-0.8540079
-0.8049474
-0.8558153
-0.9663465
-0.6527291
-0.6917667
-0.8757549
-0.6749836
-0.7031589
-0.8825191
-0.9035077
-0.8158445
-0.828623
-0.7060734
-0.7622793
-0.6592354
-0.7747385
-0.9034389
-0.816771
-0.812295
-0.6817136
-0.7704581
-0.7925164
-0.6439025
-0.7073487
-0.7626422
-0.8790019
-0.6435665
-0.8743252
-0.7466753
-0.7630338
-0.740302
-0.7062612
-0.840528
-0.6753982
-0.6784102
-0.7953263
-0.7148888
-0.7191887
-0.7564346
-0.8151515
-0.7660837
-0.7081566
-0.5752614
-0.8100276
-0.7537169
-0.6697242
-0.8238741
-0.7533127
-0.7002001
-0.8272218
-0.7228558
-0.6817408
-0.757876
-0.8120327
-0.6508501
-0.7272829
-0.6490303
-0.7225879
-0.6007343
-0.6185724
-0.7749911
-0.5781714
-0.7592889
-0.6741734
-0.6660684
-0.8181193
-0.6954059
-0.6563184
-0.752237
-0.6353185
-0.7712946
-0.6828633
-0.7048894
-0.7009303
-0.7225461
-0.6625742
-0.6773753
-0.7376467
-0.5500096
-0.7178335
-0.6629944
-0.5487221
-0.6375857
-0.5233174
-0.6844981
-0.5852496
-0.8072346
-0.5396366
-0.6055868
-0.5598111
-0.649584
-0.5716712
-0.4916422
-0.7810445
-0.6400943
-0.5424633
-0.5304286
-0.7160636
-0.5438945
-0.6020508
-0.6843103
-0.689741
-0.7934517
-0.6489902
-0.5783398
-0.6007844
-0.7024982
-0.7028126
-0.4829885
-0.6950167
-0.6364271
-0.6230968
-0.6251559
-0.5256703
-0.7460932
-0.5881332
-0.6342384
-0.5858163
-0.572226
-0.6826143
-0.5923588
-0.6745659
-0.5791604
-0.6260818
-0.5049556
-0.5134249
-0.5039999
-0.5884893
-0.5250641
-0.6812928
-0.6089665
-0.4935135
-0.5624705
-0.6181925
-0.6590039
-0.5197064
-0.4345118
-0.6322596
-0.410924
-0.3799702
-0.3327074
-0.4519518
-0.7047979
-0.6315232
-0.3228597
-0.4288392
-0.5330154
-0.539867
-0.5149551
-0.629472
-0.7002823
-0.518714
-0.5093152
-0.470666
-0.4119659
-0.428774
-0.5883416
-0.5061282
-0.3319953
-0.5683229
-0.4219663
-0.3411471
-0.5064563
-0.6195467
-0.3712553
-0.4246722
-0.411448
-0.4798186
-0.45904
-0.3553108
-0.4450217
-0.613135
-0.5162211
-0.4728452
-0.5647978
-0.2412089
-0.5705821
-0.4503744
-0.4901738
-0.360653
-0.2485259
-0.3509902
-0.4205161
-0.4448839
-0.4163853
-0.3054833
-0.5506524
-0.3829039
-0.4291381
-0.4126646
-0.5126422
-0.2531532
-0.388006
-0.2423779
-0.4713946
-0.464584
-0.5733571
-0.3399228
-0.4273838
-0.3813714
-0.2775511
-0.3223914
-0.4131517
-0.4123602
-0.4968927
-0.3570228
-0.3762296
-0.4535261
-0.4764196
-0.3712669
-0.4262391
-0.4614062
-0.461827
-0.2430635
-0.4366986
-0.4094004
-0.324214
-0.4048624
-0.3544331
-0.3373794
-0.2227085
-0.269735
-0.08202241
-0.4611145
-0.3630615
-0.3658241
-0.4446445
-0.4827044
-0.4324095
-0.3844143
-0.1870786
-0.2005883
-0.2312049
-0.4121069
-0.4474762
-0.4748722
-0.3576603
-0.3873462
-0.2544215
-0.4292657
-0.2425579
-0.3801589
-0.3028556
-0.4326626
-0.3054225
-0.1955337
-0.2608794
-0.1151892
-0.1697288
-0.1955874
-0.3490683
-0.4933486
-0.2569303
-0.3131308
-0.3233001
-0.2256543
-0.4100166
-0.2826217
-0.2457411
-0.1231849
-0.06191301
-0.3013633
-0.4053901
-0.2665817
-0.1059252
-0.3418374
-0.373043
-0.4768361
-0.2139486
-0.324143
-0.3089933
-0.3013192
-0.4229978
-0.3538097
-0.3258159
-0.1628775
-0.2358824
-0.4369594
-0.3288409
-0.0448202
-0.2343553
-0.2436179
-0.1992139
-0.2829094
-0.2848956
-0.3149873
-0.2646902
-0.2495209
-0.2374715
-0.3357282
-0.2337125
-0.286576
-0.1926676
-0.1099941
-0.1944269
-0.06685821
-0.3032057
-0.3033102
-0.1750173
-0.1193058
-0.1868535
-0.2274343
-0.1096504
-0.2258615
-0.2609776
-0.1816034
-0.131512
-0.2481678
-0.2541469
-0.2685663
-0.2276831
-0.1648653
-0.2136045
-0.2535345
-0.2019661
-0.2877952
-0.07598227
-0.2426735
-0.20413
-0.1810955
-0.1617147
-0.1249299
-0.1573883
-0.1047751
-0.01198486
-0.1982648
-0.1713428
-0.1675753
-0.1168722
-0.1661147
0.00625791
-0.2406139
-0.2032278
-0.191876
-0.08174195
-0.1638361
-0.1723033
-0.1599032
-0.06724771
0.03206855
-0.23067
-0.2074896
-0.1636211
-0.2839024
-0.06716413
-0.1427006
-0.2582319
-0.1049992
-0.0633683
-0.1162319
-0.01392448
-0.03544626
-0.1398626
-0.01833383
-0.1401794
0.02491354
-0.06608108
0.03145623
-0.1276321
-0.1616914
-0.1312887
0.06028746
0.0151433
-0.1200648
-0.05477801
-0.1713588
-0.005422889
0.0519165
-0.06640792
-0.005796743
-0.07763034
0.03974242
-0.07658321
-0.1342363
0.1027146
-0.1232973
-0.1087628
-0.1200471
-0.1650086
0.04800355
-0.009671295
0.04227087
-0.1293977
0.003420356
-0.09660509
0.03404586
-0.1372114
-0.1041656
-0.109479
-0.03367744
-0.08709291
0.05449486
-0.04499233
-0.08069674
-0.02753639
-0.04658852
-0.04222854
0.02102379
-0.1627312
-0.01749123
0.1218061
8.741293e-06
-0.06420813
-0.05497291
0.1170716
-0.02281967
0.1094673
-0.2278349
-0.2156163
-0.0725775
-0.007667975
0.04682144
0.0434993
-0.09737238
-0.0415215
-0.1150525
0.03349772
-0.1313036
0.01834391
-0.01716287
0.135569
0.09573541
-0.0984467
0.01327343
0.1266976
-0.1539152
-0.00311528
0.03358697
0.05905827
0.1119242
-0.1373657
0.1168272
-0.07246066
-0.03644648
-0.00356315
-0.01679718
-0.1279367
0.1265951
0.03320269
-0.06209383
-0.07886717
0.2936209
-0.04441759
-0.004808346
0.03797517
0.1170188
0.2334722
-0.007552163
0.05668104
-0.05659712
0.03680331
-0.0660718
0.1634965
0.04688167
0.1245189
0.1416362
0.1314659
0.1455422
0.2119982
0.2120232
-0.1007567
0.2249551
0.1738089
0.3512272
0.1961701
0.3931901
0.1837844
0.1090692
0.08460755
0.2510406
0.1718995
0.1361093
0.1621375
0.04005839
-0.004942658
0.06361263
0.1588294
0.1339221
0.09528856
0.1340363
0.1338853
0.09152615
0.2018331
0.2273411
0.1998122
0.1474417
0.02613299
0.1183768
0.03240511
0.08278496
0.1847337
0.1198657
0.07185228
0.1237758
0.1400219
0.005863489
0.1632879
0.2555116
0.2477654
0.2064083
0.2590681
0.2843165
0.2173289
0.2380188
0.1849187
0.227993
0.1242672
0.05733584
0.2411561
0.1403027
0.2838229
0.1409944
0.1480805
0.312447
0.2614807
0.2410478
0.3302033
0.3447113
0.1543989
0.2493854
0.1172868
0.0900817
0.2401927
0.3014776
0.1045632
0.1141255
0.1569011
0.2225773
0.1894109
0.1186836
0.1804857
0.3307315
0.02832
0.3239886
0.3144669
0.2159039
0.322936
0.184374
0.1526017
0.2885941
0.2297593
0.1171477
0.1975813
0.1235593
0.3567784
0.3642856
0.245484
0.3659012
0.3811295
0.3637847
0.4566355
0.3096499
0.2503113
0.3661842
0.3542928
0.1619259
0.2402268
0.3206713
0.3171469
0.3224303
0.2800977
0.3736959
0.2623841
0.2697638
0.3049472
0.2720627
0.2539425
0.2959243
0.2079423
0.4497448
0.3620847
0.3528964
0.4773179
0.2499418
0.4156424
0.1954393
0.3847617
0.3753176
0.320938
0.3713599
0.3702317
0.2302509
0.3302763
0.3150199
0.3692642
0.406653
0.2789016
0.3459533
0.3749479
0.3206075
0.462549
0.5524972
0.4503973
0.1527924
0.3487931
0.4122249
0.5174144
0.2685392
0.4650976
0.2392612
0.4802701
0.2690975
0.270288
0.4775617
0.4277274
0.525391
0.3837724
0.4147064
0.4283923
0.3806064
0.4794051
0.3522689
0.4808108
0.4036126
0.4408042
0.5210482
0.461289
0.4527393
0.4295988
0.4698436
0.4068521
0.5123502
0.4441171
0.3490031
0.4002254
0.402458
0.5094676
0.4654947
0.4697795
0.4005521
0.387745
0.5087209
0.4769622
0.4042633
0.5315713
0.551444
0.5513891
0.4790666
0.5052862
0.5584953
0.5191877
0.6517602
0.5576687
0.5344535
0.4310169
0.5702462
0.4713465
0.5719293
0.5747025
0.4830996
0.3548849
0.3715103
0.4185166
0.4708591
0.5614025
0.530364
0.469558
0.5017413
0.5051117
0.5083847
0.4800998
0.5354469
0.4908195
0.3769553
0.500996
0.5244584
0.5018627
0.6025426
0.5144041
0.5822117
0.6319395
0.5227921
0.5474627
0.3880371
0.5767793
0.5173975
0.5861844
0.5409025
0.3910187
0.6048305
0.5393061
0.6015082
0.5855433
0.3679687
0.5851557
0.5432615
0.5775698
0.7155168
0.6131191
0.6363864
0.6480229
0.6798518
0.4990626
0.7218626
0.5328345
0.5858695
0.4709162
0.7289896
0.5452083
0.5957513
0.5401924
0.5014215
0.535039
0.6321941
0.711015
0.6773778
0.6729431
0.45684
0.3961263
0.5826733
0.5657751
0.5689516
0.6832
0.6089424
0.6930461
0.4831996
0.5206435
0.6698593
0.655832
0.6132707
0.5421475
0.4951025
0.4820548
0.7138157
0.8039989
0.6365643
0.6696132
0.6979389
0.6832801
0.6159615
0.6659027
0.6156962
0.7200783
0.7409312
0.6565553
0.6617843
0.6025204
0.4337179
0.6529724
0.6875067
0.6969483
0.729431
0.6605247
0.6012417
0.7022932
0.5745707
0.8352258
0.5487853
0.7151437
0.7967911
0.6972084
0.7780144
0.6402842
0.5746628
0.8416234
0.6828948
0.6869869
0.6139835
0.6468651
0.949011
0.6315815
0.6054624
0.7678418
0.6762727
0.7892352
0.7106021
0.8109996
0.7164073
0.6858579
0.7634974
0.7883545
0.597628
0.8677429
0.7496253
0.6824378
0.6483922
0.7553765
0.6100228
0.8430421
0.6724024
0.6972356
0.8493085
0.766575
0.8828854
0.8656186
0.7640875
0.6630403
0.7333931
0.7419045
0.7727554
0.7268242
0.7028114
0.6907799
0.9327391
0.7098574
0.6448653
0.6625301
0.8105464
0.8355313
0.8180229
0.8197415
0.7336636
0.7467374
0.7797141
0.846389
0.7961408
0.7964587
0.8773419
0.8468269
0.9811123
0.6205514
0.7641842
0.6918075
0.778882
0.8259303
0.8490432
0.8005893
0.8188444
0.9460353
0.8253693
0.7691397
0.7526258
0.7770689
0.8131297
0.7784405
0.8668355
0.8523437
0.9921261
0.8210104
1.022732
0.749806
0.7669137
0.5987002
0.7099236
0.8533216
0.7649336
0.8618472
0.7790521
0.8384563
0.8993169
0.9519251
0.8193048
0.8540806
1.124204
0.6963094
0.9071844
0.9589922
0.8708218
0.8749872
0.8737293
0.9444852
0.836378
0.9991385
0.8154756
0.8432533
0.8464083
0.9316878
0.9882833
0.8633525
0.7812467
0.9284353
0.9133696
0.904855
0.8579016
0.967305
0.9869366
0.977124
0.9637633
0.7685356
0.9432005
0.9133308
1.015464
0.9515705
0.9312054
0.8565462
0.9648856
0.9545457
0.8116858
0.8818707
0.7991636
0.9532218
0.7971128
0.9351677
1.065483
1.048872
1.012386
0.9541449
0.9086579
1.036755
1.037398
1.103004
1.006243
1.024878
0.9305203
0.8948312
0.8848085
1.065468
0.8961772
0.8151657
0.9511381
0.8844804
1.06984
0.9706582
0.9734023
0.9548646
0.9264497
0.9213637
1.012419