-0.0351611
-1.117067
-0.9574761
-1.043594
-0.9264989
-0.9288753
-0.8740561
-0.905961
-0.9707084
-1.12704
-0.9248158
-0.9211881
-1.002032
-0.9742341
-0.8935188
-1.019501
-1.002417
-0.7370038
-1.01171
-1.022015
-0.9631502
-0.7932166
-0.8880734
-0.9866935
-0.8553092
-0.9006648
-0.992732
-0.9373528
-0.940978
-0.9388386
-0.7833889
-0.8878694
-0.8125871
-1.042864
-0.9472409
-0.8630931
-0.9743717
-0.9237508
-0.9926636
-0.8837322
-0.8539082
-0.9360476
-0.9657148
-1.080196
-0.9776398
-1.000525
-0.9885269
-1.073038
-0.9252542
-0.8822623
-0.9165821
-0.9440654
-0.9904468
-0.882119
-0.8828809
-0.9826838
-0.820498
-0.8004505
-0.9076477
-0.9339649
-0.8615931
-0.8802154
-1.048551
-1.004077
-0.780302
-0.8684027
-0.8529037
-0.9116807
-0.7283827
-0.9368033
-0.9034409
-0.9704583
-0.9180422
-0.9549037
-0.970364
-0.8365518
-0.9017897
-0.8936262
-0.7320477
-0.8193258
-0.7565527
-0.8827032
-0.8072049
-0.9197168
-0.9436108
-0.9920769
-0.8287789
-0.7689069
-0.7846395
-0.7918442
-0.8978141
-0.94172
-0.7253283
-0.913247
-0.7611624
-0.9108738
-0.7765147
-0.7674535
-0.923652
-0.7799791
-0.8335526
-0.7692384
-0.8145671
-0.781474
-0.7236438
-0.7634629
-0.8387561
-0.5710758
-0.7406539
-0.7944576
-0.8742338
-0.8027754
-0.8234181
-0.7913093
-0.535797
-0.805237
-0.8010658
-0.7543504
-0.7931542
-0.6446192
-0.869239
-0.7029048
-0.8768817
-0.6852423
-0.6947883
-0.8135648
-0.7935652
-0.8031016
-0.7691874
-0.8510652
-0.806412
-0.7464955
-0.8277786
-0.6118032
-0.7191851
-0.8017259
-0.7827459
-0.6803986
-0.7438021
-0.7993395
-0.6944839
-0.7655369
-0.7385483
-0.5099409
-0.808314
-0.6659147
-0.732393
-0.470697
-0.6308313
-0.6644752
-0.6989915
-0.613268
-0.667317
-0.650413
-0.7135747
-0.7665208
-0.6575799
-0.7166434
-0.5799473
-0.7968986
-0.7151546
-0.612091
-0.5712772
-0.5860867
-0.5995775
-0.7158199
-0.744242
-0.6822637
-0.7010936
-0.6205206
-0.5702461
-0.6708847
-0.6079743
-0.4809095
-0.7449098
-0.5859269
-0.7895588
-0.6131284
-0.7584579
-0.5898569
-0.5515352
-0.6012354
-0.6390419
-0.5742266
-0.6108846
-0.5974894
-0.6988963
-0.6566085
-0.5686244
-0.5718832
-0.7522387
-0.6419878
-0.7260064
-0.5622644
-0.5865071
-0.6395302
-0.5526207
-0.6234628
-0.6239504
-0.4900234
-0.5638837
-0.7629462
-0.6232736
-0.6108768
-0.6558876
-0.6576069
-0.5566346
-0.4140822
-0.6053365
-0.4210332
-0.4964507
-0.5774685
-0.4947896
-0.4734479
-0.6076852
-0.5881
-0.5477928
-0.6780974
-0.5043471
-0.6443314
-0.5995507
-0.5357009
-0.6691068
-0.6746669
-0.4265322
-0.6215883
-0.5754354
-0.3693907
-0.479555
-0.5775544
-0.5824711
-0.3943207
-0.608936
-0.488127
-0.5779886
-0.6472575
-0.4939706
-0.4725279
-0.5536023
-0.4757726
-0.5236053
-0.4586602
-0.5430845
-0.5500567
-0.4318036
-0.5747837
-0.5899251
-0.5092111
-0.5759261
-0.642961
-0.5530656
-0.3636482
-0.6411274
-0.3620648
-0.5440732
-0.5487375
-0.5046229
-0.4705957
-0.4719434
-0.3927934
-0.3627402
-0.4853343
-0.5903568
-0.4529025
-0.4857174
-0.5469059
-0.3927686
-0.3999585
-0.4320491
-0.5054639
-0.4042793
-0.3396754
-0.4668711
-0.4127483
-0.3098423
-0.3540054
-0.4471126
-0.4782854
-0.3808696
-0.5222409
-0.4546153
-0.4081354
-0.3525269
-0.4495604
-0.5203858
-0.328793
-0.4696938
-0.5409473
-0.2914677
-0.5817739
-0.4465005
-0.3420135
-0.4408029
-0.3983293
-0.4040963
-0.3737062
-0.4214729
-0.5579386
-0.336475
-0.419861
-0.5749941
-0.514907
-0.3975638
-0.4914437
-0.4924869
-0.4456838
-0.3304335
-0.2803774
-0.445059
-0.4556138
-0.4970298
-0.58503
-0.3533347
-0.3924683
-0.3349115
-0.4655975
-0.4575733
-0.3261667
-0.3982284
-0.4309638
-0.4437177
-0.3868985
-0.3663732
-0.271308
-0.3672685
-0.3767625
-0.4441002
-0.3736055
-0.4348173
-0.2905554
-0.3653417
-0.4168586
-0.3540944
-0.3490406
-0.3704243
-0.1914265
-0.1630652
-0.1770121
-0.3619375
-0.3970428
-0.3445884
-0.3353
-0.3092381
-0.2940638
-0.3877583
-0.3497361
-0.2782591
-0.2746544
-0.3650061
-0.255112
-0.2540269
-0.2216295
-0.2846392
-0.2801619
-0.2158031
-0.3457035
-0.2488663
-0.2193877
-0.3778893
-0.181031
-0.3554367
-0.2215961
-0.2996995
-0.2580286
-0.2050495
-0.2901434
-0.3520226
-0.4194254
-0.422483
-0.246937
-0.2224658
-0.2077236
-0.2910001
-0.3774306
-0.1368266
-0.3593478
-0.2692199
-0.2204527
-0.1724023
-0.3585577
-0.1355119
-0.1594901
-0.2807885
-0.4037066
-0.3907567
-0.1099971
-0.1854033
-0.1888723
-0.2119214
-0.1648312
-0.3606185
-0.3365575
-0.3350359
-0.3220654
-0.3194135
-0.1471075
-0.2705938
-0.2172254
-0.1525145
-0.245377
-0.2869172
-0.01082167
-0.05239477
-0.3560893
-0.3362271
-0.2027146
-0.2547048
-0.170388
-0.03478029
-0.1927204
-0.1531879
-0.2947033
-0.1559433
-0.2678147
-0.1698937
-0.09136172
-0.1688888
-0.2932057
-0.2052582
-0.1788691
-0.1272168
-0.1764085
-0.1133348
-0.2107313
-0.01776653
-0.3514132
-0.1384771
-0.03951563
-0.1638729
-0.0406323
-0.2025561
-0.1861445
-0.09139843
-0.1153065
-0.1341317
-0.2182806
-0.0873543
-0.2527983
-0.1047445
-0.2475556
-0.207377
-0.1652822
-0.1396235
-0.06195247
-0.1610137
-0.07045114
-0.2901706
-0.2635886
-0.09741136
-0.09237097
-0.2161036
-0.04023893
-0.02862258
-0.2380904
0.04152718
-0.2112972
0.01137537
-0.01469147
0.009521331
-0.3077256
-0.09032375
-0.06515924
-0.152448
-0.03482865
-0.1350912
0.04929639
-0.1214045
-0.1545575
-0.03340774
-0.001994329
-0.008106504
-0.1137835
-0.1326313
-0.08280837
-0.05354796
0.02514509
-0.1624357
-0.07080915
-0.009977778
-0.022954
-0.06519476
-0.06233163
0.03408493
0.06603
-0.04776566
-0.08973323
0.01066295
-0.1823138
-0.04803688
0.04362369
-0.1140854
0.1010334
0.0507228
0.02348619
-0.1518895
-0.0876811
0.03863404
-0.1793107
-0.02436571
0.008812251
-0.106911
-0.01374558
0.1138104
-0.002524341
-0.04565912
0.1125506
0.009972448
0.02706908
0.0284693
0.003859578
0.02903997
-0.02624884
-0.008224152
-0.01014097
0.08141345
0.1262279
0.003270183
0.05342004
0.006683022
0.0575179
0.09647881
-0.08237707
0.1523661
0.0003467848
0.01890252
0.128518
0.0198725
-0.0874104
-0.06588675
0.07368066
-0.03004582
0.2127771
0.1189713
0.08544815
0.1830875
0.1565868
0.02728403
-0.0558475
0.1023288
0.1427161
0.02618741
0.1101913
0.09743226
0.00886296
0.1239722
0.02729214
0.1194533
-0.001058215
0.2059121
0.02148741
0.2432908
0.1568296
0.1116127
0.01780678
0.1682548
0.2104363
0.1230747
0.0356822
0.1088673
-0.03469553
0.1220991
0.1684577
0.1050398
0.08529536
0.1457186
0.2561875
0.1720064
0.02361657
0.1280022
0.1514392
0.2291513
0.1629378
0.3127777
0.113667
0.16315
0.04061625
0.1837747
0.1615666
0.1622752
0.145044
0.1851754
0.143354
0.1318135
-0.02228288
0.0823816
0.2394556
0.3166588
0.1337728
0.1178991
0.2964616
0.1458677
0.1447264
0.1996436
0.1177025
0.253692
0.05682649
0.2207209
0.2662946
0.116979
0.3376078
0.1879517
0.1651996
0.1298425
0.01767389
0.3040926
0.2247049
0.1133974
0.2015619
0.2149565
0.3663732
0.2328212
0.1723588
0.05792937
0.1549465
0.2541089
0.2209803
0.1072004
0.1352082
0.2525488
0.14862
0.3170318
0.1914418
0.2311238
0.3731353
0.2541929
0.2646756
0.1474479
0.1464395
0.3004139
0.2751417
0.1004691
0.03745446
0.3101631
0.3317431
0.2366143
0.1928159
0.2363789
0.3162076
0.1493821
0.1920223
0.2711658
0.271738
0.2286665
0.4088222
0.2374961
0.3754734
0.1400764
0.3067192
0.3131019
0.2324432
0.4026838
0.3188431
0.2747219
0.3817226
0.3663202
0.4235059
0.3687646
0.2973744
0.2950853
0.402484
0.3267693
0.1489283
0.3305494
0.4268848
0.3966483
0.4180301
0.4128787
0.212503
0.376891
0.2771212
0.2457395
0.4295322
0.4337341
0.406065
0.2849181
0.3759756
0.2722611
0.4712611
0.5744075
0.5331113
0.3975434
0.5451024
0.345594
0.3691897
0.3057805
0.3259518
0.4277684
0.5544286
0.3298067
0.364756
0.4859769
0.3340832
0.2457067
0.2405003
0.3494239
0.2947137
0.3259174
0.2654471
0.4585487
0.3855268
0.2432596
0.4148376
0.383897
0.5066105
0.3635964
0.3739072
0.307519
0.4406261
0.3425253
0.4446848
0.3499805
0.4069913
0.3104932
0.3356186
0.5002839
0.3856425
0.4281437
0.4082756
0.4560844
0.3892592
0.2518312
0.401793
0.30331
0.5966594
0.5007372
0.488722
0.3499891
0.5531398
0.5209469
0.5159523
0.437498
0.4394133
0.4693534
0.4173994
0.4578954
0.4293976
0.4535149
0.3730877
0.4548107
0.4117741
0.425201
0.3690128
0.5132367
0.4402567
0.4506091
0.5711578
0.5591298
0.6097485
0.5570275
0.570428
0.5497137
0.5490413
0.6170253
0.626701
0.4931779
0.5394283
0.6255514
0.5741731
0.4326421
0.568523
0.5565889
0.54394
0.5325758
0.4694405
0.6362745
0.4139767
0.504641
0.454064
0.5833465
0.5189037
0.5714651
0.5127211
0.5566693
0.4560133
0.4841055
0.5623376
0.4100737
0.5010278
0.6520697
0.6400806
0.6129755
0.5639188
0.6702418
0.426272
0.5685076
0.6205591
0.5144908
0.6151408
0.5352839
0.5272122
0.4330615
0.7521763
0.601572
0.6035851
0.4438972
0.5017908
0.5857487
0.5478058
0.5871719
0.6654231
0.5628647
0.5660886
0.4396216
0.6562273
0.5533228
0.4524812
0.4848139
0.5363602
0.6443109
0.6280771
0.618657
0.7110151
0.7246023
0.6630098
0.7429155
0.5319514
0.5478243
0.6897496
0.5871108
0.6416061
0.6282722
0.6884411
0.4327986
0.6754597
0.699613
0.8208903
0.72006
0.6768444
0.6802053
0.740507
0.8307899
0.6528113
0.6045616
0.6482175
0.6692362
0.7476533
0.6850067
0.5943637
0.7632747
0.7055485
0.6683139
0.6142385
0.6767568
0.7028452
0.6300552
0.7960747
0.6043828
0.6834394
0.5906693
0.6349252
0.7993205
0.7376291
0.7010752
0.7580762
0.7877077
0.7949697
0.6770804
0.6930402
0.7617512
0.6280435
0.8811111
0.6980221
0.7450252
0.779985
0.6558668
0.7006833
0.6536767
0.7939973
0.6954775
0.6202649
0.6178162
0.7432418
0.6833963
0.8443979
0.8556178
0.7036091
0.6882164
0.8135414
0.8105482
0.5990354
0.787845
0.6597524
0.6949244
0.7686574
0.7204769
0.7317695
0.695527
0.7850337
0.7594983
0.7036827
0.8374601
0.8747764
0.9112368
0.8653861
0.7356184
0.8171806
0.6699686
0.7177272
0.74824
0.7214734
0.899468
0.8049598
0.8750274
0.6579395
0.806298
0.7963058
0.8400952
0.7604428
0.8524315
0.7217439
0.8049132
0.7210077
0.808596
0.7896524
0.8087143
0.7529718
0.785287
0.9011527
0.8464577
0.9516237
0.8440232
0.8869029
0.8202099
0.83704
0.7670904
0.9911394
0.9053027
0.8584554
0.8307832
1.059023
0.820399
0.9351357
0.9591448
0.8695785
0.8194545
0.8830453
0.775105
0.8735958
0.7298707
0.9130939
0.9849511
0.7795052
0.9614905
0.7944738
0.8932287
0.9825202
0.856214
0.9441311
0.8550994
0.8667051
0.7441053
0.875314
0.9862005
0.9726134
0.9711187
0.9216642
0.7754939
1.110419
0.9733289
0.8572154
0.9310701
0.865766
0.9258101
0.941064
1.002726
0.9487186
1.036073
0.9051604
0.9249588
0.792707
0.9258145
1.038134
0.9312345
1.050901
0.9587358
1.028395
0.8329638
0.8580171
0.9742458
0.9265693
0.9832613
0.7559587
0.89072
1.047711
0.9413595
0.8286568
1.017935
0.9405776
1.031877
0.9171463
0.9952293
1.138499
0.9634201
1.131415
0.9835769
0.9276727
0.9950473
0.9293763
1.032464
1.076664
0.8668391