-0.03206859
-1.101027
-0.9767633
-1.029113
-0.9164664
-0.935976
-0.868645
-0.9339696
-0.9912742
-1.133934
-0.9399486
-0.9331143
-0.9802834
-0.9856175
-0.8649991
-1.043267
-1.012325
-0.7571766
-1.004057
-1.018052
-0.9687272
-0.7780297
-0.9042042
-0.9930688
-0.8755653
-0.9165935
-0.9706575
-0.9448211
-0.9309683
-0.9441451
-0.7666395
-0.9087963
-0.8300023
-1.020702
-0.9357838
-0.8529613
-0.9593567
-0.91481
-0.9669993
-0.8793542
-0.8575342
-0.9423972
-0.9452731
-1.074875
-0.9836003
-1.004057
-0.9802184
-1.065095
-0.9438988
-0.8743179
-0.9000795
-0.9540839
-0.9870897
-0.892276
-0.8936991
-0.993391
-0.8357141
-0.7950752
-0.9043223
-0.924964
-0.8750678
-0.9040422
-1.045323
-1.007066
-0.8039231
-0.8751002
-0.8473393
-0.8885207
-0.7299132
-0.9391869
-0.8995886
-0.973109
-0.9120064
-0.9549038
-0.9648154
-0.8246823
-0.9048668
-0.8960251
-0.7040479
-0.8141137
-0.7819203
-0.8937937
-0.8278678
-0.9300604
-0.9381605
-0.9996448
-0.8328501
-0.7498671
-0.7891517
-0.7882529
-0.9002988
-0.9462879
-0.7174221
-0.8973629
-0.7477056
-0.8900438
-0.7834175
-0.7714822
-0.9405792
-0.7589604
-0.8313306
-0.7539203
-0.8226325
-0.7834287
-0.7276289
-0.7717798
-0.8412506
-0.5894706
-0.7347912
-0.800685
-0.8883979
-0.8128533
-0.8284017
-0.8047765
-0.5365753
-0.8128472
-0.79476
-0.7618256
-0.7927682
-0.6393121
-0.8543087
-0.6901507
-0.8865174
-0.679089
-0.6752893
-0.8110262
-0.7936248
-0.7743901
-0.7762755
-0.846197
-0.8288731
-0.7408518
-0.8283227
-0.6167469
-0.6891482
-0.8226513
-0.7927316
-0.6818536
-0.7363828
-0.8273468
-0.6922276
-0.7552067
-0.742145
-0.494497
-0.8069054
-0.6630482
-0.7510468
-0.4789035
-0.6503959
-0.6538245
-0.6985483
-0.6053501
-0.6361006
-0.6231935
-0.6992982
-0.7562587
-0.6645088
-0.7081755
-0.5690797
-0.8138466
-0.7274156
-0.6480556
-0.5679705
-0.5890759
-0.6115395
-0.7050041
-0.734514
-0.6702796
-0.6998176
-0.6171802
-0.5987238
-0.6643271
-0.607184
-0.4904297
-0.7366311
-0.5895075
-0.7776521
-0.6163705
-0.7576769
-0.5900819
-0.547605
-0.6163002
-0.6440894
-0.5886146
-0.601379
-0.59137
-0.7132821
-0.6621591
-0.5671301
-0.5631947
-0.7679609
-0.6413322
-0.7471267
-0.5620489
-0.5836157
-0.626819
-0.5530042
-0.6416812
-0.6588585
-0.4609056
-0.5623885
-0.7629093
-0.6184969
-0.612672
-0.6614466
-0.6506607
-0.5605089
-0.4082026
-0.5902224
-0.4172554
-0.5121722
-0.5743039
-0.4867027
-0.5056898
-0.630199
-0.6111068
-0.5456254
-0.6818162
-0.5136005
-0.658079
-0.5822483
-0.5177761
-0.6643752
-0.692651
-0.4167146
-0.6299239
-0.55285
-0.3861454
-0.4944082
-0.5751807
-0.5739077
-0.3798301
-0.6018119
-0.4808803
-0.5741779
-0.6304765
-0.4790142
-0.4667305
-0.5456752
-0.4731872
-0.5195691
-0.4597098
-0.5350343
-0.5750346
-0.4283286
-0.58097
-0.6017469
-0.5017707
-0.5780828
-0.6517744
-0.5437016
-0.3653173
-0.6601793
-0.3513587
-0.5418834
-0.5335314
-0.4953861
-0.4683575
-0.4592119
-0.3980137
-0.3623356
-0.4824167
-0.6106177
-0.4560576
-0.5050338
-0.5483007
-0.3811956
-0.4194884
-0.4214376
-0.4948683
-0.4143189
-0.3238571
-0.4759326
-0.3911325
-0.3004625
-0.3479948
-0.4407316
-0.4703713
-0.3861283
-0.5147982
-0.4467258
-0.4046072
-0.3608038
-0.460048
-0.5144039
-0.337193
-0.4722445
-0.5245334
-0.3013111
-0.5814398
-0.4578892
-0.3538479
-0.460988
-0.3641446
-0.4194502
-0.37275
-0.394151
-0.5607729
-0.3469235
-0.4196733
-0.593006
-0.5231336
-0.381426
-0.4987511
-0.4741086
-0.4460702
-0.3400291
-0.2906854
-0.4345201
-0.4578961
-0.4977485
-0.5742265
-0.3785431
-0.3793169
-0.3413252
-0.4523155
-0.4656368
-0.3220098
-0.4271768
-0.3942754
-0.4657798
-0.3729911
-0.3851965
-0.24051
-0.3746833
-0.3741649
-0.4273277
-0.359664
-0.436111
-0.2876618
-0.3865739
-0.3956798
-0.3526732
-0.3450002
-0.3769805
-0.1864993
-0.1709735
-0.1848081
-0.3567694
-0.3794421
-0.3396731
-0.327317
-0.3210285
-0.291036
-0.3901635
-0.3625197
-0.268713
-0.2868344
-0.3614455
-0.2444324
-0.2365655
-0.192901
-0.2949831
-0.2665421
-0.22134
-0.3381091
-0.2459345
-0.2135722
-0.3744639
-0.1833821
-0.3581522
-0.2173485
-0.3174708
-0.2645776
-0.1941981
-0.2870207
-0.3564797
-0.4170999
-0.434167
-0.2702709
-0.2205912
-0.1998448
-0.3002306
-0.3736037
-0.1354061
-0.3608906
-0.2823978
-0.2206871
-0.1507524
-0.3408427
-0.1396778
-0.154863
-0.297252
-0.4248504
-0.4026505
-0.1136314
-0.2042638
-0.1917298
-0.2045945
-0.1579337
-0.3413942
-0.323247
-0.3410772
-0.321592
-0.3249056
-0.1526799
-0.2589674
-0.2376035
-0.1449523
-0.2581641
-0.3017033
0.002366873
-0.05146952
-0.3801747
-0.3517153
-0.2239092
-0.2599775
-0.153999
-0.03939349
-0.1771478
-0.1403378
-0.2640214
-0.177363
-0.2584677
-0.176402
-0.1006649
-0.1500174
-0.2813836
-0.2072023
-0.1762906
-0.1331183
-0.1667446
-0.0954124
-0.2016784
-0.03121849
-0.3550863
-0.1212754
-0.03513363
-0.1650125
-0.05508422
-0.202274
-0.1798542
-0.08603022
-0.1194699
-0.155445
-0.2099629
-0.06604791
-0.2361399
-0.09691296
-0.2394659
-0.2038727
-0.1687973
-0.1380413
-0.04539495
-0.1538496
-0.0490721
-0.2944379
-0.2581208
-0.1138452
-0.05181815
-0.2234029
-0.05044481
-0.02875825
-0.2238898
0.02003826
-0.2142147
-0.01357492
-0.01178967
0.005550449
-0.3010488
-0.06703373
-0.0557487
-0.1600203
-0.05781709
-0.116418
0.07545345
-0.127851
-0.1500597
-0.02796004
6.208568e-05
-0.02752696
-0.0912377
-0.119762
-0.0752004
-0.04096978
0.01364685
-0.1770625
-0.0692554
0.0114096
-0.04134075
-0.06843945
-0.05481116
0.02190901
0.05773003
-0.03764253
-0.07559621
-0.0005895578
-0.1927689
-0.03964789
0.04649294
-0.135346
0.09490382
0.03213296
0.02639539
-0.1458947
-0.0889533
0.01528166
-0.1936833
-0.03277802
-0.009012899
-0.1164932
-0.004097697
0.1427576
-0.01947586
-0.04791913
0.1048829
0.007584868
0.0367605
0.02246816
0.007128504
0.01815939
-0.045825
0.001782823
-0.0142465
0.06882236
0.1298757
-0.001757477
0.05994275
0.006806031
0.07018115
0.1067292
-0.07858728
0.137579
0.03350515
0.0299389
0.1218248
0.01984405
-0.08515568
-0.05535758
0.06272691
-0.03367614
0.2038807
0.1162523
0.09258187
0.1748397
0.1293233
0.03766793
-0.05398541
0.1288992
0.1347983
0.04687765
0.1106264
0.1022031
0.01572881
0.1417637
0.0258155
0.1176307
-0.0006932281
0.195922
0.02511689
0.2552387
0.1588905
0.1148039
-0.01160688
0.1636028
0.198503
0.1355216
0.02718902
0.09344469
-0.01882437
0.08810408
0.1811247
0.1237448
0.06372163
0.1471668
0.2499673
0.1674128
0.02211355
0.1399017
0.1540545
0.2332293
0.1356732
0.3188724
0.1203403
0.1685328
0.0395311
0.199578
0.1536654
0.1576951
0.1550675
0.1713775
0.1396043
0.1444068
0.003318352
0.1069078
0.2510465
0.2911008
0.1223816
0.1264652
0.3052335
0.1327429
0.1654052
0.1795478
0.1174623
0.238148
0.06544162
0.2296793
0.2626171
0.1238893
0.3163117
0.2077911
0.1767406
0.1060818
0.02599697
0.2972839
0.2342449
0.1487916
0.2079098
0.2077782
0.3580544
0.2578118
0.170153
0.07468031
0.1706341
0.2555039
0.2142279
0.1089922
0.1431636
0.2560172
0.1366569
0.3123252
0.1987209
0.2200463
0.3512775
0.2557795
0.2856669
0.1713291
0.1458052
0.2876235
0.2583824
0.1257897
0.03066262
0.2927157
0.3283681
0.243114
0.1926708
0.2434717
0.2964541
0.1320593
0.2177084
0.2344477
0.2810971
0.2549358
0.3888938
0.2521443
0.3788174
0.1468711
0.3305593
0.3206563
0.2336234
0.4191393
0.3126751
0.2793772
0.3920106
0.3806281
0.397752
0.3621302
0.3096802
0.292665
0.4008209
0.3286836
0.1771938
0.3375159
0.4273889
0.3709205
0.4408919
0.4077733
0.2379491
0.3757223
0.2991948
0.2399664
0.4005524
0.4441451
0.4079203
0.286933
0.4139208
0.2709313
0.4875048
0.5894403
0.5362844
0.4010199
0.5538597
0.3503705
0.3954882
0.3020916
0.3127513
0.4320625
0.5580799
0.3277316
0.3785717
0.4723316
0.3326032
0.2297047
0.2291064
0.3616787
0.3016352
0.3202178
0.2607644
0.4733977
0.3633234
0.2690412
0.4042691
0.3951287
0.4971212
0.3623758
0.3569323
0.3363124
0.4327297
0.3456325
0.424246
0.3640921
0.4122784
0.302954
0.35014
0.4992461
0.381294
0.4255
0.409081
0.4438533
0.3942241
0.2428316
0.3975337
0.3190376
0.5845683
0.4691386
0.5112657
0.3421191
0.5619408
0.5294985
0.5199631
0.4362147
0.4414942
0.469045
0.4205305
0.4423056
0.4321193
0.4623941
0.3615428
0.4505447
0.4239015
0.4327122
0.3711029
0.5042252
0.4302969
0.4364007
0.5593755
0.5695822
0.6101434
0.5670275
0.5626508
0.539534
0.532918
0.619481
0.6195867
0.5035731
0.5314929
0.6081828
0.5982583
0.4222466
0.5411041
0.530138
0.5211572
0.4965062
0.4548056
0.6086041
0.4047435
0.5209863
0.4568257
0.5879479
0.5252824
0.5534557
0.509204
0.5354791
0.46955
0.4849194
0.5499005
0.4282766
0.512242
0.65094
0.6430951
0.597979
0.5501574
0.6836444
0.4243058
0.5521343
0.6256557
0.5174005
0.6328086
0.5482846
0.5212762
0.4448723
0.7442098
0.6112594
0.5867779
0.4712644
0.4963138
0.5889818
0.5481047
0.570644
0.6703938
0.556621
0.5856723
0.4386312
0.6495202
0.5589372
0.4380878
0.4715332
0.5443937
0.6160832
0.6236378
0.6100759
0.7077223
0.7314943
0.6555168
0.7430102
0.5289315
0.5546791
0.6729755
0.5905439
0.6444748
0.6409849
0.6822892
0.4436288
0.657069
0.7002487
0.8421312
0.7278491
0.6898353
0.6726963
0.7407644
0.8407313
0.6780104
0.6354529
0.6591906
0.6977786
0.7598624
0.6910761
0.610821
0.7542852
0.6901346
0.6642082
0.650426
0.7027524
0.6889219
0.6415219
0.7808715
0.6058411
0.686629
0.5773849
0.6162407
0.8007001
0.745023
0.7297975
0.7622013
0.7921867
0.7991913
0.6885078
0.6923145
0.7675824
0.6009286
0.8877082
0.6946911
0.7485899
0.7932076
0.6492301
0.7166672
0.6486567
0.7907841
0.6859976
0.6278597
0.6260926
0.7523021
0.6752434
0.8489159
0.8655768
0.6963788
0.7089933
0.8186691
0.7857227
0.5712394
0.7932727
0.6811671
0.6942304
0.7732099
0.7205139
0.7304286
0.7043707
0.7691339
0.7872855
0.7180243
0.8324496
0.8733684
0.9311342
0.8635437
0.734638
0.8198612
0.6789409
0.7239994
0.7313415
0.7034616
0.9228609
0.8037248
0.8561787
0.6357071
0.7971671
0.8114409
0.8117239
0.7580093
0.8572583
0.7316968
0.8245728
0.7370414
0.7887845
0.8104836
0.8220517
0.7604238
0.7952292
0.8915852
0.8216379
0.9598705
0.8570511
0.8933498
0.8378019
0.829388
0.7755076
0.9934821
0.9146766
0.8695682
0.8257184
1.054978
0.8112134
0.9246442
0.9646196
0.8767293
0.8243037
0.8726825
0.7883538
0.8585733
0.7346027
0.9126729
0.993829
0.7900592
0.9307031
0.7777382
0.8873403
0.9983478
0.8728427
0.9462462
0.8527144
0.8712002
0.7302015
0.8973511
0.963381
0.9704598
0.977508
0.9202527
0.7782383
1.121514
0.971456
0.8535398
0.935818
0.8582213
0.9092938
0.9387584
0.9965962
0.9275641
1.028604
0.893609
0.9096143
0.7969724
0.9113297
1.016798
0.9489343
1.052102
0.9519078
1.04383
0.8337265
0.8661328
0.9649083
0.9055091
0.9807689
0.7604575
0.9034867
1.042068
0.917832
0.8195461
1.026875
0.9601538
1.02813
0.9435793
1.009875
1.15832
0.9589476
1.117154
0.9955218
0.9469672
1.007458
0.9112336
1.055101
1.104191
0.8630988