0.04330602
-0.9465342
-1.039764
-0.9407135
-1.050282
-0.9488381
-0.9986265
-1.014004
-1.129361
-1.004649
-0.9479164
-0.9577299
-1.002332
-0.9621464
-0.9581563
-0.951197
-0.9258711
-0.8639549
-0.9875291
-0.951598
-1.025656
-0.9713569
-0.8541003
-0.9112514
-1.100554
-0.8777081
-0.9134225
-0.9534461
-1.044855
-0.9362592
-0.910417
-0.9046267
-0.8814113
-0.9765571
-0.8767448
-0.8882459
-0.9148482
-0.7966107
-0.9233593
-0.9280361
-0.6715812
-0.7569262
-0.8856454
-0.8882876
-0.9929745
-0.7999464
-0.9740865
-0.9334504
-0.9335346
-0.9174691
-0.8234148
-1.020867
-1.022251
-0.6715373
-0.7600011
-0.7754229
-0.8852513
-0.9714181
-0.8459353
-0.8489313
-0.7068232
-0.8283206
-0.9450614
-0.9671857
-0.880304
-0.8243212
-0.9494483
-0.8346448
-0.849676
-0.7892262
-0.8101632
-0.6390184
-0.7370926
-0.9978155
-0.9976573
-0.8594738
-0.797041
-1.041186
-0.7331924
-0.8564256
-0.8325988
-0.8251108
-0.8945724
-0.8536225
-0.8311509
-0.8138306
-0.6367213
-0.9065499
-0.8052767
-0.926178
-0.8342552
-0.8221705
-0.7290341
-0.8969312
-0.7318932
-0.7092484
-0.7329304
-0.8483495
-0.7212266
-0.8320296
-0.7886606
-0.7525794
-0.8097245
-0.916264
-0.892359
-0.9309976
-0.7482713
-0.7189858
-0.9073306
-0.718283
-0.8769227
-0.772263
-0.7908327
-0.7184616
-0.6765177
-0.788223
-0.6778512
-0.6988091
-0.8756812
-0.7524507
-0.8116816
-0.7373683
-0.8488331
-0.8143923
-0.728943
-0.606235
-0.7267168
-0.934721
-0.7299786
-0.7348914
-0.7186771
-0.5681901
-0.7492097
-0.834188
-0.7512033
-0.7603956
-0.691514
-0.5267841
-0.5173243
-0.6938032
-0.783647
-0.6830866
-0.7906546
-0.8106637
-0.7858102
-0.719203
-0.6179841
-0.6900189
-0.6607792
-0.6906805
-0.6803837
-0.7001014
-0.7366736
-0.6358104
-0.756267
-0.6437254
-0.7400964
-0.6515435
-0.6069431
-0.5789098
-0.617518
-0.5917889
-0.5476403
-0.6066921
-0.6603962
-0.6565333
-0.6477502
-0.666542
-0.8243406
-0.5738736
-0.654102
-0.6179038
-0.6800826
-0.6953073
-0.5907123
-0.7638692
-0.6632546
-0.7495542
-0.6580063
-0.8165877
-0.517081
-0.6882752
-0.6074903
-0.7103433
-0.6030196
-0.5764391
-0.5188985
-0.633622
-0.674173
-0.5986647
-0.6811185
-0.5771334
-0.6391916
-0.6981178
-0.6802163
-0.5341084
-0.5734398
-0.5448855
-0.4923722
-0.494655
-0.6398146
-0.5724325
-0.6602604
-0.5302479
-0.6525901
-0.7303528
-0.6337659
-0.7737142
-0.487024
-0.466846
-0.5450975
-0.5733728
-0.565555
-0.5055424
-0.6445338
-0.6189295
-0.5467911
-0.5442416
-0.5687888
-0.6741121
-0.3662763
-0.5453118
-0.562176
-0.5428402
-0.60595
-0.5236206
-0.5531036
-0.7333425
-0.5040353
-0.5174403
-0.5495927
-0.5536512
-0.5219058
-0.4669245
-0.656911
-0.5383091
-0.7281022
-0.4970834
-0.5400654
-0.6557381
-0.6400316
-0.5181823
-0.4965569
-0.498412
-0.6081402
-0.5997323
-0.4416743
-0.4875151
-0.5453542
-0.4086762
-0.42403
-0.5171068
-0.6623899
-0.4996982
-0.5070745
-0.4701611
-0.4597479
-0.6634842
-0.4999259
-0.4520138
-0.4500593
-0.5263847
-0.5876714
-0.5096014
-0.2835704
-0.4403066
-0.432123
-0.5032539
-0.476948
-0.4102142
-0.3829372
-0.3322581
-0.4275075
-0.6302049
-0.5864533
-0.3998483
-0.4190205
-0.5176445
-0.3933836
-0.372915
-0.54748
-0.3955387
-0.5357686
-0.3648603
-0.4992618
-0.5620805
-0.3329441
-0.436025
-0.3342692
-0.4600084
-0.2794488
-0.4316328
-0.5613153
-0.3490712
-0.332488
-0.4356732
-0.436827
-0.5371516
-0.3277861
-0.3506841
-0.3904307
-0.4894689
-0.4277595
-0.4592764
-0.4339416
-0.4421501
-0.3288116
-0.4944527
-0.4780796
-0.4199219
-0.2871531
-0.5082304
-0.3871212
-0.479255
-0.4138284
-0.3651297
-0.4216882
-0.510376
-0.2209559
-0.3317365
-0.3105299
-0.3112041
-0.4147198
-0.3755661
-0.3316123
-0.5054268
-0.5207457
-0.1972058
-0.2734193
-0.3087939
-0.2909477
-0.361031
-0.3456645
-0.2868795
-0.1813128
-0.3804733
-0.490032
-0.2237529
-0.3239817
-0.3186446
-0.2935659
-0.3679469
-0.4144526
-0.4075835
-0.3028786
-0.2769462
-0.3082895
-0.2052099
-0.2361856
-0.3347838
-0.318931
-0.3677637
-0.3491443
-0.2528112
-0.2322802
-0.2292718
-0.2347016
-0.2656942
-0.3414901
-0.2747336
-0.2764464
-0.239772
-0.264467
-0.3850898
-0.2843808
-0.1814123
-0.2543457
-0.3230127
-0.2466394
-0.4337298
-0.1774027
-0.2482776
-0.2379686
-0.3553874
-0.3992342
-0.2631792
-0.2391242
-0.2511655
-0.2940189
-0.2433487
-0.06074067
-0.131218
-0.4446991
-0.2832602
-0.3803802
-0.2692387
-0.1222641
-0.1915476
-0.2613861
-0.2338329
-0.2415224
-0.105036
-0.1878624
-0.1968567
-0.3768702
-0.3702246
-0.3246874
-0.3158369
-0.1921891
-0.2299173
-0.08158719
-0.05085966
-0.2272053
-0.3274303
-0.1354965
-0.1762034
-0.1555646
-0.1499612
-0.1731869
-0.1051569
-0.1729173
-0.08443201
-0.1485441
-0.1427963
-0.1554206
-0.1252921
-0.1932448
-0.1316321
-0.02381605
-0.1930281
-0.1251238
-0.291708
-0.2180615
-0.1661892
-0.1495868
-0.04487769
-0.132625
-0.168419
-0.05645826
-0.05839275
-0.1245527
-0.09139278
-0.1987279
-0.04150479
-0.1027224
0.004291375
-0.1340637
-0.1297765
-0.1345475
-0.08396025
-0.1006491
-0.1697206
-0.2854066
-0.1678034
-0.2056379
-0.2024937
-0.2268536
-0.2407365
-0.109642
-0.03115449
0.0184538
-0.1228134
-0.1639454
-0.05304584
-0.101476
0.007940779
0.02640007
-0.1203182
0.002374264
-0.09251691
-0.08828215
-0.1259959
-0.1611507
-0.03439024
-0.02621718
-0.1209937
-0.1448806
0.01759134
-0.1334204
-0.06381811
-0.04987534
-0.1071532
0.06032784
-0.1063297
0.03199457
-0.06213796
-0.1595641
-0.05862106
-0.07995015
-0.00241519
-0.07714134
0.05413122
-0.04574342
-0.08302901
-0.03512867
-0.1574382
0.06115124
-0.02974177
0.13906
-0.1171036
-0.0731994
-0.01756363
0.06570245
-0.05155137
0.02159136
0.09588385
-0.08703435
-0.1044135
0.02665992
0.0005470383
-0.08049526
-0.1818249
0.05799424
-0.01787803
-0.08440054
0.07258534
-0.0009278312
0.2287669
0.1793564
-0.1273684
0.03105124
-0.08148938
0.1103273
-0.02165334
0.0808366
0.1036135
0.07747389
0.1823279
0.1267664
-0.06782206
0.01947688
-0.08035593
-0.02491283
0.1202828
0.2244643
0.07253834
-0.1055424
-0.05345818
0.1726758
0.07091314
0.1205037
0.02972044
-0.005102495
0.181976
0.08580748
0.1532265
0.006882612
-0.02336631
-0.03226015
0.2564359
-0.08855725
0.05991867
0.1284499
0.03515885
0.1322568
-0.02243164
0.2283177
0.04174158
0.1318573
0.1278736
0.02166935
0.1373832
0.04430868
-0.008655336
0.1537068
0.2156406
0.1125172
0.1023537
0.1501478
0.244349
0.2109488
0.1350828
0.08964145
0.1563753
0.0006006426
0.1490263
0.08836737
-0.05091689
0.100254
0.2034891
0.08106477
0.129867
0.09232974
0.1056195
0.1518477
0.1466545
0.07617425
0.02208969
0.1347186
0.1666316
0.1511335
0.3151257
0.2448309
0.1496045
0.2416257
0.1921756
0.1246403
0.1795033
0.1433571
0.1370695
0.2619373
0.1597822
0.2313461
0.1378606
0.214985
0.2321211
0.01938227
0.244502
0.2752406
0.3221816
0.2740445
0.3443932
0.09726126
0.3067276
0.1599525
0.3181065
0.1242029
0.2904022
0.1973479
0.3068735
0.2770455
0.1995516
0.2310978
0.2780556
0.3469842
0.3500543
0.3044158
0.1838749
0.3168526
0.2355144
-0.01742191
0.1984391
0.165577
0.2046794
0.2782306
0.3225683
0.2667677
0.3512381
0.2605966
0.3626572
0.2657591
0.1911206
0.09491313
0.3345934
0.169611
0.4357516
0.282975
0.1842328
0.3142554
0.2147047
0.2938342
0.4017279
0.3321478
0.332139
0.4082691
0.373069
0.2098529
0.1334943
0.2771684
0.1158243
0.2399148
0.2868639
0.3506706
0.2648115
0.3387448
0.2677198
0.2177434
0.3079873
0.2781346
0.2544229
0.420241
0.1608377
0.3335435
0.3205009
0.3186339
0.3669369
0.2061406
0.3716886
0.2535537
0.3072917
0.2469004
0.3408276
0.2358406
0.3309573
0.2611295
0.4484853
0.4711761
0.3593272
0.4103959
0.3726661
0.5324796
0.2245237
0.2789768
0.3228498
0.3836046
0.3585881
0.3509995
0.3684211
0.2701215
0.3495892
0.4055342
0.3928072
0.3757881
0.5982993
0.3689463
0.34551
0.3628706
0.4369839
0.3792997
0.5254894
0.391489
0.5080341
0.3135449
0.383336
0.4379585
0.3542477
0.4102265
0.298794
0.3173435
0.3202701
0.4229889
0.4405336
0.5626872
0.4931508
0.5386226
0.2879518
0.3808071
0.4915129
0.4100606
0.4045081
0.4891641
0.5215481
0.4460561
0.5959799
0.3704982
0.4466402
0.4378705
0.2987035
0.5059538
0.3806824
0.5611875
0.5826184
0.3272
0.2775362
0.5242917
0.4988132
0.3942652
0.514316
0.6052073
0.4655435
0.3859455
0.5183348
0.5538106
0.3753907
0.5232355
0.5718477
0.3375756
0.543449
0.6845529
0.4540448
0.4806184
0.5308432
0.6584153
0.4877743
0.3369425
0.6202274
0.6100286
0.6282998
0.5293014
0.7367634
0.5252971
0.5006698
0.5753249
0.574154
0.4830065
0.5384604
0.394713
0.4867019
0.5909446
0.5928668
0.5079648
0.559233
0.5056265
0.6491046
0.6296515
0.6009388
0.5866746
0.5054841
0.5796662
0.5638245
0.4388238
0.4913023
0.3967001
0.4802523
0.7346645
0.5752544
0.5131211
0.5919316
0.6282143
0.6483563
0.5897337
0.54655
0.67973
0.5288752
0.4946105
0.6688411
0.4774217
0.5286148
0.4660109
0.6129359
0.58253
0.6217662
0.5213951
0.6190127
0.6923112
0.6467102
0.631509
0.6246258
0.5271753
0.7150179
0.6749664
0.5387412
0.6576488
0.5664837
0.7251109
0.6253659
0.6788841
0.7271918
0.6973801
0.6346759
0.6718671
0.5476492
0.5464432
0.6489162
0.7410939
0.7282451
0.6276503
0.7066291
0.5930352
0.6805989
0.6600591
0.5774508
0.6790054
0.5358199
0.7416091
0.7483629
0.7669639
0.7649339
0.8029976
0.7240132
0.5682128
0.7502319
0.6601139
0.7327167
0.7274695
0.7258393
0.6721678
0.5676024
0.4933991
0.6701794
0.7144412
0.7491534
0.7282001
0.7900808
0.674335
0.6758082
0.7756835
0.7171691
0.6464163
0.6937543
0.7972073
0.7916092
0.6200393
0.7907626
0.7279705
0.657005
0.6487258
0.8374963
0.7127693
0.8135359
0.9145601
0.6685318
0.7054965
0.7614853
0.741976
0.5898926
0.8481175
0.7121195
0.6906841
0.7231557
0.9623842
0.7549495
0.7313589
0.8091862
0.7984208
0.7213609
0.8529945
0.7902809
0.7591047
0.6207053
0.6605253
0.804135
0.8034165
0.918929
0.8165062
0.7599575
0.8668862
0.9108101
0.8314335
0.720679
0.9113711
0.7941623
0.7197881
0.8794946
0.6541688
0.8018255
0.7740816
0.7838225
0.7740711
0.7860901
0.8118534
0.854264
0.7604065
0.7942431
0.8759037
0.7600643
0.856664
0.7889093
0.8960958
0.8841495
1.040101
0.9470965
0.8217131
0.8833553
0.8466602
0.8910398
0.8064765
0.9200476
0.9834474
0.8298136
0.9209177
0.7564748
0.7840572
0.689311
0.8948531
0.749967
0.9594703
0.9182506
0.8851748
0.9010405
0.9756888
0.8589636
0.8453969
1.003176
0.8533695
1.022598
0.9901343
0.7636119
0.925537
1.007777
0.870538
0.8373307
0.757374
0.885446
1.017606
0.7822619
0.888931
0.8706562
0.704948
0.9011225
0.9490862
0.9112222
1.088233
1.032672
0.959754
0.9644551
0.8930249
1.016395
0.9733252
0.9010404
0.9849934
0.9917714
0.9398126
0.9565183
0.7959976
1.003633
0.8163704
1.031912
0.9114301
0.9968808
0.8569242
0.9638841
0.9828729
0.8867704
0.9139583
1.077364
0.9971801
1.030103
1.00284
1.027401
0.8992291
1.067282
0.9407844
1.074179
1.007433
0.8979345
1.029557
1.078847
0.9354223
0.900189
0.8477377