0.1170225
-0.9769225
-1.009985
-0.7940484
-0.9098755
-1.051733
-0.9841813
-0.886023
-1.055582
-1.024461
-1.032423
-1.064965
-0.9722079
-1.027153
-0.8370899
-1.017173
-0.8296246
-0.9188726
-0.9919506
-0.9942579
-0.8497577
-0.9170604
-1.031925
-0.861476
-1.079589
-0.925819
-0.7927122
-1.027992
-0.8822755
-0.8679734
-0.9148596
-0.8872413
-0.9666855
-0.8678671
-0.792591
-1.162514
-0.9738083
-0.9257632
-0.9040843
-0.914524
-1.061445
-0.8642268
-0.7433047
-1.012072
-0.9265542
-0.8421996
-0.8702799
-0.8911471
-0.902469
-0.7638383
-0.8045025
-0.9603976
-0.8308302
-0.8615819
-0.850714
-0.7551561
-0.9322829
-0.8358185
-0.9503172
-0.8034515
-0.8807594
-0.9471732
-0.7872662
-0.8407282
-0.932319
-1.065414
-1.018875
-0.7677889
-0.7647153
-0.7871191
-0.8185903
-0.7018631
-0.8947789
-0.7836957
-0.9067908
-0.8444878
-0.8234252
-0.9118701
-0.8962689
-0.7943653
-0.7036249
-0.914123
-0.8002527
-0.865173
-0.8147708
-0.8624247
-0.899613
-0.8134801
-0.7955
-0.7842156
-0.8781066
-0.8542424
-0.8264535
-0.7948802
-0.8252097
-0.9450653
-0.677667
-0.6758864
-0.87991
-0.678632
-0.7079311
-0.8810305
-0.89786
-0.8284391
-0.8130498
-0.7337404
-0.7540355
-0.6700485
-0.7714153
-0.8910574
-0.8398713
-0.8187736
-0.6831782
-0.7901617
-0.7894147
-0.6601427
-0.7401613
-0.7615563
-0.8778346
-0.6685277
-0.8319188
-0.7602401
-0.7642388
-0.7397477
-0.7004359
-0.840439
-0.6941714
-0.6830509
-0.7982482
-0.7315923
-0.7156272
-0.7556463
-0.8121919
-0.7696563
-0.6869128
-0.5698375
-0.800472
-0.7223612
-0.6858608
-0.8272805
-0.7543478
-0.6985425
-0.8287621
-0.7413518
-0.6337088
-0.7531944
-0.7995768
-0.6277742
-0.7168384
-0.6509656
-0.700876
-0.5957431
-0.6147907
-0.742591
-0.5653762
-0.757595
-0.6600732
-0.6745002
-0.8124416
-0.6929977
-0.6404911
-0.747503
-0.6255102
-0.7716833
-0.6934221
-0.704448
-0.6807191
-0.7115173
-0.6726294
-0.6920393
-0.7481542
-0.5393544
-0.700283
-0.6499683
-0.5602008
-0.6396217
-0.5180257
-0.7057465
-0.6050017
-0.774131
-0.535841
-0.5894269
-0.5498341
-0.647777
-0.5537306
-0.5239003
-0.7692505
-0.632954
-0.5680124
-0.5267616
-0.7296201
-0.5599375
-0.6104746
-0.6785633
-0.673211
-0.7506381
-0.6297939
-0.5835045
-0.6070781
-0.6842658
-0.6942696
-0.4664223
-0.6737274
-0.6206147
-0.6152972
-0.642095
-0.5489925
-0.7270447
-0.5769472
-0.6371371
-0.5988213
-0.567631
-0.6992496
-0.5901662
-0.6803131
-0.5903951
-0.6240919
-0.5077588
-0.5095098
-0.5162669
-0.5882603
-0.5406352
-0.6853167
-0.6095954
-0.5063165
-0.5845937
-0.6271303
-0.6431915
-0.5219657
-0.4433934
-0.6332847
-0.4333547
-0.3744527
-0.3432521
-0.471804
-0.7142227
-0.6356765
-0.3540305
-0.4243697
-0.5299698
-0.5566772
-0.5131507
-0.633834
-0.7043406
-0.5445746
-0.5012829
-0.466872
-0.4052254
-0.4218554
-0.5975598
-0.4864045
-0.3088294
-0.6065147
-0.4069792
-0.3493852
-0.5054363
-0.6217998
-0.3582468
-0.4332046
-0.3947532
-0.480713
-0.4551406
-0.3921977
-0.4594097
-0.6082341
-0.5117681
-0.4678603
-0.5570306
-0.2445966
-0.5502964
-0.4516168
-0.5092156
-0.3388067
-0.2494112
-0.3436553
-0.4301141
-0.4370844
-0.3876298
-0.3039545
-0.5482896
-0.3779895
-0.4229396
-0.4160875
-0.499691
-0.2484973
-0.3730364
-0.2669561
-0.4687741
-0.4652069
-0.5622424
-0.3533358
-0.4524475
-0.3758567
-0.2917062
-0.3231475
-0.4366315
-0.4230934
-0.4968481
-0.3754149
-0.3826019
-0.4306269
-0.4686142
-0.3583482
-0.4198933
-0.4703229
-0.4696033
-0.2638502
-0.4655435
-0.396839
-0.3173937
-0.3704684
-0.3440199
-0.3269334
-0.2216856
-0.2744998
-0.08447666
-0.4669043
-0.379334
-0.3217258
-0.4348914
-0.4602906
-0.4274709
-0.3825606
-0.1861051
-0.1963592
-0.2515503
-0.4107228
-0.4662254
-0.4788037
-0.3612764
-0.3943461
-0.2531957
-0.4401824
-0.2668926
-0.3689365
-0.3060991
-0.43834
-0.2882348
-0.2219796
-0.2576747
-0.1277506
-0.1959309
-0.191441
-0.3622975
-0.4859053
-0.2449001
-0.299247
-0.3352464
-0.1881929
-0.42005
-0.2478737
-0.2454931
-0.1023548
-0.06058429
-0.295238
-0.3920168
-0.2697921
-0.1311208
-0.3480285
-0.3859466
-0.4913879
-0.1939911
-0.3269917
-0.3271832
-0.290629
-0.4128963
-0.3409011
-0.3142865
-0.1880413
-0.2134478
-0.4482029
-0.319986
-0.05632432
-0.2241552
-0.2339452
-0.2156392
-0.2887862
-0.2713987
-0.3146574
-0.2684207
-0.2442328
-0.2257007
-0.33504
-0.2226131
-0.2870367
-0.1825982
-0.1185588
-0.1655937
-0.07356405
-0.3000188
-0.2723222
-0.1789699
-0.1206374
-0.1919138
-0.2077575
-0.1061877
-0.2413726
-0.2571285
-0.1821662
-0.1375393
-0.2304481
-0.2453355
-0.2746222
-0.24296
-0.1744274
-0.1995939
-0.2634326
-0.2154282
-0.3107079
-0.05616904
-0.2660681
-0.1921554
-0.1873283
-0.181404
-0.1103383
-0.1734612
-0.1062211
0.002180942
-0.1953774
-0.1840663
-0.179468
-0.1331495
-0.1634055
-0.01072559
-0.2421886
-0.2254057
-0.1892596
-0.06611041
-0.1844511
-0.1486568
-0.158296
-0.07100052
0.02523417
-0.2350383
-0.1861026
-0.1892291
-0.267304
-0.08153655
-0.1510437
-0.258572
-0.1179676
-0.07306297
-0.1175454
-0.03398355
-0.03257335
-0.1535743
-0.01413083
-0.149992
0.02058508
-0.04560581
0.04600555
-0.1418889
-0.1422327
-0.1176668
0.05601109
0.01484866
-0.09428826
-0.03107814
-0.1567054
-0.02970706
0.05306638
-0.05671491
-0.02322758
-0.0615122
0.06200253
-0.09667615
-0.1440874
0.06706047
-0.1151669
-0.09127872
-0.1109373
-0.1393958
0.04798425
0.0106152
0.03830026
-0.1374253
-0.007609325
-0.08895797
0.01703743
-0.1261567
-0.1057468
-0.1160648
-0.05950367
-0.08634634
0.04699334
-0.06238102
-0.07852246
-0.0416672
-0.04568151
-0.03744294
0.004593815
-0.1579498
-0.01914249
0.139466
-0.009445967
-0.07373996
-0.07810568
0.1203865
-0.007668903
0.1042447
-0.2261113
-0.2324321
-0.05229616
-0.02657004
0.06371901
0.0401783
-0.08781219
-0.06307025
-0.1058393
0.03553798
-0.1352185
-0.004178934
-0.007505632
0.159194
0.0923857
-0.1007922
-0.001451168
0.1199683
-0.1713522
-0.002652869
0.03698834
0.05592343
0.1155274
-0.1489944
0.1036932
-0.0749339
-0.02510698
-0.004930454
0.01224293
-0.1364209
0.1276633
0.0390621
-0.07288645
-0.07650647
0.2809903
-0.01687345
0.02272323
0.008365511
0.1316297
0.2173096
-0.01815378
0.02768705
-0.05808542
0.01978949
-0.0751046
0.1716447
0.04529359
0.1197484
0.1190413
0.117963
0.1314166
0.2102989
0.220199
-0.08762313
0.2126047
0.1691071
0.3397865
0.1694801
0.3933478
0.1772141
0.1143646
0.06270434
0.2480255
0.1599294
0.1179027
0.1861602
0.0452056
0.01209538
0.0733693
0.1528953
0.1279503
0.09099468
0.1414786
0.1221075
0.1001467
0.167243
0.2472907
0.2155365
0.1531054
0.04706637
0.1024574
0.03368615
0.08042902
0.1954081
0.120233
0.06349527
0.1243206
0.1507645
-0.001993628
0.1815417
0.2472499
0.239633
0.1922512
0.2497704
0.2968595
0.1977163
0.2422235
0.1746217
0.2506549
0.1177726
0.05054719
0.2421001
0.1097495
0.2841965
0.1444461
0.1420298
0.3163025
0.2517419
0.2210243
0.3174367
0.3112708
0.1469946
0.268583
0.1159751
0.07373498
0.2349986
0.2843383
0.1178401
0.1174714
0.140604
0.2313652
0.1963007
0.1131309
0.1811465
0.3403544
0.04153874
0.3082433
0.3111519
0.2150176
0.3411788
0.192491
0.166195
0.3065545
0.2201324
0.153403
0.1737741
0.1262761
0.3580595
0.3712353
0.2200018
0.3398242
0.3896621
0.3433019
0.43708
0.3114521
0.2438826
0.357889
0.3487545
0.1626114
0.2377342
0.3158807
0.3137374
0.3208854
0.2751115
0.3544076
0.2569503
0.2682382
0.3156297
0.2447457
0.2550446
0.3062513
0.2102687
0.4506756
0.365708
0.3264914
0.4696694
0.2557886
0.39472
0.2105162
0.3791227
0.3788186
0.3128827
0.4032809
0.3437529
0.2143824
0.3259385
0.3039956
0.3665364
0.3879498
0.2886599
0.3453101
0.3996109
0.2968242
0.4684154
0.5494342
0.456054
0.1552623
0.3585719
0.4231723
0.5251496
0.2803718
0.457187
0.237845
0.4800122
0.2581109
0.2866291
0.4516647
0.4351694
0.5326943
0.3961696
0.4036305
0.3983726
0.368247
0.4977476
0.3620426
0.4740477
0.4108749
0.4427012
0.5139704
0.4452831
0.4464427
0.422848
0.4555121
0.392106
0.536831
0.4078594
0.36918
0.4208936
0.3975516
0.5132444
0.4743638
0.4619461
0.4145261
0.3914449
0.5242225
0.4630541
0.4236242
0.5375065
0.5322468
0.5384242
0.4787691
0.509111
0.5552547
0.5156441
0.6642909
0.5584127
0.5019391
0.4346522
0.5778024
0.5180719
0.5703617
0.5700019
0.5104722
0.3333032
0.396452
0.4219485
0.50419
0.5796276
0.5421973
0.4756679
0.4858488
0.5100917
0.517594
0.5053402
0.5246754
0.4914701
0.3768379
0.4851546
0.5210547
0.5113089
0.5839354
0.542634
0.5507265
0.6340679
0.5246762
0.5493877
0.3675398
0.5403027
0.5189454
0.6104339
0.5670217
0.3919958
0.5907647
0.5678582
0.595242
0.5590094
0.3736387
0.5853911
0.5656116
0.6049624
0.7088136
0.5865411
0.6288711
0.6559329
0.6697597
0.5040527
0.7045791
0.5531232
0.5891992
0.4614366
0.7108246
0.5268643
0.5926889
0.5365865
0.5019581
0.5524788
0.6324761
0.7094845
0.646635
0.6658188
0.4647927
0.3898317
0.5816873
0.5357721
0.5729855
0.6799103
0.6197105
0.7053074
0.4792912
0.5282578
0.6841523
0.6513241
0.6296351
0.5379216
0.5001898
0.4833659
0.7102151
0.8084886
0.6397978
0.6909392
0.7160648
0.6781127
0.6203563
0.6713957
0.6120854
0.7087472
0.7223422
0.6652516
0.6515604
0.6129653
0.4382405
0.6706212
0.691291
0.671443
0.7238166
0.6500779
0.6172085
0.6802675
0.5775862
0.8506454
0.5406153
0.72737
0.7587886
0.6909703
0.7850723
0.6204375
0.5564163
0.8154009
0.7045594
0.6983043
0.6132341
0.6456358
0.9525289
0.6388377
0.6147782
0.7578085
0.679789
0.7628764
0.7015107
0.7718933
0.6857837
0.6730486
0.7506808
0.7947162
0.5936273
0.8818274
0.7502753
0.6678497
0.6394567
0.7594536
0.6341565
0.8306699
0.6701411
0.6767831
0.8742944
0.7531421
0.9005849
0.8754238
0.777851
0.6644597
0.7579719
0.7350651
0.7859417
0.7213746
0.700944
0.705577
0.9307781
0.7438363
0.6566046
0.6640339
0.8073219
0.8300863
0.820524
0.8307927
0.7401233
0.7595532
0.7817851
0.8631968
0.7965355
0.7839874
0.8850932
0.8505584
0.9820148
0.6354637
0.7653709
0.6880872
0.7626453
0.819667
0.8550093
0.8098428
0.8091118
0.9701721
0.8234915
0.7767453
0.764131
0.7832923
0.7998877
0.7898601
0.8686343
0.8704213
0.9881052
0.8154409
1.023955
0.7508017
0.7541677
0.6003341
0.7198692
0.8820293
0.7841377
0.8644254
0.7610649
0.8537483
0.9001019
0.9414453
0.8034953
0.8472524
1.126505
0.6928085
0.8711148
0.9491299
0.8555279
0.8640402
0.8751009
0.9327492
0.8251505
0.9834503
0.8134204
0.8579601
0.8475087
0.9397638
0.9781876
0.8538647
0.771952
0.9381287
0.9015275
0.9215436
0.8427397
0.9733094
0.9874932
0.9855815
0.9542688
0.7808336
0.9296377
0.9245876
0.9930725
0.9551991
0.9495123
0.8342693
0.972025
0.9503053
0.8061296
0.9002316
0.8239528
0.9753641
0.7954071
0.94705
1.049688
1.035708
0.9997893
0.9552902
0.9227405
1.055753
1.047703
1.096629
0.9957489
1.02527
0.9219134
0.8814738
0.8911743
1.062947
0.9069972
0.8147792
0.9335715
0.891451
1.074768
0.9697237
0.9598665
0.967679
0.9283416
0.9070366
0.9972498