-0.01625522
-0.9510737
-0.9451429
-0.9710101
-1.06784
-0.9498224
-0.8672789
-0.9711326
-0.8864953
-0.9696923
-1.098746
-1.080538
-1.08636
-0.9398196
-0.8991422
-1.010293
-0.9744976
-0.9411122
-1.038611
-0.9244285
-1.109553
-1.08897
-0.9486003
-1.089125
-0.9448077
-0.7881185
-0.9498614
-1.093963
-0.9083968
-0.9789924
-1.049404
-0.9159088
-0.8412805
-0.9702175
-0.9602154
-1.065029
-0.9815448
-1.089308
-0.8706522
-0.9111677
-0.7514791
-0.8414824
-0.9448359
-0.9479361
-1.003773
-0.8985102
-0.9992696
-0.9649075
-1.03709
-0.8849219
-0.9131163
-0.8366149
-0.9297704
-0.8975126
-0.9216645
-0.9509141
-1.024405
-0.9362424
-0.7979054
-0.8521118
-0.8256737
-0.898353
-0.9744779
-0.8473763
-0.7775047
-0.8730951
-0.8656649
-0.9507689
-0.9399263
-0.8966348
-0.8038887
-0.8039929
-0.8153881
-0.9038892
-0.7312911
-0.802652
-0.8809466
-0.8517674
-0.8089318
-0.881655
-0.8705204
-0.755224
-0.7440719
-0.7821448
-0.7040697
-0.9864072
-0.7918715
-0.8296711
-0.8781624
-0.6815917
-0.6959927
-0.9698888
-0.8003421
-0.8441748
-0.9029921
-0.6993748
-0.7024459
-0.9138766
-0.7288672
-0.7732978
-0.7371936
-0.9357501
-0.7689789
-0.8650708
-0.7527697
-0.825948
-0.8368717
-0.8980699
-0.9238849
-0.7424398
-0.7862015
-0.731389
-0.7232741
-0.8527751
-0.6967927
-0.8908746
-0.5556113
-0.9321452
-0.9120061
-0.7637954
-0.7024927
-0.8148747
-0.7169546
-0.8732395
-0.7907929
-0.8879258
-0.7878031
-0.7201083
-0.7519944
-0.895146
-0.8508511
-0.6230349
-0.6423663
-0.8360479
-0.6250629
-0.8606916
-0.8062266
-0.7885042
-0.5883451
-0.7137416
-0.6878053
-0.8674629
-0.7231413
-0.5398936
-0.7318921
-0.7017108
-0.7631252
-0.74666
-0.6302145
-0.5790757
-0.7195726
-0.7485901
-0.6838554
-0.6917031
-0.6631792
-0.6177933
-0.6864936
-0.8190303
-0.6471287
-0.6354708
-0.7502285
-0.5894892
-0.7377885
-0.6039831
-0.6703663
-0.6410739
-0.6325677
-0.7524019
-0.6184585
-0.6683526
-0.6511178
-0.5124803
-0.4682235
-0.6163186
-0.7946627
-0.520765
-0.6568861
-0.7063019
-0.5617845
-0.8084599
-0.7768421
-0.6240104
-0.6899909
-0.6573238
-0.7286036
-0.7125316
-0.5812637
-0.8070033
-0.6177739
-0.663091
-0.7103794
-0.5534645
-0.489559
-0.5465775
-0.6083685
-0.7011124
-0.6290654
-0.6760578
-0.7312751
-0.58965
-0.6155597
-0.5968078
-0.5323749
-0.523491
-0.6257109
-0.5517213
-0.6281009
-0.5068941
-0.6359584
-0.4497711
-0.567274
-0.6821125
-0.6184612
-0.5281471
-0.6748141
-0.5501284
-0.6167021
-0.4594637
-0.4695088
-0.713117
-0.6512436
-0.6481575
-0.6017441
-0.5996555
-0.5473003
-0.4476297
-0.4406699
-0.6915199
-0.6953534
-0.5421157
-0.5655852
-0.5076602
-0.4000825
-0.619302
-0.5577555
-0.4031376
-0.4947202
-0.4106273
-0.4624914
-0.365585
-0.6458461
-0.4942539
-0.5536204
-0.4447548
-0.4451826
-0.4950824
-0.3824262
-0.5079743
-0.596823
-0.5366605
-0.5098402
-0.4093323
-0.5067537
-0.3890884
-0.6757096
-0.550708
-0.5471766
-0.4275039
-0.3681491
-0.4890927
-0.4429896
-0.5123665
-0.3684938
-0.4893858
-0.3160256
-0.5164969
-0.4487482
-0.5129288
-0.5682677
-0.4351887
-0.4377003
-0.5129521
-0.5055756
-0.4944848
-0.372627
-0.3403741
-0.4338161
-0.4829903
-0.3699021
-0.5639333
-0.4055109
-0.4831077
-0.3685984
-0.4023097
-0.4906625
-0.4333324
-0.4733954
-0.5225281
-0.3611274
-0.2816667
-0.4167362
-0.3375175
-0.5314416
-0.2937485
-0.3936218
-0.6370347
-0.3252847
-0.4986972
-0.4284224
-0.3154108
-0.4859241
-0.2790681
-0.2885205
-0.3676873
-0.4058531
-0.2723614
-0.3327604
-0.5713986
-0.1795828
-0.3113313
-0.2522364
-0.3129374
-0.4025234
-0.4486601
-0.3343956
-0.3352706
-0.3446179
-0.2871884
-0.4618983
-0.3002014
-0.3388554
-0.3229692
-0.3547485
-0.4618547
-0.3129633
-0.2790258
-0.3197491
-0.4414509
-0.380041
-0.3722931
-0.5152475
-0.4379036
-0.3001784
-0.3519398
-0.2879872
-0.3359838
-0.2855935
-0.3400125
-0.2931528
-0.3927479
-0.3766579
-0.2816983
-0.2100585
-0.3311569
-0.3599906
-0.305101
-0.3991673
-0.2745519
-0.2561244
-0.4030949
-0.3786915
-0.2989704
-0.2627578
-0.209619
-0.4980387
-0.04073729
-0.06933823
-0.2259277
-0.2156071
-0.3190513
-0.3133225
-0.2690829
-0.3143164
-0.4139569
-0.2460801
-0.2424688
-0.3394103
-0.3710792
-0.1486181
-0.2772814
-0.2323325
-0.2581602
-0.3170931
-0.2284434
-0.3480596
-0.2763084
-0.3891235
-0.3865265
-0.2238231
-0.2445952
-0.08137046
-0.3152952
-0.2848327
-0.3360996
-0.3464165
-0.1875785
-0.3146592
-0.3397409
-0.2455832
-0.1998823
-0.2016495
-0.2887786
-0.266899
-0.2673592
-0.3949796
-0.2445785
-0.2217856
-0.2174929
-0.1414367
-0.3703713
-0.1985293
-0.09023664
-0.1688914
-0.1804862
-0.1696834
-0.2083452
-0.1851202
-0.2190046
-0.1231992
-0.301353
-0.1513579
-0.1489678
-0.1685277
-0.11199
-0.07660885
-0.08441378
-0.321525
-0.3699347
-0.2003462
-0.2279841
0.02380897
-0.1932411
-0.1872296
-0.1241734
-0.2154932
-0.0852442
-0.1963233
-0.1527775
-0.1357022
-0.04771164
-0.09056256
-0.1037407
-0.05122084
-0.03931262
-0.1340795
-0.08762593
-0.2710197
-0.3557799
-0.1384355
-0.2338981
0.05637038
-0.07207253
-0.2332342
-0.1136133
-0.135873
-0.1666344
-0.2395807
-0.1251545
-0.05693537
-0.01079641
-0.1654263
-0.1197868
-0.1089158
-0.154212
-0.1837729
-0.04479595
-0.1580351
-0.03620461
-0.08164132
-0.1138467
-0.1624161
-0.015083
0.02902989
-0.0002289499
-0.02049535
-0.1085231
-0.06073787
0.00632282
-0.01613431
-0.1477651
-0.07800309
0.05443668
-0.1078022
-0.04140849
-0.06991571
-0.1178439
-0.04229903
0.01521407
-0.07883849
-0.03593795
-0.09756771
-0.09070395
0.04955594
0.1009183
0.02036048
0.02134671
-0.08633109
-0.1343124
0.03586706
-0.06108822
-0.0810919
-0.001353571
-0.1725269
0.1759228
-0.04630536
-0.04689779
0.01477236
-0.02397301
0.08793989
-0.1275874
-0.0436353
0.07891911
-0.05731047
0.07285679
-0.006925963
-0.006637389
-0.01706827
-0.1681373
0.009190076
0.01998487
0.09671297
-0.08533891
-0.02594531
0.06992515
-0.0019604
0.07270448
0.0320278
0.04124818
0.02084624
-0.09133054
-0.03044835
0.1733641
0.01873615
-0.0146533
0.2449605
0.04536614
0.030287
0.0006451278
0.1280804
-0.04885284
0.1637917
0.1110317
0.06133425
0.1881758
0.05515817
-0.02552243
0.01454203
0.1880485
0.1408099
0.08696804
0.1013788
-0.02196358
0.05995328
0.07179686
0.1141058
0.09536678
0.08135562
0.1365147
0.2933945
0.0779209
0.1173777
0.06391546
0.02100599
0.1671723
0.0427182
0.1526934
0.2088032
0.1945909
0.05858873
0.06283792
0.1203694
0.1638982
0.1159868
0.2121119
0.05756982
-0.06244129
0.1609501
0.1151858
0.1722753
0.1619166
0.2065791
0.1755027
0.2301796
0.08161216
0.09590499
0.1876579
0.1262179
0.1743725
0.2283818
0.2390176
0.1524803
0.1767161
0.2166105
0.2790622
0.06198405
-0.025344
0.1182706
0.07758902
0.1980247
0.284049
0.2972284
0.2684475
0.02331197
0.1933828
0.2465759
0.2616242
0.2384135
0.1437867
0.2828303
0.07962592
0.1810148
0.1888208
0.2804048
0.1886938
0.1001085
0.1889242
0.2464613
0.2009812
0.3030027
0.2010884
0.2725332
0.3019146
0.1942548
0.2484679
0.1887948
0.2378212
0.3012774
0.170862
0.2785933
0.09844414
0.2252934
0.1982603
0.1792991
0.2412464
0.2089668
0.289549
0.2682685
0.2207614
0.1298548
0.2594734
0.3421161
0.05699062
0.1295992
0.4444492
0.2901218
0.05928661
0.1891154
0.3936129
0.2542317
0.2545101
0.3283099
0.3111465
0.312998
0.2744618
0.3090586
0.2402709
0.2945667
0.2472193
0.328894
0.3573858
0.3565961
0.3124062
0.3015042
0.3868246
0.3302606
0.3338676
0.2660751
0.2488533
0.3034679
0.2446396
0.2954347
0.3074675
0.3204714
0.1885028
0.3888126
0.410276
0.2635822
0.3018781
0.3773545
0.2828192
0.4470449
0.3276147
0.1782869
0.3538529
0.464701
0.4374562
0.3124961
0.1932517
0.395817
0.2270287
0.4098696
0.2446429
0.3309742
0.3003952
0.3395877
0.4665512
0.4799538
0.393352
0.5552671
0.4697801
0.4367056
0.4200114
0.3380997
0.5438135
0.2513464
0.3912386
0.2528171
0.2714575
0.3174136
0.3864521
0.4208858
0.3477533
0.4720811
0.3843975
0.4195385
0.2897549
0.4596622
0.3765542
0.4591731
0.3840716
0.6301491
0.4161111
0.5558653
0.3703138
0.3445826
0.389635
0.3994625
0.5028441
0.4028867
0.2735219
0.362618
0.4640906
0.5347396
0.4826616
0.6257689
0.4141446
0.2983188
0.4516932
0.4166653
0.4629192
0.5001819
0.4843065
0.396979
0.4999376
0.6004319
0.3734813
0.5186997
0.5491866
0.4593969
0.3851201
0.4348058
0.5818103
0.3496947
0.5591251
0.5321494
0.5676655
0.5136568
0.5686419
0.3490287
0.4224098
0.4471336
0.5924704
0.5781429
0.3965663
0.5522009
0.4311877
0.6271503
0.6333141
0.4679813
0.5398024
0.4348866
0.6014114
0.5507196
0.5227331
0.4227911
0.5206867
0.4721866
0.5579406
0.5291033
0.5307655
0.5417057
0.5804141
0.6234978
0.4851231
0.6484075
0.7175878
0.5209825
0.5582603
0.4511037
0.6209775
0.5028956
0.5755104
0.4783742
0.4761215
0.7114746
0.513389
0.5045733
0.5914345
0.6448229
0.5350524
0.5548245
0.4766962
0.4284635
0.6241387
0.5587443
0.4913707
0.684353
0.6020551
0.6263146
0.6465577
0.5410598
0.6052282
0.5624124
0.6583836
0.7106107
0.5911524
0.6969597
0.6391654
0.5492607
0.5058506
0.6472309
0.7418833
0.6116759
0.6425258
0.5945628
0.6824185
0.4242201
0.5376597
0.6886596
0.5109912
0.7236102
0.5870571
0.7424669
0.7300985
0.6499659
0.6940199
0.7563128
0.6266584
0.7623532
0.5786449
0.5466976
0.6056031
0.6766321
0.5258845
0.5962752
0.8856655
0.5656566
0.6787836
0.6312803
0.8503395
0.7168193
0.6512133
0.6229448
0.7619157
0.7028667
0.7102099
0.7437113
0.6486144
0.6575894
0.6346964
0.7757829
0.7768694
0.7183131
0.5906931
0.6948738
0.652724
0.6715623
0.737571
0.7932279
0.772799
0.6966752
0.8109539
0.6845949
0.6376055
0.7987338
0.5980296
0.8081857
0.7280335
0.7410131
0.744828
0.6614461
0.7559453
0.7026159
0.6642578
0.7393109
0.7557411
0.770046
0.8301194
0.6560375
0.7049828
0.7027301
0.6640314
0.8190162
0.8557454
0.8874878
0.7034228
0.8364594
0.8943143
0.7844783
0.8524994
0.7406275
0.7610028
0.821859
0.7727214
0.8047454
0.8966079
0.7911948
0.7290803
0.9511354
0.7658959
0.8125772
0.7953631
0.8230437
0.8099193
0.7510019
0.7559069
0.8066203
0.8810859
0.7793901
0.7492222
0.8010585
0.8781884
0.9536436
0.8657858
0.7775591
0.7380984
0.910252
0.8971825
0.8746117
0.912846
0.8470797
0.9345244
0.8997461
0.914903
0.9395866
0.6517458
0.9554746
0.8670613
0.8549125
0.7709065
0.7917337
0.8320547
0.8680453
1.0046
0.9296007
0.8612941
0.8658414
0.8263405
0.7924985
0.9019668
0.8338447
0.8154469
0.8608322
0.6300451
0.9414373
0.8386797
0.8363245
0.8541147
1.046356
0.8777765
0.9015277
0.833749
1.066616
0.89405
0.8919018
1.031425
1.093365
0.8394643
1.036315
0.8904495
1.05342
1.087403
0.9029636
0.8930069
0.8454707
0.8723166
0.9246761
0.8218768
0.9213462
1.000015
1.05293
0.9655013
1.027594
0.9531974
0.8635188
0.8642154
0.7944653
0.9723759
0.9274767
0.8396055
1.028155
0.8327781
0.996562
0.9509928
0.885936
1.021298
1.105786
0.9886783
0.9880412
1.069529
0.9081055
0.9696868
1.003047
1.030668
1.014313
1.016015
0.7842297
1.059134
0.9211167
1.014699
1.013069