0.02613677
-0.9510318
-1.02278
-0.9432511
-1.058123
-0.9401707
-1.009936
-1.00913
-1.1503
-1.001036
-0.9255959
-0.9519059
-1.019792
-0.9578651
-0.9426954
-0.9355413
-0.9287358
-0.8613923
-1.006951
-0.9456906
-1.023941
-0.9609703
-0.8497239
-0.9119388
-1.113725
-0.8716652
-0.8974622
-0.9708821
-1.047153
-0.9344088
-0.9170394
-0.9287754
-0.8827615
-0.9938829
-0.8765984
-0.8769027
-0.9104104
-0.8142965
-0.927906
-0.9153194
-0.6706922
-0.7493218
-0.8756204
-0.9008463
-0.989283
-0.7887008
-0.9545572
-0.9389503
-0.9159371
-0.9162315
-0.8239507
-1.025639
-1.017784
-0.6792058
-0.7659463
-0.7784538
-0.8673212
-0.9866173
-0.8586597
-0.84746
-0.7035903
-0.8187309
-0.9606292
-0.9683901
-0.8758386
-0.8433406
-0.9459187
-0.8236092
-0.8481065
-0.8080013
-0.8081853
-0.6413873
-0.7428143
-1.00377
-1.009767
-0.8513714
-0.7807027
-1.019781
-0.727117
-0.8507273
-0.8329389
-0.836488
-0.8898376
-0.8474094
-0.826306
-0.8163659
-0.6465421
-0.8966787
-0.7868379
-0.9163184
-0.8365798
-0.8318493
-0.7298313
-0.8813559
-0.7626187
-0.7131589
-0.7099393
-0.8578501
-0.7237425
-0.8391981
-0.7979764
-0.7545156
-0.798198
-0.9165185
-0.8990718
-0.9270285
-0.7362291
-0.711151
-0.9076076
-0.7107451
-0.8673224
-0.792234
-0.7647914
-0.7200385
-0.6880901
-0.7883191
-0.6871147
-0.7116268
-0.8626533
-0.7339783
-0.8147268
-0.7459231
-0.8539332
-0.8148526
-0.7111146
-0.6099315
-0.7256416
-0.929603
-0.718066
-0.7110596
-0.6933583
-0.5492303
-0.7830112
-0.8206386
-0.7470854
-0.7744981
-0.6888569
-0.4867345
-0.5314928
-0.706191
-0.7392868
-0.6697244
-0.7753483
-0.7958666
-0.7868436
-0.7173747
-0.6030863
-0.7079394
-0.6483772
-0.6747144
-0.6980532
-0.699935
-0.7075818
-0.6246066
-0.7284632
-0.6176683
-0.7374123
-0.663493
-0.6018126
-0.578432
-0.6207626
-0.564463
-0.5562226
-0.6076691
-0.673222
-0.6581084
-0.6323181
-0.6565519
-0.8030314
-0.5844224
-0.6550445
-0.6075499
-0.6797514
-0.6806747
-0.5956914
-0.772872
-0.6675748
-0.7453331
-0.6567748
-0.8094069
-0.5109524
-0.6816487
-0.586752
-0.7037031
-0.5816952
-0.5870949
-0.5109634
-0.6404065
-0.6748793
-0.5975521
-0.6672343
-0.57036
-0.6494763
-0.6780443
-0.6731699
-0.5380429
-0.5724119
-0.5402752
-0.4915784
-0.4928499
-0.6174292
-0.5622075
-0.6653323
-0.543764
-0.6296532
-0.7340869
-0.625602
-0.7587579
-0.4818902
-0.4774488
-0.5618421
-0.5746217
-0.5683188
-0.5093965
-0.623134
-0.610524
-0.5381323
-0.548164
-0.559281
-0.6817696
-0.3701546
-0.5379817
-0.567796
-0.5399435
-0.6060743
-0.5434321
-0.5565159
-0.7317686
-0.4987476
-0.4976655
-0.558088
-0.5492114
-0.5262033
-0.4764978
-0.6698481
-0.5330151
-0.7094129
-0.5007603
-0.5451867
-0.6641158
-0.6641823
-0.5447751
-0.504051
-0.4882777
-0.5861922
-0.5999034
-0.4499282
-0.4629142
-0.5424522
-0.4061359
-0.4376639
-0.5225307
-0.6644418
-0.4821416
-0.5122714
-0.4526676
-0.4696014
-0.6610775
-0.5113225
-0.4662517
-0.4334616
-0.5226939
-0.6041363
-0.5169999
-0.2768094
-0.4292927
-0.4312585
-0.4900313
-0.491716
-0.3903903
-0.3734199
-0.3479295
-0.4188183
-0.6358091
-0.5942894
-0.4038999
-0.4263026
-0.5279969
-0.3908687
-0.3779877
-0.5513907
-0.3950631
-0.5072657
-0.3538053
-0.4849778
-0.5889944
-0.3164911
-0.450533
-0.3488167
-0.461578
-0.2812036
-0.4247735
-0.5465682
-0.3551448
-0.3448809
-0.4187653
-0.4299666
-0.5235456
-0.3387298
-0.3785572
-0.4123015
-0.4627002
-0.4162686
-0.4593952
-0.4217725
-0.4310404
-0.3218157
-0.5089534
-0.4792885
-0.4197342
-0.2976656
-0.5023342
-0.3841661
-0.4593304
-0.4205312
-0.3429081
-0.4320624
-0.499396
-0.225207
-0.3211622
-0.3107914
-0.3105041
-0.4252005
-0.3704003
-0.3191757
-0.5271144
-0.495179
-0.1888628
-0.2915718
-0.2934431
-0.296427
-0.3480243
-0.3217885
-0.3058403
-0.1805894
-0.3867395
-0.4880168
-0.2494039
-0.3361161
-0.3119544
-0.2988376
-0.3671565
-0.3880189
-0.4198944
-0.3031258
-0.2718179
-0.3129021
-0.2005546
-0.2289283
-0.3384995
-0.3412792
-0.364351
-0.3679273
-0.2565887
-0.2234117
-0.2396974
-0.2207745
-0.2844777
-0.3313196
-0.2722909
-0.2720303
-0.240123
-0.2901609
-0.4007698
-0.2871349
-0.1720368
-0.2469351
-0.3282961
-0.2629982
-0.4157229
-0.1779454
-0.2391022
-0.2334137
-0.3760878
-0.4270166
-0.2432915
-0.2597703
-0.2639386
-0.2960761
-0.237557
-0.06816042
-0.1066942
-0.4227282
-0.286164
-0.357706
-0.2583466
-0.1004384
-0.2043907
-0.2709225
-0.2318477
-0.2305175
-0.1358083
-0.1770013
-0.2092102
-0.3818299
-0.3554576
-0.3221299
-0.3345823
-0.1938221
-0.2219668
-0.08733022
-0.06720458
-0.2394719
-0.3096582
-0.1172925
-0.1864209
-0.1357598
-0.1501085
-0.1464922
-0.08258211
-0.1628116
-0.08757528
-0.1434529
-0.1432432
-0.1529013
-0.1208373
-0.201123
-0.1433688
-0.02187978
-0.2053981
-0.137437
-0.2976811
-0.2101305
-0.1819671
-0.1420036
-0.06509138
-0.1339357
-0.1557127
-0.06124993
-0.08006641
-0.1286521
-0.07571424
-0.2217174
-0.03207244
-0.1017097
0.0008517539
-0.1427148
-0.1156172
-0.161441
-0.07599208
-0.1003126
-0.1858385
-0.3010772
-0.1775408
-0.2016407
-0.2044291
-0.2454977
-0.2397389
-0.09360662
-0.02430789
0.004006646
-0.1392287
-0.1881854
-0.07850359
-0.07503794
0.007760049
0.0390172
-0.1269853
-0.004440795
-0.07170349
-0.07006957
-0.1243878
-0.1667053
-0.02055465
-0.01509216
-0.1191647
-0.1406382
0.007614658
-0.1553653
-0.06875895
-0.05273898
-0.1012171
0.05787241
-0.1076542
0.03778192
-0.05758199
-0.1677564
-0.08164241
-0.0758537
0.005699858
-0.07993125
0.07671378
-0.03427525
-0.08016603
-0.01836177
-0.1594857
0.06645422
-0.01494074
0.1274142
-0.09305753
-0.05750332
-0.02858463
0.05773177
-0.03654382
0.02403083
0.07983252
-0.08778599
-0.1154029
0.03198256
0.007255555
-0.07818324
-0.1796039
0.09512103
-0.00557581
-0.07406599
0.06871812
-5.585177e-05
0.2401572
0.1704164
-0.1027867
0.04746482
-0.09759116
0.09455692
-0.03133893
0.1003097
0.09395695
0.07890026
0.2112253
0.1215082
-0.04288271
0.01783279
-0.08781762
-0.007320161
0.09387526
0.2158794
0.05503044
-0.09160928
-0.04632144
0.1665805
0.0782486
0.1399413
0.02071346
-0.003881076
0.1887589
0.07261446
0.1447478
0.04221686
-0.02484691
-0.01623324
0.2474934
-0.1051987
0.06281269
0.1235261
0.02336121
0.1073224
-0.03177074
0.2363323
0.0399115
0.1104796
0.1523375
0.01140197
0.1190913
0.03545328
0.001100203
0.1481352
0.198765
0.1336107
0.09994031
0.153343
0.2602791
0.1756893
0.1521172
0.07887653
0.1490569
-0.01720291
0.1740439
0.08006766
-0.04471125
0.07070879
0.2211371
0.06423405
0.1198207
0.1024314
0.08175558
0.1622419
0.1267966
0.08309799
0.0004837769
0.1324724
0.1630682
0.1522716
0.3031427
0.2548674
0.1378427
0.2388086
0.1971233
0.1319802
0.1631558
0.1235542
0.124207
0.2709721
0.1324699
0.2382314
0.1260606
0.2066834
0.2419912
0.02580907
0.2382673
0.2458233
0.3123213
0.2793833
0.3604693
0.0892504
0.3103655
0.1625405
0.3153581
0.1006946
0.3115972
0.1953299
0.3228647
0.2800852
0.2096731
0.2309659
0.2952667
0.3381096
0.3460316
0.2910674
0.1783659
0.2945636
0.2267413
-0.02106307
0.2113727
0.1782191
0.197056
0.270541
0.3400126
0.2803226
0.3341665
0.2598151
0.353275
0.2691754
0.220883
0.08785655
0.3580309
0.1688709
0.4562811
0.2766731
0.2021461
0.3315073
0.2196569
0.3277081
0.3733233
0.3359327
0.334476
0.3842116
0.3704228
0.1805456
0.1286761
0.2578947
0.1225534
0.2592326
0.2637102
0.3466311
0.267717
0.3444896
0.261918
0.2336569
0.325448
0.2574168
0.2534581
0.4368449
0.1641748
0.3213759
0.3236173
0.3226397
0.3855394
0.2245424
0.3860294
0.2420703
0.3009781
0.2726804
0.3667283
0.2277166
0.3172958
0.2671055
0.4318846
0.4765756
0.330707
0.420081
0.3968038
0.5202198
0.2215582
0.3281733
0.3162734
0.3744263
0.3784596
0.3473422
0.3810653
0.2868659
0.3248944
0.3858063
0.3779767
0.3848104
0.5705396
0.3750999
0.3394148
0.3818423
0.433402
0.3618481
0.5229663
0.3821134
0.4863949
0.2981643
0.3789509
0.4341013
0.3607398
0.4095836
0.2723037
0.2992857
0.3350207
0.4059215
0.4204477
0.5649461
0.4868469
0.5335488
0.286107
0.3498888
0.4675638
0.4000399
0.4246268
0.4888882
0.5236048
0.4278875
0.5929703
0.3742287
0.433634
0.4370815
0.2908876
0.5126126
0.3814958
0.5655457
0.571933
0.3178154
0.2701517
0.5430549
0.4900809
0.3793147
0.5276384
0.588508
0.4698238
0.4279278
0.5431509
0.5697786
0.375362
0.4822618
0.5741199
0.3489569
0.5543296
0.664039
0.4812943
0.4853164
0.5234527
0.6779829
0.4796489
0.3529161
0.6066715
0.6118159
0.6216627
0.521471
0.7320456
0.5281461
0.5002157
0.5570683
0.5694071
0.4852125
0.5409184
0.410066
0.4907449
0.6037263
0.5982872
0.5236069
0.5657493
0.5200576
0.6572647
0.6151599
0.5951884
0.5991342
0.4941418
0.5708728
0.5586489
0.4565568
0.4976737
0.3957878
0.4668924
0.7386822
0.5864468
0.5163204
0.5671654
0.6201173
0.6365195
0.5845542
0.552774
0.6519384
0.5443888
0.4755728
0.6768787
0.4976458
0.5313292
0.4474707
0.6110544
0.5791801
0.6174403
0.5189037
0.6212958
0.6819284
0.6828321
0.6320157
0.6437253
0.5385621
0.7173962
0.6784305
0.5258977
0.6450688
0.5632942
0.73874
0.6119759
0.6735776
0.751521
0.6967184
0.6271957
0.6923275
0.5659489
0.5382697
0.6376512
0.7312807
0.7226825
0.6392415
0.7207927
0.5891669
0.6894288
0.66247
0.5772104
0.6794657
0.5169517
0.7472732
0.7533332
0.7657951
0.7472364
0.7906597
0.6926602
0.5605857
0.7644222
0.6710332
0.7436189
0.7241591
0.7056003
0.6612901
0.577031
0.5219094
0.665159
0.7258996
0.7839123
0.7302261
0.7776173
0.6762976
0.6844376
0.7742872
0.7099481
0.621915
0.6878284
0.8076957
0.7875759
0.6275321
0.7862519
0.7352041
0.6496932
0.6413847
0.8127589
0.7053121
0.7960723
0.9021883
0.6734486
0.7182139
0.7757198
0.7718388
0.5934707
0.8429025
0.7028018
0.6992302
0.7209617
0.9576884
0.7483004
0.7342454
0.8219315
0.796322
0.7196014
0.8839755
0.7945659
0.7591257
0.6351593
0.6452101
0.8204825
0.7866358
0.8781656
0.8084224
0.768095
0.8554356
0.9188246
0.8181823
0.7081922
0.9075453
0.7939669
0.7095116
0.8728965
0.6486542
0.8038617
0.7584768
0.7860831
0.7787978
0.779358
0.8033178
0.8357794
0.77488
0.8084876
0.8792979
0.751869
0.8359276
0.7783996
0.8978558
0.8859045
1.041866
0.9672725
0.8144026
0.8713564
0.846614
0.9080451
0.7923848
0.942051
0.9885674
0.8269239
0.9058664
0.7449378
0.7764812
0.6963478
0.8972302
0.749911
0.9774355
0.935081
0.8991027
0.9105478
0.9813601
0.866501
0.8483228
1.006272
0.85859
1.035618
0.9992127
0.7584759
0.9197698
1.000714
0.8498902
0.8395133
0.7818762
0.8677326
1.007712
0.771228
0.8742284
0.8647436
0.6936327
0.8961842
0.9424945
0.9077792
1.096773
1.029261
0.9461684
0.9698334
0.910459
1.021272
0.9556097
0.8927775
0.9592687
0.9849823
0.9608898
0.9678807
0.8086316
1.002964
0.8189179
1.042194
0.9191045
0.9979071
0.8431425
0.9698494
0.9929261
0.8812333
0.8940668
1.067729
1.00644
1.056142
0.9939564
1.015637
0.9021741
1.075341
0.9573724
1.067857
1.010351
0.9132704
1.048385
1.064513
0.9278104
0.9000136
0.8671612