-0.01153117
-0.9608913
-0.9590674
-0.9450187
-1.043517
-0.9191251
-0.8550943
-0.9566272
-0.8524123
-0.990671
-1.104045
-1.071451
-1.084002
-0.9508616
-0.8961233
-1.006354
-0.9905949
-0.9305424
-1.023051
-0.9241042
-1.110493
-1.106501
-0.9636079
-1.078757
-0.9432608
-0.7789943
-0.9470742
-1.105611
-0.9233195
-0.976476
-1.054519
-0.9156678
-0.8596645
-0.9588614
-0.9808663
-1.093097
-1.004608
-1.071459
-0.8650772
-0.8982865
-0.7432182
-0.8568109
-0.9546199
-0.9337637
-1.008756
-0.8864961
-0.9907289
-0.9867721
-1.04397
-0.8820303
-0.9135567
-0.8192307
-0.9291242
-0.876384
-0.9329895
-0.9278761
-1.026132
-0.9579743
-0.8048848
-0.8496121
-0.8347766
-0.9170021
-0.9942124
-0.8385719
-0.7820411
-0.8748667
-0.869344
-0.9365164
-0.9077143
-0.8765524
-0.7991417
-0.8150343
-0.8039009
-0.8947692
-0.7289485
-0.8067848
-0.8852792
-0.8368062
-0.7996456
-0.8954385
-0.8898836
-0.7575657
-0.7624639
-0.7822346
-0.7012333
-0.9614277
-0.8095814
-0.8536257
-0.8789007
-0.6846399
-0.6840844
-0.9792387
-0.7933165
-0.8448633
-0.8974007
-0.6781471
-0.7044672
-0.9082392
-0.7156406
-0.7771527
-0.727803
-0.940827
-0.7776521
-0.8841324
-0.7415556
-0.8559144
-0.8412895
-0.8859562
-0.9025684
-0.7544815
-0.7913819
-0.7467731
-0.7139956
-0.8670621
-0.7014885
-0.9066477
-0.5676173
-0.9474316
-0.8821535
-0.7626726
-0.7300665
-0.8102532
-0.6961172
-0.8805466
-0.8038194
-0.8881158
-0.7901214
-0.7141795
-0.7339723
-0.8898036
-0.8551827
-0.6434435
-0.6236303
-0.8458052
-0.6309692
-0.8564112
-0.7851479
-0.7889293
-0.6067837
-0.7083688
-0.6909239
-0.8820409
-0.7318606
-0.5433843
-0.7335234
-0.6874712
-0.7691362
-0.778174
-0.6409856
-0.5783181
-0.7081537
-0.7372454
-0.6937233
-0.7147676
-0.6608187
-0.6211796
-0.6844377
-0.8025146
-0.6357068
-0.6388401
-0.7736702
-0.587989
-0.753961
-0.5858671
-0.6583268
-0.6588945
-0.6157448
-0.7615692
-0.6114239
-0.6745748
-0.6588602
-0.5204892
-0.4769988
-0.5934655
-0.8049038
-0.4944567
-0.6538037
-0.6873804
-0.573162
-0.7888002
-0.7757488
-0.5934819
-0.7208145
-0.6547665
-0.7159952
-0.6971274
-0.603338
-0.8032335
-0.6064712
-0.6296319
-0.7214836
-0.5731593
-0.4940622
-0.5352767
-0.5896196
-0.6690934
-0.644809
-0.6837335
-0.7081172
-0.5966959
-0.6265918
-0.5993613
-0.5383957
-0.5438989
-0.6095903
-0.5279798
-0.6195234
-0.505219
-0.6515978
-0.4698947
-0.5920847
-0.6886137
-0.6153692
-0.5255449
-0.665572
-0.5624972
-0.6109349
-0.4299246
-0.4676494
-0.6964054
-0.6704347
-0.6612371
-0.6080372
-0.603163
-0.5349495
-0.4446826
-0.4570654
-0.6944335
-0.6867801
-0.5432291
-0.5886264
-0.5079429
-0.385174
-0.6121907
-0.5694309
-0.3889987
-0.4884689
-0.4211629
-0.4856821
-0.375487
-0.6394968
-0.5160945
-0.5739257
-0.4072889
-0.4422
-0.4828272
-0.3883817
-0.4992933
-0.5875127
-0.5398414
-0.5111279
-0.4079711
-0.5019945
-0.3771423
-0.6811832
-0.5419373
-0.5446795
-0.3959455
-0.3784956
-0.4922905
-0.4538794
-0.5012809
-0.361578
-0.4825239
-0.3191367
-0.4944634
-0.4606033
-0.5071237
-0.5623102
-0.415376
-0.4405168
-0.5040905
-0.4967348
-0.5003296
-0.3771497
-0.3554237
-0.440512
-0.4933464
-0.3595888
-0.5565179
-0.3892802
-0.4922971
-0.3758826
-0.401504
-0.4719067
-0.4430748
-0.4843474
-0.5151091
-0.3643394
-0.2684808
-0.4058714
-0.3360326
-0.5401971
-0.3054874
-0.4246166
-0.6181666
-0.3183098
-0.4877838
-0.4450071
-0.310295
-0.4826477
-0.2801415
-0.2785727
-0.3524894
-0.4018183
-0.2649702
-0.3450946
-0.5656839
-0.2035309
-0.3342619
-0.278296
-0.3243048
-0.3973483
-0.454774
-0.3028517
-0.3444137
-0.3461533
-0.2784134
-0.4265535
-0.2909944
-0.3528804
-0.3056069
-0.3643635
-0.469786
-0.3278404
-0.2832654
-0.3245089
-0.4524435
-0.3766879
-0.3497067
-0.4912895
-0.423881
-0.3025154
-0.3641212
-0.2779798
-0.3268816
-0.3011125
-0.3317969
-0.3106817
-0.3987639
-0.3476292
-0.3053589
-0.2031129
-0.3133295
-0.3892385
-0.3154445
-0.3868153
-0.2797815
-0.2663347
-0.4132036
-0.3732163
-0.2907414
-0.2779303
-0.2180494
-0.4976305
-0.05250071
-0.0831363
-0.2190585
-0.22321
-0.3092391
-0.2991549
-0.2676802
-0.3113011
-0.4045435
-0.2435865
-0.2429429
-0.3183841
-0.364111
-0.1645082
-0.2794265
-0.2328233
-0.2680217
-0.3295326
-0.2485952
-0.3642599
-0.2456421
-0.3890978
-0.3996301
-0.2229719
-0.2383592
-0.08789877
-0.3214438
-0.312435
-0.3533728
-0.3467502
-0.2105204
-0.3136698
-0.357482
-0.2301995
-0.1948957
-0.1783923
-0.3016979
-0.2578229
-0.2567075
-0.414929
-0.2495683
-0.2038807
-0.2147458
-0.1370213
-0.3746893
-0.2099812
-0.1045582
-0.1492308
-0.1696048
-0.1516263
-0.1867423
-0.2066564
-0.1952336
-0.1116552
-0.2806846
-0.1530062
-0.1628533
-0.1737176
-0.1132109
-0.07767204
-0.08905687
-0.313215
-0.3765485
-0.1892461
-0.2458064
0.02838205
-0.194556
-0.1953557
-0.1272981
-0.2211976
-0.06160025
-0.2149463
-0.1592936
-0.135685
-0.06655027
-0.09380188
-0.1031652
-0.03915492
-0.06076864
-0.1029393
-0.06870257
-0.2345687
-0.3582617
-0.12622
-0.2492018
0.06015704
-0.08936193
-0.2184982
-0.1113455
-0.1573487
-0.181405
-0.2481612
-0.1543902
-0.03078002
-0.0185968
-0.1718504
-0.1215612
-0.07996421
-0.1542896
-0.1989355
-0.04112348
-0.1591765
-0.02773559
-0.08597869
-0.1061623
-0.1799626
-0.02599818
0.005687222
0.008158236
-0.01576209
-0.1167798
-0.05855571
0.0001687518
-0.01655658
-0.1603793
-0.07181083
0.03775741
-0.07418198
-0.04350343
-0.06612988
-0.09944573
-0.04503733
0.01847899
-0.07142029
-0.0361671
-0.1088851
-0.0951215
0.03830017
0.1059882
0.00820536
0.02476726
-0.0934085
-0.09992613
0.02648699
-0.06839667
-0.06906151
-0.005398775
-0.1923651
0.177716
-0.04283018
-0.03630673
0.005717613
-0.02966032
0.1055951
-0.1116009
-0.04131527
0.05867641
-0.03890661
0.06433936
-0.03017019
0.02048988
-0.03638021
-0.1467558
0.01112329
0.02740835
0.09098327
-0.08749001
-0.03932357
0.07665534
0.004081619
0.06963328
0.03142671
0.04593028
0.01082052
-0.09869417
-0.02319934
0.1873716
0.009932505
-0.03857929
0.2814524
0.05753827
0.02217945
-0.0001241119
0.1133114
-0.03832524
0.1447366
0.1200013
0.07393398
0.1560246
0.07264837
-0.01678629
0.01022924
0.1899121
0.142084
0.0829055
0.1065885
-0.008194727
0.0522295
0.07327883
0.1193535
0.09298255
0.07488651
0.1256711
0.2687034
0.08806632
0.1181334
0.06923635
0.03127314
0.1703914
0.05399909
0.1451592
0.1986613
0.2075213
0.06250486
0.07361255
0.1568862
0.1351973
0.1128383
0.2074469
0.04046737
-0.06099439
0.1542786
0.1179982
0.1826839
0.1544925
0.2263778
0.1726805
0.2073923
0.08479482
0.09916149
0.1796673
0.1034655
0.167711
0.2264517
0.2421694
0.1406
0.1736817
0.2234139
0.2943284
0.07571379
-0.02585739
0.1456662
0.1045494
0.1850222
0.299198
0.3037343
0.2717294
0.06020839
0.1916451
0.2389742
0.3118136
0.2283682
0.1297704
0.2685082
0.06381549
0.1953655
0.2025057
0.3048428
0.2005877
0.08685487
0.1655314
0.2516026
0.2103189
0.3105951
0.1917507
0.2770693
0.3086618
0.1803306
0.2457052
0.1850924
0.2202032
0.29761
0.1891708
0.277608
0.09160506
0.2155245
0.1819839
0.1795806
0.2332842
0.1971739
0.2833014
0.275916
0.2110945
0.1535965
0.2650387
0.3162577
0.07176452
0.1382074
0.4453484
0.2866602
0.0568589
0.2210897
0.4075068
0.2716646
0.2716351
0.3320044
0.302049
0.3267097
0.3022166
0.3002982
0.2707073
0.2833335
0.251618
0.3193075
0.3430122
0.3589564
0.3089905
0.2888766
0.3817755
0.3370285
0.3478984
0.2743855
0.2780197
0.2859107
0.2151024
0.3239949
0.3176897
0.3337717
0.1943951
0.3664538
0.4132164
0.242358
0.2938329
0.3863918
0.2734949
0.4555617
0.3207482
0.1821299
0.350925
0.4544453
0.4402822
0.3250801
0.2016802
0.4109881
0.2192041
0.3985107
0.2524856
0.3328419
0.3187786
0.3536349
0.4722785
0.4822901
0.400333
0.5499406
0.4591812
0.4233396
0.4276968
0.3168824
0.5614006
0.2441561
0.4114731
0.23561
0.2834729
0.3353198
0.3746098
0.4493108
0.3459076
0.4627019
0.3868225
0.4120966
0.3210207
0.4658126
0.3837082
0.453715
0.373869
0.6453894
0.4331722
0.5714887
0.3807443
0.3517166
0.3791934
0.391851
0.5068054
0.3989054
0.302508
0.3451632
0.4662592
0.5414046
0.4574827
0.6077751
0.389324
0.3043718
0.4548959
0.4350641
0.4812477
0.5259535
0.520808
0.3984752
0.5108275
0.6170966
0.3973096
0.5071983
0.5483652
0.4554548
0.3937157
0.4242396
0.5819915
0.3592556
0.5492402
0.5200362
0.5812252
0.5262774
0.5621964
0.3691306
0.4281276
0.4395903
0.5833411
0.562718
0.3864943
0.541101
0.4306368
0.6339529
0.6377418
0.4803421
0.5468778
0.4281501
0.6179973
0.549623
0.5000272
0.4405781
0.517399
0.4662947
0.5687275
0.5380292
0.5537618
0.5386908
0.5912859
0.6314412
0.4669509
0.6682512
0.7032503
0.5240768
0.5787799
0.4409178
0.6317643
0.5094795
0.5698428
0.4707858
0.4927138
0.7050652
0.5147695
0.5089195
0.6005034
0.6336956
0.5149958
0.5391507
0.4485122
0.4367005
0.6253731
0.5599901
0.4801653
0.6677994
0.6145634
0.6435831
0.6209574
0.5215723
0.5725484
0.5794549
0.6685207
0.7347929
0.5875607
0.704514
0.6506918
0.5431239
0.5143464
0.6266653
0.742705
0.5895061
0.6245317
0.6021264
0.6834817
0.4283551
0.5484667
0.6648869
0.514003
0.7177838
0.604998
0.7381287
0.7306188
0.6291104
0.6892167
0.7698118
0.6156643
0.7527279
0.5862496
0.5352284
0.5892637
0.6905517
0.540373
0.5753533
0.8543269
0.5747714
0.6923773
0.6622383
0.8551213
0.7208065
0.6138032
0.6357605
0.7493269
0.7029904
0.7306542
0.7449638
0.6677141
0.6411446
0.6564331
0.7777098
0.757323
0.7263305
0.6003282
0.7107004
0.6403528
0.6731106
0.7203573
0.8034061
0.7777008
0.7037045
0.7822479
0.7011536
0.626813
0.7805019
0.5799513
0.8229108
0.7100756
0.7456356
0.7599354
0.6691391
0.7358326
0.7199238
0.6714983
0.7323747
0.7699227
0.7933909
0.8419395
0.6635964
0.7003163
0.7033516
0.6767484
0.8069776
0.881813
0.8800907
0.6955438
0.8406368
0.9089542
0.7933903
0.8471673
0.7348811
0.7651057
0.7937259
0.7328985
0.8331524
0.8888906
0.7973333
0.7267155
0.9430692
0.7406589
0.8218108
0.7908024
0.8142101
0.80361
0.767554
0.7696926
0.8042413
0.8595203
0.765151
0.7611991
0.812354
0.8852074
0.9788842
0.8768199
0.7965335
0.7386865
0.9131347
0.902942
0.8776727
0.9038576
0.8418217
0.9616187
0.8890774
0.9211621
0.9334492
0.6683883
0.9438847
0.8695639
0.8625891
0.7768538
0.7979649
0.8373866
0.8743518
1.005194
0.9377184
0.8664153
0.854508
0.8146498
0.7848824
0.9381542
0.8396065
0.8426235
0.8429732
0.6219705
0.9173043
0.8698994
0.846942
0.8873266
1.043786
0.8884107
0.8982617
0.8313956
1.074403
0.8793526
0.9003072
1.041297
1.115112
0.8174768
1.049241
0.9014523
1.051166
1.065615
0.9021426
0.9181416
0.8618886
0.8812297
0.9081297
0.7990227
0.9114502
1.004807
1.045449
0.9740511
1.041115
0.9507891
0.8607268
0.8501317
0.8100632
0.9622614
0.9216409
0.8345409
1.022677
0.8339505
0.9898572
0.9556595
0.883537
1.026638
1.102934
0.9962257
0.9840201
1.055703
0.9342535
0.9863742
1.01435
1.032118
1.012424
1.02847
0.8081401
1.057195
0.8951269
1.011725
1.024866