-0.03979819
-1.095796
-0.9605925
-1.031911
-0.9098259
-0.9463555
-0.8819022
-0.9239073
-0.9843521
-1.14456
-0.9427891
-0.9099894
-0.9803036
-0.9887043
-0.8935078
-1.017974
-1.007143
-0.7426527
-0.9931849
-1.023097
-0.9790059
-0.7726708
-0.9034813
-0.9927586
-0.8925326
-0.8972948
-0.9851717
-0.9320493
-0.9515769
-0.9398907
-0.7797945
-0.9044705
-0.827839
-1.033357
-0.9598331
-0.8559886
-0.9732434
-0.9041903
-0.9794155
-0.8740471
-0.867426
-0.9645334
-0.9407691
-1.081007
-0.9903334
-0.9954397
-0.9647669
-1.060487
-0.9551221
-0.8721344
-0.9150906
-0.9532759
-1.007173
-0.8999368
-0.8868531
-0.9919328
-0.8215054
-0.8034034
-0.9077437
-0.9299417
-0.8727657
-0.8865688
-1.03404
-1.021105
-0.7964271
-0.8726043
-0.8577643
-0.907498
-0.728555
-0.957379
-0.9021906
-0.9524144
-0.9396739
-0.9446555
-0.9622649
-0.8362594
-0.8976374
-0.8847987
-0.7128364
-0.8159898
-0.7755758
-0.8824463
-0.8211848
-0.9311249
-0.9535093
-1.001841
-0.8453485
-0.760211
-0.7952735
-0.8025678
-0.9046873
-0.9478447
-0.7433803
-0.9041046
-0.7894823
-0.9072606
-0.7902128
-0.7699083
-0.9220206
-0.7699485
-0.8281925
-0.766407
-0.7886185
-0.7949856
-0.7400311
-0.7533148
-0.8442789
-0.5788667
-0.7275903
-0.7694698
-0.8959886
-0.8179016
-0.831059
-0.7835989
-0.554423
-0.8226855
-0.7937144
-0.7619194
-0.7891508
-0.6545806
-0.886853
-0.7075182
-0.9075462
-0.6691268
-0.6977727
-0.8150762
-0.8002427
-0.7933211
-0.782196
-0.8519785
-0.8369895
-0.7485892
-0.8118092
-0.6208969
-0.7040139
-0.8031704
-0.7989005
-0.6749523
-0.7474744
-0.8152453
-0.6963734
-0.741064
-0.7247839
-0.4884446
-0.8059443
-0.6352567
-0.7479086
-0.465675
-0.632435
-0.6681859
-0.7052461
-0.625815
-0.6574913
-0.629249
-0.7088428
-0.7499633
-0.6617196
-0.6924566
-0.5806084
-0.8119868
-0.7278819
-0.6415252
-0.5806825
-0.590439
-0.6213431
-0.7087087
-0.7181218
-0.696234
-0.675548
-0.6343523
-0.5844146
-0.6793362
-0.6094892
-0.4837304
-0.7319409
-0.579914
-0.7963417
-0.6056313
-0.7870284
-0.5978856
-0.5528479
-0.5959145
-0.64242
-0.5703199
-0.6003764
-0.6136386
-0.72674
-0.6491723
-0.570331
-0.5705605
-0.7375464
-0.6488714
-0.7333117
-0.5713463
-0.5999088
-0.6267511
-0.5414364
-0.6183133
-0.6533562
-0.4820467
-0.5623818
-0.7823139
-0.6171543
-0.6166817
-0.6480517
-0.6478627
-0.5704335
-0.4196301
-0.5980779
-0.4228505
-0.5069658
-0.5604871
-0.5132007
-0.4937512
-0.6131602
-0.5973914
-0.5612201
-0.6763709
-0.4915127
-0.6550166
-0.5783604
-0.5224283
-0.6670366
-0.6945988
-0.4001524
-0.6150035
-0.5787111
-0.3968565
-0.4926225
-0.5708804
-0.5620001
-0.370925
-0.584967
-0.4967272
-0.5806829
-0.6419123
-0.4821934
-0.4775445
-0.5490139
-0.4522874
-0.5033344
-0.4462055
-0.5331723
-0.5591986
-0.417653
-0.5709011
-0.6231743
-0.5109795
-0.5658728
-0.6461924
-0.5573577
-0.3424664
-0.6626536
-0.356094
-0.5325104
-0.5573985
-0.5027636
-0.4475721
-0.4833281
-0.3972707
-0.3404335
-0.4986627
-0.6150086
-0.4664999
-0.4970426
-0.5576214
-0.403449
-0.4096499
-0.4228381
-0.4911851
-0.4103018
-0.3424554
-0.4648986
-0.4127829
-0.3031477
-0.3611349
-0.4343603
-0.4656293
-0.3820024
-0.5190497
-0.4614246
-0.4070719
-0.3607574
-0.4443155
-0.5272681
-0.3365766
-0.4840833
-0.5026029
-0.2841869
-0.6023716
-0.4431852
-0.3474842
-0.4562394
-0.3876109
-0.4167615
-0.4093746
-0.4349542
-0.5457036
-0.3621771
-0.435558
-0.5912449
-0.5032633
-0.3972801
-0.5125652
-0.503472
-0.4527796
-0.3286038
-0.2776175
-0.4296585
-0.4492681
-0.5210374
-0.5827647
-0.3878121
-0.3894489
-0.3525488
-0.4480377
-0.4582157
-0.3326416
-0.4312655
-0.4192651
-0.4602131
-0.3840314
-0.359996
-0.2419433
-0.3720196
-0.3701737
-0.4374087
-0.3705725
-0.4206766
-0.2943109
-0.3635958
-0.4155335
-0.3497306
-0.3642458
-0.3775744
-0.1790296
-0.1684093
-0.1817232
-0.3460515
-0.3906194
-0.3264986
-0.3305421
-0.3123937
-0.2910242
-0.4125373
-0.3706737
-0.2719178
-0.2712305
-0.3498476
-0.2531523
-0.2420239
-0.2090312
-0.2962653
-0.2511247
-0.2186582
-0.3476979
-0.2330134
-0.2042687
-0.3839244
-0.154284
-0.3463682
-0.2176488
-0.3140379
-0.255915
-0.1981048
-0.261536
-0.3499611
-0.4265378
-0.4268815
-0.2649582
-0.2301636
-0.2156178
-0.2934506
-0.3556403
-0.1115556
-0.3648835
-0.2719006
-0.2108034
-0.1766691
-0.3345281
-0.1497817
-0.1532148
-0.2633076
-0.4257797
-0.3849022
-0.107354
-0.1874743
-0.1962793
-0.195021
-0.1533503
-0.3550815
-0.3373954
-0.3228257
-0.3120261
-0.3272164
-0.1616156
-0.2794291
-0.2345662
-0.1318737
-0.2373408
-0.2937643
0.002496266
-0.04241101
-0.3772862
-0.3371125
-0.2070563
-0.2643382
-0.1419574
-0.0078788
-0.2055343
-0.1421201
-0.282196
-0.1624241
-0.2523623
-0.1539263
-0.1230399
-0.1759779
-0.293779
-0.2093471
-0.1698057
-0.1400538
-0.1678732
-0.1023706
-0.2038398
-0.03122885
-0.3633511
-0.1465002
-0.05061988
-0.18423
-0.05335041
-0.2231806
-0.1842479
-0.08685141
-0.1203408
-0.1575674
-0.2152707
-0.07281292
-0.2179651
-0.1036268
-0.2641944
-0.2048496
-0.1677369
-0.1382523
-0.06544705
-0.1492491
-0.09727663
-0.3032106
-0.2566199
-0.1029806
-0.07028751
-0.2169366
-0.03235544
-0.02153429
-0.2411779
0.02546584
-0.2060273
0.005159453
-0.0007150414
0.01078585
-0.2986493
-0.08040588
-0.05739961
-0.15246
-0.04562766
-0.1463257
0.0533275
-0.1101207
-0.1470845
-0.05824074
-0.03397328
-0.01237578
-0.09239278
-0.1184734
-0.06779831
-0.06014552
0.01640817
-0.1937531
-0.04301261
0.004994373
-0.04845392
-0.07059923
-0.02732905
0.04020222
0.06494217
-0.04010873
-0.08533712
0.01518623
-0.1976415
-0.05928183
0.0641877
-0.1376511
0.09044269
0.05606364
0.01911715
-0.1451742
-0.0907954
0.02380784
-0.188977
-0.01598849
-0.004739676
-0.1055675
-0.01165933
0.1367056
-0.03139462
-0.05774335
0.1030001
0.0106661
0.03164062
0.02329116
0.004040265
0.02082485
-0.03059679
0.009743767
-0.01055635
0.05364754
0.1314746
0.01860837
0.05798143
0.0288377
0.06877792
0.1094843
-0.05585351
0.1394657
0.01023138
0.03289173
0.1377655
0.02875858
-0.08296199
-0.06302229
0.06002271
-0.02878574
0.2169527
0.1354742
0.09272455
0.1675245
0.145828
0.04436291
-0.03682242
0.1026017
0.1502122
0.03973559
0.09211265
0.1078694
0.01971504
0.1318899
0.03070886
0.1244109
0.01673351
0.1816453
0.02326471
0.2548626
0.1569825
0.1117612
0.0216854
0.1741568
0.2191762
0.1272425
0.06567085
0.09669392
-0.02133267
0.1162124
0.172179
0.118572
0.08826555
0.1434303
0.2407432
0.1575823
0.02662937
0.1276599
0.1603246
0.2297149
0.1546032
0.2995033
0.1083709
0.156108
0.06049914
0.195315
0.174762
0.1511761
0.1332544
0.1842246
0.1369753
0.1313638
0.006625449
0.06725373
0.2416078
0.2909366
0.1303906
0.126653
0.2967359
0.1650218
0.1487897
0.1675877
0.1237072
0.2426096
0.05688807
0.2052326
0.2580156
0.1205378
0.3373188
0.1727639
0.1588694
0.1240241
0.0526226
0.3299333
0.2461834
0.1298961
0.2015945
0.1971748
0.3421871
0.2409633
0.1716212
0.06743751
0.1761077
0.2435808
0.2296977
0.09672124
0.1441884
0.2439272
0.1480423
0.3155173
0.2072609
0.2328766
0.3670446
0.25108
0.2759995
0.1694289
0.1377526
0.2927783
0.2741941
0.1060742
0.02644267
0.2837577
0.3282504
0.2678478
0.1793174
0.2380173
0.3044512
0.1618137
0.193233
0.2550174
0.2693749
0.2600486
0.3781173
0.25817
0.3653432
0.1581883
0.3154752
0.3312001
0.2333442
0.4271869
0.3052686
0.2909303
0.386635
0.3863025
0.4081933
0.3529868
0.3255447
0.2895253
0.3877471
0.3262987
0.1655008
0.3161548
0.4137544
0.3740945
0.4450885
0.3949164
0.2112871
0.3761311
0.2975057
0.257079
0.4378919
0.421477
0.3934587
0.3012541
0.3797071
0.2641006
0.4822312
0.5750694
0.5338462
0.394663
0.5368861
0.3536528
0.398415
0.3206842
0.3455762
0.4381056
0.5477344
0.3362772
0.3709611
0.4880353
0.3417684
0.2308918
0.2522108
0.3526434
0.310236
0.3343509
0.2867377
0.4768794
0.385372
0.2457882
0.4248628
0.4066602
0.4839338
0.3820856
0.35746
0.3310212
0.4644096
0.3491496
0.4484225
0.3476477
0.4075032
0.312721
0.3421388
0.5082135
0.3799765
0.4411294
0.4024915
0.466698
0.3972225
0.242692
0.407206
0.3082932
0.59856
0.480647
0.4943919
0.3726287
0.5570318
0.5341872
0.4973367
0.4218927
0.4395515
0.4407729
0.3981778
0.4580771
0.4476857
0.4693499
0.378051
0.453446
0.4193049
0.4228141
0.3774782
0.5032077
0.431468
0.4677668
0.562147
0.5522392
0.5898375
0.5836883
0.5570609
0.5495147
0.5453991
0.5986956
0.6164269
0.511539
0.5088991
0.6295341
0.5813296
0.4383914
0.5565076
0.5503095
0.5243974
0.5046109
0.4754695
0.591
0.3870776
0.5012327
0.4554742
0.5715001
0.5209954
0.5512499
0.5125217
0.5421337
0.459276
0.4771043
0.5414314
0.3999305
0.5087097
0.637996
0.6493019
0.6009835
0.570477
0.6860139
0.4319204
0.5703527
0.6227766
0.4991475
0.6025404
0.547321
0.5284318
0.4225854
0.7428366
0.6000456
0.6108238
0.4625637
0.5002725
0.6074989
0.5533953
0.5807936
0.6485373
0.5570817
0.5690489
0.4385735
0.6536446
0.5622017
0.4398538
0.4959582
0.5053057
0.6395239
0.6297482
0.6184507
0.7121119
0.7405818
0.6626678
0.7345734
0.5207135
0.5561804
0.6816691
0.579299
0.6303967
0.6355162
0.6932435
0.4308889
0.6679968
0.6833197
0.8427164
0.7119605
0.6476819
0.6746392
0.7276671
0.8163904
0.6810227
0.6169934
0.6595767
0.6621793
0.7460166
0.6919009
0.586903
0.7689345
0.7028575
0.6739595
0.6432045
0.6968191
0.6870119
0.6384909
0.7726685
0.6031773
0.7046477
0.5864684
0.618629
0.7991954
0.7246349
0.7260816
0.7915514
0.7825907
0.7923076
0.6980276
0.7030779
0.7614227
0.591272
0.8841888
0.7058007
0.7709384
0.7818903
0.6449875
0.699618
0.6562267
0.7817067
0.695963
0.6304155
0.6333897
0.7752005
0.6868873
0.8407061
0.8423363
0.7018096
0.7018022
0.8129994
0.7877645
0.5885469
0.7860582
0.6807378
0.7125595
0.7611607
0.7008921
0.7402791
0.6915495
0.7660593
0.7798558
0.7142299
0.8469302
0.8591976
0.9377855
0.8551875
0.729209
0.8309037
0.6592932
0.7396166
0.7345424
0.7280561
0.9120482
0.8288117
0.8820879
0.655131
0.8138322
0.8097559
0.8279238
0.7504918
0.8740653
0.7088515
0.8325504
0.7171393
0.8064688
0.8155657
0.8004531
0.7503846
0.7839039
0.9139301
0.8256247
0.9638759
0.8495769
0.8900484
0.8119
0.834483
0.7467663
0.9906306
0.9027967
0.8599259
0.8359666
1.039724
0.8277654
0.9134941
0.9542837
0.8852753
0.8277077
0.8749547
0.770303
0.8711978
0.7235993
0.90649
0.9904822
0.7672884
0.9499581
0.7829483
0.9061967
0.9780904
0.8604549
0.9484663
0.829217
0.881106
0.7466482
0.8947695
0.9906718
0.9587842
0.9751829
0.9253206
0.7706548
1.080748
0.9462862
0.8493326
0.935547
0.8545832
0.930771
0.9339106
0.9830224
0.9541051
1.037239
0.9146145
0.9287516
0.7986897
0.9202738
1.026284
0.9458103
1.049924
0.9585397
1.056516
0.831107
0.8445639
0.9733062
0.925975
0.9781674
0.7463305
0.898941
1.046499
0.9356249
0.8258233
1.029408
0.9624627
1.017616
0.9282623
1.007381
1.161583
0.9570511
1.112522
0.9954879
0.9509238
1.00736
0.9074007
1.043171
1.080065
0.875804