-0.04450763
-1.08535
-0.9683781
-1.037378
-0.9256307
-0.9160067
-0.8741429
-0.9335232
-0.9780245
-1.138377
-0.9470301
-0.936672
-0.9997706
-0.9734128
-0.8692401
-1.034805
-0.9908234
-0.7500535
-0.9952711
-1.033209
-0.9702603
-0.7732978
-0.896066
-0.9887097
-0.8729108
-0.904637
-0.9925422
-0.9224333
-0.9297784
-0.9427011
-0.7758455
-0.9128059
-0.8428638
-1.033281
-0.9516249
-0.860898
-0.959188
-0.9229477
-0.9832645
-0.8752732
-0.8676928
-0.9451872
-0.935454
-1.070832
-0.9766732
-0.9851361
-0.9770804
-1.055672
-0.9301469
-0.8939024
-0.9197198
-0.9652131
-0.995422
-0.8944739
-0.9104435
-0.9781699
-0.8320666
-0.804075
-0.902608
-0.9245188
-0.8644126
-0.898318
-1.043664
-1.024954
-0.8237653
-0.8617527
-0.8432314
-0.8927826
-0.7138286
-0.9306942
-0.9044256
-0.9618498
-0.9210148
-0.9397801
-0.9692707
-0.8256964
-0.9194951
-0.8982475
-0.711977
-0.8315766
-0.7725755
-0.8843078
-0.8332789
-0.9217492
-0.9401723
-0.9953088
-0.829173
-0.7451179
-0.8002252
-0.7938688
-0.8946352
-0.9631662
-0.7415897
-0.9143921
-0.7700691
-0.900015
-0.7753949
-0.7568415
-0.9253592
-0.7537322
-0.8190292
-0.7536689
-0.7979154
-0.7813233
-0.7515424
-0.7380005
-0.8290725
-0.5827531
-0.7455656
-0.7987944
-0.8858127
-0.8132197
-0.8143419
-0.7820586
-0.5369483
-0.8239981
-0.7826368
-0.757519
-0.794869
-0.6368417
-0.870067
-0.692973
-0.8905191
-0.6844235
-0.6923573
-0.8097219
-0.7902485
-0.7932211
-0.7698497
-0.8400534
-0.8244086
-0.7479655
-0.8106857
-0.6097521
-0.702915
-0.8156595
-0.8055239
-0.6875803
-0.7294536
-0.8119114
-0.7004704
-0.7414422
-0.7339562
-0.4976857
-0.8117541
-0.6537314
-0.7350958
-0.4863693
-0.6470809
-0.6627251
-0.7193123
-0.6436113
-0.6579779
-0.6409547
-0.7128738
-0.7583623
-0.6783785
-0.695086
-0.5875862
-0.7987281
-0.7224657
-0.6266773
-0.5612984
-0.6067211
-0.5802833
-0.7064314
-0.7268806
-0.6650261
-0.6984855
-0.6378742
-0.5810982
-0.674445
-0.5938937
-0.5141137
-0.7304912
-0.5618156
-0.793309
-0.6119216
-0.783044
-0.5847483
-0.5645274
-0.6261731
-0.6249555
-0.562575
-0.607058
-0.6211412
-0.7153245
-0.6634348
-0.5722925
-0.5490275
-0.7680042
-0.6530963
-0.7376329
-0.5765882
-0.5952745
-0.638704
-0.5485245
-0.6325019
-0.630129
-0.4618988
-0.5710707
-0.7725291
-0.6083887
-0.6124887
-0.6292754
-0.6369963
-0.5607616
-0.4096435
-0.6044246
-0.4225606
-0.5069344
-0.5628087
-0.4916799
-0.4912496
-0.6051533
-0.5969233
-0.5517974
-0.6816396
-0.4999611
-0.6574483
-0.5815932
-0.5384653
-0.675491
-0.6636273
-0.4174038
-0.6216615
-0.5875979
-0.39096
-0.4819333
-0.5791617
-0.5650487
-0.3806074
-0.5999056
-0.5022104
-0.5950735
-0.6429486
-0.4913248
-0.490907
-0.5457121
-0.4758286
-0.5065253
-0.4567808
-0.5372433
-0.5960939
-0.4351527
-0.5809327
-0.6139486
-0.4915767
-0.5932696
-0.6451157
-0.5455307
-0.3536019
-0.6810535
-0.3449721
-0.5375144
-0.5438305
-0.5050535
-0.4744394
-0.4740308
-0.412873
-0.3730677
-0.478841
-0.6076028
-0.4855133
-0.4902292
-0.5646282
-0.3907849
-0.4051419
-0.4193276
-0.4936191
-0.4093069
-0.3532032
-0.4829402
-0.405786
-0.2973443
-0.3642623
-0.4354651
-0.4873195
-0.3850172
-0.5086806
-0.4519615
-0.4044065
-0.3561639
-0.4758041
-0.5032394
-0.321089
-0.4831836
-0.5217657
-0.2946677
-0.5889745
-0.4366555
-0.380872
-0.4409375
-0.3818318
-0.4229706
-0.3755305
-0.4100318
-0.5304396
-0.3444878
-0.4392717
-0.5948223
-0.5116792
-0.4039188
-0.510033
-0.4941758
-0.4476099
-0.3340938
-0.2868828
-0.4349834
-0.441994
-0.5021071
-0.5645198
-0.3752955
-0.3689792
-0.3427733
-0.450176
-0.4690823
-0.3251289
-0.414233
-0.4071701
-0.4465573
-0.3611436
-0.3562702
-0.258952
-0.3597486
-0.3797951
-0.4178708
-0.3699398
-0.4445906
-0.2934462
-0.385484
-0.4021119
-0.3496798
-0.3558761
-0.3612338
-0.1777491
-0.1731847
-0.1722976
-0.337186
-0.3811765
-0.3454392
-0.3496134
-0.3085627
-0.302304
-0.4017328
-0.3510652
-0.2673146
-0.2550678
-0.3554361
-0.2462308
-0.2650457
-0.2005428
-0.2891841
-0.2765172
-0.2125556
-0.3514473
-0.2578402
-0.1970179
-0.3839656
-0.1770549
-0.3735095
-0.212308
-0.3011431
-0.2479126
-0.1773506
-0.2831859
-0.361518
-0.4126938
-0.4159221
-0.2584342
-0.2178661
-0.2141956
-0.3134397
-0.3645219
-0.1299426
-0.3569854
-0.2513826
-0.2345632
-0.1561835
-0.3360305
-0.1446065
-0.1600902
-0.2780111
-0.4312869
-0.3869342
-0.09169325
-0.1939054
-0.1837681
-0.2019647
-0.1651421
-0.361661
-0.3292581
-0.3332774
-0.3295496
-0.3245029
-0.1602127
-0.2903029
-0.2107852
-0.1422993
-0.2496664
-0.3013627
-0.03015292
-0.05797497
-0.363342
-0.3194919
-0.2159178
-0.2656403
-0.1709771
-0.00688776
-0.183382
-0.133815
-0.2851104
-0.1562128
-0.2457173
-0.1677458
-0.1017116
-0.1715964
-0.2844065
-0.1923642
-0.1976417
-0.1306683
-0.1532379
-0.09644664
-0.2184751
-0.04206644
-0.3415574
-0.1438091
-0.03521614
-0.1617182
-0.03721341
-0.2029335
-0.185842
-0.07998339
-0.1249873
-0.150469
-0.2435071
-0.07340793
-0.2068632
-0.1119343
-0.2363063
-0.19177
-0.1684153
-0.1578908
-0.05748547
-0.1389017
-0.06831269
-0.3068681
-0.2643842
-0.1173987
-0.06524819
-0.220158
-0.04499221
-0.01496394
-0.2274759
0.03479081
-0.2007736
0.008746911
-0.01770514
0.01732537
-0.3042857
-0.07131091
-0.04859373
-0.1541192
-0.05980575
-0.1298462
0.0463321
-0.1141361
-0.1574233
-0.03413686
0.003469999
-0.002534948
-0.1040116
-0.1317331
-0.0954857
-0.04562634
0.01231977
-0.1904114
-0.06236891
-0.001138812
-0.04395917
-0.06012884
-0.05329357
0.03973122
0.05952315
-0.04439396
-0.06636151
0.008140128
-0.1816584
-0.04473053
0.05710995
-0.1283827
0.1210546
0.02849363
0.03251462
-0.1466289
-0.07490567
0.04299844
-0.182769
-0.03268107
-0.001745446
-0.1073505
-0.005083612
0.1364209
-0.0128945
-0.03892351
0.1076792
0.01425329
0.04947232
0.01603412
0.006228119
0.02200778
-0.01758176
-0.006109367
0.0133034
0.08560077
0.1260628
0.03954636
0.06225776
0.0295426
0.07086169
0.1143558
-0.05272774
0.138075
0.03414261
0.02816405
0.1383241
0.01391433
-0.09488525
-0.07561336
0.037109
-0.01938239
0.2196119
0.1166527
0.09955055
0.1706054
0.1379401
0.04199059
-0.04061348
0.1149518
0.1217327
0.05172019
0.09723724
0.09693521
0.01914718
0.1088125
0.02223681
0.1133593
-0.007233385
0.1841751
0.04274789
0.2650223
0.16022
0.1158721
0.007299835
0.1679928
0.2127962
0.1425478
0.04384694
0.1029963
-0.02091276
0.100441
0.166615
0.1218434
0.08123084
0.1446621
0.2482353
0.1809813
0.04645022
0.1288488
0.1471703
0.2296473
0.1547979
0.3109315
0.114859
0.1634226
0.0529133
0.1808476
0.1616428
0.1672645
0.1429499
0.181226
0.1379778
0.1581034
-0.01986906
0.06852695
0.2310587
0.2959425
0.1325791
0.1391204
0.3123865
0.1652318
0.1560324
0.1739433
0.1111711
0.2284372
0.04524645
0.2407292
0.2422038
0.1287782
0.3362487
0.1782838
0.1824225
0.1175574
0.01853065
0.3272526
0.2480229
0.1195906
0.1955322
0.1870358
0.3389224
0.2545593
0.1914559
0.07755795
0.166455
0.2589516
0.2139805
0.09025801
0.1363324
0.2414686
0.1340438
0.3125965
0.2177774
0.2279213
0.3524391
0.2544996
0.2832111
0.1511279
0.1455562
0.3032712
0.259191
0.1090826
0.02354944
0.294641
0.3230174
0.2389508
0.1795052
0.2277399
0.2987099
0.1276727
0.204446
0.254681
0.2702351
0.2539737
0.3845745
0.2384454
0.3701454
0.1193691
0.2920035
0.3165725
0.2528504
0.4177199
0.3194475
0.2784771
0.3966627
0.3819069
0.4094719
0.36703
0.3142505
0.2932642
0.3922408
0.3235917
0.1518078
0.3394766
0.4148385
0.4053104
0.4226876
0.4078331
0.2308913
0.3803346
0.2804698
0.2229535
0.4089172
0.4665685
0.4050678
0.2861797
0.3767688
0.2498754
0.4916969
0.5880072
0.5307225
0.4041381
0.5505641
0.3466672
0.3840661
0.3130909
0.3339337
0.4195524
0.5375374
0.3441969
0.3624459
0.4872693
0.3428905
0.2010789
0.2393302
0.33706
0.3029091
0.3159189
0.2830972
0.4761061
0.3979574
0.2642015
0.4054563
0.4152346
0.4848884
0.3733858
0.3665112
0.323511
0.4549067
0.3322317
0.4332783
0.3604501
0.4028919
0.3332588
0.3209253
0.4954798
0.3543565
0.4531237
0.4161835
0.4443169
0.3716737
0.2446462
0.3996196
0.3106887
0.5854699
0.4781911
0.5195323
0.3528915
0.5710248
0.5239707
0.5094314
0.4385071
0.4396083
0.4556243
0.4001266
0.4141858
0.4522212
0.4586203
0.3772696
0.440945
0.4142907
0.4351623
0.3802226
0.4930337
0.4257072
0.4429556
0.5464943
0.588436
0.6085424
0.5552161
0.5648298
0.562819
0.5386071
0.6040253
0.6264301
0.5161429
0.5346542
0.6162796
0.5882707
0.4225072
0.5588246
0.5469604
0.5221336
0.5211636
0.4802379
0.6068595
0.4116246
0.5056071
0.465247
0.6178289
0.5205735
0.557874
0.5016046
0.5052449
0.4469748
0.4860715
0.5655473
0.4362049
0.5124266
0.6436427
0.6292795
0.5947673
0.575887
0.6690442
0.4297122
0.5822132
0.6141823
0.497261
0.610945
0.5342351
0.5377875
0.4280228
0.7407099
0.5978173
0.5897317
0.4781042
0.4979586
0.5964156
0.5540907
0.5760546
0.6525147
0.5558905
0.588475
0.4404849
0.6460251
0.5433746
0.4438492
0.4734734
0.543678
0.6370505
0.6133027
0.6276608
0.6892491
0.7397865
0.6632996
0.7169914
0.5272246
0.5520974
0.6862472
0.5980812
0.6369293
0.6398372
0.6868247
0.4430302
0.6754183
0.6868299
0.8456466
0.7106958
0.6737057
0.6855784
0.748422
0.8154217
0.6631525
0.5965662
0.683046
0.6857777
0.7400556
0.6820241
0.6252699
0.7751768
0.7013956
0.6701877
0.632139
0.6729892
0.7110671
0.6429531
0.7807492
0.6123869
0.6648094
0.5911021
0.6458513
0.8124429
0.7309781
0.7144274
0.7771924
0.8069139
0.8076712
0.6620061
0.6916303
0.764345
0.6029732
0.9063159
0.6885983
0.7745339
0.7913722
0.6715538
0.709244
0.6556569
0.7852445
0.7077986
0.6108545
0.6309119
0.7550376
0.689661
0.8382428
0.8627101
0.7017213
0.6926619
0.8123033
0.7856507
0.5857779
0.7856967
0.664385
0.6831239
0.7549427
0.6987777
0.7141777
0.6962942
0.7523601
0.7918314
0.684739
0.8467964
0.8846987
0.9412975
0.8688051
0.7267848
0.8277802
0.6779275
0.7277319
0.7374971
0.7276852
0.888666
0.8046218
0.8592676
0.6649233
0.8052355
0.7978511
0.8203333
0.763817
0.8652317
0.7164801
0.8274242
0.7083863
0.8155166
0.8017414
0.7992561
0.7594098
0.7935869
0.8718552
0.8210435
0.9687681
0.8374336
0.8889348
0.8358639
0.8270528
0.757568
0.9870676
0.8850063
0.857793
0.8488206
1.057903
0.8364317
0.9390726
0.9873187
0.8802943
0.825306
0.8722772
0.7714359
0.8626743
0.730435
0.9207094
0.9786666
0.7980478
0.9563607
0.7893879
0.8982219
0.9887387
0.851054
0.9632049
0.8439363
0.8618342
0.7446635
0.8862977
0.9627438
0.9798197
0.9554604
0.9241339
0.782611
1.10311
0.9475244
0.8575597
0.948948
0.8527374
0.9007545
0.9340895
0.9839529
0.9373454
1.028456
0.8940736
0.9016598
0.8077241
0.9246601
1.017206
0.9529925
1.036423
0.9451104
1.045122
0.8316267
0.8665615
0.9749683
0.9309635
0.9793788
0.7416716
0.9017948
1.056531
0.9331374
0.8363214
1.024746
0.959267
1.029754
0.935247
0.9911524
1.151353
0.9744699
1.124462
0.9857884
0.9619431
1.016709
0.9101782
1.033999
1.086025
0.8658673