0.02505683
-0.9440576
-1.032822
-0.9515278
-1.065141
-0.9542597
-0.9917612
-1.023237
-1.145657
-0.9745955
-0.9573735
-0.9444505
-0.99935
-0.9573385
-0.9424143
-0.9425724
-0.9191919
-0.8630372
-1.015515
-0.9364789
-1.028641
-0.9793184
-0.8481202
-0.9130123
-1.101151
-0.8654619
-0.887766
-0.9727052
-1.04731
-0.9448481
-0.9353677
-0.9079551
-0.8974949
-0.9886012
-0.8657751
-0.8872667
-0.8849114
-0.8488048
-0.9150535
-0.9062365
-0.6793978
-0.7620941
-0.8634121
-0.908454
-0.9781904
-0.8004366
-0.988838
-0.9303028
-0.9392188
-0.9283944
-0.8310078
-1.012923
-1.026259
-0.6860228
-0.754299
-0.7831206
-0.8734507
-0.9871686
-0.856098
-0.8444152
-0.7182716
-0.8307072
-0.9381461
-0.9646003
-0.872169
-0.8403042
-0.9269929
-0.8228992
-0.8462664
-0.8053072
-0.808213
-0.6239914
-0.7653477
-0.998034
-1.015891
-0.8409919
-0.8067985
-1.025039
-0.7366072
-0.8601816
-0.8322062
-0.8484111
-0.8973369
-0.8575306
-0.827565
-0.7896621
-0.656427
-0.8803775
-0.7863503
-0.9211535
-0.8319224
-0.8188376
-0.7325554
-0.8788818
-0.7612767
-0.7326822
-0.703049
-0.850318
-0.7234693
-0.8340765
-0.8087296
-0.7579146
-0.793788
-0.8992716
-0.8732621
-0.940161
-0.7294739
-0.7402972
-0.9030595
-0.6939453
-0.8700305
-0.7821242
-0.7637983
-0.7062065
-0.6989424
-0.7774342
-0.6765768
-0.7174073
-0.8752288
-0.730532
-0.8036498
-0.7372448
-0.8551344
-0.8129203
-0.7186837
-0.5942142
-0.7181584
-0.9264064
-0.7267845
-0.7210086
-0.7027638
-0.5689282
-0.7408637
-0.8217244
-0.7617421
-0.7732361
-0.6804853
-0.506907
-0.5096361
-0.7330917
-0.7640665
-0.6777791
-0.770646
-0.7916774
-0.7726271
-0.7291655
-0.600138
-0.691796
-0.6688744
-0.6687126
-0.6930763
-0.6991473
-0.711711
-0.6480525
-0.7428071
-0.6482322
-0.7383067
-0.6546723
-0.6057798
-0.5737313
-0.6305613
-0.5743536
-0.5401725
-0.6188267
-0.6742333
-0.6666069
-0.6299629
-0.6525093
-0.8331189
-0.5725302
-0.6524429
-0.6000849
-0.6928306
-0.7000786
-0.5907888
-0.7701565
-0.6595437
-0.7542564
-0.6551609
-0.8270754
-0.5176222
-0.6669738
-0.5832735
-0.6836311
-0.6035973
-0.5781516
-0.5215526
-0.623801
-0.6655621
-0.5950223
-0.6639185
-0.5658867
-0.6593762
-0.6985449
-0.6611071
-0.5335554
-0.5515647
-0.5317516
-0.4901151
-0.5082129
-0.6373404
-0.5772862
-0.6621677
-0.5254752
-0.6518277
-0.7178884
-0.6206915
-0.7696261
-0.4794396
-0.470062
-0.5307965
-0.5817103
-0.5763416
-0.4941313
-0.6433405
-0.6132365
-0.5235885
-0.5551666
-0.5427346
-0.6599048
-0.3495372
-0.5281089
-0.5446935
-0.5289031
-0.6141386
-0.5252961
-0.5407263
-0.725891
-0.495464
-0.5168983
-0.5623862
-0.5812263
-0.5245756
-0.4545287
-0.6529746
-0.5374424
-0.6986622
-0.4753023
-0.5216185
-0.6654569
-0.6412652
-0.5298482
-0.5088255
-0.5030176
-0.596478
-0.5970791
-0.459476
-0.4728452
-0.5522665
-0.4039651
-0.4300002
-0.534444
-0.6614938
-0.4692222
-0.5157228
-0.458107
-0.4503698
-0.6517676
-0.5307443
-0.452629
-0.4454656
-0.5131188
-0.615692
-0.4918696
-0.2939517
-0.4291603
-0.42599
-0.5057602
-0.4789327
-0.4088999
-0.3851072
-0.3247236
-0.410116
-0.6318541
-0.6013436
-0.3978872
-0.431764
-0.5144366
-0.3956151
-0.3775289
-0.5349557
-0.425731
-0.5401183
-0.3669039
-0.493861
-0.6035034
-0.3370617
-0.4352011
-0.3515902
-0.4624752
-0.2668224
-0.4205173
-0.5426486
-0.3520168
-0.3279629
-0.4409465
-0.4491861
-0.5213068
-0.3233512
-0.3576641
-0.4095534
-0.4852584
-0.415155
-0.4689503
-0.4324904
-0.4499312
-0.3269403
-0.5067676
-0.4688054
-0.4286823
-0.3048419
-0.4948872
-0.3706763
-0.457282
-0.4258665
-0.3459843
-0.4182956
-0.5039582
-0.2384793
-0.3292455
-0.3021964
-0.3118463
-0.4066368
-0.3584555
-0.3185149
-0.4984759
-0.4891895
-0.194719
-0.2730417
-0.2928013
-0.2857046
-0.3550863
-0.3422744
-0.3259052
-0.178079
-0.3906364
-0.4711519
-0.2423585
-0.3312513
-0.3103581
-0.2900329
-0.3748546
-0.4147305
-0.4001464
-0.3075719
-0.2712642
-0.2953009
-0.2075573
-0.2460933
-0.35866
-0.3270256
-0.3427316
-0.3500633
-0.2449162
-0.2376501
-0.2308621
-0.235135
-0.2728677
-0.3432596
-0.3059005
-0.2846347
-0.2441292
-0.2721656
-0.3784772
-0.2864047
-0.150112
-0.2659919
-0.3332142
-0.2522319
-0.4260847
-0.1919675
-0.2392495
-0.2134921
-0.3821954
-0.4087286
-0.2315105
-0.2570288
-0.2517892
-0.2820502
-0.2336949
-0.0694128
-0.1273122
-0.4427279
-0.2846471
-0.3854651
-0.2594453
-0.1001319
-0.1987819
-0.2715915
-0.2210041
-0.2300506
-0.1362959
-0.1906128
-0.2348654
-0.3876482
-0.3640725
-0.3256142
-0.3291583
-0.2167039
-0.2445506
-0.09259958
-0.07310239
-0.2538969
-0.3074106
-0.1299317
-0.1592679
-0.1369515
-0.1576521
-0.1575888
-0.09113742
-0.1753733
-0.09795969
-0.1434061
-0.1321215
-0.1629483
-0.1523796
-0.1948405
-0.1212813
-0.03801001
-0.1979676
-0.137363
-0.2967384
-0.2260438
-0.1810012
-0.15592
-0.06138697
-0.1058353
-0.1588163
-0.07176138
-0.06657966
-0.09625281
-0.05090042
-0.2303644
-0.04780997
-0.1052703
0.02197645
-0.1321932
-0.08111102
-0.1562072
-0.09629533
-0.0740859
-0.1779017
-0.2977055
-0.1566245
-0.208051
-0.1930428
-0.2421714
-0.2194757
-0.1006446
-0.01977013
0.006361213
-0.1449591
-0.1638191
-0.06573318
-0.08779213
0.009658923
0.00713601
-0.138831
-0.007441174
-0.08633107
-0.08092965
-0.1148576
-0.1753876
-0.02927861
-0.03569907
-0.1339899
-0.1548107
0.002368282
-0.1482073
-0.07526412
-0.05433782
-0.1071554
0.06850252
-0.1165562
0.03291691
-0.03002937
-0.1706387
-0.0698706
-0.07490575
-0.00553346
-0.07946379
0.08036384
-0.05589651
-0.09750761
-0.03063078
-0.1540319
0.06273647
-0.04478814
0.136853
-0.08021206
-0.0721473
0.001355562
0.05918577
-0.03869347
0.02168676
0.07204457
-0.09741122
-0.08099402
0.03170073
-0.01045545
-0.08731255
-0.1796061
0.06823228
-0.02328047
-0.08297773
0.07840069
-0.005247041
0.2323418
0.1639596
-0.1291059
0.04441672
-0.08920023
0.1168167
-0.03122285
0.0875801
0.1036568
0.09405933
0.1983911
0.114539
-0.05047161
0.008762033
-0.08478378
-0.02720088
0.1069958
0.2025995
0.06318532
-0.1010387
-0.06141255
0.1656938
0.07403382
0.13677
0.01872927
0.0009296611
0.2057176
0.08123417
0.1452803
0.01029444
-0.04407326
-0.02336952
0.2572653
-0.09966566
0.05353848
0.1183614
0.02513272
0.1498265
-0.02849991
0.2325245
0.04006719
0.1145364
0.144395
0.02411721
0.1386161
0.02145457
0.003737579
0.1430464
0.197319
0.09900552
0.09687291
0.1517702
0.2539814
0.1966684
0.1541867
0.05384745
0.1424426
0.01164482
0.1605544
0.09341388
-0.06495295
0.1036936
0.2141427
0.103373
0.125187
0.08923865
0.1068622
0.1537748
0.1378688
0.05566381
0.01298576
0.1278544
0.1849773
0.1767067
0.3055021
0.2588127
0.151872
0.2177167
0.2070613
0.1231606
0.1707026
0.1159255
0.1453223
0.2659947
0.1429754
0.2352049
0.1471869
0.2034247
0.2155064
0.04249495
0.242452
0.2475182
0.3104202
0.2793569
0.3698948
0.09677887
0.2946536
0.1510822
0.3216176
0.1040543
0.3111115
0.2047316
0.3265867
0.3009961
0.216461
0.2271249
0.2705808
0.3588018
0.3496721
0.3166214
0.1894779
0.286619
0.2466482
-0.05509346
0.2070833
0.1768622
0.2031402
0.2683711
0.3376575
0.2678165
0.3378777
0.2360593
0.3558694
0.2405946
0.2006468
0.09675459
0.3423644
0.1673221
0.42186
0.2977351
0.189724
0.3199553
0.225661
0.3183267
0.3946751
0.2949902
0.3290577
0.4010718
0.3799355
0.1721893
0.1205617
0.2680401
0.1244337
0.2443728
0.304254
0.340118
0.2690186
0.3372338
0.2682562
0.2431489
0.3073871
0.2697812
0.2534549
0.4217271
0.170099
0.2991085
0.3324065
0.3124424
0.3817794
0.2118723
0.3730006
0.2623727
0.2975248
0.2510217
0.341624
0.2530611
0.3085373
0.2741446
0.4124318
0.4626837
0.371241
0.4130641
0.3752569
0.5176382
0.2206912
0.303371
0.3327419
0.3614664
0.3727056
0.3424749
0.3953355
0.2676906
0.352494
0.4144982
0.4003422
0.3973605
0.5863123
0.3730791
0.3464338
0.3844892
0.4598008
0.3790204
0.5308931
0.4028272
0.5063956
0.291774
0.3813923
0.4512738
0.3415068
0.4039386
0.2891691
0.2790595
0.3501579
0.417898
0.419075
0.5765906
0.4847085
0.5177644
0.2823144
0.3628615
0.4614448
0.4024698
0.4152278
0.4800933
0.5326047
0.4500468
0.5814898
0.3817291
0.4501811
0.4307727
0.3225986
0.5152011
0.4059868
0.5739449
0.5691987
0.3218833
0.2629538
0.5244097
0.4933732
0.4053863
0.5358862
0.5846343
0.4637126
0.4073975
0.5260517
0.5672317
0.3790973
0.4997201
0.5759504
0.3473488
0.5334389
0.6688975
0.4753606
0.488473
0.5178943
0.6668577
0.4620169
0.3491046
0.6335597
0.600798
0.6438963
0.5142305
0.7396352
0.5238345
0.4862738
0.5658987
0.5674872
0.5083769
0.5260956
0.4181685
0.4800421
0.6049589
0.604087
0.5136711
0.5587785
0.526548
0.6514091
0.6026133
0.606751
0.5842095
0.4957753
0.5707972
0.5422096
0.4584823
0.5071756
0.3910376
0.4836022
0.7185657
0.5848738
0.5198103
0.5920701
0.6312402
0.646463
0.5800885
0.5378727
0.6816134
0.5281427
0.5034723
0.6876743
0.4986661
0.5296729
0.4537469
0.6313202
0.5878265
0.6225899
0.5207966
0.6300429
0.6948075
0.6725321
0.630086
0.6441395
0.5429778
0.713384
0.6697821
0.5387036
0.655328
0.5867147
0.7282304
0.6074754
0.6792977
0.7323235
0.6964757
0.6327049
0.6839742
0.5546629
0.5338336
0.6422605
0.7288366
0.7140811
0.6591799
0.7234151
0.6034728
0.6575607
0.6664452
0.5590153
0.6651401
0.5283495
0.717211
0.7397783
0.7582767
0.7513596
0.8019531
0.7131954
0.5669101
0.7663042
0.6754096
0.748136
0.7462481
0.7438846
0.6521706
0.5590064
0.5143533
0.6605015
0.7162068
0.7524073
0.7472605
0.8260144
0.6537341
0.6714813
0.7962485
0.7099955
0.6321089
0.6852907
0.8017112
0.7631701
0.6345505
0.7921724
0.7235771
0.6575014
0.6589658
0.8334006
0.7143863
0.8010661
0.9187233
0.6897668
0.7007889
0.7613648
0.7401792
0.6033884
0.8534386
0.7170946
0.6883798
0.7317492
0.962353
0.7520494
0.7228486
0.8291102
0.7670869
0.7173508
0.8634903
0.7925324
0.7685975
0.615411
0.6420216
0.8216048
0.7874716
0.9017912
0.8168581
0.7737798
0.8550257
0.9153873
0.8267168
0.7054405
0.912838
0.7925125
0.6955812
0.8701994
0.6420914
0.7870325
0.7407249
0.7917109
0.7852133
0.7956898
0.7908807
0.8666901
0.7674435
0.8023257
0.8586515
0.7460391
0.8519982
0.7851952
0.8929085
0.8865907
1.033303
0.9692151
0.8151969
0.9016505
0.8823568
0.8850283
0.8188945
0.959417
0.9619866
0.8295273
0.9130702
0.7554815
0.7831803
0.7076206
0.9109254
0.7317045
0.9504633
0.9300971
0.8872623
0.8943895
0.9723611
0.8779518
0.8494652
0.9853494
0.8540257
1.026011
0.9891794
0.7645498
0.9069038
0.9979175
0.8383246
0.8576023
0.7572976
0.8585509
1.00934
0.7925193
0.8799422
0.870651
0.7139124
0.908911
0.9499568
0.9115907
1.126318
1.02407
0.9420758
0.9682951
0.9070893
1.023265
0.957266
0.9148584
0.9947037
1.003437
0.968871
0.9773213
0.802051
0.9957801
0.8209106
1.037052
0.9121822
1.009293
0.848853
0.9630056
1.009979
0.8795519
0.8962441
1.085755
0.9789906
1.03722
0.9976283
1.011141
0.894991
1.079087
0.94456
1.077684
1.007868
0.9107126
1.046001
1.093379
0.94872
0.8892354
0.8540177