0.1379229
-0.9780524
-1.014541
-0.7808266
-0.9018224
-1.053897
-0.9865941
-0.8646057
-1.082357
-1.003369
-1.028919
-1.083174
-0.984035
-1.011796
-0.8593996
-1.020196
-0.8207369
-0.9255307
-0.9786601
-0.996848
-0.8466179
-0.9374483
-1.037019
-0.8657037
-1.086991
-0.9095146
-0.7818721
-1.019518
-0.8998952
-0.8564764
-0.9207219
-0.9068074
-0.9752995
-0.8753597
-0.8099622
-1.167855
-0.9957424
-0.9525719
-0.9236907
-0.8913026
-1.066669
-0.8471765
-0.7408811
-1.002321
-0.9218287
-0.8371697
-0.8793693
-0.8977204
-0.9153356
-0.7368735
-0.7919114
-0.941867
-0.8514779
-0.8615477
-0.8559915
-0.7630321
-0.912279
-0.8432203
-0.9340456
-0.8124794
-0.9005921
-0.9419318
-0.8021421
-0.8462916
-0.9160479
-1.072461
-1.019794
-0.7533121
-0.7682395
-0.7814584
-0.8261206
-0.7283195
-0.9072565
-0.7900104
-0.9079161
-0.8533875
-0.8351708
-0.889238
-0.913803
-0.7842418
-0.7043608
-0.8970699
-0.8029012
-0.8893234
-0.8103527
-0.8480292
-0.9135939
-0.7961816
-0.7980725
-0.7596433
-0.85781
-0.8583652
-0.8314074
-0.8076412
-0.8343525
-0.9581463
-0.6591576
-0.6785693
-0.8892891
-0.6685019
-0.7145221
-0.8786808
-0.9080573
-0.8306173
-0.8165809
-0.7384431
-0.759531
-0.6901848
-0.761744
-0.9026732
-0.8271536
-0.8144911
-0.6718312
-0.7681721
-0.7938524
-0.6435937
-0.7082169
-0.7532469
-0.8731719
-0.6673494
-0.8566535
-0.7577564
-0.7641137
-0.7495644
-0.7287
-0.8415131
-0.7017049
-0.674856
-0.811428
-0.724276
-0.7490878
-0.745318
-0.8146293
-0.7614274
-0.7061417
-0.568769
-0.8256898
-0.7288248
-0.6705699
-0.8311806
-0.7577664
-0.7073169
-0.8271798
-0.7334419
-0.6745721
-0.7595425
-0.7982732
-0.624632
-0.7285156
-0.6721281
-0.7095358
-0.5970725
-0.6337573
-0.7578757
-0.5637793
-0.7631571
-0.665412
-0.6617695
-0.8136231
-0.6942891
-0.6586365
-0.7329522
-0.6185639
-0.780412
-0.6710835
-0.7073524
-0.7104091
-0.7166128
-0.6749816
-0.6762159
-0.7252812
-0.5522371
-0.6915708
-0.6501118
-0.5380521
-0.6312459
-0.5106719
-0.6964764
-0.575643
-0.785003
-0.5341975
-0.5914444
-0.5350176
-0.6546569
-0.5402887
-0.5121018
-0.7670651
-0.6309705
-0.5424131
-0.5203146
-0.7172592
-0.561605
-0.6083159
-0.6746232
-0.6805077
-0.7905302
-0.6245669
-0.6004953
-0.6172291
-0.6881026
-0.6971618
-0.4678441
-0.6761851
-0.640591
-0.6369086
-0.6294797
-0.5324259
-0.741353
-0.5915259
-0.6248577
-0.5874934
-0.5705403
-0.6781822
-0.588
-0.6891383
-0.582032
-0.6418272
-0.5062396
-0.5135811
-0.5259611
-0.6042142
-0.5315157
-0.6954511
-0.6070246
-0.496262
-0.5523793
-0.6456883
-0.6394678
-0.5419356
-0.4354106
-0.6211702
-0.4308554
-0.3773617
-0.350841
-0.4510498
-0.6851759
-0.6456222
-0.3390632
-0.4286757
-0.5138071
-0.5439664
-0.5204609
-0.6127399
-0.6783703
-0.5443733
-0.5140472
-0.4563277
-0.3871794
-0.4455547
-0.6007915
-0.5028586
-0.3331325
-0.5894787
-0.4063544
-0.3631231
-0.5078384
-0.6082682
-0.3956215
-0.428605
-0.3897897
-0.4622022
-0.4680104
-0.366171
-0.4645552
-0.6132092
-0.5222625
-0.484635
-0.555591
-0.2321164
-0.5666434
-0.47165
-0.5046917
-0.3575971
-0.2421312
-0.3374184
-0.4297505
-0.455478
-0.4076198
-0.3037944
-0.5407601
-0.3914044
-0.4270609
-0.4198435
-0.4989036
-0.2298694
-0.3946917
-0.2572462
-0.4657603
-0.4528095
-0.5735744
-0.3444886
-0.4335661
-0.3743437
-0.2869327
-0.3263463
-0.4278964
-0.4224674
-0.4980021
-0.3524173
-0.3683662
-0.4345936
-0.4756169
-0.3652487
-0.4088846
-0.4428227
-0.4654011
-0.2387267
-0.4355528
-0.4224908
-0.3147397
-0.4032367
-0.3607517
-0.3142095
-0.2375089
-0.2706144
-0.08569374
-0.4591553
-0.3634977
-0.3403309
-0.4333238
-0.4731189
-0.4371691
-0.3930626
-0.1811124
-0.1833245
-0.2407937
-0.3958895
-0.4631075
-0.4850157
-0.3546793
-0.3761839
-0.2595657
-0.4180697
-0.242624
-0.3847806
-0.2907314
-0.4386113
-0.3070149
-0.1812251
-0.2720961
-0.125836
-0.1827328
-0.2108575
-0.3491249
-0.4833136
-0.2491007
-0.3122
-0.3247368
-0.2093688
-0.4108705
-0.2535983
-0.2621021
-0.1041071
-0.0515409
-0.3056135
-0.4237098
-0.2726565
-0.1268713
-0.3537467
-0.368363
-0.4942919
-0.2169098
-0.3386625
-0.3522352
-0.2821906
-0.4304487
-0.3544285
-0.3175997
-0.1789978
-0.2347115
-0.426008
-0.3235338
-0.0542061
-0.224242
-0.2182168
-0.2108441
-0.2762437
-0.2755487
-0.2978241
-0.2777068
-0.2167606
-0.2370652
-0.3539241
-0.2280232
-0.2921012
-0.1907868
-0.1057007
-0.1906227
-0.06371075
-0.2884524
-0.2784685
-0.1582438
-0.1105516
-0.2076086
-0.2176557
-0.1145841
-0.2565834
-0.2650691
-0.1762992
-0.1113334
-0.2325407
-0.2430178
-0.262392
-0.2539854
-0.1593325
-0.2176993
-0.2513011
-0.2090654
-0.2942488
-0.07037345
-0.2357058
-0.1832177
-0.1866841
-0.1753569
-0.113228
-0.182619
-0.09714494
-0.01350643
-0.2022213
-0.1732388
-0.1684613
-0.1246204
-0.1477939
0.02606328
-0.2481719
-0.211331
-0.1866159
-0.08780666
-0.1694028
-0.1589362
-0.1416868
-0.07423613
0.0339319
-0.2264432
-0.2025922
-0.1872752
-0.2806388
-0.08144521
-0.1383806
-0.2664853
-0.1220925
-0.06010485
-0.1212926
-0.02248279
-0.03405823
-0.1423318
-0.01655565
-0.1453122
0.01575391
-0.04407694
0.04582434
-0.1301257
-0.1590473
-0.1244266
0.06953805
-0.01006104
-0.09177798
-0.05084371
-0.1891539
-0.01964091
0.04852112
-0.05876944
-0.01705584
-0.06857013
0.07035737
-0.08502624
-0.1294565
0.1023076
-0.1416476
-0.08889213
-0.1278102
-0.1335774
0.05490032
0.01008892
0.03342277
-0.1414932
0.02053222
-0.09298325
0.02476127
-0.1387496
-0.1133961
-0.106205
-0.0501386
-0.08528807
0.05270338
-0.04472663
-0.07664765
-0.02725743
-0.03916979
-0.04111267
0.005414894
-0.1436581
-0.01084908
0.1361994
-0.01463191
-0.0709649
-0.05082091
0.1192207
-0.03566616
0.1280916
-0.2167156
-0.2167917
-0.06796935
-0.02996621
0.07523537
0.0108169
-0.08411711
-0.05347985
-0.1208669
0.04967376
-0.1491302
-0.009582376
-0.006938195
0.1383771
0.09354618
-0.1116827
0.001951383
0.1118746
-0.1524832
0.01118799
0.04598774
0.05737257
0.1061183
-0.1303763
0.1039362
-0.09207041
-0.01821365
0.0150981
-0.006783948
-0.1188264
0.1217617
0.0357432
-0.08421136
-0.07088424
0.3066578
-0.03010436
0.008007901
0.02866381
0.1340932
0.2196507
-0.01832389
0.04614401
-0.0474187
0.02684369
-0.07851048
0.1525948
0.07020545
0.1401013
0.130492
0.1237537
0.137104
0.2191574
0.2157641
-0.09419188
0.2275855
0.1749122
0.358281
0.1765444
0.4095186
0.1589402
0.109467
0.09939145
0.2418444
0.180201
0.118593
0.1749219
0.04538785
-8.019961e-05
0.0533816
0.1555017
0.1216059
0.08251418
0.1237699
0.1207227
0.1032833
0.1657466
0.2379616
0.1785968
0.1442672
0.04701337
0.1251751
0.01063334
0.09494167
0.1937711
0.1240866
0.09628511
0.1298106
0.1347937
-0.006095063
0.1713364
0.2461921
0.2444679
0.2006097
0.2370433
0.2993925
0.2376985
0.2497001
0.1628632
0.2374597
0.1130961
0.05702089
0.250756
0.1342025
0.293591
0.1380717
0.1570188
0.314978
0.2424716
0.2210469
0.3275143
0.3388005
0.1237809
0.2720648
0.1220584
0.09424151
0.2370068
0.2936143
0.1286352
0.1237677
0.1812489
0.2353958
0.1983124
0.1191735
0.172155
0.3294222
0.04816969
0.321784
0.2699288
0.2240862
0.3360376
0.2035498
0.1740155
0.2889847
0.2340827
0.1198428
0.1806349
0.1341817
0.3462372
0.3631663
0.2239372
0.3596185
0.3780973
0.3505805
0.4534154
0.3145
0.2497935
0.3757627
0.3333247
0.1548413
0.2475658
0.3419071
0.3137853
0.3124956
0.2952629
0.3601235
0.2517437
0.2674079
0.3195967
0.2495726
0.2793605
0.2941793
0.2178569
0.4328916
0.3781981
0.3428868
0.4762921
0.2386701
0.4309562
0.1747206
0.3739089
0.3714286
0.2963142
0.3836816
0.336823
0.2370162
0.3224319
0.3193047
0.3442576
0.3900235
0.3199467
0.3403009
0.3785298
0.3030969
0.4508375
0.5687397
0.454632
0.1423206
0.3426953
0.4025557
0.5127684
0.2674219
0.447884
0.2403013
0.4702093
0.2637951
0.2821467
0.4585188
0.4393112
0.5300013
0.4087165
0.4049234
0.431149
0.3612483
0.4813177
0.3562988
0.4849586
0.3961508
0.4353627
0.4987406
0.4455229
0.4407888
0.4199694
0.4567934
0.4245402
0.5304487
0.3988708
0.3567795
0.4300502
0.4068016
0.4936243
0.4639016
0.4825615
0.4302109
0.3887287
0.5008869
0.4763457
0.4498355
0.5399258
0.5286953
0.5774345
0.4697982
0.527277
0.5854777
0.5244583
0.654765
0.5610796
0.507404
0.442137
0.584955
0.4912815
0.5836835
0.5715589
0.4875551
0.3580771
0.3672705
0.4197538
0.485951
0.5654539
0.5330198
0.5013514
0.4913394
0.5108598
0.5195681
0.4873373
0.5288348
0.5168281
0.3766813
0.486655
0.5293022
0.5105386
0.5739484
0.5081613
0.5483804
0.6252338
0.5363683
0.5693843
0.3641259
0.5681111
0.5195785
0.5848651
0.5485968
0.381397
0.5918887
0.5573866
0.6067111
0.6008934
0.3715231
0.5937876
0.564264
0.6081514
0.6908372
0.6174771
0.6326542
0.6167693
0.676064
0.5234679
0.7178067
0.553082
0.6010773
0.4620153
0.7321967
0.5323589
0.5848968
0.5594488
0.5143696
0.5606186
0.6310882
0.7401536
0.6631088
0.66622
0.4702769
0.3828428
0.5826373
0.5498054
0.5738633
0.6771663
0.6181907
0.7103286
0.474445
0.5309021
0.6809269
0.6586878
0.6422904
0.5317656
0.5097749
0.4810755
0.7082999
0.7863227
0.62771
0.6550601
0.71897
0.6967122
0.6006459
0.6518925
0.6120174
0.6884631
0.7233119
0.6412334
0.6433231
0.6143545
0.4347544
0.6619932
0.6763833
0.6880073
0.7186288
0.6430291
0.6070694
0.6853946
0.5852825
0.8420621
0.5414926
0.7175602
0.7877648
0.6936791
0.7933318
0.6418579
0.5683201
0.8133353
0.7092226
0.6777481
0.5921624
0.6467046
0.933267
0.6054944
0.5823665
0.7645397
0.6505938
0.7851004
0.7004556
0.8011128
0.6921891
0.6965698
0.7492868
0.7943335
0.5875045
0.8681751
0.7530049
0.6733341
0.635853
0.7764189
0.6498641
0.8383906
0.671784
0.6964452
0.8577422
0.7629994
0.8749447
0.8773843
0.7589009
0.6579476
0.7526424
0.7370997
0.7741363
0.7104028
0.6820227
0.7139465
0.9420469
0.7302386
0.6499914
0.6834671
0.8077442
0.8298288
0.8145515
0.8273691
0.7424867
0.7361584
0.7747205
0.8511852
0.7983692
0.7893366
0.8655533
0.8457727
0.9864924
0.6375307
0.7649877
0.6887137
0.7808005
0.8371684
0.8294244
0.8029289
0.8204191
0.9307153
0.8066243
0.7783635
0.7478744
0.7606564
0.7936441
0.7967954
0.8712467
0.8744209
1.000868
0.8094579
1.03483
0.7610153
0.7664863
0.5797544
0.7028024
0.8671083
0.7814882
0.8574867
0.7551864
0.847007
0.9029317
0.9396862
0.83827
0.8588091
1.111624
0.6987204
0.8801214
0.9547761
0.8684546
0.8809183
0.8843009
0.9310706
0.8509885
0.99285
0.7924082
0.8470645
0.8348348
0.9396387
0.9843713
0.8485319
0.7617968
0.9297321
0.904517
0.9131366
0.8352823
0.9626735
0.9888505
0.9807194
0.9620439
0.7885784
0.9147156
0.9358419
0.9942637
0.9635443
0.9420683
0.8419364
0.9503622
0.9335768
0.8228525
0.9097803
0.8098275
0.9681013
0.7987415
0.9474553
1.0645
1.026913
1.002788
0.9530931
0.9136023
1.04045
1.044242
1.102104
1.001612
1.007286
0.9425859
0.8925833
0.8760462
1.051138
0.8956352
0.7984676
0.9247165
0.8895852
1.083292
0.9636148
0.9551668
0.963837
0.9282342
0.9028775
1.008011