-0.03581604
-1.035974
-0.9732962
-1.050529
-0.9371417
-0.9375411
-1.06496
-1.09444
-0.9109263
-0.9865593
-1.039596
-1.044485
-1.019182
-0.8710936
-0.9272408
-1.059942
-0.8777357
-0.9135584
-0.8988496
-0.9102362
-0.96554
-0.9637006
-0.980571
-1.097022
-0.9241947
-1.076847
-0.9644577
-1.008382
-0.956772
-0.9260429
-0.9703315
-0.9495338
-0.976227
-0.9956637
-0.9615071
-0.8833666
-0.9020963
-1.173665
-0.9409082
-0.9521327
-1.019455
-0.9242923
-0.861955
-0.788825
-0.9573288
-0.9671611
-0.8843136
-0.9139104
-1.023284
-0.8488985
-0.9255935
-0.8057071
-0.9118092
-0.979194
-0.8531117
-1.040651
-0.9162208
-0.8337883
-0.8933809
-0.995265
-1.057129
-0.9138792
-1.058299
-0.7966059
-0.9687474
-0.7955553
-0.7573166
-0.8545692
-0.7539021
-0.880567
-0.8885602
-0.9186712
-1.026066
-0.9815765
-0.7219863
-0.9201147
-0.8442623
-0.7107947
-0.8669153
-0.841923
-0.7109429
-0.9317662
-0.9401256
-0.8544592
-0.8727227
-0.9801213
-0.7120404
-0.8796798
-0.8705157
-0.9859062
-0.7620726
-0.7504067
-0.8706541
-0.7080462
-0.6211895
-0.8413673
-0.7618336
-0.7964591
-0.7777318
-0.8595822
-0.7059573
-0.9367231
-0.6601265
-0.8035904
-0.8162245
-0.7812297
-0.7579424
-0.7684637
-0.8865732
-0.7161928
-0.8169818
-0.7487024
-0.7816968
-0.7841399
-0.8010348
-0.7702144
-0.7727771
-0.6387944
-0.7597474
-0.7586298
-0.6918088
-0.832153
-0.7586244
-0.6772584
-0.8075921
-0.7017812
-0.5957847
-0.7641931
-0.7819035
-0.7189251
-0.8054799
-0.777454
-0.823649
-0.7126065
-0.6810379
-0.7504987
-0.7884398
-0.5917071
-0.772278
-0.6107943
-0.6588555
-0.7887103
-0.6586644
-0.8408056
-0.7446444
-0.6235034
-0.7576024
-0.6158402
-0.7964195
-0.8232355
-0.6407407
-0.8452883
-0.7942186
-0.5859921
-0.6076783
-0.5943835
-0.6223402
-0.7482004
-0.6532964
-0.6601429
-0.8161336
-0.6062402
-0.7340177
-0.6664671
-0.6591597
-0.6559877
-0.7406406
-0.7034196
-0.554126
-0.6760687
-0.6381244
-0.6799213
-0.6662448
-0.6097616
-0.6558294
-0.6877442
-0.672506
-0.7396315
-0.7230438
-0.6406723
-0.687887
-0.6314023
-0.6404347
-0.7758897
-0.6985296
-0.5671509
-0.6830996
-0.5598751
-0.5644846
-0.6487374
-0.629215
-0.42431
-0.5563088
-0.5460117
-0.6017336
-0.6333197
-0.5461715
-0.4939516
-0.6714977
-0.6584239
-0.6636759
-0.5809495
-0.5848403
-0.5033031
-0.7134054
-0.5342109
-0.6849592
-0.6465532
-0.5396624
-0.710238
-0.5450148
-0.460063
-0.581831
-0.631132
-0.5676392
-0.6085489
-0.5337997
-0.6116471
-0.5495169
-0.5951558
-0.5502084
-0.5213364
-0.4426417
-0.5575429
-0.6075984
-0.6327574
-0.4542922
-0.3462816
-0.6139364
-0.5145425
-0.6106227
-0.630717
-0.2484842
-0.522434
-0.5638123
-0.6463958
-0.6721925
-0.4308115
-0.4111196
-0.5050151
-0.4729106
-0.4805887
-0.6309294
-0.4621874
-0.6197344
-0.5568029
-0.4378035
-0.5042658
-0.5032985
-0.4544887
-0.4325835
-0.5005993
-0.60719
-0.4815073
-0.4551121
-0.4703921
-0.5142887
-0.4992655
-0.4472842
-0.2998082
-0.6063572
-0.5198676
-0.3617422
-0.4532324
-0.5308792
-0.4484515
-0.612855
-0.4432975
-0.4715491
-0.4070547
-0.3370116
-0.4341417
-0.4065748
-0.5064824
-0.4584139
-0.3545687
-0.3535423
-0.5658912
-0.4919364
-0.4021771
-0.3899023
-0.4471004
-0.4005559
-0.5266106
-0.3517556
-0.4834557
-0.3349687
-0.4919268
-0.6271226
-0.2891465
-0.322357
-0.3062044
-0.5755244
-0.3330456
-0.4895637
-0.3340583
-0.3283669
-0.4282112
-0.340182
-0.4593458
-0.3418508
-0.4902096
-0.3565501
-0.4432688
-0.4279626
-0.4831088
-0.6118038
-0.4490188
-0.3506506
-0.3965099
-0.4003978
-0.4725509
-0.387485
-0.3153578
-0.4853687
-0.2663626
-0.3709916
-0.234594
-0.2536958
-0.3756452
-0.5513518
-0.3769616
-0.3423185
-0.4439431
-0.3914944
-0.3366073
-0.3910979
-0.5261016
-0.2600786
-0.2966624
-0.3723261
-0.4416589
-0.3806762
-0.3347318
-0.407693
-0.2704456
-0.2975152
-0.323945
-0.2648407
-0.2714104
-0.3015829
-0.354632
-0.3265952
-0.3980497
-0.2728206
-0.2662835
-0.2305285
-0.324302
-0.3460971
-0.4799068
-0.3423875
-0.3690798
-0.2770484
-0.2557398
-0.2060316
-0.271102
-0.1663143
-0.3617479
-0.1779837
-0.3643642
-0.4923779
-0.3160405
-0.2480436
-0.2369066
-0.3058823
-0.2312324
-0.3426993
-0.3121338
-0.3488337
-0.3247255
-0.2510863
-0.2139534
-0.2581123
-0.3432596
-0.3668012
-0.3278018
-0.1505875
-0.3347204
-0.2342599
-0.2116099
-0.2529533
-0.2665115
-0.241773
-0.2273162
-0.1964965
-0.310952
-0.2531819
-0.1123288
-0.2405025
-0.226347
-0.2215898
-0.05952694
-0.2035544
-0.3557721
-0.2357757
-0.386043
-0.108794
-0.06687655
-0.1925256
-0.1740694
-0.1972335
-0.1591089
-0.1020482
-0.2728982
-0.07032634
-0.1358501
-0.175775
-0.02716653
-0.1980034
-0.2262039
-0.1064707
-0.1757694
-0.1211059
-0.1587595
-0.2337039
-0.1042173
-0.1561547
-0.2357783
-0.2687186
-0.1897979
-0.1070088
-0.2206836
-0.2061072
-0.09999291
-0.138365
-0.1958878
-0.1897278
-0.2651893
-0.243401
-0.2520832
-0.3065722
-0.1058418
-0.04759957
-0.2189607
-0.202905
-0.0684067
-0.08017949
-0.2835598
-0.1784099
-0.2042615
0.001467987
-0.1825359
-0.1320186
-0.0402144
-0.2205943
-0.1305831
-0.2093913
-0.1355661
0.05676555
0.08726959
0.02420955
-0.07201836
-0.1768119
-0.08769813
-0.02432856
-0.1274726
-0.1258733
-0.2087143
-0.05813273
-0.02437329
-0.1734611
-0.2784068
-0.07994615
-0.03250262
-0.02799843
-0.1035238
-0.1507154
-0.1235214
0.0624449
-0.06005618
-0.01196897
-0.09694473
-0.1183545
0.0246124
-0.001925785
-0.05203373
0.02857934
-0.1449418
0.08805669
-0.08722555
-0.1108778
-0.1761082
-0.1592394
0.01945477
0.1445946
-0.1326473
-0.06574621
-0.1025067
-0.01134663
0.08215735
0.05214258
-0.02048161
-0.04682752
0.09370268
0.005019495
0.02936543
-0.1035588
-0.002190664
-0.07521637
-0.01891483
0.01063689
0.1498742
-0.01483339
-0.2201715
0.1001792
-0.007141761
-0.06731617
-0.08673928
-0.01683503
0.1443929
-0.10289
0.008171734
0.1680638
-0.003460725
0.0937078
0.1532047
-0.09184646
0.05124229
-0.01143193
0.1288859
0.07436768
0.09171292
0.06729645
-0.03014045
-0.02242323
-0.03546969
0.1435348
0.06391209
0.02103222
0.006975071
0.1320326
0.06331733
-0.01496442
0.07151973
0.04296744
0.0180427
0.1406057
0.0428753
0.09442876
0.01973774
0.05422957
0.02231957
0.05491097
0.07943521
0.1832132
-0.03039024
0.2264516
0.03349419
0.1093823
0.2747247
0.1116922
0.06630129
-0.1147257
0.2168036
0.08278725
0.1033547
0.06124328
0.1175314
0.1130872
0.2074185
0.1150643
0.1836934
0.1690153
0.1598209
0.2056716
0.1240572
0.2222226
0.2632618
0.2015835
0.2625485
0.03280161
0.1899172
0.1635856
0.2409964
-0.02459063
0.1186614
0.188947
0.1548044
0.03969458
0.1122617
0.1656625
0.1553975
0.1426528
0.1139782
0.133313
0.1843496
0.2532311
0.1852299
0.1168546
0.2429492
0.1364845
0.1902261
0.2801041
0.1416085
0.3187744
0.2322956
0.2095552
0.04883683
0.1323896
0.1660794
0.07842132
0.2975349
0.04942769
0.1548799
0.2136092
0.1104486
0.2548134
0.2478146
0.2095162
0.1894856
0.3210015
0.2319528
0.2530278
0.3572881
-0.1316757
0.238184
0.06705151
0.3015295
0.2733443
0.2736512
0.282691
0.2848854
0.3407083
0.1719936
0.2913474
0.3903059
0.296825
0.1135607
0.2356042
0.3052678
0.3041785
0.1396582
0.3070333
0.2397493
0.1649453
0.1445739
0.1567666
0.3228961
0.3176786
0.3204971
0.2159194
0.1812895
0.2686567
0.1112162
0.253152
0.3602952
0.2996709
0.4060621
0.2407693
0.2506515
0.4270125
0.3580736
0.3234911
0.2205428
0.3389734
0.4021885
0.413338
0.2866689
0.397349
0.3238693
0.4182379
0.4577547
0.1569729
0.3120091
0.392806
0.2795325
0.1489087
0.5142598
0.1627945
0.3969187
0.2470815
0.3306828
0.3085937
0.3509019
0.3779229
0.3375723
0.3455469
0.3358535
0.4381496
0.3093834
0.2461442
0.2409401
0.458327
0.4127601
0.3884325
0.316062
0.4769863
0.2978262
0.3537652
0.3225378
0.3693913
0.3821331
0.4045572
0.3604404
0.4098423
0.4465123
0.3204769
0.1473977
0.4286353
0.3059893
0.4048381
0.3311211
0.3693485
0.5350392
0.3553309
0.4453768
0.3356967
0.4449526
0.3812365
0.2931331
0.2975886
0.325339
0.2610263
0.3175231
0.4997838
0.4050911
0.4371777
0.4342933
0.361482
0.5072782
0.4323534
0.3635265
0.4373985
0.6148604
0.341266
0.6556999
0.4594699
0.4280346
0.516173
0.5112643
0.4650193
0.4214095
0.4035261
0.3068761
0.5076398
0.344404
0.443151
0.4156603
0.5729453
0.3800882
0.5074395
0.6021381
0.493026
0.4765789
0.5556413
0.5425464
0.5975463
0.5365721
0.5601085
0.5470929
0.5097203
0.2813259
0.5145814
0.3415369
0.5124831
0.540029
0.5983339
0.4491901
0.4380142
0.5773294
0.6999489
0.4502586
0.451681
0.5564505
0.5734087
0.6592774
0.5402261
0.714268
0.5755075
0.4744318
0.5860731
0.5376001
0.4603262
0.43804
0.6489437
0.5324347
0.5570806
0.5168341
0.6107991
0.7317158
0.6142767
0.4740988
0.4912809
0.4799075
0.6310366
0.6002341
0.4901501
0.6111832
0.7403515
0.5781598
0.4732052
0.7700932
0.6110611
0.5121167
0.5256356
0.4310198
0.6354454
0.6425611
0.6419897
0.60301
0.680092
0.6280323
0.4208335
0.594434
0.6618216
0.7727314
0.7106674
0.6969968
0.7040735
0.7268562
0.6186795
0.6184281
0.5782751
0.6949362
0.6353909
0.6066978
0.6728253
0.6915553
0.4533846
0.6516109
0.6056824
0.5033971
0.7180542
0.6552898
0.6577436
0.6352216
0.5613471
0.5194955
0.6820385
0.6856067
0.8283535
0.5749274
0.6958232
0.5478415
0.5622057
0.7382439
0.6924325
0.6580817
0.6654516
0.7177305
0.6519073
0.6004304
0.6066513
0.6785008
0.6460087
0.8007985
0.5600486
0.7891094
0.6429706
0.6483292
0.5993605
0.5308385
0.6396032
0.7621694
0.7636579
0.7766065
0.583733
0.7548843
0.6887055
0.6797535
0.7328973
0.6182176
0.5864792
0.8536934
0.6813068
0.7466205
0.568735
0.7619326
0.6459719
0.6709408
0.6444501
0.8584324
0.828285
0.7238144
0.8374938
0.796383
0.746943
0.7586039
0.9316708
0.6899862
0.7244309
0.6719052
0.6846868
0.7761354
0.7561739
0.6994371
0.7407039
0.688507
0.7183905
0.8311439
0.8384943
0.6700889
0.9314454
0.7916129
0.7193383
0.5736191
0.7532948
0.699078
0.7232648
0.880084
0.7085101
0.7066847
0.9351054
0.7703322
0.6991232
0.8878121
0.6860598
0.8883918
0.9600205
0.9231729
0.8661358
0.9019762
0.7954643
0.8467274
0.9267642
0.8751071
0.921712
0.8638044
0.8500573
0.8224688
0.831906
0.8447318
0.9406293
0.9353786
0.7949608
0.7699615
0.8090789
0.7995291
0.8442949
0.8239572
0.712802
0.8808926
0.8170618
0.9431879
0.9907181
0.9641682
0.9775013
0.8498029
0.8996798
0.8343413
0.8519006
0.8096432
1.019328
0.8833518
0.9186086
1.052506
0.9513561
0.8204274
0.8840985
1.02696
0.9307954
0.9939986
0.8986579
0.7135149
0.8935332
0.885918
0.9334579
0.9874321
0.9955877
1.069366
1.055538
0.9545228
0.9422705
0.9519098
0.8441655
0.875474
1.027096
1.005026
0.8876107
0.8875557
0.9411958
0.9600407
0.8971848
1.003482
1.052104
0.941618
1.084752
1.115066
0.8985332
0.8999928
1.037795
1.057186
0.872773
0.8735323
0.9408474
0.8200093
0.9947458
1.023077
0.9356544
0.8585919
1.067469
0.8972667
0.9053112
1.14306
1.029623
1.040043
1.179622
0.8405876
0.9667107
0.963532
0.9852715