-0.03735879
-1.112087
-0.971108
-1.035101
-0.919188
-0.9347232
-0.8909059
-0.9402391
-0.9726512
-1.142545
-0.9319632
-0.9264549
-0.9794967
-1.000375
-0.8852599
-1.014783
-0.9993776
-0.7618364
-1.016584
-1.014806
-0.9863132
-0.7997216
-0.9149593
-0.9928941
-0.8760705
-0.899588
-0.9885783
-0.9369388
-0.9239427
-0.933695
-0.7715143
-0.9170714
-0.8101456
-1.014676
-0.9551502
-0.8594778
-0.9674321
-0.9035321
-0.972323
-0.8750113
-0.8645183
-0.9558534
-0.9384987
-1.094941
-0.9803642
-1.009555
-0.9562956
-1.056625
-0.9256296
-0.8788721
-0.9206184
-0.9510245
-1.014461
-0.8836022
-0.9136468
-0.9676707
-0.8179883
-0.8080756
-0.9122064
-0.9262557
-0.876769
-0.90086
-1.037205
-1.021748
-0.8048486
-0.8785811
-0.8320178
-0.9049011
-0.7353062
-0.9695603
-0.9023703
-0.9750645
-0.9339576
-0.9785052
-0.9735519
-0.8203325
-0.9171894
-0.8720039
-0.7128223
-0.8275175
-0.782861
-0.8824698
-0.808513
-0.9185611
-0.9383157
-1.010523
-0.8251476
-0.7748843
-0.7952924
-0.7782561
-0.9144694
-0.9620563
-0.7276586
-0.9222378
-0.7585706
-0.9063
-0.7862489
-0.7785549
-0.9458768
-0.7679079
-0.8263074
-0.7308375
-0.7891201
-0.7870536
-0.7302336
-0.7460238
-0.8331136
-0.5684714
-0.7494393
-0.8101019
-0.8814568
-0.8141952
-0.8267993
-0.8004387
-0.541564
-0.8293983
-0.7854945
-0.7457031
-0.8137766
-0.6464949
-0.8796249
-0.712911
-0.9165243
-0.6839118
-0.6797241
-0.800129
-0.7925119
-0.790131
-0.7515163
-0.8503877
-0.8386844
-0.741005
-0.8277578
-0.6108608
-0.7041686
-0.8041334
-0.7864295
-0.6964676
-0.72262
-0.8139503
-0.6976981
-0.7515967
-0.7421266
-0.5039543
-0.796718
-0.6653293
-0.757459
-0.4837794
-0.6418019
-0.6505894
-0.6895725
-0.6228753
-0.646712
-0.6452851
-0.7293927
-0.761299
-0.6550917
-0.7031902
-0.5627594
-0.7888174
-0.7133823
-0.6303514
-0.5873546
-0.5865396
-0.6226014
-0.7100469
-0.7135112
-0.6746028
-0.6851419
-0.6195746
-0.5831915
-0.6804955
-0.6213409
-0.493646
-0.7530182
-0.5750085
-0.7729922
-0.5999608
-0.7754349
-0.5776198
-0.5462504
-0.6043716
-0.6418839
-0.5642797
-0.6070113
-0.6138046
-0.7068649
-0.6781802
-0.5806671
-0.5463681
-0.7672658
-0.6203248
-0.7280377
-0.5570383
-0.6024301
-0.6259837
-0.5554274
-0.6214486
-0.641217
-0.4732467
-0.5475701
-0.771832
-0.6296485
-0.6100596
-0.6378917
-0.6822997
-0.5609194
-0.403707
-0.5755407
-0.4001956
-0.4912698
-0.5451311
-0.492705
-0.5001058
-0.6075082
-0.5987681
-0.560284
-0.6951682
-0.4847123
-0.6617234
-0.5816031
-0.5472204
-0.6599047
-0.6876395
-0.4057251
-0.6140948
-0.569717
-0.359375
-0.5026507
-0.5862388
-0.5529195
-0.3901284
-0.630406
-0.4824497
-0.5835903
-0.6365684
-0.4893806
-0.4658742
-0.5303009
-0.4543177
-0.5196316
-0.4692492
-0.5334462
-0.5688687
-0.4434627
-0.5730561
-0.5968622
-0.5123168
-0.602589
-0.6607635
-0.5325837
-0.3495313
-0.6809685
-0.3444454
-0.5359788
-0.5320751
-0.506685
-0.4756037
-0.4670005
-0.4044334
-0.358295
-0.4747318
-0.6083373
-0.4597651
-0.5035146
-0.5448375
-0.411632
-0.418682
-0.4254701
-0.5008666
-0.4117136
-0.3543864
-0.4716457
-0.4086991
-0.3044022
-0.3515364
-0.4247074
-0.4588566
-0.3628681
-0.4930724
-0.4375943
-0.4152433
-0.3624796
-0.4706377
-0.5371223
-0.319932
-0.4825518
-0.5391059
-0.2798717
-0.57406
-0.464294
-0.367208
-0.4451948
-0.3682663
-0.4251212
-0.35718
-0.4325774
-0.5413335
-0.3609867
-0.4216566
-0.5759463
-0.5227696
-0.3985256
-0.5134867
-0.4996052
-0.464069
-0.3359482
-0.2620067
-0.439709
-0.4513201
-0.5016716
-0.5750453
-0.3828084
-0.3729614
-0.3546995
-0.4543342
-0.4545347
-0.328298
-0.3955345
-0.4336999
-0.4651232
-0.3794022
-0.3707285
-0.2559171
-0.3661743
-0.3909832
-0.4497406
-0.3536053
-0.4318303
-0.2902949
-0.3817697
-0.4025178
-0.3458465
-0.3570364
-0.3584194
-0.1821703
-0.165788
-0.2017909
-0.3629405
-0.3849851
-0.3400828
-0.3284064
-0.3260057
-0.3140228
-0.4055904
-0.3789101
-0.2739839
-0.2570468
-0.3538335
-0.23647
-0.2502011
-0.2160872
-0.2970684
-0.2769577
-0.2340657
-0.3560863
-0.2473345
-0.2058367
-0.3895261
-0.1730849
-0.3675993
-0.2259191
-0.3108473
-0.2520115
-0.1973982
-0.2720325
-0.3578646
-0.4181135
-0.4285923
-0.2817157
-0.2344334
-0.2082741
-0.2970754
-0.3706233
-0.1328405
-0.3557438
-0.2774283
-0.2463951
-0.1557593
-0.341973
-0.1284194
-0.1502448
-0.2855198
-0.4249073
-0.3721137
-0.1113902
-0.1859542
-0.1821103
-0.2088157
-0.1562646
-0.3501382
-0.3372142
-0.3255271
-0.3055866
-0.3263723
-0.1539553
-0.2741504
-0.2325271
-0.1418405
-0.2398506
-0.3113521
-0.001761407
-0.04937789
-0.3701112
-0.3427124
-0.2275889
-0.2460158
-0.1388435
-0.0283307
-0.2132174
-0.1485511
-0.2704566
-0.160524
-0.2667568
-0.1689435
-0.1042848
-0.1565136
-0.3037401
-0.2032211
-0.1640879
-0.127467
-0.1634248
-0.09403995
-0.2052842
-0.02694677
-0.3611598
-0.1321232
-0.04129709
-0.1649246
-0.06641846
-0.2022554
-0.1788392
-0.09600303
-0.138288
-0.1554719
-0.2198873
-0.06685547
-0.2411419
-0.0996422
-0.2539848
-0.2048131
-0.1463964
-0.1397829
-0.05506753
-0.1609138
-0.0642702
-0.3012297
-0.2590986
-0.1106655
-0.06209293
-0.2325547
-0.03673396
-0.02850378
-0.2268577
0.02787398
-0.2128625
-0.000675654
-0.0304612
0.009965755
-0.3030763
-0.06593923
-0.05025368
-0.1560078
-0.0445211
-0.1294511
0.07193273
-0.1224812
-0.1535651
-0.0197489
-0.01842177
-0.01873301
-0.08909352
-0.1284605
-0.07837134
-0.03967398
0.01392166
-0.179794
-0.0697716
0.01861562
-0.02926836
-0.07213551
-0.04196568
0.03365523
0.06099571
-0.02893597
-0.08137486
0.007097361
-0.1978798
-0.03394228
0.05381885
-0.1206167
0.1066042
0.01488196
0.01801131
-0.1480114
-0.08429421
0.02560427
-0.1985574
-0.02021555
0.01873656
-0.1020956
0.003054911
0.1162229
-0.01522287
-0.05196955
0.1099399
0.004593086
0.01740623
0.01284479
-0.005002158
0.01687528
-0.01671121
0.0009981525
-0.009197724
0.07354447
0.1337905
0.007722359
0.05467781
0.02107951
0.08084795
0.1129921
-0.07618982
0.1254995
0.01870009
0.03030872
0.112771
0.01596824
-0.0653882
-0.06030059
0.04880818
-0.0256297
0.2274436
0.1289915
0.09605684
0.1687022
0.1513006
0.04489448
-0.04431542
0.1184632
0.1306718
0.04798958
0.09427018
0.1111537
0.005362357
0.1225721
0.02951371
0.1301189
-0.001279042
0.1740115
0.01763336
0.2673048
0.1484475
0.1015899
0.01886403
0.1950148
0.2382019
0.1298163
0.04274277
0.1071595
-0.02832745
0.1088459
0.1544652
0.09663622
0.07325548
0.1465632
0.2590372
0.183311
0.02032158
0.1291631
0.1561239
0.2264835
0.1649839
0.31493
0.1317724
0.1545966
0.03480393
0.2036218
0.1583148
0.1723432
0.1461763
0.175434
0.1266303
0.1481981
0.01508092
0.07748502
0.2612314
0.3102335
0.1283574
0.1280997
0.2919751
0.1651449
0.1680513
0.1846722
0.1125685
0.2540223
0.06572966
0.2067012
0.2512673
0.1184068
0.3380773
0.1895774
0.1786896
0.1330993
0.04183821
0.3209497
0.2460687
0.1562124
0.2176624
0.2141858
0.3513639
0.237743
0.1526156
0.07300655
0.1695333
0.275068
0.2327967
0.09811926
0.1453374
0.2377323
0.1264238
0.3166269
0.2078736
0.2362998
0.3649519
0.2518052
0.2571998
0.1589538
0.1416324
0.2900058
0.2794401
0.1240702
0.03268643
0.2882447
0.3250012
0.2541952
0.175552
0.2332392
0.2893813
0.1527902
0.2092077
0.2466616
0.2904677
0.2396732
0.4088785
0.2589719
0.3875907
0.1261773
0.3257751
0.3113548
0.232316
0.4100964
0.3344462
0.2745605
0.3959316
0.3988816
0.4018687
0.3539912
0.2951027
0.2981894
0.4049286
0.3288731
0.1578667
0.3344602
0.4224063
0.3873521
0.4448465
0.3923063
0.225774
0.3878684
0.2818403
0.2303827
0.3844513
0.4378374
0.4034435
0.2784182
0.3773977
0.2746904
0.4836905
0.5921451
0.5425123
0.4007673
0.5487846
0.339772
0.3906479
0.319614
0.3399332
0.4303486
0.5484724
0.3377689
0.3473926
0.483758
0.3453904
0.2432157
0.2425362
0.3492565
0.3166249
0.3202938
0.2631959
0.4793862
0.381607
0.2702848
0.4068268
0.3802304
0.4949762
0.3706668
0.3611177
0.3277619
0.4424219
0.3537264
0.4401277
0.3399013
0.3858523
0.3042259
0.332678
0.4766636
0.3949614
0.4465426
0.4242741
0.4470894
0.3782789
0.2434821
0.4040103
0.3129746
0.6023063
0.4961437
0.4948295
0.3389177
0.5597477
0.5365794
0.5017181
0.4526026
0.42977
0.4511993
0.4260075
0.4638629
0.4451941
0.4663963
0.3742671
0.4481183
0.4082593
0.4278636
0.3769757
0.4786453
0.4464456
0.4507535
0.5656249
0.5543849
0.6045921
0.5500976
0.5453869
0.5330575
0.546355
0.6104011
0.6178962
0.5200392
0.5222512
0.6207628
0.573957
0.4469263
0.5603217
0.54126
0.5217199
0.510185
0.4584038
0.6190562
0.4119877
0.5218081
0.4827453
0.5961515
0.5007998
0.5267437
0.5493321
0.5345407
0.4590736
0.4834099
0.5460844
0.4092087
0.5180949
0.627578
0.6340792
0.6182051
0.5606356
0.6720701
0.4370592
0.5879587
0.6079763
0.5185393
0.6240991
0.5392382
0.5485318
0.4476579
0.7551673
0.5991054
0.6048619
0.4456998
0.4989162
0.5912431
0.5436542
0.555366
0.6640618
0.5540817
0.5616658
0.4299928
0.6772603
0.5494679
0.4404318
0.4737011
0.5271124
0.6289841
0.598934
0.612925
0.7065284
0.7381196
0.6744505
0.7119776
0.5353133
0.5492328
0.6735339
0.607564
0.6479178
0.6390684
0.6881474
0.4281675
0.6767749
0.6859005
0.8442373
0.7385569
0.6700981
0.7026032
0.7463335
0.8352801
0.6774259
0.6077132
0.6571248
0.685652
0.7410249
0.6882815
0.6047683
0.7483217
0.6883773
0.6581694
0.6502982
0.6890677
0.694698
0.6207497
0.7722082
0.616332
0.6606122
0.5957233
0.6338271
0.7958711
0.7382815
0.7244706
0.7413902
0.7945672
0.7782548
0.6864086
0.689873
0.7551721
0.6164895
0.8733353
0.70881
0.747405
0.8070254
0.6410532
0.7072948
0.6600753
0.7789396
0.6805381
0.6131722
0.6380282
0.7573505
0.6863106
0.8197696
0.8448258
0.7150901
0.6878851
0.8204817
0.7872072
0.6089656
0.7926865
0.6701344
0.7026604
0.7878166
0.7080836
0.7388329
0.6887575
0.7780019
0.7939285
0.6780549
0.8373833
0.8563557
0.9204045
0.840623
0.7497507
0.8217162
0.6663947
0.7297927
0.7352113
0.7269848
0.9233044
0.787698
0.8789639
0.6417143
0.7973936
0.790881
0.8174937
0.7451366
0.8600361
0.7243114
0.8206086
0.7152105
0.8000513
0.8202526
0.8035127
0.7635172
0.7820835
0.8999319
0.8373984
0.9720531
0.8596089
0.8910335
0.8279499
0.8323093
0.7564293
0.9783427
0.9158532
0.8838128
0.8245953
1.081754
0.8014378
0.9299137
0.9782013
0.8885487
0.8228709
0.8906098
0.754656
0.8588591
0.7275134
0.9189789
0.9971847
0.7926841
0.9373284
0.7907124
0.8886625
0.9893384
0.8581428
0.9549098
0.8483976
0.861545
0.7292526
0.8798051
0.9784713
0.9826583
0.9716792
0.9332419
0.7850949
1.104387
0.9699977
0.846587
0.9314875
0.8444231
0.9092933
0.9379047
0.9895804
0.9355447
1.031333
0.8722609
0.9065477
0.7999334
0.9191396
1.045863
0.9560016
1.051775
0.9541416
1.027857
0.8351495
0.8587797
0.9506624
0.9188411
0.9703558
0.7465622
0.8930833
1.049314
0.9038653
0.8192516
1.012562
0.950672
1.024221
0.9312212
0.9931657
1.157526
0.9510404
1.134035
0.9764177
0.9524543
1.03065
0.9234785
1.053117
1.103061
0.871228