-0.04485836
-0.9516949
-0.9653271
-0.9938619
-1.065558
-0.9218815
-0.8602504
-0.9401923
-0.8687139
-0.9844373
-1.083752
-1.064199
-1.092498
-0.9470452
-0.8842329
-1.006997
-1.007297
-0.9652417
-1.029848
-0.9408174
-1.098102
-1.08814
-0.9604608
-1.102098
-0.9400611
-0.7906463
-0.9692467
-1.124481
-0.9177349
-0.9720854
-1.053228
-0.9154172
-0.8555197
-0.9757938
-0.971614
-1.05007
-0.9829775
-1.085069
-0.8582817
-0.8832861
-0.7391132
-0.8539656
-0.944813
-0.9617937
-1.039259
-0.8850294
-0.9985472
-0.9743871
-1.029669
-0.8732414
-0.8975944
-0.8310661
-0.9254002
-0.8747893
-0.9405391
-0.949701
-1.020298
-0.95094
-0.8188684
-0.8699932
-0.8328858
-0.9020409
-0.9752009
-0.8582444
-0.7862557
-0.8812143
-0.8754817
-0.9607037
-0.9334502
-0.8855052
-0.8079177
-0.815343
-0.8213895
-0.9049313
-0.7230214
-0.8106698
-0.8521864
-0.844978
-0.8034525
-0.8947703
-0.8779676
-0.7667962
-0.7641376
-0.7819826
-0.7017453
-0.9432198
-0.7997015
-0.813079
-0.8890734
-0.6918109
-0.6838369
-0.9641723
-0.7728595
-0.848994
-0.9191645
-0.7004255
-0.6970209
-0.8901577
-0.7299883
-0.7693234
-0.7450155
-0.9480158
-0.7738701
-0.8754561
-0.7648644
-0.8315143
-0.8368746
-0.8783791
-0.9019534
-0.7333723
-0.7891286
-0.734653
-0.7299245
-0.8462268
-0.6782449
-0.8623673
-0.5726447
-0.9524113
-0.9036938
-0.7607386
-0.7141082
-0.825249
-0.6940473
-0.895228
-0.8022519
-0.9038007
-0.7849915
-0.7167216
-0.7262434
-0.8864694
-0.8535129
-0.6194292
-0.6270761
-0.8284999
-0.6359012
-0.8528884
-0.7945205
-0.8019506
-0.6164698
-0.6920972
-0.6919601
-0.8802373
-0.7199929
-0.5474429
-0.7472076
-0.7178766
-0.7466262
-0.7464059
-0.6195298
-0.5673963
-0.7125212
-0.7482237
-0.6760559
-0.6837839
-0.6634673
-0.6061765
-0.6714575
-0.8265174
-0.6309023
-0.6386734
-0.7751107
-0.5747636
-0.7467379
-0.5880832
-0.6793481
-0.6486701
-0.6263753
-0.754134
-0.6180195
-0.6646391
-0.6642254
-0.5145974
-0.4560049
-0.5927046
-0.7919441
-0.4798574
-0.6801219
-0.6866033
-0.5492801
-0.8163567
-0.7627666
-0.6117671
-0.7095071
-0.6307775
-0.7319873
-0.7080829
-0.5872072
-0.8020542
-0.6086412
-0.6718403
-0.7221329
-0.5572357
-0.4973121
-0.5385258
-0.587612
-0.6822816
-0.635389
-0.6693547
-0.7171804
-0.5842695
-0.6328878
-0.580756
-0.5253756
-0.5407436
-0.6250962
-0.5461943
-0.6036331
-0.5068131
-0.6458571
-0.467882
-0.5704921
-0.6813753
-0.6226688
-0.5375941
-0.6771363
-0.5414403
-0.6022656
-0.4565959
-0.4766152
-0.7054491
-0.6753597
-0.6511482
-0.5998812
-0.6049551
-0.5502017
-0.4260378
-0.4385233
-0.7053975
-0.6814415
-0.5221188
-0.5957516
-0.5207579
-0.3606928
-0.6176959
-0.567188
-0.3909608
-0.4961014
-0.393165
-0.4835845
-0.3874747
-0.6636975
-0.5127473
-0.5647157
-0.4270147
-0.4414981
-0.5078358
-0.3716417
-0.534011
-0.598286
-0.5408249
-0.5126086
-0.3995011
-0.5152908
-0.3980879
-0.6727419
-0.5358329
-0.5438082
-0.4107146
-0.3560582
-0.4756509
-0.4539458
-0.5047181
-0.3471454
-0.4724564
-0.3265448
-0.5070077
-0.4458092
-0.4985683
-0.5931832
-0.4263451
-0.4338557
-0.4766704
-0.4980102
-0.5151195
-0.3545892
-0.3589249
-0.4418144
-0.4888697
-0.3681569
-0.5718614
-0.4117949
-0.4937823
-0.3806573
-0.4115959
-0.4988744
-0.4390898
-0.497028
-0.5255665
-0.3564948
-0.2808599
-0.4091698
-0.3474807
-0.5109262
-0.3043852
-0.4184379
-0.6346867
-0.3304583
-0.493806
-0.4235963
-0.3166203
-0.4873122
-0.2812462
-0.3014813
-0.3441304
-0.4115488
-0.2749143
-0.3514946
-0.5593391
-0.2053758
-0.332016
-0.2468214
-0.3290997
-0.4025436
-0.4406539
-0.3197463
-0.3399244
-0.3469966
-0.3042911
-0.4354313
-0.2957627
-0.343182
-0.3248748
-0.352393
-0.4544209
-0.3240282
-0.2671245
-0.3242018
-0.4233622
-0.3666613
-0.3359328
-0.497689
-0.4241848
-0.3029538
-0.3669662
-0.3029648
-0.3475258
-0.2922603
-0.3475862
-0.3116438
-0.4133855
-0.3523798
-0.2777967
-0.1967691
-0.3228768
-0.3819387
-0.3324704
-0.3681172
-0.2679636
-0.2686299
-0.4073923
-0.3710021
-0.2809233
-0.2735375
-0.2130076
-0.4829399
-0.06479465
-0.06062669
-0.2119809
-0.1977682
-0.3069507
-0.3050649
-0.2788129
-0.3230799
-0.3962352
-0.2482916
-0.2305449
-0.3224273
-0.3730346
-0.1662692
-0.2878814
-0.2242046
-0.2504083
-0.3135876
-0.2535366
-0.3667868
-0.2522701
-0.3723061
-0.4097325
-0.2302061
-0.2536541
-0.08293029
-0.331898
-0.3092446
-0.3352283
-0.3207748
-0.2036041
-0.3076386
-0.367078
-0.2308685
-0.2189693
-0.1837967
-0.2953619
-0.2526707
-0.2652263
-0.3978998
-0.2474192
-0.206719
-0.2192694
-0.1394791
-0.3819794
-0.1876241
-0.09745455
-0.1637363
-0.1795716
-0.1512144
-0.1960671
-0.203698
-0.2123369
-0.1230303
-0.3113522
-0.1590723
-0.1623074
-0.1849936
-0.09922342
-0.07601086
-0.08875799
-0.3301648
-0.3706547
-0.1916798
-0.2533394
0.03971683
-0.189194
-0.1696604
-0.1142535
-0.2231748
-0.06490831
-0.200517
-0.1532182
-0.1413455
-0.06543139
-0.07368205
-0.1191084
-0.03210824
-0.05041434
-0.1392051
-0.09891878
-0.2421942
-0.3490631
-0.1196449
-0.2578832
0.06898
-0.09353435
-0.2365272
-0.1262636
-0.1412519
-0.1738982
-0.2415689
-0.1411528
-0.06526496
-0.02372399
-0.1547144
-0.118261
-0.09589568
-0.1465688
-0.1946149
-0.05305952
-0.1430211
-0.01258779
-0.09468459
-0.1125427
-0.1832423
-0.03262401
0.01951769
0.0003205143
-0.01627124
-0.1128477
-0.04915463
-0.001026318
-0.02194375
-0.1445999
-0.08646387
0.06527608
-0.09962514
-0.02093295
-0.07930143
-0.1054563
-0.056369
0.03545181
-0.08343767
-0.04669743
-0.107161
-0.1059064
0.04360756
0.1106955
0.01535268
0.02102169
-0.1031553
-0.1062551
0.02349142
-0.0633228
-0.04895005
-0.007183728
-0.192825
0.1951137
-0.05014705
-0.03579786
0.01852124
-0.01041203
0.08772855
-0.1118362
-0.04901985
0.08333474
-0.02868516
0.07143828
-0.03841826
0.02129793
-0.02941224
-0.1574175
0.03330212
0.01212802
0.0737834
-0.0734344
-0.02308913
0.07287647
0.002993792
0.06260094
0.05540375
0.03299931
0.02306643
-0.1025701
-0.03306495
0.1746886
0.03536289
-0.0137061
0.265025
0.03016749
0.02313993
-0.009963012
0.14097
-0.04245625
0.1528432
0.1215704
0.08103931
0.1674506
0.08433576
-0.008115591
-0.01213286
0.1967242
0.1384751
0.1139132
0.1001844
-0.03075332
0.04766618
0.04900571
0.1333204
0.08696282
0.07930141
0.141713
0.2696518
0.07981362
0.1268834
0.06850287
0.03183458
0.1940697
0.03764764
0.1499423
0.2206331
0.1966068
0.07129858
0.06487147
0.1503337
0.1385565
0.08750338
0.2132545
0.05658634
-0.0603795
0.1428538
0.1020816
0.1786772
0.1529944
0.2186259
0.1801411
0.2191111
0.0988089
0.09967252
0.2008021
0.1188667
0.17013
0.2232531
0.225991
0.1319677
0.1739127
0.2200332
0.3010059
0.08149551
-0.02064714
0.1180963
0.07101675
0.2126998
0.2970224
0.3257514
0.2569679
0.03868903
0.2239493
0.2242219
0.2698084
0.2519328
0.129572
0.2553446
0.07390435
0.1882923
0.1874807
0.3059688
0.1918992
0.099612
0.1703157
0.2583506
0.180339
0.3108281
0.2002792
0.2794897
0.3023886
0.1841263
0.2279583
0.1727411
0.2329225
0.3133019
0.184659
0.2581733
0.1168322
0.2406842
0.1929262
0.1679938
0.2501664
0.2068187
0.2852043
0.2880043
0.2015987
0.1430108
0.2616548
0.3453136
0.05523666
0.1342074
0.4281996
0.2767607
0.07255515
0.2046811
0.4166932
0.2778841
0.2630415
0.3372016
0.3204974
0.3217413
0.3047567
0.3209722
0.244479
0.2700468
0.2403434
0.3266889
0.3369218
0.360761
0.3207916
0.314451
0.3771016
0.3416573
0.3376502
0.2507593
0.2790328
0.2974211
0.22558
0.3249128
0.3241525
0.3245026
0.2069726
0.3785739
0.3978509
0.2497798
0.3141261
0.3621826
0.2680612
0.4546964
0.323436
0.2121366
0.332234
0.4483297
0.4410509
0.3390174
0.2038838
0.3915245
0.2102836
0.3933384
0.2624411
0.3316904
0.3127179
0.3518393
0.4516083
0.48134
0.3835674
0.5492971
0.448116
0.4320774
0.4119177
0.3476887
0.561617
0.2634667
0.4150406
0.2510045
0.2784318
0.3293541
0.4090155
0.4327732
0.3414095
0.4425768
0.378676
0.4115825
0.3085011
0.4583493
0.3708602
0.4531405
0.3724865
0.619429
0.4109603
0.5551458
0.3768448
0.3411927
0.3922938
0.393921
0.5164728
0.3973057
0.2761603
0.3601841
0.4557297
0.5214486
0.4705699
0.615654
0.3882962
0.3077131
0.4598962
0.4380192
0.4631987
0.5055065
0.5067009
0.40661
0.5054636
0.6055487
0.3608016
0.5024799
0.5602463
0.4620681
0.400513
0.419715
0.5680271
0.351879
0.5544757
0.5312948
0.5696087
0.4977045
0.5577686
0.3587193
0.4430793
0.4498223
0.5791553
0.5663619
0.3970433
0.5583252
0.4482435
0.6405234
0.6386541
0.4653941
0.568065
0.4372274
0.5979225
0.5504536
0.5201154
0.4173625
0.5133615
0.4700508
0.5532205
0.5168838
0.5383801
0.5425754
0.5911663
0.6343822
0.4604121
0.6628585
0.7030455
0.5257586
0.5834302
0.4433472
0.6264406
0.5045055
0.5890806
0.4680259
0.4890293
0.7072301
0.5200071
0.5118364
0.5957435
0.6469996
0.5435625
0.5472584
0.4729258
0.4254202
0.5874233
0.5709638
0.4833994
0.6656319
0.6192276
0.6354221
0.6305078
0.5409594
0.5873387
0.555515
0.651843
0.7260212
0.5865807
0.71094
0.6667999
0.5520151
0.507739
0.6390079
0.718214
0.5895237
0.6272326
0.6008833
0.6518469
0.416884
0.528331
0.6974218
0.5101657
0.701517
0.6123225
0.7709499
0.7171831
0.6318347
0.6869262
0.7654962
0.6369996
0.7608172
0.5637278
0.5525564
0.6370849
0.6868564
0.532446
0.5991498
0.8460842
0.5855941
0.667497
0.6322486
0.8528136
0.7261823
0.6251076
0.6219372
0.7505335
0.6985654
0.7004645
0.7235359
0.645436
0.6496586
0.6381348
0.7697076
0.7720957
0.7190203
0.6228703
0.7071787
0.6506983
0.6700328
0.7413217
0.7807936
0.7832073
0.7048447
0.7979827
0.7097066
0.6531396
0.7938931
0.6053456
0.8183428
0.706488
0.7213916
0.7516858
0.6690103
0.7291787
0.6975824
0.6775086
0.7438449
0.7742943
0.7803419
0.83047
0.6732011
0.7115146
0.7144352
0.6643433
0.7913211
0.8488383
0.8605336
0.6939089
0.8427553
0.907041
0.7936306
0.8551046
0.7488009
0.766271
0.8093513
0.7581639
0.8023769
0.9067364
0.7926714
0.7467424
0.9326519
0.7409875
0.8421738
0.7782229
0.8312016
0.8354095
0.7559723
0.7589922
0.8119739
0.8694305
0.7693114
0.7544561
0.8012871
0.8746936
0.9979093
0.870869
0.7817978
0.7459978
0.9030763
0.8956807
0.8889174
0.8997492
0.8517347
0.9467649
0.8969295
0.9058803
0.9312354
0.6895919
0.9526816
0.8925797
0.8390185
0.7848682
0.8046882
0.819616
0.8716755
0.9865042
0.9505899
0.864014
0.8477015
0.8084706
0.798021
0.9322888
0.8357758
0.8379502
0.8656467
0.6234969
0.9154885
0.8551293
0.8274603
0.8995704
1.03646
0.8926748
0.9050038
0.8144305
1.060551
0.8986377
0.9177614
1.023771
1.087896
0.8100297
1.032493
0.9059657
1.042093
1.073596
0.922284
0.8965166
0.8620392
0.8675025
0.905515
0.8103518
0.9278543
0.9889909
1.030134
0.9530242
1.016613
0.9358285
0.8548563
0.857646
0.7902451
0.954899
0.9184589
0.8381728
1.026531
0.8332766
0.9714986
0.9607595
0.8998538
1.031446
1.109085
0.9930256
0.9909858
1.085369
0.9155755
0.9610989
1.022433
1.008578
1.028352
1.010661
0.8014733
1.061399
0.8875508
1.030621
0.9949215