-0.03100643
-1.080862
-0.9527875
-1.03262
-0.9062532
-0.9241475
-0.8880042
-0.9211548
-0.9736889
-1.127553
-0.9260441
-0.9278146
-0.9804008
-0.9766214
-0.8830338
-1.021725
-1.016366
-0.7525976
-1.002137
-1.029226
-0.9646342
-0.7738625
-0.9210873
-0.986416
-0.8826431
-0.8965103
-0.9863844
-0.9417614
-0.937776
-0.9480585
-0.7814404
-0.91016
-0.8217741
-1.00857
-0.9534314
-0.8676141
-0.9790891
-0.9057305
-0.9780093
-0.8862686
-0.8617566
-0.9602664
-0.9421133
-1.080674
-0.9855556
-1.018733
-0.9798341
-1.056015
-0.941175
-0.8688155
-0.9046773
-0.9487683
-1.012
-0.8958268
-0.905417
-0.9740312
-0.8043337
-0.8051737
-0.9039417
-0.9132985
-0.867423
-0.8903924
-1.039872
-1.006672
-0.8040647
-0.8787258
-0.8452219
-0.8905843
-0.712322
-0.9571069
-0.9161721
-0.9799685
-0.9471684
-0.9559093
-0.9648443
-0.8198636
-0.8930618
-0.9015994
-0.7199438
-0.8323788
-0.7655315
-0.8755521
-0.8266082
-0.9425659
-0.9491428
-0.9957165
-0.8254247
-0.7577051
-0.8099002
-0.8002509
-0.9230514
-0.963617
-0.7369276
-0.9152451
-0.7734143
-0.9037614
-0.7714747
-0.770583
-0.936595
-0.7570926
-0.8543189
-0.7387894
-0.8024726
-0.7939958
-0.7367109
-0.7648157
-0.828642
-0.5896226
-0.7395999
-0.8192181
-0.8878837
-0.8177472
-0.827203
-0.7624838
-0.5451359
-0.828835
-0.7886354
-0.7464305
-0.7951882
-0.6507355
-0.8584877
-0.6934497
-0.9077878
-0.6750078
-0.6995578
-0.8070526
-0.7843846
-0.7890711
-0.7809387
-0.8692753
-0.8128714
-0.7449937
-0.8282065
-0.6257584
-0.6981512
-0.8168585
-0.7936827
-0.6891062
-0.738086
-0.8088978
-0.6808166
-0.7475125
-0.7389332
-0.4788964
-0.8096639
-0.662017
-0.7292111
-0.4864678
-0.6344625
-0.6481835
-0.701618
-0.6277778
-0.6553218
-0.6363448
-0.7240823
-0.7609646
-0.6608359
-0.6967767
-0.5862345
-0.7987723
-0.7343631
-0.6396064
-0.5633534
-0.5953697
-0.6141743
-0.7042096
-0.7274111
-0.6854012
-0.7032073
-0.628165
-0.5599864
-0.6726206
-0.601871
-0.4914705
-0.7550103
-0.5774084
-0.7662655
-0.5998719
-0.793567
-0.6050686
-0.5484072
-0.6257408
-0.6314553
-0.5800028
-0.6054703
-0.6066275
-0.7220207
-0.6743259
-0.578118
-0.552999
-0.7460219
-0.6359552
-0.7341194
-0.5704553
-0.5932479
-0.6281923
-0.5533429
-0.6181741
-0.6474714
-0.4721569
-0.5501369
-0.7644443
-0.6248034
-0.5929532
-0.649469
-0.6458123
-0.5699667
-0.4054291
-0.6019467
-0.4049475
-0.5066848
-0.5742695
-0.4906874
-0.4826452
-0.6297376
-0.6072665
-0.55345
-0.6793049
-0.503563
-0.6410761
-0.5789245
-0.5616334
-0.6745539
-0.6878003
-0.408007
-0.6256161
-0.5738612
-0.3704095
-0.4877317
-0.5804774
-0.5589222
-0.385888
-0.6170849
-0.5110305
-0.587521
-0.6325851
-0.4790001
-0.4737239
-0.5571757
-0.4698397
-0.5357631
-0.4822284
-0.5598004
-0.5757535
-0.4362388
-0.5675423
-0.5923499
-0.5032164
-0.563362
-0.6433408
-0.5335595
-0.3601706
-0.6588553
-0.3424638
-0.523669
-0.5456335
-0.516771
-0.4656566
-0.4802404
-0.3909619
-0.3494393
-0.4983707
-0.5925892
-0.4606945
-0.498572
-0.5516733
-0.3845439
-0.4057655
-0.4236099
-0.4978568
-0.4191834
-0.3367369
-0.4642199
-0.4071323
-0.2982426
-0.3493827
-0.4440584
-0.4429154
-0.3804111
-0.5214121
-0.4485364
-0.4106341
-0.3721605
-0.4619296
-0.5183154
-0.3432642
-0.4801763
-0.5217835
-0.2843753
-0.5739341
-0.4469732
-0.3633131
-0.4550147
-0.3582405
-0.4094385
-0.3668082
-0.4200995
-0.5282766
-0.3415243
-0.4349349
-0.565671
-0.5260495
-0.395891
-0.4842929
-0.492549
-0.4739043
-0.342951
-0.2730264
-0.4348682
-0.4607262
-0.5068245
-0.5748398
-0.3634717
-0.3597882
-0.3527555
-0.4533749
-0.4651171
-0.3300773
-0.4208762
-0.4117568
-0.4440985
-0.3687292
-0.3500718
-0.2536192
-0.3797826
-0.3883705
-0.4408582
-0.3700091
-0.4302204
-0.2783584
-0.3791421
-0.4107317
-0.3411623
-0.3524353
-0.3693258
-0.1743883
-0.1813288
-0.16563
-0.3543115
-0.3712868
-0.3275448
-0.34229
-0.3144764
-0.300468
-0.4046448
-0.3595442
-0.2854668
-0.2641398
-0.3490457
-0.2280225
-0.2448397
-0.2048848
-0.2807632
-0.2645175
-0.217375
-0.3452855
-0.2680636
-0.1917782
-0.3917924
-0.1750314
-0.38073
-0.203886
-0.3162289
-0.2410359
-0.1916178
-0.2821159
-0.3497487
-0.4161915
-0.4406698
-0.273688
-0.2321546
-0.2063194
-0.3080781
-0.3770495
-0.123106
-0.3586599
-0.2885627
-0.2192082
-0.1662902
-0.3382003
-0.1484831
-0.1543688
-0.2836917
-0.4228705
-0.3925593
-0.1046146
-0.1907939
-0.1829336
-0.2207413
-0.1576926
-0.3566509
-0.3237915
-0.3265153
-0.3197883
-0.3030927
-0.1804653
-0.2860903
-0.242238
-0.1468873
-0.2288994
-0.2938877
-0.01560766
-0.05028386
-0.3537472
-0.3271227
-0.2058821
-0.2529342
-0.1501828
-0.02615724
-0.1976814
-0.1636882
-0.2738246
-0.1640275
-0.2426039
-0.1811497
-0.1203226
-0.184347
-0.2833818
-0.1916049
-0.16864
-0.1166837
-0.1558661
-0.08541864
-0.182351
-0.05475039
-0.3391447
-0.1438352
-0.0417003
-0.173708
-0.04046891
-0.199985
-0.1938801
-0.08088019
-0.1209575
-0.1415708
-0.2289823
-0.0762432
-0.2350774
-0.08963314
-0.2225695
-0.204351
-0.1762567
-0.1514266
-0.04130091
-0.1594414
-0.08957152
-0.3057474
-0.2688735
-0.1366832
-0.08322989
-0.2215664
-0.04162597
-0.01953883
-0.2175438
0.04791902
-0.2135129
-0.01047652
-0.01062669
0.008868666
-0.3036176
-0.05774964
-0.05755927
-0.1392628
-0.05922863
-0.1260112
0.0617886
-0.1144638
-0.1454385
-0.02842766
-0.0241074
0.00102248
-0.09482899
-0.1173972
-0.08166518
-0.06279097
0.01137867
-0.1778163
-0.05803621
0.008119825
-0.02053786
-0.05520646
-0.03529522
0.03435087
0.06785107
-0.05965091
-0.07094863
-0.008108437
-0.1923109
-0.04040849
0.05132883
-0.1171363
0.09092177
0.03094764
0.03411395
-0.1292269
-0.06981122
0.01882948
-0.186
-0.01037798
0.006791371
-0.120298
-0.003729454
0.124035
0.003191798
-0.06572452
0.1069189
0.0004234588
0.03203258
0.02136997
0.009416085
0.03834153
-0.02370569
-0.001990973
0.00649788
0.08585984
0.1182735
-0.003308983
0.03427451
0.01471319
0.0753655
0.09271713
-0.06991447
0.1603325
0.03745342
0.02698576
0.1292577
0.02505524
-0.08312483
-0.05630013
0.04401991
-0.008796924
0.1993915
0.1489038
0.130909
0.1676244
0.1489737
0.0499779
-0.04326952
0.1019498
0.1521641
0.04019259
0.1290187
0.08385457
0.00670895
0.1255969
0.04381163
0.1310814
0.008543673
0.1992166
0.03151046
0.2710045
0.1473738
0.1151066
0.001248578
0.1629157
0.213682
0.1239688
0.05127065
0.08696165
-0.03485986
0.09592604
0.1797401
0.09483348
0.08991712
0.1603708
0.2493365
0.1833612
0.0439814
0.12921
0.1508245
0.2292699
0.1549736
0.3114933
0.1121649
0.1829332
0.05207648
0.206642
0.1781575
0.1557494
0.1477778
0.176853
0.1372695
0.1666982
0.01968664
0.07146123
0.2548468
0.2834054
0.1313825
0.1247074
0.2965224
0.1575868
0.1643722
0.1776295
0.1158333
0.2506932
0.05573315
0.2374916
0.2514789
0.1262014
0.3252396
0.1922578
0.1564694
0.1225876
0.02320204
0.3071027
0.2525079
0.1473337
0.1995905
0.2066928
0.3656093
0.2413016
0.1662481
0.06571006
0.1612512
0.2551731
0.2190178
0.08961279
0.1581242
0.2584584
0.1559707
0.3291965
0.1948411
0.2294701
0.3760364
0.2523357
0.2840998
0.1639903
0.1297804
0.2913215
0.2619908
0.1085222
0.04349448
0.2864641
0.3252148
0.2560006
0.1765309
0.2285857
0.2765398
0.1637827
0.199653
0.2358869
0.2514349
0.2466201
0.385164
0.250262
0.3736902
0.1182048
0.2876453
0.311646
0.2253692
0.4408525
0.3173855
0.279992
0.4022354
0.3834927
0.4030222
0.3579229
0.2879426
0.2949264
0.4145815
0.3340601
0.1590873
0.3208893
0.40429
0.3863135
0.4297581
0.4092256
0.2378116
0.3652541
0.2837036
0.2432194
0.4055821
0.4386157
0.3965633
0.3037948
0.3871703
0.266907
0.4844028
0.5892409
0.5470343
0.3967755
0.5257217
0.3528949
0.3671259
0.3296904
0.3197829
0.4456152
0.5528821
0.3474218
0.3543629
0.4797471
0.3470098
0.2280544
0.2433595
0.3309419
0.2981355
0.3279506
0.2587759
0.4857816
0.3901997
0.2550284
0.3978717
0.3708566
0.5009248
0.3690714
0.3629483
0.3376173
0.4564838
0.3479119
0.4580744
0.3728753
0.3933965
0.289156
0.3397163
0.4831637
0.3926508
0.4452497
0.4214153
0.4509792
0.3868015
0.2470941
0.4023451
0.3021666
0.5850633
0.497811
0.5065524
0.3744971
0.557257
0.5181143
0.5113557
0.4491554
0.4257449
0.4668197
0.4315774
0.4598466
0.437294
0.4670829
0.3793192
0.4435896
0.4056561
0.4392565
0.3756628
0.5013628
0.4455038
0.4629523
0.5359297
0.555042
0.6167405
0.5896301
0.5374221
0.5535774
0.5583284
0.6140123
0.6043161
0.528943
0.5114395
0.6285603
0.5758912
0.4411368
0.5527974
0.5448615
0.5372637
0.4911238
0.462718
0.6099084
0.4252172
0.5211167
0.4705303
0.6085789
0.5155736
0.5490651
0.5105449
0.5308902
0.4631878
0.4732068
0.5471521
0.4293448
0.5060615
0.6444765
0.6501921
0.6098652
0.5660026
0.6684054
0.4375565
0.582374
0.6237499
0.5236906
0.5877197
0.5168302
0.5396639
0.4444958
0.7481382
0.5987051
0.5877828
0.4826551
0.4886058
0.5761089
0.5392085
0.5667881
0.6652047
0.5622642
0.558751
0.4637346
0.6697094
0.5587429
0.4460464
0.4802314
0.5240435
0.6352973
0.6217617
0.6125657
0.700672
0.7642499
0.6416171
0.7378976
0.5306941
0.5567151
0.6757525
0.5829896
0.6371838
0.6354267
0.6831425
0.446045
0.6671913
0.6973363
0.8554902
0.7098444
0.6652664
0.6827222
0.7440186
0.8406226
0.664052
0.6193693
0.6593369
0.6665657
0.7325904
0.6850185
0.6030948
0.7663682
0.6927145
0.6500038
0.6435015
0.6991029
0.7016549
0.635949
0.7840715
0.6138932
0.6800416
0.6025983
0.6346357
0.808444
0.7216897
0.712866
0.7658074
0.7987201
0.8011743
0.7063766
0.6923224
0.7499557
0.6018268
0.8723116
0.6835673
0.7509345
0.8051241
0.6740078
0.7240683
0.6637338
0.8077309
0.7052142
0.6171828
0.6275306
0.7446444
0.6902729
0.8551257
0.8390635
0.7083214
0.6825874
0.8063615
0.8083569
0.5785832
0.7880035
0.6745678
0.6740466
0.7629556
0.7087347
0.7267681
0.6945807
0.7631847
0.7851661
0.6875804
0.8366496
0.857933
0.9326653
0.882151
0.7231148
0.8111354
0.6896323
0.7245918
0.7353416
0.7301054
0.9059354
0.7879231
0.8795228
0.6415222
0.818414
0.7916566
0.8329322
0.7528107
0.8522996
0.7166989
0.8159817
0.7131976
0.804887
0.8033822
0.7945997
0.7560848
0.7792002
0.8894957
0.8265851
0.9701083
0.8489303
0.8747545
0.8215182
0.8425174
0.7517851
0.9729635
0.9083977
0.8705354
0.8362764
1.055926
0.8180187
0.9403115
0.9635634
0.8713238
0.8220648
0.8652644
0.7819588
0.8763152
0.7218553
0.9250427
1.00516
0.7911168
0.960647
0.7801346
0.8934674
0.9802618
0.8652556
0.936501
0.8376761
0.877522
0.7492038
0.8821113
0.9819178
0.9743002
0.9367244
0.9183948
0.7839669
1.101983
0.9514671
0.8596214
0.9281285
0.86635
0.9203976
0.937959
0.9853866
0.933491
1.049962
0.9077291
0.9013338
0.810946
0.9157338
1.012269
0.9470951
1.046867
0.9604438
1.047248
0.8249492
0.8637516
0.9710135
0.9081722
0.9920229
0.7573917
0.8941479
1.044232
0.911222
0.8374319
1.008361
0.9591082
1.029608
0.9407194
0.9945212
1.145384
0.9665561
1.118808
0.9955905
0.9557669
0.9944805
0.9407824
1.046492
1.105592
0.8650398