0.02438604
-0.962022
-1.02823
-0.9428153
-1.057805
-0.9640965
-0.9861826
-1.012091
-1.145896
-1.00108
-0.9382522
-0.9518196
-1.004962
-0.9466764
-0.9506157
-0.9345818
-0.9296003
-0.8406833
-1.028915
-0.9654164
-1.020072
-0.9757357
-0.8613277
-0.9123811
-1.086417
-0.8542879
-0.9023108
-0.9722028
-1.030217
-0.9201647
-0.9420253
-0.9074156
-0.8776658
-1.002696
-0.8642529
-0.8900865
-0.917272
-0.8071818
-0.9240275
-0.9324859
-0.66685
-0.7498827
-0.8687153
-0.8963562
-0.9992337
-0.7924459
-0.9822098
-0.9530371
-0.9252493
-0.9147769
-0.8437641
-1.015981
-1.020748
-0.6795267
-0.77727
-0.784597
-0.8630481
-0.9690941
-0.8540403
-0.8211046
-0.7205015
-0.8106193
-0.9396602
-0.9572684
-0.8860798
-0.8151856
-0.9364996
-0.8153269
-0.8555356
-0.8131804
-0.8000118
-0.6328515
-0.7343397
-0.9895102
-0.9941875
-0.847667
-0.7844756
-1.014653
-0.7360119
-0.8902605
-0.832406
-0.8261119
-0.8911538
-0.8475291
-0.8302502
-0.8044379
-0.6455695
-0.8846422
-0.7840246
-0.9058491
-0.8526356
-0.8157223
-0.7433895
-0.8765493
-0.7551262
-0.7141183
-0.705772
-0.8422087
-0.7203386
-0.8498979
-0.8133034
-0.7612052
-0.8005378
-0.9112903
-0.883027
-0.9355787
-0.7381949
-0.7330466
-0.8905265
-0.7093859
-0.8678283
-0.7741445
-0.7941797
-0.7268031
-0.6902596
-0.7737465
-0.6757486
-0.7004777
-0.8840119
-0.7496135
-0.8189734
-0.7458697
-0.8572335
-0.8172982
-0.7318049
-0.6153962
-0.7339723
-0.9168157
-0.7250218
-0.7152363
-0.6953111
-0.5652385
-0.7550115
-0.8212345
-0.7516996
-0.7642548
-0.7065615
-0.5163533
-0.5466526
-0.6993909
-0.7579867
-0.6856643
-0.7698224
-0.8036144
-0.7701443
-0.7427615
-0.601489
-0.7151148
-0.6535364
-0.6822631
-0.6911297
-0.6869276
-0.7100879
-0.635443
-0.7478954
-0.6416721
-0.7464926
-0.6349521
-0.5920367
-0.5719994
-0.6145178
-0.599909
-0.5538114
-0.6086378
-0.6593623
-0.6465008
-0.634852
-0.6518972
-0.8193901
-0.5851825
-0.6765204
-0.6188544
-0.6552009
-0.7031609
-0.5895198
-0.7601834
-0.6744428
-0.7656764
-0.6493855
-0.8178087
-0.5146523
-0.67006
-0.5958071
-0.6951955
-0.5833374
-0.5521708
-0.5046956
-0.6188988
-0.6768328
-0.5704194
-0.6649451
-0.5753891
-0.6364797
-0.6690001
-0.6669735
-0.5329089
-0.5672463
-0.5528181
-0.4969638
-0.4882371
-0.631642
-0.5781581
-0.6637519
-0.527225
-0.6315732
-0.7338672
-0.6403551
-0.7768073
-0.4937369
-0.4733734
-0.557664
-0.5727109
-0.554149
-0.4959752
-0.6390125
-0.6107246
-0.5417596
-0.5360129
-0.5693614
-0.6628942
-0.3717256
-0.5368559
-0.572881
-0.52575
-0.6140081
-0.5312936
-0.5728971
-0.7315966
-0.4818346
-0.50934
-0.5683321
-0.5673275
-0.5162635
-0.4554168
-0.6904407
-0.5461945
-0.7320577
-0.4954481
-0.5360993
-0.6723944
-0.6505996
-0.5164887
-0.5191405
-0.5101371
-0.5950689
-0.6022125
-0.4566888
-0.4860068
-0.5501753
-0.3883408
-0.4311461
-0.5187374
-0.6693705
-0.4968551
-0.5147745
-0.4656095
-0.4651737
-0.6639677
-0.5125637
-0.4832829
-0.4493059
-0.5095225
-0.5782714
-0.50734
-0.2797995
-0.4338846
-0.4394099
-0.4997759
-0.4864478
-0.4019651
-0.3964471
-0.3399198
-0.4141969
-0.6209792
-0.5780024
-0.3907439
-0.4149993
-0.5173434
-0.3836895
-0.3815183
-0.5404183
-0.4144949
-0.530879
-0.3684801
-0.5015832
-0.5822161
-0.3254218
-0.4585313
-0.3386103
-0.4562268
-0.2768626
-0.4321971
-0.545319
-0.3748485
-0.3414246
-0.4298444
-0.4197824
-0.5156595
-0.3453095
-0.3785941
-0.3909857
-0.4834199
-0.4184511
-0.4628644
-0.4021286
-0.4328464
-0.3309661
-0.489256
-0.4583093
-0.4145651
-0.2867802
-0.5092235
-0.3910357
-0.44746
-0.4137122
-0.3300612
-0.4373351
-0.4914879
-0.2161835
-0.3371009
-0.2990915
-0.3061334
-0.4090277
-0.3725535
-0.3237033
-0.4880266
-0.4839763
-0.2207323
-0.257211
-0.2926882
-0.2743313
-0.3596908
-0.337576
-0.3067602
-0.1754408
-0.3863198
-0.4773696
-0.2291248
-0.3107663
-0.3329189
-0.2736668
-0.3684152
-0.3952477
-0.4215248
-0.2948238
-0.2787908
-0.302947
-0.1937678
-0.2260201
-0.3397275
-0.3542464
-0.3515508
-0.3617211
-0.2640548
-0.2352603
-0.2297209
-0.2330763
-0.2620551
-0.3240046
-0.2822127
-0.2782671
-0.2103599
-0.2730114
-0.3772526
-0.2968561
-0.1637018
-0.2759392
-0.3258842
-0.2525527
-0.427357
-0.1876696
-0.2485053
-0.2484396
-0.3952188
-0.4272639
-0.2399664
-0.2689673
-0.2573106
-0.2876816
-0.2548608
-0.06676687
-0.119548
-0.4487769
-0.2922302
-0.3622752
-0.2732901
-0.1287448
-0.2031174
-0.2502819
-0.2325254
-0.2209563
-0.1417615
-0.1760223
-0.2045526
-0.3750816
-0.3721986
-0.3228674
-0.310078
-0.2086454
-0.2520458
-0.0973688
-0.05667916
-0.2483992
-0.3290413
-0.1398152
-0.1685912
-0.1557675
-0.1385377
-0.169782
-0.09358951
-0.175631
-0.07422845
-0.1413664
-0.1634318
-0.1614796
-0.1462947
-0.2018163
-0.1478988
-0.02349315
-0.181948
-0.1362755
-0.3073731
-0.2259925
-0.1627663
-0.1409049
-0.04485016
-0.1210226
-0.1687529
-0.06225462
-0.05890123
-0.1097432
-0.06529877
-0.2324483
-0.04958382
-0.1013818
0.01991765
-0.1140808
-0.09833654
-0.1469986
-0.0892206
-0.0856087
-0.1784388
-0.2854216
-0.1724321
-0.2054602
-0.199441
-0.2079184
-0.2460227
-0.09428151
-0.01275695
0.01245612
-0.1429746
-0.1769532
-0.06154465
-0.08012635
0.004201333
0.01365353
-0.1310708
-0.006990246
-0.07923479
-0.09126414
-0.1204347
-0.1769658
-0.03764222
-0.02130362
-0.1177649
-0.145754
0.02435695
-0.1329045
-0.06577293
-0.06210929
-0.08960339
0.06988507
-0.09916534
0.02791342
-0.07516871
-0.1382783
-0.06648205
-0.07749645
0.003928264
-0.08906435
0.06858304
-0.05778698
-0.1009534
-0.01800305
-0.1627429
0.07415406
-0.0203517
0.1393028
-0.0965187
-0.0562147
-0.03066023
0.06593571
-0.04861337
0.01089678
0.08405694
-0.08713619
-0.08925649
0.04764973
-0.002597273
-0.08100001
-0.1808447
0.08347285
-0.04229096
-0.08569637
0.08725284
-0.00516352
0.2407471
0.1735196
-0.1252903
0.04190131
-0.07240539
0.1042279
-0.02205841
0.08886218
0.1144309
0.0855104
0.2089582
0.1353194
-0.03651807
0.02419697
-0.08729371
-0.03516142
0.1046001
0.2268439
0.07111309
-0.08655803
-0.05330164
0.1740854
0.08552201
0.1178086
0.03684403
-0.02116836
0.1938178
0.07964884
0.1402464
0.01516048
-0.03160067
0.001433103
0.2631003
-0.1046705
0.06389186
0.1165865
0.04461733
0.1313264
-0.02338568
0.2384218
0.02901718
0.1140132
0.1242349
0.01040777
0.1358675
0.01823896
-0.01436561
0.1442314
0.1790238
0.1059731
0.1092032
0.1619761
0.2627064
0.1995224
0.1500121
0.06803539
0.1650412
-0.001788561
0.1724068
0.08362171
-0.05980498
0.08469611
0.2378858
0.06578769
0.1150962
0.09641035
0.09052235
0.1546208
0.1330454
0.07415299
0.007688317
0.1362367
0.1631894
0.1636552
0.3193229
0.230559
0.1466018
0.2160136
0.1915733
0.1534608
0.1619844
0.1160481
0.1425371
0.2544595
0.1399545
0.232838
0.1582785
0.219419
0.206708
0.0251212
0.2466854
0.2453898
0.3095328
0.268774
0.3616409
0.1027457
0.3177255
0.1560994
0.3125705
0.1010995
0.2919051
0.2207718
0.3146502
0.294674
0.2019989
0.2595429
0.256047
0.3381875
0.3376403
0.3080903
0.1743492
0.3050144
0.2437973
-0.02979488
0.1857524
0.1834323
0.2191734
0.2673871
0.3242848
0.2816504
0.3560649
0.2477398
0.3460192
0.2752241
0.2047198
0.09765836
0.3400127
0.1590534
0.4436581
0.2979183
0.2026162
0.3407345
0.2193293
0.3266732
0.3902556
0.3240111
0.3413719
0.3929211
0.3853653
0.2260741
0.0952228
0.2873937
0.1267681
0.2471902
0.2974147
0.350166
0.2781244
0.3620268
0.2544872
0.2289914
0.3077163
0.2739034
0.2522269
0.4129825
0.1551592
0.3208875
0.3223047
0.3118136
0.3759479
0.2052908
0.3544757
0.2410878
0.3057853
0.2332842
0.3201147
0.2265652
0.334329
0.265356
0.4288343
0.4776238
0.3637335
0.4172464
0.3932735
0.5090313
0.2422866
0.3090305
0.3251662
0.391642
0.3661122
0.3419657
0.3902229
0.2693918
0.3687222
0.4131545
0.4078431
0.3756993
0.5932474
0.380118
0.3179318
0.3852947
0.4454198
0.3888833
0.5353519
0.402812
0.4880195
0.3007603
0.37437
0.4430606
0.3585168
0.3957198
0.3105726
0.2941403
0.3359955
0.4105944
0.4287214
0.5886454
0.4941129
0.5328234
0.2728597
0.3597007
0.4722175
0.4151329
0.423881
0.4956869
0.5398723
0.4344567
0.5854194
0.3648463
0.4393551
0.4255729
0.3162381
0.5209306
0.4027696
0.5793312
0.5790373
0.3425014
0.2735296
0.537414
0.487404
0.3920204
0.5054961
0.5990164
0.488621
0.4131257
0.5449465
0.5763571
0.3929323
0.493083
0.5691478
0.3503909
0.5481581
0.6746887
0.4550794
0.4914376
0.5332146
0.6637486
0.506368
0.3159761
0.6243183
0.6040971
0.6215405
0.5117102
0.7292554
0.5342317
0.4955425
0.5735338
0.5872305
0.4918746
0.5215345
0.405407
0.4950902
0.5761332
0.6041301
0.5244929
0.5592384
0.5264437
0.6462208
0.6348112
0.6055409
0.5786722
0.497884
0.5755829
0.568003
0.4414239
0.4795044
0.4105818
0.4931526
0.7206066
0.5821908
0.4976563
0.5785436
0.6338264
0.6489063
0.5688773
0.5415236
0.6682932
0.5211074
0.485098
0.6664328
0.4923064
0.5288344
0.4275685
0.6180117
0.5887263
0.6125715
0.5271645
0.6232076
0.7011263
0.6714375
0.6154711
0.6545341
0.5357473
0.737286
0.6838741
0.522327
0.6600956
0.5902809
0.7253248
0.6064632
0.6714519
0.7256002
0.6735067
0.6159526
0.695408
0.5568756
0.5567935
0.6558228
0.7218213
0.7177107
0.6684474
0.7157951
0.6135458
0.670642
0.6590602
0.5654635
0.6540051
0.5284435
0.717446
0.7205037
0.7612229
0.7611977
0.7871331
0.7070436
0.5538295
0.7476069
0.6544048
0.7390179
0.7393546
0.7109959
0.6577538
0.5948245
0.4951821
0.6761205
0.7263106
0.7707916
0.7382687
0.7734627
0.6697425
0.6729835
0.7980753
0.7095381
0.6438849
0.6908233
0.8057431
0.7807795
0.6235149
0.7894596
0.7359123
0.6746928
0.6572372
0.8274581
0.7114126
0.816771
0.8968445
0.6859069
0.7107078
0.766474
0.7479366
0.5795659
0.8426483
0.6943627
0.6868491
0.713774
0.9620652
0.7673386
0.7383807
0.8145033
0.7821363
0.7153833
0.8739905
0.7974574
0.7716962
0.6260983
0.6590041
0.8079401
0.8003739
0.9003237
0.8133578
0.7713519
0.8494761
0.9257838
0.8246826
0.7125478
0.8959859
0.7863272
0.7104809
0.8727019
0.6485334
0.766959
0.7678313
0.7581944
0.7725708
0.790997
0.8101447
0.8666259
0.7640256
0.8244656
0.877174
0.7589209
0.8311597
0.7784157
0.8889705
0.882531
1.032842
0.9533411
0.8203639
0.8986808
0.866653
0.8821314
0.8071626
0.9452354
0.9618741
0.8422787
0.9093577
0.7435096
0.7731202
0.7185
0.8999666
0.7523967
0.9593745
0.9490339
0.8954067
0.8981567
0.9890255
0.86331
0.8526254
1.014606
0.8536359
1.038183
0.9999719
0.765698
0.9292636
0.986616
0.8299272
0.8291167
0.7744918
0.8557195
1.013457
0.7894624
0.8864875
0.8805871
0.7072184
0.9018546
0.9352603
0.9052043
1.117015
0.9964382
0.9412085
0.9888315
0.8805357
1.010354
0.9829836
0.9029578
0.9858617
0.976106
0.9637232
0.9749216
0.8007838
1.019261
0.8197754
1.030381
0.9152644
0.9994554
0.8516683
0.9606843
0.989255
0.885139
0.8967243
1.061332
0.9852847
1.060745
1.003167
1.010993
0.8967426
1.069714
0.9450119
1.072117
1.015343
0.8998317
1.018423
1.077386
0.9475751
0.9147925
0.8427677