-0.05809468
-1.118139
-0.9772424
-1.04425
-0.9233208
-0.9288858
-0.8673236
-0.9196745
-0.9710782
-1.15105
-0.9359426
-0.9289815
-0.9874736
-0.9821651
-0.8919111
-1.026263
-1.005832
-0.7396518
-0.9984235
-1.027191
-0.9700453
-0.7937903
-0.9161041
-0.9830701
-0.8699042
-0.9135254
-1.001145
-0.9275251
-0.9398059
-0.9404611
-0.7826394
-0.902395
-0.8162248
-1.014585
-0.9450644
-0.8630812
-0.9527071
-0.9232501
-0.9863616
-0.8635915
-0.8734466
-0.9380912
-0.9377788
-1.08029
-0.9875439
-1.010123
-0.9730407
-1.057812
-0.9306023
-0.8773331
-0.9103449
-0.9417918
-1.014019
-0.8732294
-0.9044928
-0.9700608
-0.8096651
-0.7909558
-0.9068215
-0.9169969
-0.8712461
-0.8960602
-1.056673
-1.002816
-0.8095278
-0.871203
-0.8513145
-0.9011403
-0.7037231
-0.9249529
-0.9087046
-0.9648135
-0.9181997
-0.9682833
-0.9789645
-0.8265707
-0.9154167
-0.8890078
-0.7255625
-0.8218769
-0.7690081
-0.886495
-0.8321609
-0.9276365
-0.9444591
-1.023484
-0.8444321
-0.7738685
-0.8240986
-0.8076203
-0.9060331
-0.9674378
-0.7252879
-0.931665
-0.7713929
-0.9155051
-0.7821053
-0.7588892
-0.9425747
-0.7539387
-0.8084398
-0.7653825
-0.8024199
-0.7908174
-0.7274411
-0.7493962
-0.8274889
-0.5864649
-0.7318101
-0.7898492
-0.8871992
-0.8025901
-0.823159
-0.7873967
-0.5398043
-0.8061183
-0.7818127
-0.7604374
-0.7758531
-0.6483727
-0.8532138
-0.6954851
-0.904075
-0.6861228
-0.6971963
-0.807549
-0.7905682
-0.7962096
-0.7743164
-0.8711346
-0.8184056
-0.7298997
-0.8164149
-0.6096208
-0.6991483
-0.8114586
-0.8034526
-0.6890472
-0.7310381
-0.8137939
-0.701793
-0.7574666
-0.7163079
-0.4955899
-0.8212103
-0.6557137
-0.740749
-0.4757863
-0.6336145
-0.6697965
-0.7141736
-0.6234855
-0.6523935
-0.6411776
-0.7056596
-0.7511549
-0.669575
-0.7019975
-0.5724627
-0.7966357
-0.7403255
-0.642767
-0.5840176
-0.5974879
-0.6141186
-0.6928255
-0.7352745
-0.6842779
-0.6959905
-0.6314527
-0.5844893
-0.6658048
-0.6138593
-0.4955561
-0.7367394
-0.5779076
-0.7945907
-0.6056497
-0.7722799
-0.5972598
-0.550855
-0.6183391
-0.657979
-0.5712703
-0.5835526
-0.5972679
-0.7146639
-0.6660761
-0.564312
-0.5416184
-0.7784601
-0.6426738
-0.7360905
-0.5520731
-0.597419
-0.6267786
-0.5308753
-0.641973
-0.6352651
-0.4811183
-0.5471459
-0.7699319
-0.6090013
-0.611061
-0.6569283
-0.6403508
-0.5805736
-0.4101739
-0.5930379
-0.399668
-0.5031049
-0.5705375
-0.4919038
-0.4936914
-0.6280733
-0.6038978
-0.5471585
-0.6710178
-0.4953759
-0.6492125
-0.5771669
-0.5344699
-0.6544193
-0.6648908
-0.4175868
-0.6044945
-0.5776993
-0.3890669
-0.5088245
-0.6054451
-0.5752797
-0.3705639
-0.6149094
-0.4917722
-0.5836956
-0.6261049
-0.4818009
-0.478899
-0.5531129
-0.4609608
-0.5146747
-0.4525454
-0.5500406
-0.5756011
-0.4245102
-0.5590754
-0.6007883
-0.4927392
-0.5684559
-0.634286
-0.5364026
-0.3572741
-0.6552913
-0.3363174
-0.5230062
-0.5658387
-0.5097264
-0.4704912
-0.4889912
-0.4125212
-0.3675482
-0.4793873
-0.6227516
-0.4487073
-0.5006771
-0.5519654
-0.3884828
-0.3927936
-0.4223461
-0.4902927
-0.4086461
-0.3546179
-0.4847206
-0.3969571
-0.3098384
-0.3689152
-0.4298825
-0.4658451
-0.3770793
-0.5157215
-0.4438882
-0.4009879
-0.3698941
-0.4781136
-0.5263201
-0.3300673
-0.4887233
-0.512543
-0.2733558
-0.5895152
-0.4420036
-0.373111
-0.4535849
-0.3895127
-0.4209
-0.3673247
-0.4251276
-0.5440194
-0.3481948
-0.4065263
-0.5820261
-0.5171934
-0.3735678
-0.4947708
-0.4824697
-0.4677247
-0.3374072
-0.2710596
-0.4423305
-0.4592084
-0.5056355
-0.5868282
-0.3906623
-0.3797308
-0.3519896
-0.4347322
-0.4685426
-0.3370471
-0.4149273
-0.4109739
-0.452305
-0.3699529
-0.34391
-0.2632004
-0.3846139
-0.39214
-0.433171
-0.3827396
-0.408299
-0.2940172
-0.3769372
-0.409423
-0.3491721
-0.3342066
-0.3541704
-0.2042563
-0.1741946
-0.1764652
-0.3600718
-0.3764179
-0.3276865
-0.3401122
-0.3270095
-0.2916468
-0.3901936
-0.3538508
-0.2753502
-0.2518117
-0.3688232
-0.2557145
-0.2632385
-0.1944482
-0.2825176
-0.2585067
-0.2354123
-0.3436683
-0.2419988
-0.2032996
-0.3731955
-0.1848218
-0.3596112
-0.2280825
-0.3241826
-0.2690687
-0.2017801
-0.2778138
-0.351503
-0.4066079
-0.4067673
-0.257209
-0.2217193
-0.2133117
-0.3180329
-0.3795171
-0.1121047
-0.3564259
-0.2884544
-0.2325551
-0.1568777
-0.3271395
-0.1261334
-0.1378998
-0.2587727
-0.4368368
-0.4114498
-0.1204663
-0.195244
-0.1942482
-0.205232
-0.1450121
-0.3526614
-0.3315752
-0.3157989
-0.3280216
-0.3177463
-0.1688974
-0.2701088
-0.2271813
-0.1522967
-0.2206624
-0.3106765
-0.007445643
-0.04102005
-0.3513233
-0.339245
-0.2162185
-0.2544226
-0.1540268
-0.03132399
-0.1990733
-0.126608
-0.2843117
-0.1593606
-0.2523928
-0.1703587
-0.1074993
-0.1580243
-0.2940695
-0.1942635
-0.1563831
-0.1454577
-0.1842014
-0.1026249
-0.1998117
-0.03999497
-0.3393764
-0.1333245
-0.03366065
-0.1724747
-0.06450954
-0.204483
-0.1686462
-0.08967961
-0.1399117
-0.1524857
-0.2291131
-0.07391996
-0.2234198
-0.1058003
-0.2392989
-0.2084257
-0.1650368
-0.1377142
-0.04686372
-0.1422425
-0.07978996
-0.2842564
-0.2367614
-0.1216783
-0.07171939
-0.2240047
-0.04744315
-0.02085104
-0.2305819
0.03690918
-0.2091901
0.004112039
-0.01436121
0.01894004
-0.2878577
-0.06186739
-0.05699492
-0.1465865
-0.02815017
-0.1200013
0.05893156
-0.120106
-0.1497866
-0.04044043
-0.03107755
-0.002844231
-0.09790598
-0.1158554
-0.08076228
-0.05892686
0.01210447
-0.1861597
-0.05462364
0.009393822
-0.05043487
-0.0607969
-0.05656221
0.03934033
0.07101245
-0.06818877
-0.08037233
0.01760744
-0.20506
-0.05224196
0.05063153
-0.124141
0.09008148
0.03254287
0.02330094
-0.1569529
-0.0753531
0.01578061
-0.2045736
-0.03285242
0.01179388
-0.1030791
-0.005739673
0.1338576
-0.002094844
-0.06085328
0.1093837
0.003010865
0.04402548
0.01886171
0.01460585
0.01009695
-0.01607549
0.03608159
-0.01687611
0.07861273
0.1218471
0.01841957
0.06936587
0.03785223
0.06635259
0.1012833
-0.0643464
0.1388011
0.02505005
0.01921857
0.1280223
0.04130671
-0.07153832
-0.05858696
0.05241914
-0.03000557
0.2226133
0.1318329
0.1077799
0.1716327
0.142869
0.05679015
-0.03937647
0.1205859
0.1241458
0.04349286
0.105606
0.08863471
0.02681072
0.1221418
0.03200736
0.1414397
-0.01174852
0.1942242
0.02332743
0.2598186
0.161117
0.1075143
-0.0005144323
0.175938
0.2265485
0.1328069
0.05007462
0.08852756
-0.02530544
0.1133612
0.1664853
0.09506279
0.0914023
0.1489843
0.2329295
0.1794842
0.02767046
0.1222294
0.1380363
0.2413628
0.1288112
0.331458
0.1274827
0.15166
0.0494704
0.1932552
0.1566877
0.1708378
0.1532297
0.2009224
0.1390482
0.1595505
0.002866176
0.09065383
0.2368876
0.2840501
0.1207424
0.1181123
0.3049484
0.149253
0.1471309
0.1907584
0.1117829
0.2391787
0.0688231
0.231682
0.2469065
0.1146961
0.3260487
0.1758796
0.1698747
0.1232705
0.03454577
0.3094246
0.2411258
0.1291854
0.2032387
0.211147
0.3495847
0.2540927
0.1399651
0.06610006
0.1620732
0.2623862
0.2019942
0.08943239
0.1617771
0.2540842
0.1420754
0.3276926
0.2043643
0.2165343
0.365587
0.2516117
0.2662423
0.1588792
0.1457274
0.2989526
0.2702167
0.1167422
0.02677081
0.29365
0.3300219
0.2510146
0.1783047
0.2352873
0.3002656
0.1430634
0.2020569
0.2741967
0.2690228
0.2468632
0.3860292
0.2372261
0.3923552
0.1312577
0.3134691
0.303749
0.2275227
0.4239748
0.3023565
0.2666992
0.4053536
0.3747602
0.427855
0.3448334
0.3005922
0.2941299
0.4025963
0.3391935
0.1722954
0.3217197
0.41817
0.398993
0.4386993
0.4040148
0.236826
0.3723487
0.2963922
0.2129764
0.4146552
0.438497
0.4047625
0.2915485
0.3994291
0.2787793
0.4820155
0.5697975
0.5445668
0.3969858
0.5550926
0.3365227
0.4105956
0.3314071
0.3406328
0.4270625
0.5552286
0.3504942
0.3644602
0.4778039
0.3473688
0.2352594
0.2600662
0.3466646
0.3084801
0.3287792
0.2958464
0.4893624
0.3943972
0.2646101
0.4264357
0.3883108
0.4789492
0.3624968
0.3554477
0.3289235
0.4562889
0.3265384
0.4520535
0.3577293
0.4229741
0.2976904
0.3338374
0.4832965
0.3806404
0.4675889
0.416491
0.4399291
0.3909014
0.2481915
0.4040906
0.3144277
0.5796595
0.4847239
0.503125
0.3709523
0.5658114
0.5506371
0.4926509
0.4629758
0.4111279
0.4431668
0.4109895
0.4518978
0.4455303
0.4552993
0.3725482
0.4489549
0.4264754
0.4281188
0.3675502
0.4792774
0.458917
0.4524124
0.5414187
0.5529871
0.5975092
0.564808
0.5628901
0.5444094
0.5439756
0.6135797
0.6096846
0.5243476
0.5288329
0.6271424
0.5913025
0.4404742
0.5338794
0.5578283
0.5346555
0.5087963
0.4805852
0.6054896
0.4131885
0.4967447
0.4725126
0.6050526
0.5030883
0.5493029
0.5067001
0.5387072
0.4725395
0.4886564
0.5322556
0.4154241
0.5126251
0.6666063
0.6515342
0.6056213
0.5636701
0.6622901
0.4355357
0.5560293
0.6030785
0.508177
0.5968358
0.5344028
0.5434266
0.4207051
0.7634341
0.6109128
0.5968072
0.4818543
0.4705344
0.6017404
0.5526326
0.5691781
0.6629124
0.5628322
0.5703645
0.4371424
0.6286796
0.5530833
0.4350845
0.4735614
0.5247505
0.6312775
0.6325735
0.6194063
0.69347
0.7373583
0.6691689
0.7317915
0.5400985
0.5515182
0.6881345
0.5875463
0.6401757
0.6344189
0.6899375
0.4489505
0.6645383
0.6865686
0.852187
0.7054268
0.6713803
0.6750667
0.7535547
0.8238014
0.6705769
0.6338739
0.6543718
0.6925784
0.7583202
0.686643
0.6134797
0.7595882
0.7019031
0.6462416
0.6471772
0.6905063
0.6857959
0.641011
0.7709972
0.6223226
0.6864277
0.5783024
0.6291046
0.8049411
0.7255896
0.7231722
0.7750438
0.8005057
0.7752054
0.699105
0.6852129
0.7595502
0.6017092
0.9003654
0.695781
0.777054
0.7838999
0.6563902
0.7138757
0.6762841
0.7762314
0.7044299
0.6256709
0.6427416
0.7602133
0.6858121
0.8550723
0.8456439
0.7160216
0.6903334
0.8172287
0.8062521
0.566384
0.7720039
0.6782422
0.6890797
0.7764551
0.7124604
0.7358724
0.7034266
0.7662533
0.7869903
0.7004989
0.8310622
0.863472
0.925937
0.8602985
0.7303564
0.8215428
0.68578
0.7360229
0.7323142
0.7312371
0.9059511
0.8022321
0.8800476
0.6475203
0.8249385
0.810613
0.8008403
0.7597293
0.859297
0.7138258
0.8266532
0.726738
0.8054797
0.7975772
0.8100953
0.7418918
0.8114807
0.8878951
0.8255698
0.9787844
0.824642
0.8997625
0.8174884
0.8210641
0.7539929
0.9678049
0.8996902
0.8752895
0.8280883
1.078246
0.8212618
0.9469522
0.978095
0.8773765
0.8414462
0.8730209
0.7645113
0.8657861
0.7292544
0.8979607
1.004224
0.7696252
0.9396828
0.768458
0.8849367
0.9851689
0.8295441
0.9341513
0.8603528
0.878379
0.7475198
0.9040765
0.994224
0.975475
0.9785876
0.9216763
0.7616484
1.109074
0.9807622
0.8605573
0.9294716
0.8622734
0.9217923
0.9203148
0.9901583
0.9459081
1.021304
0.8853199
0.9049921
0.7901993
0.9246729
1.041214
0.9446658
1.045871
0.9411299
1.029382
0.8383358
0.8592909
0.9691575
0.9151001
0.949226
0.7477589
0.9047478
1.064602
0.9212789
0.8221343
1.016007
0.9589566
1.028881
0.9188342
0.9996536
1.17328
0.9657906
1.107467
0.9989032
0.9367543
1.02483
0.909066
1.047862
1.073553
0.8666897