-0.02489253
-0.9564865
-0.948311
-0.9668614
-1.068091
-0.9229815
-0.8597373
-0.9678822
-0.8676805
-0.9844067
-1.114758
-1.071839
-1.08335
-0.9466492
-0.8840441
-1.02026
-0.9878838
-0.9664015
-1.024248
-0.9321081
-1.104818
-1.10119
-0.9636533
-1.080531
-0.9612195
-0.7890652
-0.9690748
-1.101644
-0.9126392
-0.9793091
-1.027177
-0.9067546
-0.8534242
-0.9791456
-0.9615042
-1.078085
-0.9754071
-1.083438
-0.853913
-0.8971574
-0.7444382
-0.8534405
-0.9500601
-0.9617188
-1.011151
-0.8773908
-0.9850461
-0.9639166
-1.039044
-0.8758613
-0.8910426
-0.8269262
-0.920862
-0.8899474
-0.9324855
-0.9451409
-1.02766
-0.9561293
-0.7910074
-0.8568769
-0.821869
-0.9000618
-0.9661105
-0.8460576
-0.770509
-0.8757757
-0.8721693
-0.9471414
-0.9391506
-0.8959444
-0.8122543
-0.7913494
-0.7940614
-0.9004105
-0.7336492
-0.812953
-0.8651931
-0.8254493
-0.7964256
-0.8922418
-0.8803942
-0.7574171
-0.7531805
-0.7784229
-0.7049181
-0.9608017
-0.8067388
-0.8388467
-0.8908067
-0.6807875
-0.7171176
-0.9453888
-0.7916298
-0.8406891
-0.8999624
-0.7070535
-0.6848636
-0.9193498
-0.7331818
-0.777459
-0.7504694
-0.9222058
-0.7769929
-0.8663777
-0.7721715
-0.8496777
-0.8099489
-0.8986538
-0.8946136
-0.7386958
-0.8109045
-0.737223
-0.7282295
-0.8645529
-0.6936158
-0.8935166
-0.5591237
-0.935371
-0.9138525
-0.7728916
-0.724054
-0.8290048
-0.6975309
-0.8927795
-0.7913258
-0.8928662
-0.7662017
-0.7204659
-0.7327412
-0.8895157
-0.8474482
-0.6320983
-0.6355739
-0.8180368
-0.6292558
-0.8577676
-0.7865241
-0.8028802
-0.6041372
-0.7118753
-0.7101033
-0.8778826
-0.7069708
-0.5402343
-0.7315448
-0.7255734
-0.7310445
-0.7556087
-0.6308455
-0.5495399
-0.7186187
-0.7585543
-0.689956
-0.7004794
-0.6758128
-0.6370053
-0.6783517
-0.8154033
-0.6298366
-0.6317579
-0.7742742
-0.5885436
-0.7514649
-0.5958342
-0.6596125
-0.6602597
-0.626985
-0.7463437
-0.6290139
-0.6858759
-0.6504724
-0.5150494
-0.4615336
-0.6090252
-0.7829005
-0.5285716
-0.6712683
-0.6857102
-0.558394
-0.8064223
-0.7649211
-0.6185264
-0.7176855
-0.6365357
-0.7477329
-0.6760408
-0.5752204
-0.7962204
-0.6131465
-0.644642
-0.7260238
-0.5679776
-0.510776
-0.5438946
-0.5825428
-0.6754978
-0.6425
-0.7165012
-0.7018626
-0.6068141
-0.6192748
-0.5946046
-0.5209681
-0.5313766
-0.620919
-0.5424512
-0.6183584
-0.5015241
-0.6554049
-0.4642342
-0.5747924
-0.6693407
-0.6208512
-0.5164988
-0.6582649
-0.5562077
-0.6131124
-0.4360531
-0.4895763
-0.7242502
-0.6501115
-0.6534408
-0.5965197
-0.6050873
-0.5527248
-0.4438445
-0.4526502
-0.6896873
-0.7141207
-0.5539028
-0.5577011
-0.4922968
-0.3660856
-0.6085303
-0.5674677
-0.3929512
-0.4911536
-0.4135587
-0.4801732
-0.3891452
-0.6469144
-0.5094272
-0.5610833
-0.4291188
-0.4773458
-0.4987266
-0.3954281
-0.5256586
-0.5939629
-0.5278138
-0.5184658
-0.4079138
-0.4909826
-0.3858852
-0.6910375
-0.536276
-0.558144
-0.3979527
-0.3593874
-0.4911408
-0.4345109
-0.4981441
-0.3688342
-0.5031682
-0.2999445
-0.5173438
-0.438296
-0.4929996
-0.5771978
-0.4350858
-0.4591675
-0.4868153
-0.5366199
-0.5251507
-0.3651941
-0.3394593
-0.4637411
-0.4709475
-0.371678
-0.5552835
-0.3761691
-0.4854251
-0.3859541
-0.4399334
-0.4844984
-0.431397
-0.4914369
-0.5197396
-0.350852
-0.2845037
-0.4197602
-0.3624577
-0.529421
-0.2784383
-0.4241661
-0.6349456
-0.3314349
-0.5028291
-0.447734
-0.3245074
-0.4896051
-0.2863169
-0.3020294
-0.3565276
-0.4183158
-0.270867
-0.346144
-0.5809453
-0.1879396
-0.3431968
-0.2707004
-0.3191016
-0.4126195
-0.4645553
-0.3223999
-0.3503898
-0.3413288
-0.3004828
-0.4383495
-0.2900927
-0.3466334
-0.3310986
-0.3574683
-0.4695493
-0.3093367
-0.2679151
-0.3174075
-0.4292984
-0.3837844
-0.3442643
-0.5097735
-0.4058065
-0.3136581
-0.3507712
-0.2911788
-0.3361923
-0.3249669
-0.3449445
-0.3125244
-0.3917708
-0.3804309
-0.2970635
-0.202994
-0.3347094
-0.379151
-0.3120058
-0.3775784
-0.27684
-0.2494133
-0.4190532
-0.3726876
-0.2894326
-0.2610242
-0.1953081
-0.4946464
-0.04558664
-0.06618956
-0.2225847
-0.2078241
-0.2920302
-0.293672
-0.2774036
-0.3053147
-0.4192458
-0.2371119
-0.2581737
-0.3425401
-0.3812382
-0.1704768
-0.2738525
-0.2530398
-0.2503922
-0.3119673
-0.2414896
-0.3635653
-0.2623268
-0.378647
-0.4033406
-0.2352265
-0.2605493
-0.09002402
-0.335095
-0.2996419
-0.3605174
-0.3358532
-0.1834172
-0.3097726
-0.3659373
-0.2212171
-0.2055082
-0.1757613
-0.2980653
-0.2557932
-0.2997667
-0.4087344
-0.2606937
-0.1960438
-0.2129208
-0.1407148
-0.3686812
-0.1823683
-0.1122315
-0.1535697
-0.1680865
-0.136061
-0.1962177
-0.1945614
-0.2174049
-0.1240066
-0.2893946
-0.1806545
-0.1561388
-0.1737547
-0.1021194
-0.07584691
-0.07765799
-0.3018223
-0.3997968
-0.1846882
-0.2345094
0.04051967
-0.2170508
-0.1786623
-0.1260707
-0.2114039
-0.07021867
-0.1969795
-0.1569972
-0.1463546
-0.06689467
-0.08032019
-0.1032631
-0.04857554
-0.04886675
-0.1183433
-0.09922223
-0.255133
-0.3651357
-0.1285798
-0.2427055
0.03937563
-0.08907549
-0.2403276
-0.1152155
-0.1397974
-0.1759251
-0.2423467
-0.1344683
-0.04084939
-0.009968578
-0.1690863
-0.1455331
-0.09599902
-0.1598208
-0.2002342
-0.05635001
-0.1657654
-0.03776013
-0.09134261
-0.1102232
-0.1746162
-0.02693625
0.01690258
0.001991306
-0.00688846
-0.1240651
-0.05682898
0.01081899
-0.01080707
-0.1485801
-0.08389361
0.05972067
-0.1036697
-0.0318411
-0.077268
-0.1213888
-0.01393146
0.006722115
-0.09937486
-0.03458936
-0.126607
-0.1161062
0.0417477
0.09750744
0.03667285
0.0147033
-0.09906908
-0.1119785
0.04222274
-0.04721536
-0.05936508
0.0006448733
-0.172604
0.1747908
-0.02972824
-0.04198636
0.01171906
-0.01818074
0.1054605
-0.1158866
-0.04436189
0.07564854
-0.0338307
0.07026566
-0.04037662
0.01359019
-0.02921596
-0.1350719
0.02455556
0.03014124
0.09048805
-0.07434524
-0.01506073
0.09264848
0.01759166
0.06676244
0.03560749
0.02164185
0.03108367
-0.1045018
-0.03627354
0.1736111
-0.001609209
-0.02265473
0.2771084
0.05378866
0.02902053
0.001378506
0.1214021
-0.02551923
0.1433412
0.1046614
0.07821094
0.2028803
0.07395922
-0.01894127
0.002334269
0.1895096
0.1412945
0.1190151
0.1087111
-0.01454309
0.04468479
0.06765054
0.121893
0.0998247
0.08779198
0.1531149
0.254871
0.09572766
0.1349231
0.07881729
0.009643375
0.1959349
0.04522645
0.1412338
0.2168332
0.2008437
0.04929127
0.07861939
0.1661803
0.1333505
0.1198834
0.2191171
0.04107119
-0.0370846
0.1572565
0.1249028
0.1712332
0.1629122
0.2165165
0.1703675
0.2117007
0.1057583
0.1044915
0.1942548
0.1092454
0.1749664
0.2401785
0.2350428
0.1564555
0.1825797
0.1995723
0.2862671
0.08512409
-0.009135846
0.1150554
0.06427785
0.2238279
0.3003466
0.3100112
0.2791104
0.06074907
0.2104536
0.2241796
0.2837976
0.2330079
0.1386038
0.24768
0.07735982
0.1948471
0.2017029
0.2790653
0.1880884
0.0937009
0.1843715
0.2592817
0.1950745
0.3353453
0.2033961
0.2785843
0.2932207
0.1837209
0.2530375
0.1875557
0.2346215
0.3199935
0.1870264
0.2785841
0.1011265
0.2400854
0.1772347
0.1714096
0.233594
0.2033322
0.3008925
0.2889716
0.2041248
0.137678
0.2637329
0.3406541
0.05485328
0.1272538
0.4430971
0.2866039
0.06260461
0.1904819
0.4076105
0.2598996
0.2584753
0.3276686
0.3035251
0.3254857
0.3033301
0.3119622
0.2417417
0.2664939
0.2513458
0.3219272
0.3503479
0.3687432
0.3292914
0.3109956
0.4018336
0.3311012
0.3345932
0.2429049
0.2815723
0.2812785
0.2511658
0.3251217
0.3233945
0.3343579
0.1949032
0.3710752
0.413876
0.2678086
0.2951592
0.3699217
0.2560103
0.4666338
0.325927
0.1979555
0.3447663
0.4660699
0.4572061
0.3518734
0.1983405
0.3869576
0.2515112
0.3853217
0.2352716
0.3226046
0.3122259
0.3376624
0.4493175
0.4814506
0.3957679
0.5374081
0.4593201
0.4115953
0.4061597
0.3062132
0.5631472
0.2515921
0.3934439
0.2337241
0.2828277
0.3320644
0.3830481
0.4176226
0.3357859
0.5019078
0.3902697
0.4030171
0.294957
0.4501727
0.3771446
0.4567419
0.3724037
0.6348263
0.4208221
0.567193
0.3711445
0.3485342
0.3984917
0.4147587
0.5013488
0.4295831
0.2952318
0.3704182
0.4485045
0.5309568
0.4565885
0.6173587
0.4037841
0.3077873
0.4599759
0.4306136
0.4646679
0.5045062
0.4892747
0.4067322
0.4981902
0.6146058
0.3528433
0.5067986
0.5532517
0.4537249
0.3852996
0.4248834
0.5779275
0.340318
0.5580132
0.5203397
0.5804005
0.5017043
0.5673353
0.3650523
0.4425261
0.4362867
0.5764341
0.5654836
0.3877068
0.5723294
0.4344111
0.6239225
0.6202318
0.466754
0.5444044
0.423137
0.5853004
0.550222
0.5016064
0.423817
0.4959175
0.4790928
0.5763888
0.5125077
0.5441157
0.5303957
0.5854171
0.6303682
0.4855693
0.6531271
0.6966821
0.5085762
0.5675491
0.42656
0.6173155
0.521693
0.5615588
0.4709748
0.4800406
0.698289
0.5147321
0.5142406
0.6057524
0.6495305
0.5435433
0.5427637
0.459487
0.4138285
0.5906705
0.5493406
0.4898912
0.6837373
0.6010936
0.6308067
0.6187492
0.5436213
0.587792
0.5642537
0.6555475
0.7156611
0.5677755
0.7094887
0.6523511
0.542046
0.5123932
0.6418668
0.7272076
0.5984783
0.6309752
0.5966894
0.6482647
0.4265109
0.5476493
0.6885827
0.4976638
0.7149737
0.5925684
0.7433773
0.7372544
0.6398297
0.7019803
0.749288
0.6263135
0.7405424
0.5892046
0.5424132
0.614764
0.6976669
0.5449949
0.5776746
0.8539491
0.5619052
0.6726029
0.6607829
0.8564359
0.7215522
0.6467414
0.6333991
0.7507415
0.7034927
0.7171596
0.7529467
0.6616244
0.6693704
0.6383805
0.7841045
0.7659506
0.723213
0.613059
0.7040855
0.6556571
0.6896961
0.7447571
0.7929946
0.7888223
0.6821111
0.7969696
0.7073044
0.642769
0.7767052
0.6084371
0.8395128
0.7113962
0.7208908
0.7338038
0.6589466
0.7319549
0.7147608
0.6615206
0.7350253
0.7713314
0.7760484
0.817467
0.6474831
0.7027054
0.7051702
0.6693068
0.8035461
0.8585463
0.8556848
0.7099154
0.8268094
0.9213884
0.7895876
0.8418894
0.7302766
0.7612714
0.8194343
0.7790919
0.8097536
0.8903759
0.7942074
0.7398398
0.9679799
0.7688098
0.813607
0.7826921
0.827787
0.8226672
0.7578116
0.7562226
0.80949
0.8871641
0.7865679
0.7621301
0.8199013
0.8921279
0.9623181
0.8939895
0.7895303
0.7348892
0.9279786
0.9166924
0.8881949
0.9079681
0.8363101
0.9518209
0.8939584
0.9098918
0.9258746
0.6628265
0.9665329
0.8747617
0.8505299
0.7826826
0.7909044
0.8316299
0.8856678
0.99877
0.9226686
0.8592272
0.8481227
0.8284821
0.802269
0.9407573
0.828995
0.8481429
0.8579933
0.6429749
0.9172215
0.8563046
0.853893
0.8815416
1.037958
0.9109203
0.9137122
0.8333668
1.071218
0.8832663
0.9128258
1.050243
1.121288
0.8075738
1.037389
0.8930814
1.041904
1.072512
0.9113533
0.881218
0.8618252
0.8963209
0.9210453
0.7972276
0.9105122
0.9832724
1.048794
0.9547856
1.026208
0.9519328
0.8700555
0.8474801
0.7950199
0.9419059
0.9203066
0.8290613
1.025107
0.8308322
0.9788119
0.9562307
0.9042193
1.035396
1.099203
0.9618844
0.9751708
1.072714
0.9146387
0.9473186
1.012609
1.020417
1.002926
1.032178
0.7897007
1.057428
0.9058043
1.020202
1.002873