0.03132435
-0.9736481
-1.044394
-0.9586512
-1.06497
-0.938985
-0.9912534
-1.019771
-1.11913
-1.008356
-0.963072
-0.9478267
-1.017398
-0.9609562
-0.9566899
-0.9413665
-0.9401433
-0.8554905
-1.031795
-0.9298297
-1.016856
-0.962591
-0.8589903
-0.8956152
-1.103673
-0.875883
-0.915943
-0.9433433
-1.035571
-0.9505256
-0.9437834
-0.9143185
-0.892117
-0.9897707
-0.8761608
-0.8962808
-0.8973638
-0.8229054
-0.9108468
-0.9131204
-0.6714455
-0.750033
-0.8606092
-0.8964778
-0.9935171
-0.7983927
-0.9618433
-0.9363583
-0.9317099
-0.9163048
-0.8319877
-1.018182
-1.015135
-0.670929
-0.759344
-0.778891
-0.8754426
-0.9959259
-0.861906
-0.8432036
-0.6878284
-0.8242932
-0.9364735
-0.9385257
-0.8824812
-0.8537259
-0.9580297
-0.8193839
-0.8692387
-0.8278512
-0.806021
-0.647071
-0.7394152
-0.9931312
-1.002058
-0.8568716
-0.7931267
-1.009701
-0.7163905
-0.8441378
-0.8563797
-0.8422179
-0.9021549
-0.8583374
-0.8326745
-0.8234632
-0.6476609
-0.8939637
-0.7670608
-0.9268715
-0.8357533
-0.8112307
-0.7296607
-0.8896842
-0.7563827
-0.7108249
-0.714728
-0.851424
-0.719317
-0.8221169
-0.8025027
-0.7633201
-0.7952699
-0.9183177
-0.8943511
-0.925804
-0.7184152
-0.7097392
-0.9063098
-0.6921955
-0.8619026
-0.7770415
-0.7790594
-0.7137902
-0.7096201
-0.7943049
-0.6769368
-0.7120058
-0.8734946
-0.7291901
-0.8180954
-0.7394369
-0.8569221
-0.8224658
-0.7364142
-0.6124318
-0.7077934
-0.9364556
-0.7335998
-0.7370205
-0.71894
-0.5587891
-0.7605308
-0.8285999
-0.7639439
-0.7766745
-0.7014027
-0.5157943
-0.5112626
-0.7049077
-0.7625512
-0.6872175
-0.7690158
-0.8029998
-0.785569
-0.7155939
-0.6183018
-0.7015362
-0.6734076
-0.6954815
-0.6887231
-0.688135
-0.7187451
-0.6255121
-0.7273472
-0.6509214
-0.7646964
-0.6451169
-0.6233758
-0.5606458
-0.619952
-0.5807113
-0.54889
-0.5841945
-0.6582114
-0.6465971
-0.6269793
-0.6555288
-0.814361
-0.5868884
-0.6558028
-0.5970178
-0.6641245
-0.7095513
-0.6045333
-0.7849876
-0.6573786
-0.7594293
-0.6578105
-0.8143316
-0.5283157
-0.6876471
-0.6015958
-0.6924038
-0.5872441
-0.558553
-0.5161312
-0.6354528
-0.6776696
-0.6045463
-0.6911602
-0.5863157
-0.6585166
-0.6926837
-0.6623882
-0.5437206
-0.566779
-0.5396441
-0.4872642
-0.4911114
-0.6191316
-0.5734456
-0.6584243
-0.5472439
-0.6326873
-0.7323533
-0.6316307
-0.7815626
-0.4724809
-0.4777578
-0.5539655
-0.5778019
-0.5487648
-0.5211491
-0.6409935
-0.6158802
-0.5415803
-0.5371164
-0.5544417
-0.6840305
-0.3665949
-0.5360774
-0.5659754
-0.5407755
-0.6134935
-0.5099595
-0.555028
-0.7232188
-0.4944126
-0.5204501
-0.5384519
-0.5660955
-0.5023886
-0.4620886
-0.6503465
-0.5504121
-0.7141856
-0.4848048
-0.5209013
-0.6705788
-0.6475908
-0.5277201
-0.5114262
-0.5106259
-0.5986451
-0.6098055
-0.4548359
-0.4723131
-0.5462276
-0.3957627
-0.412427
-0.5152234
-0.6528414
-0.4957487
-0.5190729
-0.4741022
-0.4683901
-0.6467129
-0.5250275
-0.4609369
-0.4396013
-0.5149087
-0.5863637
-0.5145343
-0.268626
-0.4343331
-0.430343
-0.5062581
-0.4812408
-0.3858868
-0.3754174
-0.3383622
-0.4199534
-0.6174605
-0.5952528
-0.3790145
-0.446643
-0.5275755
-0.3981677
-0.3860014
-0.5574556
-0.3923513
-0.5216709
-0.3538184
-0.5031563
-0.5674547
-0.3108939
-0.426314
-0.3326653
-0.4545279
-0.2719715
-0.4425841
-0.5716095
-0.3493091
-0.3541772
-0.4344125
-0.4341789
-0.5149585
-0.3117151
-0.3729784
-0.4010133
-0.4747579
-0.4133543
-0.4897629
-0.4101269
-0.461234
-0.3096544
-0.5047826
-0.4758515
-0.4296128
-0.2944155
-0.5188818
-0.382702
-0.4611824
-0.4392497
-0.3292894
-0.4205086
-0.5057406
-0.2423218
-0.3434734
-0.3015987
-0.2961701
-0.4248333
-0.3727151
-0.3277457
-0.5104681
-0.509721
-0.2091982
-0.2839683
-0.2839347
-0.3064068
-0.3606572
-0.327641
-0.3134453
-0.1940197
-0.3941876
-0.4742233
-0.2406251
-0.3198229
-0.3148668
-0.3071015
-0.3704103
-0.3823967
-0.4030152
-0.314009
-0.2799552
-0.311123
-0.2056594
-0.2367751
-0.3459759
-0.3304937
-0.3438965
-0.36709
-0.2425
-0.2336211
-0.2498225
-0.2141393
-0.2631689
-0.3101939
-0.2920353
-0.2816306
-0.2313991
-0.2812686
-0.3818329
-0.2910063
-0.163189
-0.2505367
-0.3299092
-0.2484533
-0.4208726
-0.1725438
-0.2416957
-0.2401022
-0.3898031
-0.4109604
-0.2407458
-0.2678726
-0.2540813
-0.288384
-0.2182785
-0.06648284
-0.1299349
-0.4357395
-0.2970252
-0.3626368
-0.2697638
-0.1144525
-0.2215964
-0.2572156
-0.2396186
-0.2220008
-0.1325508
-0.1825689
-0.2068194
-0.3836557
-0.3729464
-0.3082787
-0.3234227
-0.2049107
-0.2349074
-0.08919986
-0.06581112
-0.2597415
-0.3198585
-0.1328043
-0.1819227
-0.1255217
-0.1592686
-0.1350045
-0.08656257
-0.1679956
-0.1048387
-0.151372
-0.1389554
-0.1629571
-0.1422034
-0.1991696
-0.1386704
-0.02644473
-0.2075916
-0.1235609
-0.2996725
-0.2184134
-0.1625952
-0.1583507
-0.04450574
-0.130519
-0.1561232
-0.06919925
-0.07440008
-0.1155077
-0.05531036
-0.2190122
-0.04280188
-0.09319792
-0.000630987
-0.1183698
-0.09750582
-0.1482398
-0.08194905
-0.07909694
-0.1672024
-0.2993053
-0.1833676
-0.2234779
-0.1955126
-0.238959
-0.2369057
-0.09286775
-0.01674793
0.02083201
-0.1501455
-0.1845512
-0.04983863
-0.09052872
0.003702475
0.03840602
-0.1259379
-0.01684219
-0.07688769
-0.09039026
-0.128723
-0.1912717
-0.02874206
-0.04417129
-0.1301314
-0.1538396
0.02364511
-0.1606802
-0.0616111
-0.07726091
-0.09586279
0.06760651
-0.1289083
0.02152501
-0.05134338
-0.1359974
-0.06898552
-0.0935241
0.02105895
-0.07120107
0.04424436
-0.03891624
-0.1037905
-0.03688001
-0.1425037
0.064454
-0.01407922
0.1074712
-0.1051955
-0.07107435
-0.04211117
0.06777357
-0.04864009
0.01283261
0.0736877
-0.1074107
-0.1197472
0.04638503
-0.004970819
-0.09260702
-0.1801717
0.0962554
-0.04253464
-0.08542598
0.05932483
-0.01821916
0.2083985
0.1590351
-0.1221061
0.04278811
-0.103122
0.1074627
-0.01709912
0.08984026
0.1111851
0.08552016
0.2038128
0.1382668
-0.05886783
0.01204732
-0.07872762
-0.01357867
0.1049676
0.212986
0.05089493
-0.08458216
-0.06038543
0.1537858
0.07787538
0.1412415
0.02404126
-0.01590102
0.19286
0.07553988
0.1282683
0.01733837
-0.04190393
-0.02122178
0.2597946
-0.1082687
0.0445683
0.1087328
0.01630126
0.1318284
-0.03082728
0.2223445
0.06057501
0.1113985
0.1425035
0.0106126
0.146231
0.03136205
-0.01042203
0.148023
0.1942497
0.1320456
0.1128601
0.1537765
0.2856761
0.1922211
0.1428849
0.09262855
0.1654338
-0.01983988
0.1654503
0.08567958
-0.04546677
0.08905598
0.1939181
0.08238062
0.1205031
0.09981613
0.09208309
0.1612162
0.1342273
0.07116429
0.006367375
0.1305362
0.1852456
0.163059
0.3248288
0.2406031
0.1547086
0.2317292
0.1894774
0.1182401
0.1909936
0.1218315
0.151394
0.2713884
0.1540769
0.2319907
0.1361047
0.2219023
0.2238798
0.04322045
0.2408923
0.2467964
0.3084874
0.2567104
0.3535226
0.08152237
0.308743
0.1325217
0.2872299
0.1172483
0.2909645
0.1801801
0.3089723
0.2998773
0.2113628
0.2353204
0.274158
0.3475778
0.3367637
0.3158858
0.1978442
0.2991582
0.2240926
-0.03602896
0.1993933
0.1849888
0.1977164
0.2713283
0.3414669
0.2599519
0.3610658
0.2291574
0.3529778
0.2653045
0.2118003
0.09171141
0.3432844
0.1602631
0.4460143
0.2747924
0.1799029
0.3114495
0.2198857
0.3337879
0.3946368
0.3187172
0.3457977
0.3864798
0.3787608
0.1965245
0.1262769
0.2698447
0.1151553
0.2491818
0.2888477
0.3423788
0.283025
0.3389722
0.2709137
0.2272041
0.3010699
0.2616095
0.2537383
0.4193503
0.1716335
0.3245181
0.3252968
0.3189775
0.3517733
0.2196469
0.3837986
0.231116
0.3014775
0.2536033
0.3563122
0.2265874
0.2875039
0.2819329
0.4315234
0.4805369
0.3516325
0.4329436
0.3873242
0.5176725
0.2327666
0.3096427
0.3356481
0.3689641
0.3666161
0.3686017
0.3808315
0.2636874
0.3499923
0.3941445
0.3970723
0.3806707
0.5852776
0.3539271
0.3376501
0.3700276
0.4411677
0.3729693
0.5223828
0.4040355
0.5044194
0.281929
0.3780386
0.451611
0.3343644
0.4077327
0.2785854
0.3168549
0.3408202
0.4263937
0.4447942
0.5887569
0.4929368
0.5206723
0.2871163
0.3537068
0.4833997
0.4041919
0.4206541
0.499599
0.520333
0.4625903
0.5863154
0.3885558
0.4621082
0.4201567
0.3175233
0.5143647
0.4016476
0.5905401
0.5817443
0.331507
0.279596
0.5307918
0.4855225
0.3876487
0.49433
0.5951635
0.4770727
0.41563
0.5539582
0.5767787
0.3934494
0.5115938
0.5591664
0.3310634
0.5370375
0.7020872
0.4671524
0.4914567
0.5492225
0.6744997
0.481461
0.3332513
0.6190455
0.6116724
0.6385415
0.5128165
0.7338984
0.5466354
0.4891479
0.5828921
0.5687324
0.486116
0.5020948
0.4124391
0.4766002
0.608994
0.5952096
0.5198307
0.5645798
0.516332
0.6464947
0.6149192
0.5916133
0.5753492
0.5007989
0.5772384
0.5608862
0.4393243
0.5001801
0.4213646
0.4816333
0.7267067
0.5895854
0.5077402
0.5906143
0.6272742
0.6314237
0.5789569
0.5536913
0.6635717
0.5425004
0.4812113
0.6763463
0.49646
0.5208266
0.4434263
0.6164042
0.6054893
0.636927
0.5027299
0.6008992
0.6945209
0.6794702
0.6399833
0.6346519
0.5178874
0.7200126
0.6676786
0.5360219
0.6347881
0.5779252
0.7338672
0.6224872
0.6719308
0.7346254
0.67957
0.6404848
0.6953725
0.5559916
0.5294359
0.6340014
0.7184851
0.7199076
0.6425988
0.7121447
0.5916996
0.6871477
0.6703894
0.5812716
0.6638494
0.5415482
0.7278619
0.7339767
0.7605023
0.7582466
0.7905807
0.7297477
0.5677918
0.7741005
0.677601
0.7306082
0.7265859
0.7121898
0.6537217
0.5782435
0.4995522
0.6817319
0.7263308
0.7742578
0.7350599
0.7767622
0.660181
0.6965534
0.7858046
0.7103324
0.6411366
0.6880129
0.8014712
0.7705169
0.6380311
0.7655686
0.7515143
0.6488762
0.6459759
0.8322123
0.7117341
0.8067721
0.9144466
0.689962
0.6869807
0.7486243
0.7426917
0.589849
0.8414172
0.7071775
0.680059
0.7422266
0.9829359
0.7517586
0.7484665
0.8220462
0.8091045
0.7379346
0.874151
0.7913153
0.7722068
0.6112275
0.6700364
0.8068243
0.7941906
0.8874114
0.8135568
0.7822011
0.8658968
0.9381912
0.8182305
0.6976806
0.8985667
0.7833861
0.6800152
0.8805231
0.64602
0.7975493
0.7593983
0.7751298
0.7821103
0.7910101
0.8108948
0.8655157
0.7890537
0.8047386
0.8805958
0.7358024
0.8517728
0.7827018
0.8801525
0.8952794
1.058926
0.9592888
0.8301442
0.8828095
0.8823966
0.9077268
0.8167605
0.9564606
0.9922936
0.8373368
0.9179641
0.7501404
0.7708132
0.7010731
0.9220348
0.7657367
0.9722638
0.9528733
0.9038655
0.8985196
0.9830414
0.8628469
0.8722719
0.9994926
0.8495183
1.030827
1.004511
0.7657757
0.9218085
0.9978699
0.8561224
0.8346716
0.7780208
0.885832
1.007444
0.7695316
0.8818714
0.8570898
0.7065541
0.8909748
0.9266424
0.9092305
1.097683
1.023252
0.9411723
0.9839717
0.8862619
1.007842
0.955601
0.8932499
0.9847255
0.994637
0.9663266
0.9479821
0.8326026
1.037378
0.814327
1.035136
0.9002719
0.9950455
0.851017
0.9500181
0.9912143
0.8786562
0.892721
1.062467
0.9875885
1.029668
0.9956021
1.034713
0.8899066
1.061389
0.9516265
1.059431
1.009895
0.9114379
1.039929
1.098588
0.9574025
0.9221906
0.8425108