-0.002740266
-0.9816571
-0.9536677
-0.9618118
-1.063074
-0.9369476
-0.8631236
-0.9564589
-0.8508312
-0.9945921
-1.12102
-1.083763
-1.092529
-0.9337331
-0.8840072
-1.029563
-0.9906265
-0.935233
-1.029748
-0.9315858
-1.099506
-1.09959
-0.9671005
-1.086114
-0.9492354
-0.7950389
-0.9667562
-1.092795
-0.9170954
-0.9538569
-1.073485
-0.9052246
-0.8533631
-0.9951378
-0.9618761
-1.066105
-0.980798
-1.069174
-0.8730162
-0.9001948
-0.7268714
-0.8461837
-0.9623223
-0.9559595
-1.01579
-0.8941823
-0.9951329
-0.9656977
-1.037588
-0.8778501
-0.9150458
-0.8206187
-0.9436266
-0.8963216
-0.9132749
-0.931484
-1.02515
-0.9519698
-0.8122939
-0.8486571
-0.8181706
-0.9174253
-0.9872307
-0.8441645
-0.7732874
-0.8908571
-0.8726892
-0.9634288
-0.9348218
-0.8715661
-0.7891613
-0.8208616
-0.8009433
-0.8908842
-0.7352887
-0.7954201
-0.8727679
-0.8502497
-0.7971612
-0.8987269
-0.8760968
-0.7609936
-0.7478861
-0.7759635
-0.7202873
-0.9453191
-0.8246408
-0.8412929
-0.8843721
-0.6711039
-0.6966643
-0.9473526
-0.7853403
-0.8593172
-0.9077796
-0.673532
-0.7120677
-0.8927319
-0.7208568
-0.7863798
-0.7503469
-0.957091
-0.7774519
-0.8738424
-0.7668101
-0.8548272
-0.8391019
-0.8824451
-0.9183196
-0.7459485
-0.7984295
-0.7485129
-0.7217879
-0.8491947
-0.6971352
-0.8824174
-0.5571215
-0.9250441
-0.8967718
-0.7807217
-0.708203
-0.8226428
-0.6996458
-0.8687173
-0.8162673
-0.8908713
-0.7824716
-0.7050036
-0.7450086
-0.8998131
-0.8470121
-0.6136956
-0.6439423
-0.8247394
-0.6195605
-0.8440865
-0.7943531
-0.7886407
-0.6181594
-0.7055501
-0.6738857
-0.8920825
-0.7050443
-0.5387941
-0.7377973
-0.7233514
-0.7436852
-0.7601598
-0.6302047
-0.5673092
-0.7107351
-0.7548407
-0.6670422
-0.695616
-0.6526177
-0.6205828
-0.6698138
-0.8071769
-0.6599498
-0.6695689
-0.747887
-0.5779343
-0.7346859
-0.5948285
-0.6716777
-0.6691208
-0.6244957
-0.7570473
-0.6363546
-0.6670492
-0.6343248
-0.5208374
-0.4688111
-0.6071453
-0.7682734
-0.5297905
-0.672532
-0.6920776
-0.5632816
-0.8016627
-0.7751621
-0.6159993
-0.7270669
-0.6360467
-0.7224063
-0.6991025
-0.5881396
-0.7903413
-0.6132797
-0.659101
-0.7266039
-0.550715
-0.5056807
-0.5559034
-0.5787427
-0.6824387
-0.6267318
-0.676718
-0.7249727
-0.5912933
-0.6150166
-0.590075
-0.5233057
-0.5088799
-0.6137249
-0.5392908
-0.617635
-0.533551
-0.6460683
-0.4800329
-0.5807261
-0.6739808
-0.631725
-0.5109358
-0.6680965
-0.5467992
-0.6031973
-0.4352775
-0.4840186
-0.7144184
-0.6560004
-0.6549341
-0.5929893
-0.6014301
-0.54413
-0.4293818
-0.4532634
-0.6794092
-0.6791181
-0.5317947
-0.5996169
-0.4953
-0.3740495
-0.609651
-0.5736634
-0.3934357
-0.4901487
-0.4174145
-0.4771924
-0.3858949
-0.6616033
-0.4974161
-0.5562289
-0.4126485
-0.4448028
-0.4929987
-0.3888961
-0.4975491
-0.5893256
-0.5352103
-0.4997503
-0.414972
-0.5091615
-0.3823493
-0.6724449
-0.5312814
-0.5412157
-0.424076
-0.3573768
-0.5020009
-0.4351134
-0.502121
-0.3502114
-0.4787644
-0.3207211
-0.5135219
-0.4484916
-0.5191456
-0.5983308
-0.4281181
-0.4350116
-0.4945191
-0.5062302
-0.5172196
-0.3795371
-0.3249196
-0.4452318
-0.4874261
-0.3702442
-0.5645938
-0.4121428
-0.5080606
-0.3704771
-0.4081839
-0.464997
-0.4476321
-0.4740861
-0.5157074
-0.3409211
-0.264635
-0.4195668
-0.3397405
-0.5546825
-0.2916335
-0.415965
-0.6403691
-0.3248544
-0.5043181
-0.4207428
-0.3052731
-0.4774091
-0.2839837
-0.2631085
-0.3667061
-0.416149
-0.2548282
-0.3532111
-0.5575225
-0.1884246
-0.3322983
-0.2719797
-0.2985648
-0.4203748
-0.4456264
-0.3228041
-0.3417436
-0.3454495
-0.2736801
-0.4352514
-0.2840203
-0.3368209
-0.3224055
-0.3686408
-0.4689424
-0.3220954
-0.2579762
-0.3147888
-0.4334878
-0.3861477
-0.3620539
-0.4986649
-0.4232387
-0.3176698
-0.3537284
-0.3001159
-0.337071
-0.2977497
-0.3670834
-0.2947049
-0.4243161
-0.3479612
-0.2755057
-0.1901927
-0.3296045
-0.3936538
-0.3152642
-0.3964821
-0.2489095
-0.2559343
-0.4219622
-0.3782699
-0.2985253
-0.2735486
-0.2086729
-0.4974843
-0.04929912
-0.07841515
-0.2236874
-0.2075761
-0.3180821
-0.3215373
-0.2744296
-0.3171076
-0.4039074
-0.2666866
-0.251741
-0.3251162
-0.3732975
-0.168218
-0.2933538
-0.2261154
-0.2559631
-0.3317435
-0.2510034
-0.3708781
-0.2555158
-0.384706
-0.3974782
-0.2127477
-0.2597078
-0.09432403
-0.3415465
-0.3065057
-0.3449251
-0.3313722
-0.1946489
-0.3143609
-0.3743705
-0.2290391
-0.2062482
-0.2103183
-0.3151365
-0.2688099
-0.2511155
-0.4099924
-0.2452431
-0.2164552
-0.2133507
-0.1495909
-0.3778721
-0.214322
-0.1126977
-0.1523794
-0.175953
-0.1629457
-0.1920547
-0.2062273
-0.2024609
-0.1224625
-0.2817107
-0.179404
-0.1550978
-0.1776602
-0.1079191
-0.06202999
-0.09450367
-0.305572
-0.3957899
-0.2044476
-0.2405075
0.03430771
-0.2039677
-0.1661058
-0.1223124
-0.2089416
-0.07167418
-0.2012518
-0.1462776
-0.1370836
-0.0626707
-0.07994389
-0.1180408
-0.02706194
-0.0505865
-0.1208993
-0.09603985
-0.2812305
-0.3564447
-0.103598
-0.256578
0.05784333
-0.07210158
-0.2198955
-0.1152053
-0.1372275
-0.1674725
-0.2489398
-0.1434321
-0.03137414
0.005420511
-0.1833588
-0.1332626
-0.08352772
-0.1749383
-0.1798013
-0.04667725
-0.1734885
-0.0185792
-0.08852394
-0.09979673
-0.1910566
-0.01790372
0.0247284
0.0183825
-0.01950884
-0.121594
-0.04136428
-0.01175766
-0.0155528
-0.1442697
-0.100883
0.05333935
-0.09573591
-0.01766576
-0.07093254
-0.1078016
-0.03934678
0.02443125
-0.07913413
-0.03684906
-0.1179514
-0.1174953
0.04598579
0.091458
0.02476643
-0.007494439
-0.1033388
-0.1214008
0.007071563
-0.07596251
-0.07079127
0.02197564
-0.1714165
0.1952416
-0.05177796
-0.02416425
-0.008933121
-0.02788349
0.1160218
-0.1217141
-0.04550394
0.07285678
-0.05525247
0.08358699
-0.04439604
0.01092014
-0.03120262
-0.1144455
0.006583619
0.02893763
0.08693275
-0.09649715
-0.02885018
0.07987773
0.01150932
0.07514575
0.06157841
0.05062867
0.03246266
-0.1038189
-0.01573088
0.1614946
-0.0003406333
-0.0319961
0.2754766
0.04037971
0.02075173
-0.01008523
0.1428325
-0.03534314
0.1518871
0.1104058
0.07558017
0.1802228
0.06913392
-0.02518059
0.003892018
0.1811978
0.139214
0.09309625
0.0985181
-0.05500434
0.03757568
0.0644658
0.1069858
0.1060362
0.07438429
0.1447161
0.2556637
0.08770424
0.1136953
0.0819276
0.02392927
0.1861422
0.04119691
0.1293812
0.2088284
0.2128425
0.07335405
0.07387384
0.1614017
0.1425764
0.1115121
0.2175195
0.04889088
-0.06380302
0.1498545
0.1002792
0.186436
0.1354938
0.2135246
0.1559528
0.2160827
0.1077186
0.1136659
0.1946516
0.08933283
0.1709626
0.2086636
0.2258146
0.1620459
0.1782466
0.2065
0.3065729
0.07841072
-0.005468085
0.1564777
0.09100895
0.2156237
0.2896514
0.3330788
0.2683352
0.04578483
0.2122575
0.2315048
0.2829759
0.2552417
0.1181374
0.2516921
0.07326363
0.1961436
0.2101602
0.3135413
0.1783969
0.1169302
0.1920616
0.2720153
0.214878
0.3077183
0.2038215
0.2835523
0.3090535
0.179719
0.2320986
0.1966662
0.2412984
0.3228804
0.1801529
0.2820176
0.1087037
0.2146017
0.176129
0.162351
0.2446407
0.1930827
0.291405
0.2844746
0.2131114
0.1281382
0.2586045
0.3255546
0.04449235
0.1191902
0.4313126
0.2776461
0.06627402
0.2053621
0.4107465
0.2850431
0.2815368
0.3394869
0.2972556
0.3279071
0.308102
0.3107532
0.2469051
0.2713994
0.2493154
0.3299671
0.3609667
0.3517555
0.325257
0.3180701
0.3999552
0.3408857
0.3372878
0.2519285
0.2660869
0.2891711
0.2255282
0.3103783
0.3172957
0.316503
0.195873
0.384987
0.4147948
0.2689971
0.3090413
0.373047
0.2734984
0.4571506
0.3263211
0.183214
0.350854
0.4483712
0.4454831
0.3422168
0.1973469
0.3990118
0.2345962
0.3740381
0.2629886
0.3475101
0.3055117
0.3709211
0.4550997
0.4896922
0.3842734
0.5440544
0.4587925
0.4194038
0.4143568
0.3078623
0.5559177
0.2435728
0.4013321
0.2684005
0.2524145
0.3353716
0.3900865
0.4270378
0.3131584
0.4764149
0.3850175
0.4108914
0.2879409
0.4581395
0.3768308
0.4462658
0.3804354
0.6376764
0.4053109
0.5404296
0.3668666
0.3550816
0.3879803
0.3862603
0.4831004
0.4254107
0.2867962
0.3635199
0.4596139
0.5295201
0.4584834
0.6246545
0.3993412
0.2959857
0.4636286
0.4323771
0.4626364
0.5314859
0.5037992
0.3961577
0.4878044
0.6101275
0.389238
0.5039329
0.5535433
0.4411997
0.4102822
0.4201142
0.5770387
0.3401563
0.5671827
0.5321935
0.5777025
0.5145129
0.5399043
0.3858791
0.4335454
0.4339825
0.5902541
0.5640109
0.3848414
0.5574217
0.4480157
0.6177847
0.6306699
0.4905961
0.5447957
0.4318047
0.5856767
0.5653604
0.5341351
0.4486084
0.5063181
0.4526289
0.5732824
0.5096627
0.5422126
0.5451506
0.5715356
0.6419087
0.4570073
0.6479258
0.6886517
0.513658
0.5929688
0.4383362
0.6326613
0.519238
0.5793213
0.446301
0.4789422
0.6987704
0.5139585
0.5178694
0.5918701
0.6343148
0.5242706
0.5336009
0.4749989
0.4228384
0.5893802
0.5673685
0.4899222
0.6662987
0.6178324
0.6104872
0.6192257
0.5305727
0.5862661
0.5798658
0.6834616
0.733663
0.5871441
0.7160884
0.63247
0.567994
0.5151837
0.6582788
0.7369021
0.6130022
0.6286884
0.6062901
0.6598878
0.4217123
0.5444557
0.702594
0.4836064
0.7232545
0.5850363
0.7341804
0.746122
0.6278103
0.7003415
0.7715515
0.6252841
0.7369406
0.5732973
0.5677918
0.6029881
0.6859234
0.5443612
0.5814695
0.8595755
0.5549123
0.6830301
0.6523745
0.8646337
0.7306581
0.6451034
0.6330719
0.7577407
0.6826628
0.691626
0.7406403
0.643709
0.6744043
0.6389903
0.7804837
0.7654297
0.7347905
0.5995364
0.7135783
0.6619804
0.6805867
0.7359451
0.7883688
0.7879399
0.7069389
0.7893203
0.7109959
0.6363962
0.7925694
0.5965484
0.8224098
0.7107048
0.7332975
0.7540786
0.6620388
0.7424852
0.6898345
0.6839168
0.7325351
0.7685975
0.7554574
0.8235018
0.6693154
0.7203051
0.7267087
0.6645235
0.7971174
0.8711132
0.8420925
0.7064611
0.8519039
0.9252838
0.7843401
0.8542778
0.7291325
0.7575422
0.8069791
0.7718942
0.8009557
0.8979328
0.7758426
0.7272742
0.9429729
0.7590848
0.8233088
0.7901476
0.8476845
0.8131674
0.7598882
0.7557883
0.8105704
0.9008909
0.7782366
0.7346629
0.8178907
0.8724051
0.9582574
0.8696191
0.7717859
0.7343728
0.9070729
0.9275902
0.875486
0.9080094
0.8526766
0.9444123
0.8872494
0.9170133
0.9397771
0.6607029
0.9494813
0.8575708
0.8650881
0.7810522
0.8277673
0.8554041
0.8782781
0.993971
0.9491599
0.8598037
0.8535498
0.8129079
0.7965959
0.9196892
0.818027
0.8253888
0.8479629
0.6237474
0.9282553
0.8553307
0.8295483
0.884718
1.039833
0.8952686
0.9084773
0.8256343
1.068447
0.8933622
0.9153692
1.033776
1.115861
0.810017
1.040075
0.9050236
1.040647
1.08453
0.9068956
0.9178458
0.8482741
0.8887791
0.9088157
0.8156423
0.9099243
0.9887221
1.038184
0.9515153
1.04272
0.9544001
0.8510806
0.8487624
0.7937457
0.9420157
0.9353778
0.8401326
1.033007
0.8355646
0.9806472
0.9591207
0.9017813
1.040216
1.120349
0.9772874
0.9828957
1.060676
0.9388403
0.9659889
0.989897
1.025865
1.003698
1.015147
0.7869156
1.062172
0.8896954
1.019164
1.015577