0.1121978
-0.9830087
-1.018054
-0.7814352
-0.8939625
-1.07205
-0.9869053
-0.856747
-1.073268
-0.9995058
-1.044915
-1.05755
-0.9938924
-1.007992
-0.8374179
-1.019078
-0.8136414
-0.9153943
-0.9563145
-1.000348
-0.8407849
-0.9196681
-1.027168
-0.8473184
-1.079253
-0.912237
-0.7995012
-1.04049
-0.8849242
-0.861773
-0.9216544
-0.9055134
-0.9569888
-0.8524937
-0.8067883
-1.155359
-0.9853836
-0.9316243
-0.9279382
-0.9010105
-1.080692
-0.8434771
-0.7601939
-1.00619
-0.9395023
-0.8284954
-0.8791863
-0.8964215
-0.9110853
-0.7493053
-0.7934561
-0.9325405
-0.8523748
-0.871755
-0.8694872
-0.7519758
-0.924372
-0.839993
-0.9519207
-0.8070635
-0.9035067
-0.9377743
-0.8024859
-0.8596705
-0.9237411
-1.053214
-1.033981
-0.7313152
-0.771519
-0.7901373
-0.8165615
-0.6965653
-0.9130534
-0.7682039
-0.9168427
-0.8379147
-0.8082391
-0.8962787
-0.9101745
-0.7940646
-0.69007
-0.9019483
-0.8145694
-0.8659044
-0.7955397
-0.8570583
-0.9038723
-0.8185119
-0.7914494
-0.7688166
-0.8614737
-0.8535983
-0.849017
-0.7960649
-0.8181182
-0.9487698
-0.6656711
-0.6808381
-0.9018118
-0.6755292
-0.727523
-0.8863477
-0.9010194
-0.8309688
-0.8304018
-0.7211036
-0.7382268
-0.6569711
-0.7603501
-0.8992065
-0.8300722
-0.8140206
-0.6762929
-0.7752606
-0.8017349
-0.6663541
-0.7303853
-0.7561591
-0.8888917
-0.6703934
-0.8457648
-0.7673404
-0.754023
-0.7486369
-0.6950783
-0.8406539
-0.6963768
-0.6819945
-0.7879164
-0.7232804
-0.7047682
-0.750224
-0.7981963
-0.7583718
-0.7226562
-0.5626591
-0.8038317
-0.7192398
-0.6656338
-0.8230712
-0.7581699
-0.6859393
-0.8299131
-0.7447491
-0.6632236
-0.7759389
-0.8047555
-0.6219799
-0.7338548
-0.6787412
-0.71466
-0.5708732
-0.6211536
-0.7662682
-0.580811
-0.7639804
-0.665109
-0.6551678
-0.8050983
-0.6959614
-0.6575298
-0.7491125
-0.6109944
-0.7933437
-0.691559
-0.6874195
-0.6903499
-0.7301288
-0.6649301
-0.6722437
-0.7227312
-0.5473623
-0.7041857
-0.6686505
-0.5540659
-0.6388675
-0.5106181
-0.6842502
-0.5916986
-0.8037479
-0.5715573
-0.6082342
-0.5306376
-0.653643
-0.5496776
-0.5080264
-0.7616954
-0.6310957
-0.5545348
-0.5267117
-0.7285873
-0.5383678
-0.6060857
-0.6677502
-0.6755474
-0.7766484
-0.632977
-0.5958779
-0.613772
-0.7091228
-0.6789374
-0.4809631
-0.6910203
-0.609682
-0.6154269
-0.6506817
-0.5150302
-0.7364972
-0.5789824
-0.6633815
-0.6044162
-0.5629151
-0.6884578
-0.5870334
-0.6815414
-0.5845875
-0.6276677
-0.5221376
-0.5221603
-0.5160292
-0.5897575
-0.537846
-0.6823976
-0.6177585
-0.5141446
-0.5799035
-0.6348149
-0.6496918
-0.5319197
-0.4488905
-0.6438338
-0.4352477
-0.3658716
-0.337332
-0.4805323
-0.7065536
-0.6636238
-0.3349881
-0.425834
-0.5112465
-0.5378539
-0.5210443
-0.639673
-0.6936015
-0.5373852
-0.5039878
-0.4792377
-0.3913886
-0.451304
-0.5854413
-0.5085892
-0.3471819
-0.5786909
-0.4203671
-0.362146
-0.5231057
-0.6162155
-0.3877821
-0.440143
-0.3979791
-0.4885675
-0.4560355
-0.3576787
-0.4473818
-0.6170146
-0.514621
-0.4953487
-0.5728325
-0.2392787
-0.5721026
-0.4537646
-0.4738614
-0.3696373
-0.2363802
-0.3559397
-0.4237622
-0.4585017
-0.3797773
-0.2976605
-0.5622785
-0.3925811
-0.4257538
-0.4233502
-0.5030176
-0.2350983
-0.4051771
-0.2684993
-0.495403
-0.467775
-0.5510691
-0.3668333
-0.4391646
-0.3706695
-0.2732265
-0.3378771
-0.4267707
-0.4060513
-0.4748338
-0.3645114
-0.3823766
-0.4575917
-0.4836523
-0.4023771
-0.4236654
-0.4519183
-0.4566456
-0.2495351
-0.4450669
-0.381475
-0.2997315
-0.382732
-0.3517714
-0.3268649
-0.2529733
-0.2690704
-0.09034135
-0.4566513
-0.3776918
-0.3427345
-0.4252663
-0.4692962
-0.438866
-0.3852805
-0.1788903
-0.191872
-0.2317374
-0.4055665
-0.4432576
-0.4912943
-0.3595123
-0.3902392
-0.2557539
-0.4265171
-0.2632143
-0.3870237
-0.2931621
-0.432377
-0.2916987
-0.1844916
-0.2490727
-0.125678
-0.1899855
-0.190546
-0.3743273
-0.4840691
-0.2482439
-0.2916456
-0.3250217
-0.2127041
-0.4117326
-0.2584699
-0.2488183
-0.1136366
-0.06859752
-0.3178847
-0.4140454
-0.2905563
-0.1254447
-0.3564018
-0.370793
-0.4559941
-0.2046874
-0.3416607
-0.3322817
-0.2828377
-0.3958245
-0.327366
-0.3078299
-0.1863842
-0.2294384
-0.4273447
-0.3269837
-0.04916626
-0.2205548
-0.240975
-0.2197631
-0.3058146
-0.315704
-0.2996292
-0.2712522
-0.2403083
-0.2382488
-0.337926
-0.2024112
-0.2793143
-0.1912676
-0.09385426
-0.1921264
-0.0451219
-0.2891271
-0.2961635
-0.1856769
-0.1361284
-0.1684812
-0.2117811
-0.1037462
-0.2481441
-0.2777405
-0.1744549
-0.1270662
-0.2293393
-0.2393931
-0.2594469
-0.2550894
-0.1584891
-0.2049849
-0.2663649
-0.2236782
-0.3102034
-0.06196368
-0.2532834
-0.2019016
-0.198181
-0.1586408
-0.1293277
-0.1796239
-0.1039163
-0.001666636
-0.2036638
-0.1826974
-0.1670586
-0.1438666
-0.1449953
-0.001609971
-0.245197
-0.1955033
-0.2092645
-0.07946296
-0.1566974
-0.1524028
-0.1762641
-0.06809161
0.03052021
-0.2303302
-0.1813679
-0.1813055
-0.2849849
-0.06277619
-0.1439925
-0.2552371
-0.1010958
-0.04404047
-0.1161198
-0.007961682
-0.01961867
-0.1674376
-0.02334172
-0.1233425
0.02900029
-0.05407416
0.05044623
-0.1195742
-0.1629108
-0.1371726
0.05561956
0.02392201
-0.1165771
-0.0399977
-0.1511263
-0.003766274
0.04902221
-0.05793074
-0.02282813
-0.06957319
0.05691008
-0.09163918
-0.1415392
0.1015888
-0.1187358
-0.1037278
-0.1322979
-0.1525601
0.04914046
-0.005942507
0.03350003
-0.1223049
-0.01277245
-0.1025965
0.01890878
-0.13738
-0.09586119
-0.1044925
-0.05706238
-0.1047595
0.0573708
-0.04222033
-0.08557758
-0.02172812
-0.04026835
-0.04575309
0.001963187
-0.1499478
-0.02720933
0.1311537
-0.005981702
-0.04700426
-0.06701022
0.116612
-0.02564923
0.1018754
-0.2077147
-0.2196817
-0.03938662
-0.01734747
0.07265901
0.03557376
-0.07682647
-0.04977863
-0.1063124
0.06889659
-0.1286465
0.01984422
-0.00724243
0.1439725
0.1030924
-0.1088896
0.01916056
0.1477223
-0.1668408
0.01057254
0.07504789
0.05421661
0.1079289
-0.124729
0.1133551
-0.07988461
-0.007773366
-0.01731546
-0.005475869
-0.1323382
0.1314627
0.0164951
-0.07195136
-0.07561216
0.2828494
-0.05129373
0.01133985
0.0380163
0.1181753
0.2254046
-0.009859952
0.02981101
-0.0474379
0.04632158
-0.08023614
0.1528918
0.07649812
0.1214606
0.1236503
0.1302022
0.1409717
0.1951959
0.1880829
-0.09585132
0.2345638
0.1614279
0.3450018
0.1754829
0.3969908
0.1650903
0.1127504
0.09549314
0.2513902
0.1740099
0.1272547
0.1936965
0.02620206
-0.01206356
0.07095394
0.1594754
0.1236507
0.08853887
0.1210692
0.1408988
0.07627006
0.189675
0.2382347
0.19778
0.163403
0.06592926
0.09602941
0.01002272
0.09735525
0.1953574
0.1010964
0.08573122
0.1283898
0.1398708
-0.007807551
0.1726635
0.2473331
0.2372279
0.2113648
0.2588961
0.3021589
0.2228912
0.2288695
0.1815282
0.2430274
0.1261024
0.06497615
0.2353974
0.122365
0.2995502
0.148534
0.1410576
0.3089125
0.2395764
0.2350418
0.3273249
0.3257703
0.1412332
0.2497365
0.1261154
0.08997936
0.2306822
0.2882972
0.1316237
0.1219964
0.1593274
0.2056188
0.1814495
0.1128639
0.1782425
0.3397526
0.04273232
0.3196598
0.3043104
0.2247993
0.3240348
0.193413
0.1365408
0.2754492
0.2162428
0.1410306
0.2072422
0.1269468
0.3763605
0.3606233
0.2321855
0.3539553
0.3831606
0.346746
0.4399424
0.2959586
0.2507113
0.3541887
0.3297676
0.1703474
0.2309042
0.3473189
0.3350646
0.3219584
0.2748716
0.3621094
0.2639079
0.2686363
0.3242463
0.233404
0.2511215
0.3104439
0.2238377
0.4340864
0.3701367
0.3357862
0.4935635
0.2291109
0.4211663
0.1749509
0.383872
0.3653444
0.3168018
0.396472
0.3363322
0.2153497
0.3179109
0.2981473
0.3575934
0.3879399
0.2885176
0.3458539
0.3850917
0.2982045
0.4669439
0.5626905
0.4493008
0.1645313
0.3548208
0.4025613
0.5039087
0.2639076
0.4715924
0.2438189
0.4812057
0.2849336
0.2972197
0.459979
0.4319187
0.5214414
0.4023606
0.4074343
0.3952741
0.3616227
0.4911349
0.3631486
0.4658953
0.4255704
0.4352899
0.5204283
0.4517676
0.4523193
0.4223365
0.4616893
0.4069507
0.5239553
0.3842582
0.3522982
0.4124558
0.3967504
0.4935333
0.4704161
0.4619573
0.412324
0.3947775
0.515874
0.4643506
0.42906
0.522682
0.5299159
0.5360602
0.4850744
0.5107778
0.5793405
0.5173194
0.6596508
0.569794
0.4819434
0.4329636
0.5758787
0.5153976
0.5865414
0.5666808
0.487398
0.361497
0.3677659
0.4201834
0.4922036
0.5421246
0.5148654
0.50036
0.4904835
0.5082038
0.508935
0.5001822
0.5294788
0.5000117
0.3622373
0.5024596
0.5213865
0.4959139
0.5946511
0.5270508
0.5721051
0.6357094
0.527722
0.5499617
0.3664513
0.5834507
0.5173719
0.5994011
0.5532462
0.3977069
0.592864
0.5410089
0.6044303
0.5885157
0.3729934
0.5847669
0.5558127
0.5748529
0.696275
0.6001049
0.6340795
0.6458999
0.6979325
0.5153058
0.7133445
0.5311402
0.5841338
0.4494126
0.7324065
0.543927
0.5913074
0.5432123
0.4960786
0.556939
0.643265
0.7367943
0.6531733
0.6640734
0.4646972
0.4007862
0.5995148
0.5447217
0.581106
0.6825158
0.5976045
0.6904084
0.4738483
0.5246117
0.6938942
0.6391456
0.6259346
0.543395
0.5056152
0.4753752
0.7160249
0.7963144
0.6270494
0.6774645
0.7128959
0.685306
0.6074969
0.6749599
0.6136646
0.7187702
0.7313582
0.6401699
0.6460862
0.6081061
0.4268695
0.6785484
0.6771864
0.6970443
0.7221272
0.6591354
0.5938044
0.6794161
0.582721
0.8437148
0.5285763
0.7441408
0.7706358
0.6956588
0.7858618
0.6552507
0.5525704
0.8335949
0.7076016
0.6970528
0.6095943
0.6725698
0.9346624
0.638273
0.589758
0.7779444
0.6713841
0.7893635
0.7115659
0.7866289
0.7020934
0.6845362
0.7352648
0.789236
0.6004473
0.8918599
0.760016
0.6865297
0.6376791
0.7534683
0.6171038
0.8340744
0.6715577
0.6801795
0.8592663
0.741104
0.8761333
0.8756439
0.7641768
0.6682433
0.7569982
0.7383957
0.7561201
0.724807
0.6966339
0.6978047
0.9302075
0.727456
0.653252
0.6704443
0.8216567
0.8275185
0.8360276
0.8166695
0.7355899
0.7512757
0.7653075
0.8654017
0.8123997
0.789445
0.8763077
0.8450828
0.9891636
0.6176825
0.77631
0.6907237
0.7760833
0.8084644
0.8413107
0.8100338
0.8029296
0.9426017
0.8133132
0.7869434
0.7611889
0.7767888
0.8046199
0.7667446
0.8477828
0.8598041
1.00481
0.8359554
1.030588
0.762864
0.7667427
0.5990954
0.7208444
0.848507
0.7853154
0.8811835
0.7782742
0.8409287
0.901027
0.933963
0.8351749
0.8549009
1.114477
0.6858167
0.8872858
0.9513655
0.8746416
0.8705217
0.8938325
0.9131427
0.8218232
0.9785311
0.7804171
0.8646843
0.8588827
0.9287444
0.986058
0.8623111
0.78113
0.9082315
0.9065946
0.9278894
0.8602585
0.9670543
0.9970985
0.9687828
0.9678911
0.7700937
0.9436888
0.9169772
1.004041
0.9524669
0.937837
0.8474468
0.9813061
0.9366884
0.8404557
0.8914316
0.8215029
0.9637055
0.8020083
0.9649505
1.046626
1.026904
1.012111
0.9443517
0.9165486
1.060354
1.046039
1.08913
0.9932312
1.012065
0.9446071
0.883178
0.8774182
1.076957
0.9064322
0.8144388
0.9297085
0.8829418
1.078083
0.971434
0.9648543
0.9595133
0.9246192
0.9047788
1.02799