0.05400494
-0.9630124
-1.035541
-0.9533094
-1.053209
-0.9411718
-0.9848462
-1.014714
-1.137946
-0.9977132
-0.9433252
-0.9499616
-1.021871
-0.9535108
-0.9481865
-0.9537585
-0.9357873
-0.8453028
-1.020251
-0.9284119
-1.030154
-0.9728101
-0.846371
-0.9148045
-1.105078
-0.8635711
-0.8964866
-0.9673233
-1.038959
-0.9393547
-0.9229345
-0.9048861
-0.8895037
-1.003988
-0.8697758
-0.8946978
-0.9067361
-0.8111434
-0.9483983
-0.9182588
-0.6618133
-0.7527143
-0.8731668
-0.9094992
-0.9967372
-0.7921847
-0.9532768
-0.9123049
-0.9283515
-0.9265266
-0.8349329
-1.015087
-1.023617
-0.6861113
-0.7547887
-0.7830221
-0.8698001
-0.9852557
-0.8849582
-0.8444009
-0.7131106
-0.8095094
-0.9419476
-0.957178
-0.8730935
-0.8083537
-0.9455293
-0.8584467
-0.8650631
-0.7945749
-0.8011479
-0.6419735
-0.7394859
-0.9759861
-0.9954807
-0.8499206
-0.8128822
-1.020172
-0.7192493
-0.8590882
-0.8325035
-0.8356106
-0.908561
-0.8648365
-0.8270361
-0.808876
-0.6538082
-0.8967176
-0.7956419
-0.9337287
-0.8355192
-0.7988387
-0.7494385
-0.8846967
-0.7379098
-0.7155866
-0.7151835
-0.8572622
-0.7358357
-0.8108096
-0.7905806
-0.7646787
-0.8186198
-0.9274994
-0.9052393
-0.9210337
-0.7323012
-0.699245
-0.9009047
-0.7130296
-0.8711087
-0.7814373
-0.7971418
-0.7240776
-0.7024387
-0.7728097
-0.6855515
-0.7220587
-0.8557284
-0.7366778
-0.819695
-0.7500454
-0.8481028
-0.8100644
-0.7240462
-0.6169343
-0.742782
-0.9219868
-0.7182957
-0.7427689
-0.7099181
-0.5808952
-0.7732511
-0.8231816
-0.7615901
-0.7727964
-0.711631
-0.4975118
-0.5298051
-0.725037
-0.7690498
-0.6848078
-0.7678307
-0.7964429
-0.7716774
-0.7157867
-0.6185515
-0.714159
-0.6675866
-0.6893539
-0.6697762
-0.7044433
-0.7071106
-0.6416054
-0.7463597
-0.6223583
-0.7551899
-0.6655134
-0.6093177
-0.5730964
-0.6315455
-0.6011953
-0.5665344
-0.596871
-0.6725402
-0.6288358
-0.6452311
-0.663955
-0.81142
-0.592031
-0.6519632
-0.5905824
-0.6841074
-0.6790317
-0.5967524
-0.7660418
-0.6605521
-0.7517265
-0.6506954
-0.8143609
-0.5141842
-0.6837696
-0.6042974
-0.6771103
-0.5987983
-0.5521038
-0.5178749
-0.6375805
-0.6523544
-0.5863758
-0.6710796
-0.5797792
-0.6495205
-0.6916546
-0.6687115
-0.5261304
-0.5702416
-0.5391007
-0.4870887
-0.5086062
-0.6240603
-0.5747163
-0.6674221
-0.5349944
-0.6508701
-0.7344114
-0.632208
-0.7899815
-0.4755173
-0.4940565
-0.5606929
-0.5782884
-0.5640494
-0.5288806
-0.6270521
-0.6073043
-0.5393398
-0.5454463
-0.5400848
-0.6685347
-0.3689723
-0.5462926
-0.5572314
-0.5241952
-0.6153842
-0.5228796
-0.5518317
-0.7280328
-0.5130618
-0.4993264
-0.5666338
-0.566864
-0.4970524
-0.4672468
-0.671396
-0.5339615
-0.7126238
-0.4979061
-0.5496132
-0.6501513
-0.6520191
-0.5186878
-0.5140677
-0.4944978
-0.5961742
-0.5967081
-0.4679277
-0.4830913
-0.5372701
-0.4070065
-0.4133805
-0.5440842
-0.6518512
-0.491641
-0.5265823
-0.448398
-0.4700337
-0.6741627
-0.5253462
-0.4592998
-0.4351697
-0.5200483
-0.5925215
-0.5217289
-0.2663
-0.4358471
-0.426987
-0.4913814
-0.4830121
-0.4086387
-0.3778162
-0.3164243
-0.4231671
-0.6404277
-0.5852811
-0.3866066
-0.4318732
-0.5252553
-0.4048894
-0.3865653
-0.5495557
-0.3986094
-0.5145799
-0.3691798
-0.5180395
-0.5837125
-0.3189534
-0.4586394
-0.3316267
-0.4600538
-0.2800289
-0.4349298
-0.5486152
-0.3405597
-0.30924
-0.4188807
-0.4400561
-0.5236426
-0.3315831
-0.3688198
-0.4063686
-0.4658395
-0.4236036
-0.4678433
-0.4022094
-0.4518075
-0.3180633
-0.4835726
-0.4845486
-0.4351751
-0.2920491
-0.49331
-0.3831372
-0.4719024
-0.4168531
-0.3417415
-0.4262649
-0.5094829
-0.2298387
-0.3469371
-0.3151071
-0.2969356
-0.4168451
-0.3725515
-0.3124279
-0.5100345
-0.5079969
-0.1939277
-0.2622518
-0.292934
-0.2916935
-0.3409019
-0.3297225
-0.314686
-0.1870175
-0.4098397
-0.4700547
-0.2290816
-0.3111152
-0.3050471
-0.2838729
-0.3767503
-0.3951678
-0.4297513
-0.3088256
-0.2577308
-0.2948004
-0.2299913
-0.2508979
-0.3425957
-0.3092814
-0.3573551
-0.3731269
-0.2478152
-0.2317331
-0.2323504
-0.2428584
-0.2792575
-0.329175
-0.2800875
-0.2778351
-0.2450696
-0.2795035
-0.3652945
-0.3114636
-0.1716109
-0.2637417
-0.3429173
-0.2574977
-0.4185969
-0.1859644
-0.2316845
-0.2262774
-0.382497
-0.4472561
-0.2636866
-0.2524415
-0.249895
-0.2875167
-0.2209221
-0.08129664
-0.1242633
-0.4382582
-0.3049449
-0.3759414
-0.2740976
-0.1194115
-0.1933571
-0.2564363
-0.230462
-0.232443
-0.1270463
-0.1552603
-0.22267
-0.3750247
-0.375371
-0.3100221
-0.3192683
-0.1701202
-0.2280487
-0.1096209
-0.07939852
-0.2541679
-0.3286563
-0.1074493
-0.1698565
-0.1429936
-0.134346
-0.1703142
-0.1028139
-0.1722449
-0.1090662
-0.1430375
-0.1413303
-0.1702856
-0.1308606
-0.1937619
-0.1199101
-0.03181986
-0.2039245
-0.130465
-0.311028
-0.2141156
-0.1801184
-0.1678013
-0.02666084
-0.1500075
-0.1723326
-0.05320623
-0.05278217
-0.1033505
-0.09387717
-0.2368295
-0.05310041
-0.1080141
0.01690862
-0.1417908
-0.09733611
-0.1456271
-0.09293284
-0.08980309
-0.1805011
-0.2846534
-0.1742582
-0.2326854
-0.1844125
-0.2407551
-0.2423029
-0.08230282
-0.03710515
0.02410703
-0.1361133
-0.1837686
-0.04929207
-0.08503056
0.002728288
0.02630943
-0.1351816
0.009376779
-0.08300138
-0.07400699
-0.120975
-0.1773944
-0.0570457
-0.02391038
-0.1210862
-0.1577885
0.02475427
-0.1380842
-0.06407139
-0.0531088
-0.1133022
0.04523424
-0.121311
0.01093882
-0.05412311
-0.1367594
-0.07844299
-0.08003418
-0.002581971
-0.08341214
0.06247643
-0.04218558
-0.1071255
-0.03392975
-0.1488638
0.06947518
-0.03347168
0.1239508
-0.1049088
-0.07778517
-0.01765121
0.05283592
-0.04848634
0.01679946
0.09107085
-0.1121904
-0.1089087
0.03981286
-0.008202056
-0.08197067
-0.1707581
0.08013276
-0.03031541
-0.08775635
0.07847302
-0.005214106
0.2247335
0.1792058
-0.1191917
0.05609527
-0.09431484
0.08761422
-0.02071247
0.10186
0.1152904
0.08342353
0.2084537
0.1249338
-0.05497724
0.007836842
-0.09537204
-0.02137172
0.1098456
0.2055735
0.08348618
-0.08687445
-0.06812785
0.1715306
0.07356733
0.1303494
0.01423607
-0.01112604
0.1708055
0.07356866
0.1325662
0.007913251
-0.04492078
-0.01272774
0.2608205
-0.1065498
0.05444411
0.1149885
0.04705586
0.1287627
-0.02805706
0.2317713
0.0272855
0.1243482
0.1291337
-0.009845569
0.1241496
0.02527142
-0.01279665
0.1644923
0.1888213
0.1036786
0.1188421
0.1622423
0.2507452
0.1925953
0.1486976
0.06016776
0.1608679
-0.003853518
0.1573701
0.0805985
-0.05332408
0.08392818
0.2085507
0.07136339
0.1250077
0.09426718
0.09786205
0.165564
0.1266129
0.07899153
0.008012431
0.1193925
0.1824724
0.163633
0.3166772
0.2441209
0.1412381
0.2426022
0.2049642
0.131174
0.1707482
0.1254682
0.1275963
0.2459723
0.1473155
0.2502173
0.1444955
0.2142357
0.2281302
0.01332487
0.2383482
0.2661767
0.3200776
0.267961
0.3387366
0.09739872
0.3129857
0.1455002
0.2955412
0.111765
0.3036307
0.1972937
0.3422612
0.2827879
0.191257
0.2619932
0.2618836
0.3505993
0.3320963
0.3193608
0.1737047
0.3013957
0.2369597
-0.03410585
0.2028072
0.1814118
0.1965644
0.2690891
0.3333731
0.2536708
0.3504032
0.2369748
0.3445642
0.2841006
0.1926275
0.0939515
0.3580192
0.1485074
0.4378403
0.2963442
0.2006817
0.3159554
0.2347532
0.2894124
0.3886303
0.3244076
0.3450669
0.3787546
0.3813448
0.1756523
0.1409235
0.2804932
0.1127654
0.2485848
0.3115052
0.334396
0.2726597
0.3437695
0.2794759
0.2474934
0.319051
0.2687669
0.24994
0.4472518
0.1455789
0.326274
0.3287697
0.304492
0.390814
0.2195056
0.3705373
0.2551871
0.3054129
0.253726
0.3517339
0.2399026
0.3146664
0.2808787
0.4459684
0.478125
0.3573565
0.4284495
0.3848946
0.5115478
0.2393518
0.3267973
0.3282598
0.3990071
0.3679821
0.353624
0.3823306
0.2412717
0.3389315
0.3966399
0.402481
0.3857159
0.5921591
0.3695334
0.340465
0.3746668
0.4447791
0.3785971
0.5473434
0.3926214
0.494639
0.294148
0.3662044
0.4329812
0.3444289
0.4104941
0.2895149
0.3035412
0.3538154
0.4344089
0.435339
0.568787
0.5028216
0.5284511
0.279055
0.3622002
0.4830448
0.4112378
0.422656
0.5070622
0.514886
0.4407382
0.5960371
0.3945572
0.4498108
0.4415843
0.2894457
0.5224939
0.415852
0.6018431
0.5757715
0.3266931
0.2808882
0.5291918
0.5112259
0.4044177
0.5213732
0.5990828
0.4755539
0.4283535
0.5421156
0.5459585
0.3957191
0.502009
0.5834822
0.3399537
0.5479092
0.6764566
0.4372597
0.480488
0.5222321
0.6807903
0.4822568
0.3301591
0.611596
0.5883738
0.6388642
0.5093939
0.743379
0.5272329
0.4973256
0.5741789
0.5718543
0.4756083
0.5394802
0.4268814
0.4948074
0.5896808
0.6051714
0.5180179
0.5613285
0.5183579
0.6503139
0.6007028
0.606162
0.5745114
0.5140638
0.562133
0.5699165
0.4331958
0.510239
0.4288115
0.4814923
0.717827
0.5699225
0.5128233
0.5875738
0.6353939
0.6449555
0.5435834
0.5734036
0.6608271
0.513908
0.4999909
0.6739628
0.4897739
0.5316798
0.4525269
0.6219168
0.5888274
0.6208534
0.526588
0.6109902
0.7035567
0.6801513
0.6455671
0.640362
0.5493064
0.7157216
0.6751289
0.5263175
0.646515
0.5752097
0.7321424
0.6131542
0.6764945
0.7571657
0.7186341
0.6376318
0.6792515
0.5519823
0.5396829
0.6472418
0.7375522
0.7134837
0.6612493
0.7318754
0.5929584
0.6577732
0.6651134
0.5701122
0.6638254
0.5208166
0.7404604
0.7182267
0.7618193
0.7576017
0.8028619
0.7291607
0.5732526
0.7426684
0.672466
0.7436151
0.7351401
0.7060012
0.6349607
0.5600272
0.5011302
0.6832054
0.7257381
0.7538562
0.7334837
0.8181107
0.6763825
0.6894813
0.7804809
0.7039188
0.6401866
0.707388
0.8125685
0.7921818
0.6398347
0.8033062
0.7226583
0.6574872
0.6561957
0.8439137
0.7075723
0.7980864
0.9009633
0.6700042
0.7048096
0.7717572
0.7325255
0.6009807
0.8396749
0.6947086
0.6876352
0.7109804
0.9681133
0.7723404
0.7411273
0.8088114
0.7815257
0.7175084
0.8796955
0.8131634
0.7736032
0.6036744
0.63425
0.7765066
0.7780849
0.8768069
0.798444
0.7669263
0.8372708
0.9216467
0.8213517
0.7032969
0.9105841
0.7821579
0.6822684
0.8728376
0.6339983
0.7827113
0.7609258
0.7679557
0.7740044
0.7929388
0.8065819
0.8568897
0.7710983
0.8098621
0.8626549
0.7791255
0.8505306
0.7789287
0.8869386
0.8949217
1.032543
0.9610088
0.8306154
0.883495
0.8504187
0.8809586
0.8110943
0.9379259
0.9872299
0.8375696
0.9122103
0.7497371
0.7892005
0.7085481
0.91178
0.7437642
0.9671082
0.9392997
0.8964655
0.8910216
0.9790977
0.8625154
0.8382411
0.9983432
0.8488772
1.032064
1.017073
0.7646632
0.9234587
0.9867212
0.8553596
0.8522043
0.7809004
0.8732831
1.005086
0.7719156
0.8766274
0.8676366
0.7183272
0.8850513
0.9471378
0.9075873
1.120241
1.015386
0.9427306
0.9598394
0.887777
1.014818
0.9831144
0.8924785
1.001267
1.000665
0.9714797
0.9621379
0.8327773
1.004493
0.8048759
1.028662
0.904503
0.9974295
0.8347194
0.9707907
0.9886233
0.880713
0.8935659
1.070468
0.9935451
1.033833
1.011423
1.018205
0.9130389
1.062486
0.9466861
1.077976
1.004642
0.920086
1.048238
1.086423
0.9349586
0.9014292
0.8576205