-0.03934111
-1.015869
-0.9595317
-1.035527
-0.948479
-0.9536898
-1.026295
-1.099055
-0.9117198
-0.9982599
-1.035324
-1.042279
-1.033713
-0.8758279
-0.9224107
-1.052838
-0.8922762
-0.9132768
-0.890016
-0.9155162
-0.9320688
-0.9875539
-0.9647716
-1.114616
-0.9043407
-1.069758
-0.9642536
-1.016926
-0.9536591
-0.936966
-0.9735425
-0.9951922
-0.9460928
-1.004929
-0.9484194
-0.8874429
-0.9077868
-1.151903
-0.9431212
-0.946177
-1.006016
-0.912781
-0.8345071
-0.7990251
-0.9609004
-0.9785341
-0.8719617
-0.9329694
-1.018976
-0.8756009
-0.9297381
-0.7996122
-0.9129221
-0.9885188
-0.8216113
-1.012609
-0.9069039
-0.8372339
-0.8936528
-1.009564
-1.065073
-0.9223111
-1.024349
-0.8081974
-0.9504429
-0.8223636
-0.7221693
-0.8307201
-0.7670187
-0.8672245
-0.884362
-0.9190138
-1.019866
-0.9859084
-0.7180831
-0.930433
-0.8475321
-0.7116021
-0.860165
-0.8485109
-0.6935723
-0.9533223
-0.916445
-0.8361529
-0.8777287
-0.990435
-0.7263829
-0.8840487
-0.8512088
-0.964691
-0.7725551
-0.7312597
-0.8821127
-0.7058105
-0.6199536
-0.8422678
-0.7476506
-0.8055546
-0.7818178
-0.8419113
-0.7093789
-0.9498507
-0.6341383
-0.8151888
-0.8290607
-0.7698256
-0.751294
-0.7871482
-0.8894829
-0.7493688
-0.8417533
-0.757312
-0.8053904
-0.778881
-0.7911696
-0.7955745
-0.7670253
-0.643872
-0.7776517
-0.7362411
-0.6985766
-0.8581091
-0.7726376
-0.6854772
-0.822493
-0.692679
-0.5834597
-0.7436781
-0.7788514
-0.7156627
-0.7944283
-0.7932724
-0.8246792
-0.7081761
-0.6474506
-0.7295526
-0.7910512
-0.5898831
-0.8013282
-0.6051824
-0.6393613
-0.812421
-0.6565089
-0.8606192
-0.7461483
-0.6159356
-0.7449543
-0.6202248
-0.7955899
-0.8130165
-0.6606789
-0.828067
-0.823026
-0.5922824
-0.6071994
-0.6355594
-0.6078103
-0.745729
-0.6489503
-0.6695884
-0.8091256
-0.5871843
-0.7472195
-0.6665029
-0.6751102
-0.6241437
-0.7669704
-0.6940759
-0.5653447
-0.6534627
-0.6547857
-0.7000815
-0.6540843
-0.606269
-0.6612182
-0.6770867
-0.6678488
-0.7550223
-0.7235047
-0.635954
-0.7051728
-0.6329815
-0.645857
-0.7531128
-0.6724127
-0.5812128
-0.6649496
-0.558738
-0.579963
-0.6260815
-0.6270595
-0.4586594
-0.5564043
-0.534757
-0.5835946
-0.6247693
-0.521332
-0.4830084
-0.667472
-0.634227
-0.6506547
-0.5998266
-0.5782041
-0.5095413
-0.7157579
-0.5475412
-0.6776198
-0.6379984
-0.5464664
-0.7281104
-0.5621924
-0.460113
-0.5646012
-0.6414482
-0.5767174
-0.6228548
-0.5284808
-0.5848063
-0.555411
-0.5898364
-0.5475301
-0.535057
-0.4627106
-0.5479087
-0.6054173
-0.6153359
-0.4661311
-0.3339011
-0.5998961
-0.5271487
-0.61777
-0.6170982
-0.2568695
-0.5159477
-0.573257
-0.6641629
-0.6613069
-0.4299109
-0.42078
-0.4844205
-0.4704165
-0.4803907
-0.6289199
-0.4712766
-0.6118147
-0.5670662
-0.4483575
-0.5214208
-0.4905596
-0.4647706
-0.4495833
-0.4990382
-0.5869712
-0.4852667
-0.4507562
-0.4580845
-0.5045658
-0.494832
-0.4480686
-0.3034956
-0.6187956
-0.5202738
-0.3826733
-0.4658755
-0.5248415
-0.4530361
-0.6074306
-0.4454006
-0.4780665
-0.3940347
-0.3431002
-0.4357908
-0.4124085
-0.4985382
-0.4648042
-0.3824578
-0.3418792
-0.5600328
-0.4928465
-0.4034766
-0.3812511
-0.4394866
-0.4088272
-0.5498344
-0.3577896
-0.4658455
-0.3385854
-0.5068345
-0.6393275
-0.2727404
-0.323406
-0.300879
-0.5747105
-0.3269125
-0.502737
-0.323378
-0.3285416
-0.4032129
-0.3451974
-0.4879562
-0.3658366
-0.5142636
-0.359369
-0.4464316
-0.4297176
-0.4968753
-0.5980969
-0.4412361
-0.3769986
-0.4062358
-0.3955013
-0.4661249
-0.3745873
-0.3251481
-0.4783088
-0.2593165
-0.3419573
-0.2225879
-0.2685913
-0.3880672
-0.5698047
-0.387406
-0.3488062
-0.4360515
-0.4191127
-0.343782
-0.3878181
-0.5355173
-0.2740038
-0.31452
-0.3828164
-0.4413973
-0.3825411
-0.3394148
-0.3962375
-0.2822119
-0.3016357
-0.32666
-0.2653195
-0.2852642
-0.2903537
-0.3791239
-0.3432555
-0.3856934
-0.2662959
-0.2946618
-0.2285633
-0.319919
-0.3615126
-0.4573737
-0.3533597
-0.3807359
-0.2758972
-0.2520584
-0.2225238
-0.2640263
-0.1815756
-0.355795
-0.1691944
-0.3515591
-0.5008092
-0.3241969
-0.26429
-0.2399673
-0.3295577
-0.2370602
-0.3346484
-0.3335667
-0.345836
-0.3125353
-0.2626645
-0.2058633
-0.2548785
-0.3447235
-0.3616918
-0.3407407
-0.1449512
-0.3429359
-0.2407632
-0.2282526
-0.2624848
-0.2733136
-0.2432049
-0.2350827
-0.2017562
-0.2979689
-0.2264077
-0.1203892
-0.2519375
-0.2352617
-0.1975503
-0.06969096
-0.2256468
-0.3457558
-0.2084357
-0.3697482
-0.1510911
-0.04758827
-0.1884527
-0.194521
-0.1833841
-0.1473781
-0.1229196
-0.2467894
-0.06658418
-0.1200583
-0.177323
-0.03691569
-0.188484
-0.2286608
-0.1020398
-0.1637064
-0.1131437
-0.1323758
-0.2313966
-0.1094311
-0.1501669
-0.2252048
-0.2651605
-0.211057
-0.0984271
-0.2088114
-0.2163632
-0.1083267
-0.1380814
-0.2121599
-0.200319
-0.2516875
-0.232923
-0.2499879
-0.3074184
-0.1214396
-0.03724131
-0.2233329
-0.1882292
-0.07987548
-0.04773623
-0.2836168
-0.1460687
-0.1944049
0.006027104
-0.1745729
-0.1427222
-0.01599184
-0.2223181
-0.1211244
-0.2293121
-0.1612391
0.04477387
0.1030828
0.02874845
-0.04452003
-0.1749316
-0.08719344
-0.01487428
-0.1313004
-0.103284
-0.192023
-0.04780164
-0.008362527
-0.1621378
-0.2787321
-0.06253657
-0.04002293
-0.03968223
-0.1098613
-0.1386726
-0.1227079
0.06284994
-0.06382491
-0.01102352
-0.1126342
-0.1317907
0.01291626
-0.00104325
-0.03751017
0.01601556
-0.1310812
0.0982758
-0.1084066
-0.1293426
-0.1697326
-0.1437659
0.02635689
0.168852
-0.1209187
-0.06167798
-0.08611647
0.005069908
0.08058709
0.03659925
-0.007649639
-0.06722686
0.1137267
-0.002771897
0.01523587
-0.08468353
-0.002759956
-0.08267935
-0.02492899
0.02108234
0.1572935
-0.02369612
-0.2155367
0.1239227
0.01050727
-0.07174679
-0.08105599
-0.0300723
0.1524196
-0.1087255
0.004287415
0.1576208
-0.01753182
0.08303218
0.145769
-0.09349142
0.03546818
-0.02778591
0.1082993
0.07245544
0.09914623
0.06598545
-0.03504891
-0.01333074
-0.009803769
0.1402753
0.09111881
0.004342959
-0.0180069
0.1445292
0.05208036
-0.03980716
0.08070066
0.04445962
0.03001537
0.1422173
0.03208874
0.09103332
0.01698466
0.05352896
0.006317747
0.06924854
0.0869505
0.1848829
-0.03547795
0.2099646
0.0357585
0.1275218
0.2632559
0.1546701
0.07009704
-0.1151985
0.2227159
0.09241572
0.1203661
0.06932336
0.1345949
0.1130015
0.1736834
0.1093558
0.1715694
0.1940622
0.1863932
0.1649114
0.1356541
0.2539988
0.2607696
0.1969617
0.2464132
0.06304989
0.2003557
0.1771464
0.2543748
-0.03096723
0.1198487
0.1862881
0.1622259
0.05378796
0.1129376
0.1609288
0.1349403
0.1659494
0.1178584
0.1378245
0.1773672
0.266826
0.1914502
0.1122427
0.2612715
0.1442309
0.2024271
0.2723971
0.1467292
0.3084764
0.2256646
0.207017
0.0411216
0.13404
0.1583489
0.09178518
0.2989957
0.0697513
0.141231
0.2090805
0.1133333
0.233531
0.2236666
0.213184
0.1886003
0.3260636
0.2261653
0.2276888
0.3538017
-0.1273779
0.2361787
0.07404534
0.3010525
0.2980307
0.2855848
0.2924129
0.2940408
0.3652336
0.1727473
0.291904
0.4025712
0.3102409
0.119873
0.2203124
0.2955737
0.3025837
0.146951
0.3012999
0.2333653
0.1332677
0.1607169
0.1705852
0.313572
0.2916031
0.3116534
0.2182398
0.1920834
0.2779475
0.1054692
0.2645153
0.3474511
0.2890062
0.4228024
0.2458194
0.2614766
0.424049
0.3563877
0.3224518
0.2137279
0.3533122
0.3839062
0.4143196
0.2872174
0.3889974
0.2945273
0.4051198
0.4718016
0.1431922
0.3255622
0.4036252
0.2882054
0.1428516
0.5184579
0.1618214
0.4008493
0.2704305
0.3012915
0.3228699
0.3576167
0.368398
0.3323102
0.3518289
0.3434374
0.4414232
0.3186843
0.2861229
0.2574591
0.4767578
0.3907303
0.3832866
0.3309386
0.4790166
0.3053613
0.3368653
0.2832138
0.3876592
0.4230655
0.4205446
0.3574167
0.3998414
0.4436947
0.3238571
0.145563
0.4222046
0.3240162
0.3901957
0.3325123
0.3680348
0.5319894
0.3582427
0.4262879
0.343617
0.437964
0.3977662
0.2965746
0.274122
0.350131
0.2395178
0.3135326
0.5147247
0.4284171
0.4356114
0.4224882
0.3580758
0.5221761
0.4389663
0.3823658
0.4139542
0.6150516
0.344265
0.6604357
0.4524746
0.4404299
0.5077645
0.5292011
0.4842186
0.4234444
0.395408
0.2817852
0.5207849
0.3523549
0.4690546
0.4276794
0.5789348
0.3914318
0.5122116
0.6198272
0.5386608
0.4609436
0.5509079
0.5702419
0.6009944
0.5310298
0.5728344
0.589305
0.509279
0.2992241
0.5064459
0.3363372
0.4975021
0.5529992
0.58793
0.4538605
0.4390904
0.5948376
0.6852208
0.444477
0.4349594
0.5260297
0.5725383
0.6774981
0.5613477
0.7214338
0.553128
0.5044024
0.5889172
0.5498072
0.4642524
0.4691795
0.6213404
0.5268248
0.5679846
0.4973167
0.6093494
0.721859
0.6198003
0.4782466
0.4977803
0.4647757
0.6117545
0.5782502
0.499485
0.6046384
0.7238548
0.5801556
0.4659206
0.7681382
0.6134748
0.5055634
0.5288754
0.4486573
0.6467454
0.6159071
0.6433535
0.6052353
0.6766678
0.620882
0.4168751
0.5950772
0.6610858
0.7799904
0.6993955
0.6774752
0.7102838
0.7165048
0.6148598
0.6471701
0.5714608
0.6862969
0.6310185
0.6231863
0.6592
0.6827592
0.4561717
0.6373191
0.6141302
0.4829496
0.7025279
0.6569211
0.6700985
0.6477336
0.5428653
0.5106845
0.6920834
0.6655358
0.8260191
0.5736173
0.6829917
0.5643051
0.5699958
0.7202567
0.6958086
0.6613551
0.6689845
0.7261056
0.6622333
0.5801709
0.591706
0.6742032
0.6423804
0.8227948
0.5428458
0.7964773
0.6377931
0.6322044
0.5895041
0.5004327
0.6661277
0.7858724
0.7547825
0.7701362
0.5842577
0.7528756
0.684575
0.6778335
0.7545947
0.5979873
0.5804028
0.8540955
0.6953078
0.7573907
0.5711808
0.7696605
0.6620043
0.6857222
0.6612447
0.8243244
0.8326328
0.7321951
0.835795
0.7871622
0.7482662
0.7716308
0.9055488
0.6986326
0.7511381
0.6737979
0.7085255
0.7691591
0.7517985
0.6796305
0.7454555
0.6869815
0.7279592
0.8244878
0.855626
0.6458902
0.9386637
0.8030879
0.7131017
0.5883472
0.7647857
0.6864428
0.7273711
0.8796211
0.7121836
0.7357482
0.9142539
0.7814577
0.6933876
0.8780354
0.6777389
0.8811854
0.9542972
0.9622475
0.8408232
0.8945769
0.7908516
0.8505137
0.9133963
0.862296
0.9194132
0.864519
0.8495749
0.8190655
0.8309452
0.8676296
0.9578112
0.9302965
0.7998132
0.7889842
0.7946623
0.796352
0.8508004
0.840251
0.7099836
0.8862038
0.8246245
0.9328077
0.9781572
0.9576049
0.953118
0.8433216
0.8915489
0.8357066
0.8523459
0.8289968
1.007663
0.8899702
0.9120486
1.041588
0.961623
0.824645
0.8849605
1.055858
0.9326976
0.9835552
0.901524
0.6875316
0.9010733
0.8885735
0.9355602
0.9764388
1.008264
1.079176
1.048746
0.9545608
0.9394229
0.9572133
0.841251
0.8628999
1.030502
0.9988671
0.8728412
0.8714672
0.952047
0.9689946
0.8817657
0.9992336
1.049221
0.9176704
1.111011
1.115164
0.90279
0.9168052
1.026518
1.048053
0.8887727
0.8829733
0.93622
0.8211418
0.9948032
1.000374
0.9295786
0.8776367
1.058233
0.9121626
0.9079623
1.130865
1.038402
1.050721
1.171397
0.8476974
0.9607571
0.9773748
0.9744942