0.02697177
-0.9539917
-1.040581
-0.9364086
-1.064338
-0.9632767
-0.9860256
-1.024761
-1.139812
-1.001472
-0.9468443
-0.927021
-1.015505
-0.9610148
-0.9489857
-0.9522262
-0.9094779
-0.8653146
-1.012026
-0.9500052
-1.014401
-0.9620093
-0.8587392
-0.9096953
-1.104093
-0.8684075
-0.8993964
-0.9572011
-1.023524
-0.9511014
-0.9159435
-0.907382
-0.8961006
-0.9932733
-0.8736511
-0.9095466
-0.8911822
-0.8207968
-0.9293339
-0.9288022
-0.6756959
-0.7588095
-0.8662591
-0.8818814
-0.9926149
-0.7811482
-0.9739162
-0.9074326
-0.9411917
-0.9154765
-0.8346477
-1.011811
-1.01518
-0.6690244
-0.7558329
-0.7839404
-0.8733234
-0.987464
-0.8573671
-0.8219155
-0.7196634
-0.8176686
-0.950418
-0.9505891
-0.8835161
-0.837849
-0.9596156
-0.8389533
-0.8509917
-0.811832
-0.8136515
-0.6413561
-0.7593888
-0.9770779
-0.9908011
-0.8689687
-0.8018167
-1.012752
-0.7301915
-0.8534878
-0.8388675
-0.8385271
-0.9032871
-0.8454612
-0.8360682
-0.8188333
-0.6463494
-0.9128658
-0.7936773
-0.9157878
-0.8497688
-0.8393155
-0.7306402
-0.8807047
-0.7256835
-0.713005
-0.6957145
-0.8431325
-0.7242371
-0.8335643
-0.8128897
-0.7562708
-0.8032859
-0.9128808
-0.8942868
-0.921912
-0.7262701
-0.7301955
-0.8912666
-0.7165731
-0.8805396
-0.7819666
-0.7822393
-0.703213
-0.69198
-0.7936521
-0.6986439
-0.7023276
-0.8735294
-0.7210997
-0.8128625
-0.7452122
-0.8626423
-0.8193517
-0.7256044
-0.5994299
-0.6976045
-0.9221344
-0.7344837
-0.7258964
-0.7110749
-0.5520924
-0.7355819
-0.830619
-0.7577388
-0.7822997
-0.701062
-0.5315217
-0.532509
-0.7116236
-0.769287
-0.6779626
-0.7722534
-0.8123579
-0.773441
-0.7298392
-0.6132858
-0.6839226
-0.6432868
-0.687729
-0.6890519
-0.7019815
-0.7050351
-0.6388844
-0.741103
-0.6314355
-0.7635037
-0.6568515
-0.6235548
-0.5602172
-0.6287728
-0.6011419
-0.5468286
-0.60435
-0.6641537
-0.650596
-0.6462106
-0.6755143
-0.817733
-0.5933376
-0.6608822
-0.6252751
-0.653439
-0.7117542
-0.612586
-0.7619293
-0.6903698
-0.7401966
-0.6572377
-0.8027193
-0.5045063
-0.6622941
-0.6050387
-0.7016195
-0.5726118
-0.5713786
-0.5326037
-0.6309245
-0.6726155
-0.5752505
-0.6796084
-0.5615649
-0.6359444
-0.6762067
-0.6645422
-0.5359911
-0.5785252
-0.5290186
-0.4959673
-0.4839936
-0.6339491
-0.5720067
-0.6608
-0.5302735
-0.6565785
-0.738075
-0.616152
-0.7846291
-0.4853745
-0.4850276
-0.5498441
-0.5657057
-0.5685892
-0.4946918
-0.6586212
-0.6112233
-0.5543937
-0.5503233
-0.5691155
-0.6748252
-0.3796556
-0.539983
-0.5677482
-0.5357429
-0.6119761
-0.5245323
-0.5616317
-0.7080207
-0.5164458
-0.5235064
-0.5582055
-0.5627517
-0.527273
-0.4684403
-0.6995683
-0.5380069
-0.7029722
-0.4984746
-0.5276494
-0.6425043
-0.6451008
-0.5213273
-0.4952958
-0.5034653
-0.6016976
-0.6177732
-0.466986
-0.4819261
-0.5310137
-0.4030757
-0.4406115
-0.5320868
-0.67183
-0.4738852
-0.5104283
-0.461673
-0.4561072
-0.6467068
-0.5244421
-0.4621152
-0.4368901
-0.5188076
-0.5891908
-0.5296735
-0.2728749
-0.4440989
-0.4261545
-0.4759818
-0.4839265
-0.3884067
-0.3760411
-0.3312577
-0.4108299
-0.6378223
-0.5972305
-0.4009358
-0.435542
-0.5140546
-0.407586
-0.380482
-0.5520971
-0.4148259
-0.5287036
-0.3652706
-0.4848408
-0.5837838
-0.3315836
-0.4528233
-0.3523128
-0.4490199
-0.2936377
-0.4361603
-0.567133
-0.3625674
-0.3372026
-0.4415623
-0.4441578
-0.5108768
-0.3418629
-0.3684283
-0.4036456
-0.4650716
-0.4085333
-0.450898
-0.4357206
-0.4225465
-0.3218693
-0.5146997
-0.4531514
-0.4112897
-0.2948366
-0.5179077
-0.3950106
-0.4712448
-0.4384005
-0.3444041
-0.412212
-0.5015492
-0.2048835
-0.3319655
-0.3246731
-0.3031085
-0.405561
-0.3690807
-0.3237168
-0.5033978
-0.4903902
-0.2045396
-0.2775288
-0.2793622
-0.2849698
-0.346927
-0.3321676
-0.31606
-0.1824768
-0.3784606
-0.4835135
-0.2384361
-0.3314678
-0.3356956
-0.2841331
-0.364363
-0.392828
-0.423657
-0.2996135
-0.2814044
-0.2874701
-0.2142503
-0.2483582
-0.3439009
-0.3419786
-0.3534393
-0.3746793
-0.2402243
-0.2128458
-0.242171
-0.2270147
-0.2706377
-0.3240802
-0.2874316
-0.2629101
-0.2115709
-0.2889759
-0.3952682
-0.2905642
-0.184664
-0.2658595
-0.3238554
-0.2463571
-0.4265773
-0.1692026
-0.2170071
-0.2415095
-0.3589648
-0.401759
-0.2633688
-0.2581874
-0.2586753
-0.2867584
-0.2276879
-0.0666467
-0.1318708
-0.4318769
-0.3001286
-0.3600611
-0.2731654
-0.1116233
-0.1939877
-0.2699987
-0.2291018
-0.2173678
-0.1359554
-0.1992429
-0.1864285
-0.3773672
-0.373731
-0.3155595
-0.3201446
-0.2117992
-0.2216484
-0.09235794
-0.0581177
-0.2239592
-0.3277217
-0.1158457
-0.1604507
-0.1347884
-0.1556756
-0.1581836
-0.09927221
-0.1658187
-0.08840042
-0.1484312
-0.1488489
-0.1603439
-0.1302306
-0.1755289
-0.1244274
-0.03855262
-0.1927552
-0.1211143
-0.2925512
-0.2114273
-0.1629255
-0.1537496
-0.03287889
-0.1384506
-0.1687411
-0.05837593
-0.07597115
-0.1110689
-0.08434567
-0.2127515
-0.04133505
-0.1022126
0.00867595
-0.1371773
-0.09507272
-0.1594494
-0.0833749
-0.08725863
-0.1952734
-0.3177115
-0.1466698
-0.2081116
-0.1727048
-0.2388891
-0.2421811
-0.09109559
-0.024756
0.02062191
-0.162475
-0.1723861
-0.07216053
-0.0843217
0.01646313
0.03194062
-0.1345812
-0.005943692
-0.08230812
-0.09766686
-0.1328114
-0.171322
-0.01622066
-0.03524558
-0.1246091
-0.1467292
0.009445215
-0.1393826
-0.06967313
-0.04834418
-0.1107445
0.05177756
-0.1115179
0.02958582
-0.04840906
-0.1481585
-0.08376051
-0.06615906
-0.002038715
-0.07203758
0.08280466
-0.04672405
-0.08282001
-0.02955406
-0.1513126
0.08320508
-0.02557156
0.1303186
-0.1070803
-0.06119624
-0.01899041
0.04130233
-0.03509658
0.00612481
0.1071419
-0.0902977
-0.09524005
0.03559329
0.002165515
-0.07892271
-0.181838
0.1130137
-0.02068215
-0.08416481
0.07343262
-0.01149384
0.2275694
0.1606741
-0.1219942
0.04958128
-0.08626417
0.0995287
-0.01508707
0.09517659
0.1131501
0.09078069
0.2064415
0.1239235
-0.06790145
0.02405842
-0.09383295
-0.008392441
0.1172455
0.2142155
0.07204297
-0.08424964
-0.04474418
0.1560443
0.08493802
0.1205134
0.02739615
-0.01579283
0.1672141
0.08057025
0.1477483
0.03774895
-0.03916216
-0.01028495
0.2526086
-0.1050156
0.05868132
0.1368727
0.03643546
0.1368489
-0.04253614
0.2179615
0.02553957
0.1079093
0.1448419
0.008803269
0.1349567
0.02795065
-0.03120713
0.1604253
0.1818315
0.123325
0.1077736
0.1646377
0.2554661
0.2129541
0.1518212
0.06484316
0.1745459
0.007364522
0.157428
0.08775134
-0.0600104
0.09366492
0.2206201
0.09823332
0.1368003
0.107642
0.1007751
0.1476638
0.14938
0.059191
0.01020876
0.1190032
0.1653596
0.1709044
0.3050838
0.265199
0.1521438
0.2163628
0.1879475
0.1181665
0.1732667
0.1286116
0.1428092
0.2494679
0.1656226
0.2225049
0.1335436
0.2156285
0.2050405
0.0387172
0.2395081
0.2470492
0.3202643
0.2823481
0.3528697
0.07426852
0.3082766
0.1462479
0.300189
0.09739792
0.3087386
0.2053449
0.3101679
0.2970921
0.1830856
0.2399241
0.2536538
0.3461624
0.3290419
0.3076997
0.1883309
0.3035472
0.2364951
-0.02340184
0.2071728
0.1690087
0.2002574
0.2838768
0.3261426
0.2746222
0.3366775
0.2395817
0.3509475
0.2690648
0.2048014
0.08568502
0.3410404
0.1629997
0.4336712
0.2914191
0.1923144
0.3235116
0.2390424
0.2920895
0.3866452
0.3271664
0.3569205
0.3890629
0.3843673
0.1804138
0.1214913
0.2952528
0.1148012
0.2440908
0.2858995
0.3307311
0.2846599
0.3265343
0.2507707
0.2390204
0.2931759
0.2764036
0.2632422
0.4173573
0.1501797
0.3290653
0.3151883
0.3048997
0.3615068
0.2339527
0.3659055
0.2673199
0.3080261
0.2481485
0.3422748
0.2453764
0.3107664
0.2613649
0.4347095
0.4577067
0.346858
0.4236906
0.3804284
0.527147
0.209629
0.2907995
0.3398467
0.3741242
0.3624113
0.3499793
0.3842638
0.2563527
0.3332219
0.4123236
0.3913113
0.3848366
0.6023466
0.3680495
0.3461184
0.3810518
0.453058
0.3969437
0.526933
0.3969443
0.5070619
0.2856804
0.3727252
0.4486082
0.342468
0.4097598
0.280781
0.3035939
0.3431399
0.4099301
0.4412487
0.5831994
0.472049
0.5483574
0.2899096
0.3781701
0.4926228
0.4056267
0.4145471
0.4969913
0.5311841
0.4261901
0.5889939
0.3629267
0.4519278
0.4256689
0.2942335
0.5268305
0.3926654
0.586236
0.573987
0.3259931
0.2636852
0.5359924
0.4955767
0.3634828
0.5291177
0.6035046
0.4826961
0.3864744
0.5231716
0.5439883
0.389738
0.5187806
0.593628
0.3511339
0.5578087
0.6849859
0.4632861
0.4784547
0.5097508
0.6807286
0.4758361
0.3263017
0.6083849
0.5868922
0.6389392
0.5266614
0.7372604
0.5155812
0.4856911
0.5959473
0.5663105
0.4754994
0.5351115
0.4083516
0.5011229
0.5985274
0.6075582
0.5054405
0.568062
0.5165334
0.6518072
0.6318414
0.6006961
0.5751752
0.4961493
0.5667835
0.5497283
0.4557453
0.4981662
0.4089416
0.4782869
0.7409058
0.5744919
0.5181009
0.5845125
0.623347
0.6415019
0.5892054
0.555456
0.6599804
0.5123964
0.4939871
0.6807748
0.4830031
0.5280323
0.4458762
0.6146762
0.5846026
0.6069583
0.5076924
0.6180413
0.6828618
0.6936432
0.6303774
0.6451109
0.5292626
0.7221874
0.659069
0.524917
0.6451166
0.5474478
0.7367531
0.6219545
0.6754539
0.7264272
0.6838912
0.6355854
0.6776358
0.5715225
0.5465521
0.6362142
0.7304329
0.7322507
0.6272781
0.7260536
0.6048267
0.6684345
0.6769871
0.5573204
0.6661136
0.5383649
0.7300704
0.7182122
0.7772544
0.7462827
0.8075768
0.7276748
0.5548985
0.7688088
0.6477605
0.7457225
0.7274364
0.7186597
0.6596308
0.559137
0.4980691
0.6852788
0.722894
0.7503825
0.7482755
0.7951706
0.6736274
0.6699459
0.7751609
0.691309
0.6391866
0.7007039
0.833782
0.7801825
0.6214197
0.800715
0.7363808
0.6505041
0.6478598
0.8288955
0.7029031
0.8096633
0.921805
0.6986836
0.7123218
0.7634702
0.7500984
0.5973656
0.8438564
0.6931852
0.6870205
0.7113789
0.9723447
0.7579067
0.7464494
0.8119555
0.7707799
0.7099567
0.8625077
0.7944197
0.7704263
0.5997893
0.6373191
0.8061138
0.7989668
0.8876442
0.802719
0.7773152
0.8751087
0.9109289
0.8129579
0.7054382
0.9068767
0.79273
0.7100026
0.8810682
0.6344096
0.7961743
0.7476871
0.747885
0.7913648
0.7880312
0.8076893
0.8539602
0.7530719
0.7853767
0.8849849
0.7570968
0.86076
0.7885591
0.8794094
0.8702581
1.051181
0.9391474
0.7994776
0.8764445
0.8723453
0.8958677
0.7974883
0.9477491
0.9703572
0.8352617
0.9145612
0.7550771
0.7562049
0.7133206
0.8853577
0.7490424
0.9657304
0.9410084
0.9031898
0.8920142
0.9970684
0.8654005
0.8450084
0.9880672
0.8825088
1.023885
0.9878087
0.772057
0.9115894
1.004122
0.8449702
0.8348211
0.7687291
0.8334937
1.010928
0.7628894
0.8970711
0.8487101
0.7111053
0.8946244
0.9456252
0.922553
1.117867
1.032774
0.9435785
0.9753364
0.8897156
1.004946
0.9721017
0.9013727
1.004523
1.002889
0.9571768
0.9841551
0.8013724
1.001512
0.8228601
1.024692
0.9202152
1.004974
0.8379508
0.9532887
0.9766614
0.9029894
0.8994096
1.079127
0.9962042
1.044336
0.9978349
1.016753
0.893037
1.074177
0.9637115
1.073219
0.999917
0.9344319
1.012716
1.068108
0.9304379
0.9069926
0.8437463