-0.05147566
-1.099628
-0.9875328
-1.0435
-0.9109176
-0.9124228
-0.891459
-0.9086217
-0.9521426
-1.147015
-0.9297733
-0.9102197
-0.9856616
-0.9784521
-0.8680369
-1.02507
-1.006662
-0.7605146
-0.997112
-1.016094
-0.9762326
-0.7738249
-0.9013355
-0.9798932
-0.8875093
-0.9175695
-1.001987
-0.9373334
-0.9451069
-0.9268241
-0.7934253
-0.9111876
-0.8255471
-1.033254
-0.9459844
-0.8458533
-0.9785042
-0.9228203
-0.9703342
-0.8620774
-0.8388157
-0.9561774
-0.9219023
-1.057668
-0.9790682
-0.9936511
-0.9791785
-1.055112
-0.9335308
-0.8795891
-0.8842931
-0.9516825
-1.023522
-0.8771517
-0.9010262
-0.9964108
-0.8216415
-0.8139528
-0.9256898
-0.9166954
-0.8685453
-0.8728506
-1.036684
-1.005412
-0.7991158
-0.872057
-0.8489846
-0.8995434
-0.7278189
-0.9379457
-0.9072783
-0.9559756
-0.9253915
-0.9548785
-0.9479731
-0.8327669
-0.9155954
-0.8773002
-0.7260369
-0.8251698
-0.7802951
-0.8871766
-0.8167043
-0.9340222
-0.9504339
-1.010686
-0.836819
-0.7595868
-0.803444
-0.7925838
-0.894965
-0.9436506
-0.7360694
-0.9050981
-0.7530184
-0.8873227
-0.7917224
-0.7748622
-0.9270017
-0.7642348
-0.8452838
-0.7454697
-0.8009663
-0.7946813
-0.7469461
-0.7684028
-0.8321507
-0.5946801
-0.743155
-0.8157914
-0.8618518
-0.8150779
-0.8216866
-0.7800698
-0.5364456
-0.8123835
-0.7913961
-0.7391191
-0.7988769
-0.6510624
-0.8794356
-0.7045843
-0.9082482
-0.6775461
-0.693407
-0.8079974
-0.7830628
-0.7959983
-0.782623
-0.8472468
-0.8176731
-0.7520314
-0.8313345
-0.6049002
-0.7109699
-0.8148435
-0.8136912
-0.6886373
-0.7469871
-0.812437
-0.6759474
-0.7412886
-0.7415818
-0.5081697
-0.8063339
-0.6474634
-0.7547807
-0.4815697
-0.6386559
-0.6579181
-0.6989256
-0.6093495
-0.6517491
-0.6337669
-0.7129155
-0.7650013
-0.6567741
-0.6822578
-0.5900575
-0.8083572
-0.733915
-0.6506541
-0.5651757
-0.6011071
-0.6013053
-0.7207533
-0.7146733
-0.6890454
-0.6962988
-0.6249433
-0.5856285
-0.6619422
-0.6178098
-0.4896514
-0.7398895
-0.5858709
-0.7672832
-0.5998944
-0.7649547
-0.5942005
-0.5407963
-0.6174955
-0.644384
-0.5740245
-0.5995538
-0.6198266
-0.7198544
-0.6499044
-0.5706005
-0.5569437
-0.7518973
-0.6370228
-0.7264493
-0.5696208
-0.5988452
-0.6347148
-0.5511186
-0.6118182
-0.6462193
-0.4890253
-0.5620165
-0.7853547
-0.6153999
-0.6057697
-0.6459044
-0.6572311
-0.5503371
-0.4291834
-0.5963857
-0.4195944
-0.5130311
-0.5658476
-0.5069249
-0.4883822
-0.609394
-0.6112076
-0.5511861
-0.6766309
-0.501356
-0.6563535
-0.5797826
-0.5298336
-0.6854113
-0.6755707
-0.4115882
-0.6319772
-0.5732475
-0.3746057
-0.4891126
-0.5811977
-0.5656981
-0.3804065
-0.6149135
-0.4738398
-0.5814832
-0.6381698
-0.4914932
-0.4927879
-0.5331312
-0.461801
-0.5259249
-0.4582019
-0.5297431
-0.5594631
-0.4214172
-0.5778932
-0.6123379
-0.5017504
-0.5758369
-0.6517124
-0.5388127
-0.3667273
-0.6952423
-0.3644385
-0.5358133
-0.5365444
-0.5062577
-0.4838156
-0.4747914
-0.4082898
-0.3782
-0.49858
-0.6027781
-0.4642126
-0.4826881
-0.5307093
-0.3978111
-0.4085492
-0.4402026
-0.4906694
-0.4022651
-0.3476039
-0.4721557
-0.4032425
-0.3185729
-0.3290438
-0.4198447
-0.4511506
-0.3848296
-0.5015204
-0.4404159
-0.3999992
-0.3451875
-0.4676295
-0.5148359
-0.332873
-0.4635183
-0.5222406
-0.2961634
-0.5813465
-0.4570641
-0.3763839
-0.4428198
-0.3880479
-0.4172938
-0.3631657
-0.4071824
-0.544898
-0.3361395
-0.42131
-0.5795093
-0.5305028
-0.4002391
-0.4904437
-0.4754242
-0.4538274
-0.3414986
-0.2771867
-0.4527596
-0.4625584
-0.4903133
-0.5973802
-0.3824606
-0.4042393
-0.3520751
-0.4391023
-0.4667212
-0.3377284
-0.4148967
-0.4170824
-0.4411789
-0.3816493
-0.3579449
-0.2483573
-0.3857496
-0.3946198
-0.4450335
-0.3581065
-0.4105774
-0.2867514
-0.3710291
-0.3956175
-0.3443211
-0.355146
-0.3721512
-0.1813579
-0.1652535
-0.185771
-0.3773535
-0.3692183
-0.3601707
-0.3497684
-0.3178451
-0.2957136
-0.3977155
-0.3729338
-0.2742054
-0.2667575
-0.3536847
-0.2616067
-0.243032
-0.2125143
-0.2927671
-0.2690449
-0.2183226
-0.3773123
-0.260607
-0.2046137
-0.3878344
-0.1867841
-0.3714366
-0.2193099
-0.2991787
-0.2396336
-0.1929862
-0.2733845
-0.3558117
-0.4147834
-0.4125843
-0.2394199
-0.2358954
-0.2013092
-0.314214
-0.3761005
-0.1221174
-0.3458302
-0.2654541
-0.2066718
-0.1627344
-0.3248196
-0.1391388
-0.1393998
-0.2778822
-0.4323258
-0.4065813
-0.1169849
-0.1938018
-0.2218889
-0.2133957
-0.159768
-0.3394189
-0.3247144
-0.3423976
-0.3271759
-0.3151979
-0.1594769
-0.2677523
-0.2365657
-0.1490748
-0.2483104
-0.3063615
-0.01062364
-0.05156991
-0.3642785
-0.3314029
-0.1924128
-0.2474975
-0.1576622
-0.01899409
-0.2157941
-0.1669811
-0.2801671
-0.1516906
-0.2571678
-0.1713887
-0.0958938
-0.16585
-0.3058464
-0.2125245
-0.1744331
-0.1304487
-0.154136
-0.1069323
-0.220635
-0.04087071
-0.3636813
-0.1286586
-0.03418649
-0.1697011
-0.05635106
-0.199762
-0.202743
-0.06095106
-0.1326998
-0.1424376
-0.237322
-0.05855445
-0.2320175
-0.09630612
-0.2592074
-0.1967603
-0.1631627
-0.1453584
-0.05849476
-0.1417259
-0.06163174
-0.3014908
-0.2467599
-0.1075226
-0.07435932
-0.2335448
-0.03123515
-0.009686865
-0.2509376
0.04803108
-0.2161863
0.01202566
-0.01576571
0.02715247
-0.294458
-0.07762209
-0.04420711
-0.1494286
-0.04803111
-0.1397567
0.06482302
-0.09993087
-0.1644264
-0.03819933
-0.01837712
-0.006919842
-0.1092785
-0.1041878
-0.07654353
-0.04830388
0.01456758
-0.1773226
-0.07013756
0.0403916
-0.02392521
-0.06203756
-0.05266044
0.04299141
0.05107632
-0.03992628
-0.08313915
-0.01389828
-0.2087825
-0.0522315
0.0450186
-0.09272666
0.1095788
0.05062278
0.02111053
-0.1635655
-0.06830577
0.03597476
-0.1826233
-0.03104202
-0.004593574
-0.1040092
-0.001656311
0.1243534
0.004825842
-0.05855703
0.1024666
-0.02113365
0.05065684
0.02204178
-0.00646092
-0.0009328481
-0.04577785
0.0005441355
-0.007603062
0.09300969
0.1278706
0.01100915
0.04044644
0.0115988
0.07623667
0.1008178
-0.07511367
0.1453711
0.03659872
0.01523127
0.1244798
0.00856316
-0.06467908
-0.08658692
0.05552187
-0.03077142
0.211734
0.1124062
0.1002826
0.1548287
0.1356452
0.04671094
-0.03243875
0.1015166
0.1426456
0.03828937
0.102461
0.1004076
0.002855422
0.1259836
0.02799238
0.1264778
-0.002403614
0.1952888
0.04112695
0.2669755
0.1452538
0.1161754
0.02674496
0.1726353
0.1970474
0.1309916
0.06671134
0.09259557
-0.04255017
0.1055862
0.1918888
0.1190973
0.09653172
0.1476328
0.2502173
0.1641488
0.0229999
0.1436436
0.1521896
0.2272142
0.1610488
0.3118381
0.128841
0.1727507
0.00594957
0.1859184
0.175459
0.1651572
0.1516029
0.188447
0.1433156
0.1491795
-0.0292049
0.07889542
0.2492501
0.308244
0.1272585
0.123149
0.3180159
0.1585075
0.1577375
0.1706168
0.1193371
0.2359086
0.04756389
0.2247615
0.2455897
0.1230707
0.3401756
0.199123
0.1649435
0.1095158
0.01907275
0.3265348
0.2227938
0.1253497
0.1812064
0.21198
0.3539265
0.2347413
0.1661546
0.08259951
0.1858079
0.2555318
0.2061382
0.09914375
0.1564816
0.2624495
0.1330823
0.3037762
0.194825
0.2344503
0.3698273
0.2473071
0.2730049
0.1519973
0.1582057
0.3067531
0.2648782
0.09729058
0.03402058
0.2968635
0.3358984
0.250228
0.1864468
0.2546024
0.2954371
0.164158
0.2071084
0.2653273
0.2522412
0.2472158
0.3885111
0.2441877
0.3780264
0.122738
0.2902124
0.3184758
0.2429373
0.4204497
0.3202542
0.2731897
0.3906998
0.3816547
0.4124099
0.3639071
0.3078145
0.29714
0.3842364
0.3282928
0.1756002
0.3312798
0.42609
0.3829574
0.4405427
0.3979223
0.2405716
0.3642076
0.2849573
0.2555204
0.4059823
0.4304313
0.4047396
0.3020722
0.3993686
0.2750426
0.4997759
0.5877307
0.5507897
0.4022565
0.5261065
0.3400173
0.3782278
0.3291561
0.345833
0.4320543
0.5551358
0.3447195
0.3820066
0.4667432
0.3500171
0.2246113
0.2457311
0.3498995
0.3175941
0.3259823
0.2643117
0.4595455
0.3857852
0.2591221
0.3974028
0.3979496
0.4960349
0.3739799
0.3769922
0.3457743
0.4422375
0.348084
0.4144343
0.3480107
0.4004235
0.3201317
0.3399722
0.498832
0.3936456
0.4255025
0.4300186
0.4431334
0.3785565
0.241574
0.4013682
0.2982851
0.5780307
0.47572
0.4949272
0.3537641
0.5630293
0.507613
0.5124667
0.4480152
0.4316864
0.4674648
0.4072781
0.4585548
0.4519206
0.4709068
0.3834345
0.4603472
0.3810684
0.435888
0.3491518
0.4870829
0.4569307
0.4518283
0.5431428
0.5751168
0.5927465
0.5452348
0.552722
0.5652758
0.5262275
0.6078415
0.6126181
0.52216
0.5349837
0.6404618
0.5741259
0.4357295
0.546444
0.5401769
0.5059372
0.5258985
0.4593338
0.6004232
0.4127277
0.501153
0.4551793
0.5814243
0.5196935
0.5423802
0.5159176
0.5406872
0.4688204
0.4779197
0.5439789
0.4357075
0.5139657
0.6416494
0.6436004
0.6183641
0.5877141
0.6609106
0.4513472
0.5849936
0.6250951
0.5243909
0.6063055
0.5396731
0.5244561
0.4317701
0.7505814
0.6099087
0.5858539
0.4699932
0.4991524
0.5806479
0.5550196
0.5910328
0.6684043
0.5513887
0.5800293
0.44839
0.6552376
0.548591
0.4305112
0.4726117
0.5407238
0.6339895
0.6379854
0.6158905
0.7193016
0.75239
0.6804522
0.7185291
0.5238808
0.5515442
0.6792281
0.5964236
0.6489871
0.6376923
0.6751375
0.4299445
0.6757741
0.6819717
0.8399171
0.7043393
0.6737672
0.6857104
0.7440577
0.852128
0.6763124
0.6244688
0.6704381
0.6688129
0.7623987
0.688434
0.5997799
0.7425403
0.6832917
0.6605719
0.649413
0.6922242
0.683907
0.6171138
0.7757907
0.5870829
0.6619846
0.5775117
0.6231058
0.8002608
0.7238204
0.7248267
0.7513907
0.8008708
0.8107496
0.7136214
0.689062
0.7678374
0.5957113
0.8858347
0.703298
0.766019
0.8072447
0.6653493
0.7257502
0.6361162
0.7836093
0.6986884
0.6188803
0.6215326
0.7603276
0.6808905
0.8559062
0.8432068
0.7132463
0.6884792
0.8187747
0.7979721
0.5871218
0.7889474
0.6819853
0.6954736
0.7798804
0.7058111
0.7306535
0.6950712
0.7719909
0.7796585
0.7033061
0.8443338
0.8557341
0.9453272
0.8574532
0.7335388
0.8263379
0.6656092
0.7364085
0.7359119
0.7121439
0.911457
0.8158605
0.8701382
0.6515224
0.7984609
0.8090786
0.8214735
0.7619472
0.8607753
0.7178641
0.8190429
0.7313347
0.7951229
0.8108102
0.7986831
0.7301242
0.7822638
0.8776043
0.8209437
0.9633019
0.863904
0.8840818
0.8268469
0.8103024
0.7662587
0.9807513
0.9117997
0.8594498
0.8400468
1.047597
0.8180291
0.9351376
0.9627407
0.8702686
0.8102417
0.9001393
0.7702093
0.8645431
0.7446892
0.9037143
0.9824094
0.7951397
0.9589866
0.7821281
0.889018
0.9753589
0.8514081
0.938929
0.8507631
0.8800894
0.7412781
0.8941296
0.9722594
0.9748462
0.9552973
0.9145095
0.780702
1.105324
0.9387043
0.8681406
0.9463726
0.8569547
0.9242609
0.936841
0.9907974
0.9615329
1.028082
0.8857271
0.9010392
0.8044791
0.9095303
1.018683
0.9412856
1.06267
0.9542438
1.046259
0.8493974
0.8624921
0.9829729
0.8929305
0.9589993
0.7646757
0.9125034
1.053892
0.9382463
0.8241278
1.021615
0.9650896
1.025854
0.9439886
0.9965667
1.148896
0.9655663
1.122761
1.000002
0.9478493
1.000852
0.922665
1.044214
1.086661
0.8832165