-0.02755236
-1.040118
-0.9820395
-1.03976
-0.942682
-0.9819321
-1.051061
-1.102544
-0.9423861
-0.9660895
-0.997292
-1.048517
-1.025854
-0.8574429
-0.9321118
-1.075651
-0.8820361
-0.922197
-0.8940528
-0.8911994
-0.9414202
-1.000203
-0.9668385
-1.07867
-0.8967581
-1.081594
-0.924595
-1.015242
-0.9583142
-0.9285717
-0.9682533
-0.9682004
-0.9817962
-0.9825772
-0.9675736
-0.8779964
-0.9166175
-1.166553
-0.9359767
-0.9544168
-0.9993713
-0.9175958
-0.8416163
-0.8030586
-0.9537425
-0.9949575
-0.8761007
-0.9180421
-1.023578
-0.8571215
-0.9480465
-0.7875282
-0.9231282
-0.9943447
-0.8462102
-1.03786
-0.8902566
-0.8377659
-0.8891417
-0.9915757
-1.076722
-0.903769
-1.026893
-0.7811571
-0.9514007
-0.812755
-0.7231153
-0.8367677
-0.7700262
-0.8604481
-0.8838619
-0.9151274
-1.020286
-0.9904374
-0.7004282
-0.9206193
-0.8573801
-0.7258423
-0.85855
-0.8412427
-0.6845008
-0.9657806
-0.9050003
-0.848986
-0.8661085
-1.005695
-0.7214804
-0.868359
-0.8623033
-0.9889718
-0.7902264
-0.7269753
-0.8746905
-0.7033955
-0.5990938
-0.8375838
-0.7617233
-0.8165733
-0.7650957
-0.8537123
-0.7274516
-0.9596951
-0.6373904
-0.8082834
-0.838482
-0.7752164
-0.7568125
-0.7813352
-0.8824138
-0.7320711
-0.825243
-0.7468079
-0.7990672
-0.7835706
-0.7834162
-0.7952698
-0.7643637
-0.6152319
-0.7601276
-0.7650173
-0.7080365
-0.8556993
-0.7623012
-0.6750866
-0.8113905
-0.6934377
-0.5830574
-0.7590674
-0.8138324
-0.7244861
-0.781586
-0.7993088
-0.8232108
-0.6885579
-0.667874
-0.7413685
-0.7907431
-0.583559
-0.7791678
-0.6082504
-0.6713134
-0.8188256
-0.6651674
-0.8337063
-0.7392299
-0.6212925
-0.742625
-0.6121726
-0.8209095
-0.8041192
-0.6741623
-0.8260099
-0.7958436
-0.6098171
-0.613025
-0.6303181
-0.6235991
-0.7474767
-0.6565372
-0.6516383
-0.8236653
-0.6023924
-0.7348662
-0.650587
-0.6600665
-0.6328862
-0.7301009
-0.6976291
-0.5571304
-0.6667387
-0.6608929
-0.6765841
-0.6723604
-0.5941647
-0.6502017
-0.6819498
-0.6611865
-0.7327178
-0.7072518
-0.6232039
-0.6995277
-0.6416334
-0.6440182
-0.747864
-0.6773136
-0.5681426
-0.6585588
-0.5529847
-0.5887639
-0.6540241
-0.6273466
-0.4285237
-0.5848113
-0.5451717
-0.5993084
-0.6502791
-0.5258333
-0.4917055
-0.6733131
-0.6401048
-0.6698169
-0.5937604
-0.5827654
-0.5302546
-0.738041
-0.5375007
-0.676106
-0.6461621
-0.5164414
-0.7106695
-0.5592055
-0.4636827
-0.60017
-0.6440298
-0.5823593
-0.6195776
-0.5264466
-0.5840687
-0.5553315
-0.594124
-0.5410426
-0.5257327
-0.4361501
-0.559163
-0.5962806
-0.6251158
-0.4731654
-0.3435091
-0.6011651
-0.5204876
-0.5840222
-0.6444599
-0.2617428
-0.5291478
-0.563988
-0.6445595
-0.6814132
-0.416551
-0.4222535
-0.4951078
-0.4744105
-0.466665
-0.6293804
-0.4627921
-0.6039171
-0.5742578
-0.4291184
-0.5013268
-0.5041544
-0.4844687
-0.4409512
-0.4907905
-0.5883224
-0.4749844
-0.4392243
-0.4497414
-0.504143
-0.4972163
-0.437616
-0.3207406
-0.6006204
-0.5029065
-0.3455946
-0.4649394
-0.5364933
-0.4351479
-0.5959333
-0.4356847
-0.4763539
-0.4066964
-0.326646
-0.4515707
-0.4208462
-0.4923442
-0.465082
-0.3606537
-0.3482131
-0.584291
-0.5048034
-0.3913463
-0.3641187
-0.4442541
-0.4028016
-0.5633081
-0.3456733
-0.4796371
-0.344685
-0.5064066
-0.6227364
-0.26101
-0.308553
-0.3083858
-0.5803726
-0.3145203
-0.5022796
-0.3444122
-0.3306549
-0.4074191
-0.3352711
-0.4649611
-0.350259
-0.4779481
-0.3608783
-0.4657027
-0.4123027
-0.4854646
-0.5921889
-0.4619674
-0.3823678
-0.3992122
-0.4001679
-0.4581857
-0.3899104
-0.327459
-0.4869587
-0.2633206
-0.3852764
-0.2140755
-0.2633238
-0.3808232
-0.5588718
-0.3781446
-0.3550736
-0.4239014
-0.3975299
-0.3314577
-0.3968814
-0.545999
-0.2732136
-0.3138686
-0.3657041
-0.4569929
-0.3753575
-0.3534652
-0.3739767
-0.2688634
-0.3172669
-0.3423878
-0.2628747
-0.248361
-0.2930161
-0.3763505
-0.3385705
-0.3979147
-0.2956815
-0.2587185
-0.2107136
-0.3429488
-0.3496976
-0.4799201
-0.3760136
-0.3679603
-0.2763657
-0.251694
-0.2009828
-0.2947481
-0.2110347
-0.3414021
-0.1669845
-0.3521751
-0.4788635
-0.3053136
-0.2285919
-0.2378387
-0.3077164
-0.2210094
-0.3288309
-0.3319313
-0.3429238
-0.3265206
-0.2619322
-0.2113591
-0.2543138
-0.3393489
-0.369808
-0.3316862
-0.1775605
-0.330287
-0.2462443
-0.2274384
-0.2600936
-0.2754131
-0.2498423
-0.2166265
-0.2104808
-0.3017799
-0.2544792
-0.1318041
-0.2538331
-0.2412693
-0.2024922
-0.06917004
-0.211988
-0.3549129
-0.2128441
-0.3648173
-0.1279571
-0.05283896
-0.1953022
-0.1828722
-0.1949707
-0.1637299
-0.1074454
-0.2407536
-0.04594396
-0.1347008
-0.190167
-0.03662399
-0.1937731
-0.2538315
-0.1098736
-0.1582166
-0.1154477
-0.1192026
-0.2446328
-0.1229868
-0.1799951
-0.2212289
-0.2718302
-0.2043501
-0.09182406
-0.2302736
-0.2407655
-0.09816681
-0.1407224
-0.220417
-0.1883887
-0.2666727
-0.2238375
-0.2371585
-0.280077
-0.09355923
-0.0337621
-0.2119235
-0.1885428
-0.07754294
-0.066703
-0.2950305
-0.1454075
-0.1811822
0.003841584
-0.1832304
-0.1160907
-0.03002567
-0.2296746
-0.1230422
-0.2380677
-0.1779275
0.07054115
0.09523569
0.005420309
-0.0723477
-0.1726507
-0.09125996
-0.002730338
-0.1465072
-0.1193919
-0.2226086
-0.04408659
-0.005153467
-0.1572959
-0.2782681
-0.0738187
-0.03866371
-0.04822433
-0.1165038
-0.1390301
-0.1258826
0.06150599
-0.06969137
-0.01287919
-0.1038949
-0.10568
0.03198795
0.01149509
-0.03976322
0.005125311
-0.1360986
0.09186397
-0.09568674
-0.1046319
-0.1518851
-0.1640799
0.005618156
0.1693256
-0.1304586
-0.07232977
-0.07482869
-0.009010195
0.08692598
0.03109396
-0.01781409
-0.04394259
0.09310866
0.003618789
0.02616241
-0.105541
0.01379275
-0.068835
-0.02445166
0.01894437
0.1534832
-0.01838948
-0.2000527
0.09607599
0.01369867
-0.07846584
-0.06818766
-0.02299991
0.1278405
-0.1108918
0.01253893
0.1742761
0.002361165
0.07487191
0.1370557
-0.1043682
0.02044014
-0.02341328
0.09366801
0.07615852
0.09294261
0.08920545
-0.03971997
-0.03859778
-0.01343412
0.1482763
0.07764091
0.028864
-0.001387168
0.1368301
0.05825865
-0.03696431
0.06682987
0.0484013
0.02294593
0.1491588
0.04591262
0.08853658
0.0196702
0.05970883
-0.006525816
0.08044943
0.06595866
0.1899777
-0.06118296
0.2295391
0.02568188
0.1213009
0.2634842
0.1365648
0.07634232
-0.1032339
0.2272521
0.07664326
0.115629
0.0598537
0.1410492
0.1195978
0.1670653
0.09668408
0.1846843
0.1947638
0.1623665
0.1787554
0.1138659
0.2602611
0.2755643
0.188821
0.2619878
0.05058256
0.2018129
0.1567509
0.270736
-0.03743023
0.1140851
0.2000974
0.1587419
0.05019436
0.09254635
0.1474086
0.1367209
0.1594929
0.09972972
0.1504607
0.1917369
0.2626218
0.1986759
0.08788605
0.2434888
0.1542439
0.1899175
0.2751604
0.1287795
0.326416
0.2299344
0.2034427
0.04232355
0.1430924
0.1456279
0.0843022
0.2678709
0.05111351
0.1217362
0.2034664
0.117163
0.2530966
0.249263
0.2002232
0.1795768
0.3160189
0.2150776
0.2433189
0.3330045
-0.1172221
0.2611759
0.0723818
0.3184917
0.2876433
0.2771251
0.275191
0.269465
0.3587499
0.1975676
0.2768484
0.373948
0.3080339
0.1363844
0.2260167
0.2890353
0.3030706
0.1439672
0.3054762
0.2184804
0.1248557
0.158965
0.1658016
0.3320742
0.2815648
0.3031154
0.2241239
0.1779805
0.3006138
0.1088732
0.2693929
0.3455102
0.2935752
0.3983694
0.2467949
0.2504723
0.4402257
0.3863026
0.3247795
0.216384
0.3227659
0.3845155
0.4079741
0.2683151
0.369882
0.3060107
0.4193937
0.4582335
0.159346
0.3055658
0.4060963
0.2965445
0.162336
0.5409364
0.164724
0.4029082
0.2642913
0.308005
0.3309598
0.3423777
0.3799657
0.3340557
0.3562846
0.3434537
0.4435626
0.3014136
0.2598034
0.2372215
0.4826209
0.3945643
0.3906256
0.3335225
0.4881534
0.2824522
0.3363622
0.312831
0.3813833
0.4205112
0.4146087
0.3747365
0.4134121
0.438659
0.3277234
0.1613161
0.4295438
0.3188094
0.3780766
0.3393878
0.3614048
0.5354159
0.3399005
0.4372902
0.3377041
0.4349889
0.3878523
0.2737767
0.2966357
0.3397657
0.2800055
0.3071803
0.5040044
0.4188407
0.4724462
0.4376772
0.359808
0.5246282
0.4436617
0.3770678
0.4261857
0.6012765
0.3302309
0.6581842
0.4351773
0.4475627
0.5267061
0.5078477
0.4731464
0.4146049
0.41414
0.2913769
0.5273089
0.3487794
0.4456508
0.4210358
0.562724
0.3797228
0.4956686
0.6034016
0.5129968
0.4539383
0.5774
0.5562943
0.6164647
0.5424303
0.5704072
0.5651497
0.5075021
0.2775955
0.5212082
0.3516149
0.5119381
0.539273
0.6168621
0.4607724
0.435709
0.5643013
0.709914
0.4507361
0.4549427
0.5303901
0.5872161
0.6543096
0.5689813
0.7437366
0.5538353
0.4768505
0.5899172
0.5417781
0.4834654
0.4511207
0.644531
0.5243395
0.5441526
0.508233
0.6163389
0.7275493
0.6017602
0.4901426
0.4799425
0.4800524
0.6104113
0.5730242
0.5074192
0.6228641
0.7286178
0.570224
0.4401203
0.7447565
0.6131925
0.497151
0.5237354
0.4496672
0.6341508
0.6240866
0.6590332
0.6279216
0.6866832
0.6228132
0.4082852
0.5890829
0.6533354
0.7688701
0.6985216
0.6833738
0.7073375
0.7194572
0.626304
0.6372911
0.5979738
0.672848
0.6506859
0.5954286
0.6503559
0.6988042
0.4608824
0.6518742
0.6313324
0.501136
0.7051129
0.6513173
0.6655917
0.6321266
0.551972
0.5107118
0.7042125
0.6670928
0.827092
0.5707984
0.6591501
0.5520382
0.5473826
0.7546599
0.690114
0.6614545
0.6518576
0.7059836
0.6572397
0.6001972
0.5842473
0.6782009
0.6506891
0.8038037
0.5470801
0.7953147
0.6462311
0.6491614
0.5852229
0.4951773
0.6473365
0.7778361
0.7623269
0.7751773
0.6033553
0.7677599
0.6951846
0.6716084
0.7218358
0.6092179
0.578805
0.8590273
0.710641
0.7486006
0.5630018
0.7759331
0.6632107
0.6661733
0.66125
0.8206924
0.8239255
0.7378003
0.8437861
0.8135064
0.7607254
0.7823161
0.9595978
0.6943377
0.7410895
0.6602703
0.6874957
0.7725202
0.7478878
0.6924084
0.7330524
0.6944435
0.7060507
0.8282161
0.8554847
0.6608843
0.934682
0.7792147
0.7360036
0.6076127
0.7539127
0.6916565
0.7498031
0.8817449
0.7092012
0.7259223
0.9122042
0.7643725
0.7194147
0.8865249
0.6924663
0.8700946
0.942057
0.9318987
0.8538398
0.8950212
0.7786797
0.840608
0.9184593
0.8615695
0.9315968
0.8778123
0.8609911
0.8072238
0.8141806
0.8656004
0.9356928
0.9437879
0.8008625
0.7861731
0.7924868
0.8098568
0.8438231
0.8355473
0.7191287
0.9002607
0.8228556
0.9241091
0.9790697
0.9670223
0.9734433
0.8577919
0.9028239
0.8514951
0.8679528
0.8086211
1.005657
0.8905807
0.9097102
1.051659
0.9539118
0.8221667
0.8832511
1.047505
0.9152173
0.9835432
0.8913934
0.6996379
0.8967215
0.8683692
0.9479759
0.9898291
1.016328
1.056905
1.054091
0.9366978
0.9560588
0.9541956
0.8327732
0.8778244
1.029553
1.005041
0.8858236
0.857399
0.94159
0.986816
0.8915806
1.009051
1.061045
0.9064584
1.085746
1.133959
0.8876901
0.8874016
1.037674
1.057085
0.8808529
0.882303
0.9489861
0.8272663
1.001499
1.006069
0.9392521
0.8812661
1.085789
0.9013075
0.8952196
1.131342
1.044001
1.061156
1.197609
0.8430612
0.9512877
0.9688614
0.9783488