0.1322119
-0.9742118
-1.019214
-0.7631922
-0.904593
-1.058662
-1.001787
-0.866883
-1.083884
-1.011862
-1.027645
-1.088694
-0.9939112
-1.026692
-0.8316491
-1.035928
-0.8282203
-0.9209161
-0.9741965
-1.007418
-0.8466432
-0.9252485
-1.036505
-0.8554071
-1.080121
-0.9150324
-0.7742266
-1.041684
-0.9015333
-0.8685164
-0.9180399
-0.9074629
-0.9664013
-0.8478316
-0.8097987
-1.158797
-0.9962486
-0.9288279
-0.9139538
-0.8782988
-1.0447
-0.8226703
-0.7457838
-0.9913542
-0.9403719
-0.8353321
-0.886929
-0.9025553
-0.9159806
-0.756099
-0.7705459
-0.9251289
-0.8316216
-0.8448945
-0.8477596
-0.7481729
-0.9359492
-0.8390036
-0.9506006
-0.7921731
-0.8968279
-0.9402048
-0.792906
-0.8400828
-0.9200466
-1.057275
-1.040564
-0.7559862
-0.7624609
-0.7887283
-0.8569584
-0.7079049
-0.9136769
-0.7853939
-0.920749
-0.8335259
-0.8089874
-0.8993494
-0.8999972
-0.8010519
-0.704085
-0.9140395
-0.7901843
-0.8853106
-0.8066599
-0.8490372
-0.9040386
-0.8033414
-0.791869
-0.7477283
-0.8604888
-0.8697291
-0.8218825
-0.7934761
-0.8340971
-0.9598554
-0.6633541
-0.661098
-0.8924715
-0.6831727
-0.7143763
-0.881552
-0.8974574
-0.8007438
-0.8460165
-0.7163119
-0.7675021
-0.6839702
-0.7531338
-0.878319
-0.8542761
-0.8050313
-0.6630112
-0.7753601
-0.8197571
-0.6595205
-0.7257742
-0.7435844
-0.8688189
-0.6689719
-0.8617497
-0.7660128
-0.7595664
-0.7614513
-0.708473
-0.8323633
-0.6780628
-0.6899109
-0.7716155
-0.7213138
-0.7319823
-0.7543363
-0.8323119
-0.768944
-0.6993256
-0.5622647
-0.7924732
-0.7184508
-0.6514423
-0.8243945
-0.7464971
-0.6881464
-0.822676
-0.7462558
-0.6740201
-0.779092
-0.8171595
-0.6247924
-0.7365468
-0.68249
-0.7196198
-0.6125043
-0.6233168
-0.7567306
-0.5956393
-0.7315156
-0.6755636
-0.6785347
-0.7964639
-0.6887318
-0.6643692
-0.7404874
-0.6147293
-0.7697566
-0.6889042
-0.6872312
-0.6769309
-0.7041947
-0.6773039
-0.6652281
-0.718979
-0.540961
-0.7002773
-0.6712315
-0.5512137
-0.6235585
-0.5312765
-0.6800066
-0.6143104
-0.8137315
-0.5437217
-0.5891417
-0.5734404
-0.6533213
-0.5502802
-0.4977087
-0.7823488
-0.6342193
-0.5369316
-0.5314766
-0.7193665
-0.5496691
-0.6050287
-0.6948631
-0.6730297
-0.7778905
-0.6404498
-0.5847801
-0.6060954
-0.6742001
-0.6903944
-0.4844433
-0.7010104
-0.603732
-0.6348121
-0.6368771
-0.5004408
-0.7284488
-0.5903393
-0.6302054
-0.6031383
-0.5700981
-0.6902438
-0.5942747
-0.6736546
-0.5978649
-0.6294085
-0.5010305
-0.5289282
-0.5080783
-0.5816528
-0.5328675
-0.6812773
-0.6072153
-0.5419788
-0.5638853
-0.6247768
-0.6352437
-0.5274215
-0.4465101
-0.6361054
-0.4324099
-0.3787428
-0.3605158
-0.4644278
-0.7193816
-0.6546861
-0.3292126
-0.424373
-0.5178612
-0.5630763
-0.524682
-0.6294193
-0.6880185
-0.5340325
-0.5303078
-0.4869802
-0.3884597
-0.4208536
-0.5901604
-0.5100799
-0.320952
-0.5708971
-0.4201089
-0.356576
-0.5313483
-0.6245998
-0.3546698
-0.4361379
-0.4279237
-0.486308
-0.4575331
-0.3534301
-0.4573259
-0.61733
-0.511034
-0.4646364
-0.5584734
-0.2383784
-0.5524837
-0.4714371
-0.4995636
-0.3422461
-0.2402095
-0.3417673
-0.4201883
-0.446974
-0.3945959
-0.3077166
-0.551834
-0.3853748
-0.4259032
-0.4268585
-0.5129469
-0.2315546
-0.3886072
-0.2584257
-0.4575172
-0.4692887
-0.5683893
-0.3534852
-0.4347125
-0.3836607
-0.2926623
-0.3449081
-0.415306
-0.4131846
-0.5099966
-0.3746678
-0.3806261
-0.4505606
-0.4771516
-0.3678323
-0.4176034
-0.4616786
-0.4791817
-0.2441352
-0.4625819
-0.4180293
-0.3044653
-0.3762141
-0.361967
-0.3148192
-0.2330238
-0.2766079
-0.08050811
-0.4463309
-0.3701184
-0.3583928
-0.4431841
-0.4513681
-0.439268
-0.38755
-0.1944827
-0.179483
-0.2312961
-0.4134259
-0.4785066
-0.460642
-0.3425851
-0.3710181
-0.2527907
-0.423902
-0.2736438
-0.3901652
-0.3160065
-0.4456121
-0.2818294
-0.1923543
-0.2552429
-0.1134397
-0.1798926
-0.1862189
-0.355393
-0.4863906
-0.2554262
-0.2992341
-0.3237872
-0.2205693
-0.3887668
-0.2594057
-0.2531898
-0.1127179
-0.0778595
-0.3018505
-0.4034143
-0.2568719
-0.1202707
-0.3596482
-0.3983942
-0.4823837
-0.1920321
-0.3391244
-0.3347043
-0.2699499
-0.4122172
-0.3311622
-0.3183433
-0.1798295
-0.2306886
-0.4266585
-0.3276615
-0.04178383
-0.2200952
-0.22658
-0.1985634
-0.2926562
-0.279635
-0.3070947
-0.263071
-0.2507094
-0.2302861
-0.3384003
-0.2225137
-0.2978818
-0.2137741
-0.1040427
-0.1835903
-0.06817534
-0.3092577
-0.2737018
-0.1632317
-0.1254901
-0.1760124
-0.2047993
-0.1049925
-0.2648964
-0.2780727
-0.1590107
-0.1220215
-0.2324199
-0.2451568
-0.2783426
-0.241995
-0.1677043
-0.2247718
-0.2718393
-0.2035557
-0.2928785
-0.06502997
-0.2468462
-0.1733318
-0.1957359
-0.1755271
-0.1030908
-0.1796113
-0.09516004
-0.02068046
-0.2046733
-0.1933063
-0.154094
-0.1264133
-0.1605071
0.01198982
-0.239541
-0.2115165
-0.1960029
-0.06710785
-0.1711049
-0.1780278
-0.1739178
-0.08052534
0.04756328
-0.2336193
-0.1992109
-0.1764628
-0.284371
-0.06622999
-0.1321564
-0.2702864
-0.1233742
-0.07700301
-0.119657
-0.01876554
-0.02523504
-0.1601733
-0.0210569
-0.1297677
0.03236171
-0.05872452
0.0585627
-0.1285849
-0.1500456
-0.1449083
0.05893973
0.006269582
-0.09963086
-0.04746821
-0.1543116
-0.003940292
0.04187945
-0.07559275
-0.01679461
-0.06103458
0.05180425
-0.08399185
-0.1548184
0.08899183
-0.1322867
-0.08565704
-0.1233547
-0.135386
0.0757551
0.01074396
0.03897642
-0.1227698
-0.01102126
-0.09529292
-0.02119712
-0.1441059
-0.1248399
-0.1046673
-0.0360365
-0.07739569
0.04363728
-0.03414544
-0.07504148
-0.01538099
-0.0365862
-0.02568028
0.02723364
-0.1413988
-0.02418529
0.1298148
-0.0006123226
-0.07200364
-0.05070414
0.1044412
-0.01931096
0.12396
-0.2054971
-0.2378157
-0.05540777
-0.03353504
0.06515789
0.0315475
-0.07890331
-0.06021354
-0.1137195
0.05185394
-0.1205326
-0.004757253
0.0002011658
0.1446989
0.0868581
-0.0917844
0.02096282
0.117647
-0.1568581
-0.001248546
0.04570667
0.04359581
0.1014385
-0.163725
0.1130299
-0.08498625
-0.01740839
0.0009549436
0.002678381
-0.1374437
0.1490715
0.03874696
-0.06134625
-0.06066418
0.2880101
-0.02781394
0.02254274
0.04051476
0.122493
0.2092
-0.01580513
0.03128989
-0.06856884
0.02873464
-0.07643968
0.1522566
0.05282654
0.1139168
0.1253823
0.1335608
0.1510202
0.2255793
0.2095046
-0.09255546
0.2176828
0.1671565
0.3434054
0.1829901
0.3964434
0.1862487
0.1115354
0.09537939
0.2514238
0.159237
0.104057
0.1934998
0.04053707
0.008504279
0.06887193
0.1663095
0.1163763
0.09493493
0.1366834
0.1293231
0.08741131
0.2001203
0.2251252
0.2008809
0.1617866
0.07196098
0.1243579
0.02163145
0.07929863
0.1959223
0.1199374
0.06517237
0.1275115
0.1455145
-0.01461867
0.1605384
0.2373278
0.2353538
0.197273
0.2818227
0.3000655
0.2438688
0.2461816
0.1825557
0.219787
0.1152029
0.049989
0.2513155
0.1304694
0.3139842
0.1277233
0.1355657
0.3232966
0.2417235
0.2181109
0.3033709
0.3567529
0.1286939
0.2671314
0.1140591
0.0806824
0.2422202
0.2873602
0.1409145
0.1115154
0.1708762
0.2179189
0.181082
0.1340003
0.164753
0.336898
0.06588407
0.335281
0.3066038
0.2108146
0.3447208
0.2040374
0.1537974
0.2860802
0.2210428
0.1346467
0.1915959
0.1144952
0.3490869
0.3687259
0.2473232
0.3552763
0.3915913
0.3489919
0.4467285
0.3199549
0.2366125
0.3647407
0.3617859
0.1560118
0.2219679
0.321233
0.3231548
0.3147483
0.2747925
0.3579354
0.2766554
0.2754562
0.3201103
0.2428927
0.2692553
0.3021497
0.1991424
0.4215781
0.3708326
0.3431093
0.5063822
0.2567296
0.4024066
0.1935693
0.3815173
0.3710616
0.3030637
0.3926344
0.3436884
0.2124429
0.3359334
0.3282829
0.3679939
0.3884076
0.2968863
0.3411689
0.3951456
0.309533
0.453714
0.5528033
0.4667666
0.1635136
0.3465292
0.4068467
0.5030923
0.258048
0.4520427
0.2349813
0.4803647
0.2679178
0.2839254
0.4684202
0.4230718
0.5192006
0.405689
0.400786
0.412776
0.386738
0.481639
0.3580282
0.4741369
0.4118971
0.428271
0.520581
0.4559125
0.4411824
0.4204273
0.4639977
0.3976221
0.5325431
0.4043926
0.3584056
0.4179431
0.3910029
0.5016461
0.4667168
0.4565929
0.4010872
0.3745854
0.508854
0.480638
0.4199573
0.5427031
0.5279882
0.5410561
0.4787522
0.5088029
0.5712512
0.5244619
0.6687662
0.5690694
0.5056777
0.4435157
0.561512
0.5082164
0.5873854
0.5679063
0.483825
0.3482268
0.3942926
0.4150485
0.4920756
0.5677061
0.5172751
0.4931723
0.4950062
0.5150457
0.4974757
0.4764099
0.5407402
0.4897458
0.3705222
0.4874326
0.5206643
0.5108083
0.602985
0.5271912
0.5796471
0.6422949
0.5237046
0.5387543
0.3774321
0.5666263
0.4910359
0.5899811
0.5406965
0.4071669
0.5946575
0.5644083
0.6047104
0.5935674
0.3576046
0.590028
0.5339584
0.6022815
0.7065209
0.590723
0.6197464
0.6354873
0.6697637
0.505183
0.725365
0.5285518
0.5770329
0.4571369
0.7379827
0.5302879
0.5758689
0.5563934
0.5036843
0.5558113
0.6248444
0.7294501
0.6575335
0.6778675
0.4717705
0.399808
0.5899734
0.5437601
0.5753804
0.697993
0.6035568
0.7105279
0.4793409
0.5272966
0.6799542
0.6524951
0.6094569
0.5471398
0.4940975
0.4686445
0.7257279
0.7846079
0.6383138
0.6642229
0.7098571
0.683888
0.5973454
0.6703228
0.6008592
0.6920866
0.7205629
0.646462
0.6559013
0.6095535
0.4430668
0.6580256
0.690201
0.6753461
0.7195229
0.6484397
0.6054319
0.6870689
0.5814361
0.8317123
0.5493064
0.7273326
0.7820055
0.6788498
0.7871008
0.6325215
0.5595617
0.8153591
0.6977511
0.6878811
0.609337
0.6661689
0.9480348
0.6351763
0.6110481
0.7623036
0.6868883
0.7857502
0.7287313
0.786694
0.6987525
0.6946847
0.7404842
0.7803624
0.6215313
0.8745092
0.7464853
0.687111
0.6550393
0.7520233
0.6243119
0.8110375
0.6892582
0.6684458
0.8552763
0.7687306
0.8933897
0.8792743
0.7668612
0.6656886
0.7491308
0.7252869
0.7909682
0.7413425
0.7072946
0.7066083
0.9003283
0.7206292
0.6510047
0.6588768
0.8013846
0.8444218
0.8074832
0.8085081
0.7424839
0.7661621
0.7821242
0.8497175
0.7961481
0.7657916
0.8693629
0.8431674
0.9652785
0.6389311
0.7735542
0.6945099
0.749978
0.8351277
0.8222368
0.8177791
0.8329973
0.9549929
0.8246658
0.786961
0.7629673
0.7762574
0.821965
0.7720236
0.8629045
0.8410362
0.9868581
0.8092522
1.033185
0.751947
0.7607187
0.6098603
0.6760384
0.8684394
0.7832848
0.8741018
0.7654686
0.8376445
0.910233
0.9375369
0.8258184
0.8536836
1.134588
0.693894
0.8911419
0.9770657
0.8762248
0.8672607
0.894079
0.9376062
0.8481479
0.979712
0.8060785
0.8713907
0.8428837
0.9358444
0.9809367
0.8700429
0.7790183
0.9259267
0.90977
0.9232634
0.8365353
0.9735303
0.9966285
0.9760847
0.9600945
0.79033
0.9279108
0.8970555
0.9986868
0.9404359
0.9473639
0.8480592
0.9526733
0.9513776
0.8212274
0.8895699
0.8284635
0.9622481
0.7970815
0.9611007
1.067997
1.03309
1.017107
0.9571187
0.9186646
1.036096
1.051343
1.089985
0.9904289
0.9965609
0.9153744
0.9082933
0.8886417
1.076804
0.9107344
0.8305176
0.9212913
0.8913625
1.083896
0.9749924
0.9836831
0.9567616
0.9337043
0.9072887
1.006017