-0.01173339
-1.041636
-0.9761804
-1.042216
-0.9320128
-0.9435452
-1.048449
-1.116952
-0.9313941
-0.9747807
-1.012308
-1.044809
-1.008806
-0.8982309
-0.9134483
-1.07513
-0.887561
-0.9047708
-0.9092989
-0.9225152
-0.9537484
-0.9648034
-0.9674205
-1.095344
-0.8819418
-1.103116
-0.9676895
-1.018272
-0.9610874
-0.9489585
-0.9772411
-0.9702102
-0.94133
-1.012931
-0.936522
-0.8745912
-0.91271
-1.145416
-0.9507823
-0.9349105
-1.013351
-0.9158787
-0.8413036
-0.794726
-0.9460624
-0.9590302
-0.8781257
-0.9290729
-1.016958
-0.8625944
-0.9467754
-0.7896971
-0.9041508
-0.9932531
-0.8559012
-1.027109
-0.9046978
-0.8474049
-0.8919799
-1.00923
-1.056093
-0.917172
-1.042066
-0.7811912
-0.9508985
-0.8128705
-0.7418948
-0.8391878
-0.7425658
-0.8832908
-0.8737539
-0.9112006
-1.024921
-0.987965
-0.7254768
-0.9119563
-0.8401163
-0.7243162
-0.8587906
-0.8370831
-0.6625063
-0.9605082
-0.9157856
-0.855948
-0.8785657
-1.010635
-0.7107947
-0.8625154
-0.8486808
-0.9880664
-0.7759063
-0.7370273
-0.8609845
-0.687431
-0.6217093
-0.8205513
-0.763253
-0.8306655
-0.7855693
-0.8627191
-0.7180058
-0.9311278
-0.6448482
-0.7995346
-0.8194907
-0.7838433
-0.7404523
-0.7708283
-0.8812269
-0.7121116
-0.7910184
-0.778842
-0.797411
-0.7842732
-0.7899603
-0.7937637
-0.7542665
-0.6232376
-0.7676235
-0.7462242
-0.7020444
-0.8527604
-0.7817397
-0.6724213
-0.8285193
-0.7080279
-0.5860483
-0.7582541
-0.801657
-0.7212024
-0.7731167
-0.7796642
-0.8223466
-0.7223608
-0.6507858
-0.7540428
-0.7915109
-0.5874497
-0.7793794
-0.5938158
-0.6569001
-0.7923367
-0.6563011
-0.8403433
-0.749264
-0.6113682
-0.7260758
-0.6257773
-0.8186793
-0.819112
-0.6661793
-0.837722
-0.8101838
-0.5968618
-0.5915655
-0.6193939
-0.6072543
-0.7444246
-0.6443896
-0.6586717
-0.80611
-0.5771202
-0.7732699
-0.6447617
-0.6713457
-0.6449799
-0.7269258
-0.6948195
-0.5685283
-0.6664112
-0.678457
-0.6808281
-0.6415189
-0.6132822
-0.6724012
-0.6680413
-0.6698976
-0.7346922
-0.7130245
-0.6359048
-0.7262766
-0.6331505
-0.6490507
-0.7482962
-0.6613407
-0.5694142
-0.6689847
-0.5539765
-0.5712913
-0.6376183
-0.617564
-0.4584564
-0.5756431
-0.5469842
-0.5817653
-0.6220807
-0.5403291
-0.4985215
-0.6678209
-0.6573785
-0.6548806
-0.5703593
-0.5584363
-0.503381
-0.7274116
-0.5419224
-0.6736534
-0.6378296
-0.5347729
-0.7209092
-0.5432641
-0.4419229
-0.584596
-0.6455934
-0.556674
-0.628809
-0.5308075
-0.605608
-0.5603134
-0.600392
-0.5431324
-0.5189057
-0.4602432
-0.5483376
-0.6061772
-0.6137693
-0.4591622
-0.3432592
-0.6011302
-0.5055147
-0.6213941
-0.622956
-0.2549299
-0.5078754
-0.5818748
-0.6653823
-0.6748524
-0.4468021
-0.4278625
-0.4953458
-0.4651847
-0.4798712
-0.6374495
-0.466158
-0.629262
-0.5661234
-0.4433726
-0.5198817
-0.4891279
-0.4672798
-0.4439251
-0.4932612
-0.5899258
-0.5032907
-0.4475117
-0.4583086
-0.5192715
-0.5068876
-0.4480244
-0.2978371
-0.6092322
-0.5126926
-0.3597263
-0.4729656
-0.5259626
-0.4333227
-0.6072843
-0.4364541
-0.4768306
-0.4076942
-0.3249488
-0.4459966
-0.4249697
-0.5017622
-0.4652081
-0.3709812
-0.3461624
-0.567821
-0.4922553
-0.4060847
-0.3619606
-0.442479
-0.3871621
-0.5377632
-0.36126
-0.4516087
-0.3426302
-0.4971647
-0.6244274
-0.2802187
-0.3163527
-0.3052461
-0.5838347
-0.3148805
-0.4954645
-0.3290235
-0.3361618
-0.4285597
-0.3438778
-0.4563943
-0.3488652
-0.5018174
-0.3572043
-0.4669819
-0.4139644
-0.485888
-0.6076461
-0.4532696
-0.3560311
-0.4150638
-0.4041439
-0.4716162
-0.3818991
-0.3123323
-0.4860724
-0.2547872
-0.3619719
-0.2261266
-0.2612127
-0.3713397
-0.5608301
-0.3650719
-0.3481982
-0.44011
-0.41781
-0.3652518
-0.3892273
-0.5299873
-0.2471574
-0.3049236
-0.3818327
-0.4417569
-0.3768768
-0.3458792
-0.3835161
-0.2535975
-0.318966
-0.3383964
-0.2705658
-0.2757018
-0.3012512
-0.3702087
-0.3320816
-0.3874963
-0.2879453
-0.2626122
-0.2240178
-0.326721
-0.3489323
-0.473935
-0.3490454
-0.3769927
-0.2785561
-0.247824
-0.2048477
-0.2749752
-0.196129
-0.3519243
-0.1752266
-0.3462081
-0.4827549
-0.3047603
-0.2775227
-0.2582757
-0.3421357
-0.2346216
-0.3536609
-0.3210098
-0.3336101
-0.3110916
-0.2536927
-0.2170098
-0.2459669
-0.3468862
-0.3648601
-0.3349605
-0.1661474
-0.3252282
-0.2436986
-0.2054536
-0.2454209
-0.2833501
-0.2430735
-0.2307194
-0.1852618
-0.3177087
-0.2411758
-0.1197852
-0.2536191
-0.24137
-0.2028034
-0.05631086
-0.2379971
-0.3495574
-0.2054405
-0.3630725
-0.1284157
-0.07446903
-0.1932316
-0.1634994
-0.2029217
-0.1645695
-0.1081902
-0.2631333
-0.07106689
-0.1399795
-0.1921912
-0.02645259
-0.1940165
-0.2167815
-0.1196955
-0.1783494
-0.1127658
-0.1329945
-0.2439827
-0.1251087
-0.1644421
-0.2127968
-0.2578593
-0.2113023
-0.1101127
-0.2364879
-0.1983566
-0.1142834
-0.1182731
-0.2025914
-0.2060257
-0.2747255
-0.235605
-0.2340771
-0.2913744
-0.1121928
-0.06013626
-0.2101888
-0.1978749
-0.0754186
-0.06850694
-0.277155
-0.16541
-0.1870861
0.004375028
-0.1744573
-0.1172516
0.01190344
-0.2294755
-0.1425601
-0.2262287
-0.1590062
0.05211154
0.1068754
0.02955964
-0.06148792
-0.1590467
-0.080816
-0.003736423
-0.1178738
-0.116595
-0.2094881
-0.05125437
-0.009392677
-0.1646782
-0.2695082
-0.08433127
-0.03778652
-0.03132732
-0.1137169
-0.1633244
-0.1272952
0.0432241
-0.06865646
-0.006985472
-0.09945035
-0.1297003
0.03244631
-0.008225675
-0.04691857
0.02006344
-0.144759
0.1133647
-0.1109673
-0.1124269
-0.172911
-0.1567952
0.03826427
0.1517276
-0.1273161
-0.06566179
-0.07616298
-0.004735256
0.08356371
0.04983417
-0.004546048
-0.05471383
0.111155
-0.009521292
0.002052822
-0.08431958
-0.01450502
-0.08708343
-0.03217668
-0.004388982
0.1363881
-0.01341533
-0.2260212
0.09708776
0.01234696
-0.06630234
-0.09118266
-0.02343022
0.1292636
-0.1045812
0.003574424
0.1568535
-0.0006273194
0.07685768
0.138206
-0.08786726
0.05332138
-0.01940925
0.08667059
0.08297565
0.09352938
0.07016207
-0.03027254
-0.0248158
-0.02752006
0.1404233
0.06794742
0.01945803
-0.01708362
0.1630615
0.03739049
-0.0471468
0.06584572
0.05118166
0.01595552
0.1211676
0.01886803
0.05047215
0.01523398
0.05406986
0.00979227
0.03690035
0.07583607
0.2114903
-0.0147646
0.216124
0.04728732
0.1302747
0.239487
0.1268419
0.06787336
-0.1036189
0.2160431
0.07859155
0.1053924
0.07084791
0.1410906
0.1208218
0.191189
0.1037218
0.1819716
0.1875063
0.1778362
0.1929514
0.1227151
0.2590439
0.2605631
0.2118645
0.2518177
0.06291057
0.1935148
0.1865357
0.2446204
-0.02972071
0.1138349
0.1852093
0.1619458
0.05775317
0.1069368
0.156225
0.1496409
0.1512426
0.1141212
0.1437135
0.1880842
0.2605041
0.187688
0.1042685
0.2653616
0.1497634
0.194328
0.2872528
0.1181085
0.318448
0.2411811
0.2072887
0.02214328
0.1489389
0.1468092
0.09630084
0.2994888
0.05841982
0.1454135
0.2266208
0.1176332
0.2314661
0.2442365
0.2257497
0.1903605
0.2978626
0.2199083
0.234572
0.3393937
-0.1239808
0.2307778
0.07837962
0.325113
0.2800454
0.276565
0.2805567
0.2963826
0.3329445
0.1766926
0.2822546
0.3969476
0.2881245
0.10273
0.2214231
0.2747358
0.2806146
0.1237325
0.3044625
0.1989228
0.1491617
0.1612577
0.1332538
0.3173011
0.2807812
0.3043156
0.1989387
0.1963761
0.2758115
0.1036505
0.2427885
0.3479472
0.2766544
0.4041366
0.2658035
0.267579
0.4492277
0.3547879
0.3173268
0.2155083
0.3425765
0.3772331
0.3935241
0.2843042
0.3779101
0.2913348
0.4177425
0.4678165
0.1403062
0.3229871
0.3903984
0.2691139
0.1387863
0.5130767
0.1644173
0.3908176
0.2767386
0.3120014
0.3338067
0.3200198
0.3804956
0.3351368
0.3410795
0.313668
0.4403548
0.3066993
0.2492445
0.2467592
0.4672862
0.3834457
0.3903775
0.3402883
0.4816037
0.3018661
0.3410535
0.2981741
0.4023899
0.4075039
0.4163203
0.3520327
0.3963415
0.4214819
0.3315748
0.1409391
0.4194166
0.2924532
0.4153224
0.3543504
0.3631664
0.5580068
0.3503615
0.4407754
0.3321474
0.4540654
0.3655036
0.2807199
0.2991823
0.3467499
0.2683866
0.3260009
0.5182783
0.4104174
0.4257889
0.4422329
0.3543967
0.4983922
0.4467681
0.3580732
0.4356056
0.5933756
0.3363782
0.6806862
0.4848978
0.4713975
0.5079281
0.524246
0.4793836
0.4273598
0.4105569
0.282144
0.5239698
0.3583805
0.4723259
0.4396693
0.5486783
0.3836649
0.5038564
0.6286869
0.5170595
0.4488095
0.5561679
0.5505102
0.6034157
0.5549962
0.5482722
0.5647515
0.5100573
0.2820103
0.5179363
0.3274443
0.5081905
0.5300682
0.5948545
0.4490096
0.4403752
0.5815967
0.7109416
0.4441943
0.4427532
0.5415109
0.5843238
0.668427
0.5502962
0.7154031
0.5452811
0.4812366
0.5696283
0.5387709
0.4739226
0.4486132
0.6243946
0.5275056
0.5653346
0.5134161
0.6014162
0.7205356
0.6364271
0.4833378
0.5146563
0.4825599
0.6172841
0.5729104
0.5000212
0.6022408
0.7114742
0.5619731
0.4514968
0.7494854
0.6061043
0.51071
0.5282619
0.4444329
0.656203
0.621631
0.6643808
0.6219533
0.6780088
0.6240733
0.4187282
0.6009111
0.6590345
0.7814596
0.7119253
0.67535
0.7204431
0.7261885
0.6061623
0.6353549
0.5866862
0.6766965
0.6468829
0.6090782
0.666829
0.6983597
0.4456207
0.6380155
0.6144413
0.4901827
0.6737284
0.6581154
0.6600594
0.6301199
0.5537875
0.5276355
0.6769667
0.6723614
0.8326995
0.589813
0.6637008
0.5391694
0.564535
0.7545466
0.6937979
0.664164
0.668881
0.7063096
0.6479969
0.6050223
0.6074146
0.6694648
0.6631302
0.8067251
0.5519307
0.792618
0.627223
0.6093567
0.5953832
0.5081588
0.6384338
0.7716157
0.7745642
0.7709963
0.5848201
0.7577482
0.6892424
0.6691719
0.7534685
0.6056325
0.5772432
0.8557006
0.697917
0.7414188
0.5653509
0.770132
0.6485692
0.6780286
0.6670855
0.8466609
0.8131984
0.7540476
0.8267761
0.7969618
0.7514185
0.7570731
0.9316013
0.6845574
0.7484817
0.6892076
0.6844006
0.7680945
0.7472363
0.6916365
0.7475217
0.6978197
0.7257663
0.8291153
0.857231
0.6759671
0.9312927
0.776188
0.7264409
0.5692478
0.7766795
0.7166685
0.7404401
0.8621114
0.6931918
0.7370435
0.9254667
0.7967006
0.6979193
0.9140299
0.6659469
0.883386
0.946137
0.9359348
0.8635818
0.907724
0.7883932
0.8401327
0.9153023
0.8690298
0.9347525
0.8692005
0.8685358
0.7922808
0.8171087
0.8392674
0.9454571
0.9345834
0.795799
0.7960995
0.8007643
0.7838159
0.8279124
0.8257978
0.7117709
0.8954686
0.8412948
0.934515
0.9808286
0.9763059
0.9658854
0.8650509
0.8897487
0.8303166
0.8484125
0.8175709
1.013381
0.8775779
0.9003424
1.040064
0.9537669
0.8217583
0.8792014
1.033387
0.9330768
0.9983521
0.8853217
0.6873206
0.8794459
0.8593195
0.9271006
1.001738
1.002303
1.060132
1.046396
0.9490627
0.9439244
0.9746737
0.8221776
0.8662344
1.029791
0.9936644
0.8962065
0.8755714
0.9386014
0.9792017
0.8795802
1.001678
1.049006
0.9211304
1.091603
1.138326
0.9012769
0.8988609
1.054111
1.043701
0.8936044
0.8854028
0.9591908
0.8261494
0.9976115
0.9935132
0.9345963
0.8614732
1.058116
0.8623458
0.8857696
1.120822
1.035378
1.025868
1.18636
0.8509393
0.9650053
0.9680182
0.9713784