-0.01996672
-0.9874806
-0.955701
-0.9581789
-1.068317
-0.9351117
-0.8624993
-0.9494523
-0.8606901
-1.00605
-1.089805
-1.07392
-1.103358
-0.9387603
-0.899782
-1.002149
-0.9886292
-0.9444123
-1.024982
-0.9397545
-1.114184
-1.110112
-0.9728638
-1.09096
-0.9361249
-0.7862722
-0.967392
-1.084298
-0.9132933
-0.9585669
-1.045023
-0.897811
-0.8410589
-0.978053
-0.9678746
-1.060679
-0.9899038
-1.077166
-0.8612947
-0.9010045
-0.7534269
-0.8588215
-0.9374491
-0.9529066
-1.006851
-0.8996836
-1.000212
-0.9550169
-1.042296
-0.8835138
-0.9007991
-0.8223643
-0.9280525
-0.9000216
-0.9262685
-0.9283103
-1.013969
-0.944973
-0.8021862
-0.8572412
-0.8292748
-0.9033851
-1.000316
-0.8440781
-0.7788208
-0.8853014
-0.8752764
-0.9382213
-0.9321928
-0.8739102
-0.8059974
-0.7933496
-0.7968959
-0.8921762
-0.7315392
-0.8086364
-0.873027
-0.8309094
-0.799868
-0.8937438
-0.8871709
-0.7522015
-0.7445207
-0.8031723
-0.7022653
-0.964427
-0.8052459
-0.8253225
-0.8773447
-0.6484829
-0.6812596
-0.9548462
-0.8120942
-0.8628788
-0.9198594
-0.6950434
-0.6972332
-0.9101481
-0.74073
-0.7744356
-0.7419698
-0.9409232
-0.775777
-0.8493901
-0.7717325
-0.8418577
-0.8351538
-0.8758073
-0.9126176
-0.7316845
-0.7890456
-0.7467825
-0.7086714
-0.8327872
-0.6984015
-0.8733699
-0.5486372
-0.9478843
-0.9059171
-0.7710175
-0.7317761
-0.8356405
-0.7098428
-0.8869081
-0.7930079
-0.8947153
-0.7756514
-0.7193045
-0.7379582
-0.8813942
-0.8475782
-0.6375954
-0.6434017
-0.8239688
-0.622186
-0.8683065
-0.7948467
-0.7644315
-0.6232416
-0.6863585
-0.6975041
-0.890807
-0.7259781
-0.5483827
-0.7501794
-0.7136774
-0.7513601
-0.7488188
-0.6082308
-0.561712
-0.7295785
-0.7367671
-0.6822307
-0.7037614
-0.6587188
-0.6181622
-0.6690296
-0.8155427
-0.6406693
-0.6504951
-0.7721677
-0.6072268
-0.7568941
-0.5895345
-0.6408062
-0.6668982
-0.6271047
-0.7790167
-0.6162223
-0.6560597
-0.6418405
-0.5144436
-0.4786678
-0.6079194
-0.7967549
-0.5063408
-0.6515714
-0.6959123
-0.5585242
-0.7901117
-0.7611289
-0.6127495
-0.7044749
-0.6355387
-0.7496813
-0.6926119
-0.5957576
-0.772887
-0.6119949
-0.6520003
-0.7358668
-0.561703
-0.5133447
-0.5462167
-0.582076
-0.662362
-0.633465
-0.6857585
-0.7048663
-0.5928219
-0.6251588
-0.6048673
-0.5392855
-0.5103024
-0.6266598
-0.5440881
-0.6301279
-0.5239574
-0.6400356
-0.452018
-0.5801083
-0.6659588
-0.6045007
-0.5230699
-0.6602937
-0.5532929
-0.5925573
-0.4430561
-0.4693943
-0.7135733
-0.6622005
-0.6470269
-0.5941704
-0.613314
-0.5478472
-0.4231418
-0.431581
-0.6776613
-0.6902894
-0.5206515
-0.5879038
-0.4919587
-0.3751221
-0.6236265
-0.5436348
-0.4074359
-0.4881386
-0.4323616
-0.4844193
-0.3885239
-0.6698958
-0.5005808
-0.5688825
-0.4276442
-0.4453563
-0.4937506
-0.3984153
-0.5091381
-0.5997906
-0.543257
-0.5192803
-0.387217
-0.484938
-0.3850496
-0.6936653
-0.5324447
-0.5490628
-0.4306996
-0.3733127
-0.5027387
-0.4517746
-0.5032566
-0.3635739
-0.4816939
-0.316738
-0.4997372
-0.4395886
-0.5165872
-0.6018929
-0.4231131
-0.438442
-0.4836938
-0.5082168
-0.513097
-0.3501171
-0.3640852
-0.4303536
-0.4800945
-0.3720338
-0.5612123
-0.4186989
-0.4784329
-0.3782335
-0.404989
-0.4861859
-0.4325008
-0.4805625
-0.4987877
-0.3651072
-0.280229
-0.4062612
-0.368092
-0.5418999
-0.3010027
-0.413256
-0.6282052
-0.3182858
-0.5162931
-0.4269039
-0.326798
-0.4842923
-0.2903544
-0.2841537
-0.3443833
-0.424226
-0.2734217
-0.3370277
-0.5624098
-0.2159615
-0.3289245
-0.2538149
-0.3049722
-0.3922282
-0.466439
-0.3193401
-0.3519675
-0.3372468
-0.2998626
-0.4459555
-0.3048589
-0.3709169
-0.3215875
-0.350587
-0.458511
-0.3184637
-0.2693151
-0.3262183
-0.44966
-0.3885196
-0.3603634
-0.5089773
-0.4125625
-0.3123558
-0.3676896
-0.2932806
-0.346526
-0.2849514
-0.3220369
-0.3128521
-0.4054891
-0.3594732
-0.267558
-0.1956679
-0.3224869
-0.3817424
-0.3156554
-0.3901675
-0.2879513
-0.2626501
-0.4218038
-0.3677757
-0.2954139
-0.2562454
-0.207411
-0.4930653
-0.05085325
-0.06480341
-0.2359267
-0.2191578
-0.305987
-0.3057372
-0.2714172
-0.3061124
-0.3847693
-0.2331764
-0.235618
-0.3341131
-0.3564228
-0.1600316
-0.2845089
-0.2152374
-0.2590492
-0.3193978
-0.2552953
-0.3737103
-0.2699548
-0.3786344
-0.4182339
-0.2140627
-0.2814676
-0.07689404
-0.3453176
-0.3002499
-0.3576412
-0.3301745
-0.2017073
-0.3142027
-0.3507998
-0.236427
-0.2211793
-0.1807293
-0.2943615
-0.2938492
-0.2739379
-0.4045222
-0.2415709
-0.2088697
-0.2031517
-0.1203977
-0.3525811
-0.1922835
-0.1068101
-0.1337231
-0.1540018
-0.1469626
-0.198833
-0.1771079
-0.2085327
-0.1208866
-0.3136038
-0.1584748
-0.1616422
-0.1685713
-0.1065907
-0.05613715
-0.07172031
-0.3108849
-0.3751726
-0.1915748
-0.2446226
0.03591022
-0.2031321
-0.173918
-0.137207
-0.2124204
-0.07142941
-0.1890121
-0.1478732
-0.1633656
-0.07096592
-0.07725348
-0.1025961
-0.04281922
-0.06407568
-0.1276602
-0.08073261
-0.2579984
-0.3601208
-0.1250383
-0.2330813
0.04972226
-0.06851188
-0.2206845
-0.1121842
-0.143471
-0.1742346
-0.2313185
-0.1416726
-0.03677669
-0.03863328
-0.1508392
-0.1116834
-0.08869296
-0.1428724
-0.2064523
-0.04590404
-0.1499551
-0.02636683
-0.07609415
-0.1037867
-0.1932985
-0.01036181
0.01460775
-0.00989314
-0.02474206
-0.1061165
-0.05958827
-0.009021706
-0.01621775
-0.153624
-0.1008516
0.04019014
-0.08818222
-0.03145606
-0.07529534
-0.09499252
-0.04509896
0.01787503
-0.07666432
-0.03399887
-0.08817515
-0.1002846
0.02432553
0.1177042
0.02276678
0.01340566
-0.09575646
-0.1108702
0.03382941
-0.05038738
-0.05966136
0.01189664
-0.1611571
0.1696456
-0.04924266
-0.03376472
0.00373294
-0.01357651
0.07873405
-0.1141853
-0.03449011
0.08129274
-0.03560604
0.07507756
-0.03005894
0.01874853
-0.0427111
-0.1520519
0.03638874
0.0472348
0.08015624
-0.07377622
-0.0155554
0.07590444
0.003590196
0.06061091
0.05438363
0.03981477
0.03497825
-0.1017109
-0.03400614
0.17306
0.0228961
-0.01727039
0.2754872
0.05841758
0.02558272
-0.004250946
0.1146375
-0.003094499
0.15531
0.127717
0.07887791
0.1785704
0.08511344
-0.03336043
-0.002053776
0.1925745
0.1394098
0.1039647
0.0933229
-0.008989007
0.05474136
0.04491697
0.1251927
0.08669504
0.08442363
0.1115139
0.2768634
0.1037158
0.1098309
0.07620297
0.02986976
0.1743568
0.03625152
0.1413794
0.2174081
0.2098257
0.07506256
0.05872318
0.1422319
0.145115
0.09928513
0.2117787
0.05023514
-0.04008614
0.1654208
0.118591
0.1712017
0.1604534
0.2095383
0.1725109
0.2222415
0.09282969
0.09835115
0.213441
0.1005063
0.1681187
0.2373916
0.2353675
0.1519072
0.1943866
0.2113931
0.2903637
0.07771564
-0.01868387
0.1244449
0.0860106
0.2055393
0.2966189
0.3252761
0.2576843
0.03863734
0.2032177
0.2405585
0.3029208
0.2412086
0.126817
0.2704704
0.07012828
0.1957117
0.2018245
0.2907171
0.1918725
0.0923935
0.1848891
0.2564356
0.1871847
0.2988302
0.208662
0.2773915
0.2982139
0.201197
0.272865
0.1880138
0.2314694
0.3039519
0.1841637
0.2651546
0.09428657
0.2173442
0.1846438
0.1795362
0.261529
0.2077545
0.2861332
0.2796677
0.204963
0.1216844
0.2501069
0.3405985
0.05256992
0.1242061
0.4420097
0.2998916
0.04556476
0.2006662
0.4061531
0.2832518
0.2548166
0.3456866
0.2986657
0.3148211
0.2954828
0.3087474
0.257016
0.2844368
0.2474987
0.3338311
0.3278918
0.3613642
0.3092292
0.3144012
0.3666965
0.3263331
0.3179687
0.2554851
0.291386
0.2823194
0.2382769
0.3267017
0.3072941
0.3313578
0.19378
0.3856539
0.4059178
0.2501753
0.3054274
0.3769733
0.2661859
0.4450118
0.3240157
0.2008865
0.3426227
0.4757115
0.4450329
0.3396806
0.2109431
0.3790751
0.2320964
0.4069456
0.252059
0.3340976
0.3130325
0.3504738
0.4604733
0.4814134
0.3826819
0.5449321
0.4521025
0.4259184
0.3912493
0.3142546
0.5462591
0.2396881
0.4024172
0.2463023
0.2783599
0.3416007
0.3878163
0.4316237
0.3355936
0.4668705
0.392466
0.4113131
0.3022823
0.4674435
0.3839647
0.4422337
0.3806959
0.6467389
0.3974544
0.5517348
0.3767511
0.3291484
0.4072213
0.4040668
0.5045766
0.4209307
0.3048293
0.361238
0.4558077
0.5467719
0.4736835
0.6149383
0.3894719
0.3225168
0.4559536
0.4462957
0.4646064
0.5158047
0.5025868
0.3887385
0.5205917
0.6096217
0.373196
0.5248023
0.5606686
0.4523329
0.3707506
0.4171692
0.5717233
0.3609318
0.5575679
0.5193281
0.5743973
0.5219217
0.5599224
0.3655273
0.4400569
0.4411772
0.6063354
0.5652097
0.4053779
0.5542335
0.4316118
0.6290315
0.6029093
0.4807247
0.5393236
0.4192441
0.613874
0.5556028
0.4988204
0.4348174
0.5042892
0.4679817
0.5380761
0.5085628
0.5562706
0.5410441
0.5885462
0.6280192
0.4663865
0.6491841
0.6931406
0.5205726
0.5675414
0.4321817
0.6244579
0.507698
0.5825208
0.4665544
0.4886437
0.7077017
0.5095043
0.4996438
0.5813168
0.6522628
0.565812
0.5397392
0.4569791
0.4137563
0.5980707
0.5740987
0.5068918
0.6727469
0.6130197
0.615458
0.6367286
0.5301729
0.5946004
0.583618
0.6577342
0.7452721
0.5798177
0.7075394
0.6402398
0.5713863
0.5007524
0.6475567
0.7574032
0.6043929
0.6166746
0.5996721
0.689157
0.4050556
0.5438358
0.6957403
0.5065156
0.7205718
0.6095528
0.7347727
0.7416842
0.6137202
0.6999893
0.7524036
0.6290258
0.7445321
0.5829541
0.5492718
0.6073221
0.6802471
0.5458229
0.5893192
0.8594095
0.566174
0.6793527
0.669264
0.8520899
0.7165074
0.6414195
0.6247374
0.754567
0.6926192
0.7185583
0.7351419
0.661262
0.6467899
0.6304144
0.7725749
0.7801196
0.7276896
0.5962044
0.7043995
0.6420511
0.6751459
0.7531353
0.7895739
0.7880658
0.7026515
0.7872897
0.7120968
0.6321341
0.7886145
0.6164859
0.8305168
0.7174992
0.751903
0.7363271
0.6524194
0.7443445
0.7078785
0.6831037
0.741137
0.7479088
0.7771437
0.8230178
0.6711739
0.7094176
0.6964806
0.6571925
0.8163186
0.8647701
0.8627663
0.6939563
0.8218247
0.9148763
0.7802337
0.8401551
0.7639491
0.7701706
0.7886437
0.7643439
0.8133969
0.8863993
0.7866953
0.7368574
0.9456967
0.742449
0.8375176
0.7836054
0.8295248
0.8204429
0.7589992
0.7727506
0.8101652
0.8766317
0.7756067
0.7312712
0.811295
0.8892213
0.9659014
0.8890695
0.8059697
0.7275429
0.9223117
0.9022273
0.9034523
0.9126388
0.8528915
0.9560901
0.8902991
0.9028131
0.9267935
0.6418578
0.9543416
0.8904701
0.8643708
0.766247
0.8205898
0.8319108
0.8874581
1.001669
0.9132677
0.8674611
0.8424616
0.8022409
0.810844
0.9389954
0.8471023
0.8355718
0.8554822
0.621499
0.9116039
0.8426579
0.8284162
0.8715947
1.053509
0.8812886
0.8797544
0.8149272
1.069838
0.8868782
0.917608
1.050162
1.085174
0.8146752
1.035669
0.9120228
1.042746
1.085283
0.9127302
0.9050894
0.8522527
0.8815243
0.9054651
0.7992741
0.9092226
0.9743294
1.052684
0.9550906
1.018461
0.9404499
0.865552
0.8511829
0.7703958
0.9417518
0.9230679
0.8396454
1.028531
0.8384882
0.9933744
0.9645582
0.9014803
1.029772
1.12239
0.9792557
0.9922794
1.064088
0.9179559
0.963121
1.034255
1.022532
1.020803
1.03416
0.8020465
1.050656
0.8958776
1.023698
1.010544