0.1245646
-0.96675
-1.015085
-0.7478166
-0.9142877
-1.067945
-0.9861509
-0.873447
-1.064405
-1.004022
-1.036367
-1.067954
-0.9906557
-1.005416
-0.8484999
-1.040792
-0.845108
-0.8955569
-0.9597416
-1.013902
-0.8645571
-0.9159557
-1.018542
-0.858356
-1.093027
-0.9073891
-0.7931338
-1.037148
-0.8977896
-0.8579076
-0.9147354
-0.9094619
-0.9765843
-0.8743623
-0.8102734
-1.171791
-0.9840833
-0.9537945
-0.9149947
-0.8974792
-1.043029
-0.8488687
-0.7346501
-1.001795
-0.9405344
-0.8167352
-0.8830758
-0.8902544
-0.9097417
-0.7509556
-0.7928977
-0.9489392
-0.8478266
-0.8605536
-0.8493875
-0.7580868
-0.9366226
-0.8353441
-0.9430486
-0.7944057
-0.8876586
-0.9373208
-0.796146
-0.8459894
-0.9260858
-1.064992
-1.03789
-0.7624959
-0.7751715
-0.7866581
-0.8323664
-0.7180047
-0.9002968
-0.7790291
-0.9106186
-0.8293886
-0.8157496
-0.9124165
-0.9099371
-0.7945862
-0.7177206
-0.9100319
-0.8097107
-0.8585505
-0.8215251
-0.8588041
-0.9214075
-0.8145558
-0.7646593
-0.776666
-0.876241
-0.8391381
-0.8222746
-0.7923379
-0.8450556
-0.9573233
-0.6534059
-0.6991361
-0.8779383
-0.668685
-0.7193409
-0.8704022
-0.9064386
-0.8193175
-0.8096649
-0.7163737
-0.7676191
-0.6929952
-0.7440003
-0.8841828
-0.8401148
-0.8173286
-0.6690329
-0.7531522
-0.7925069
-0.6672991
-0.7174725
-0.7547168
-0.8850632
-0.6535474
-0.8701215
-0.7616256
-0.7646291
-0.7618471
-0.7200144
-0.8322662
-0.6987519
-0.6647131
-0.7913045
-0.7254711
-0.7205257
-0.7575977
-0.8056267
-0.770592
-0.7218859
-0.5804827
-0.8225512
-0.720883
-0.648354
-0.8232863
-0.7519824
-0.7123794
-0.8329802
-0.7504741
-0.6884677
-0.7777513
-0.8068096
-0.6430583
-0.7234294
-0.6689623
-0.6917415
-0.5876174
-0.6207749
-0.758775
-0.5656308
-0.7275408
-0.662149
-0.6978427
-0.8189256
-0.7021532
-0.6567813
-0.7367144
-0.6202106
-0.7686917
-0.6818774
-0.7058397
-0.6982887
-0.7063112
-0.6679311
-0.6935972
-0.7354888
-0.5399625
-0.6920292
-0.6567454
-0.5653215
-0.6221334
-0.4978743
-0.697152
-0.5911273
-0.7981429
-0.5499708
-0.5893563
-0.567358
-0.6578915
-0.5655833
-0.505905
-0.7648815
-0.6302105
-0.5314217
-0.5059812
-0.7211611
-0.5415399
-0.6193335
-0.6511875
-0.6712194
-0.791678
-0.6260351
-0.5903935
-0.6071725
-0.7034323
-0.6906163
-0.461178
-0.6804488
-0.6037805
-0.6261633
-0.6390923
-0.5395945
-0.741955
-0.5824297
-0.6378271
-0.6012158
-0.5875173
-0.690292
-0.5925484
-0.6868243
-0.5913554
-0.6330975
-0.5067325
-0.5322763
-0.5164293
-0.5910083
-0.5388544
-0.6902861
-0.6147714
-0.5109301
-0.5799562
-0.6356696
-0.6267946
-0.5271072
-0.4378397
-0.6325236
-0.4273783
-0.3716651
-0.3551681
-0.4679865
-0.7058197
-0.6555106
-0.3350326
-0.433965
-0.5241304
-0.5513051
-0.5058925
-0.6439829
-0.6815305
-0.5469845
-0.4857045
-0.4671466
-0.4204144
-0.433413
-0.5938941
-0.5080448
-0.358417
-0.5915411
-0.4351709
-0.3557565
-0.5195195
-0.6217823
-0.3957464
-0.4124761
-0.3893637
-0.4750025
-0.4593279
-0.3560039
-0.4376272
-0.6060684
-0.5065526
-0.4769935
-0.5604841
-0.2447281
-0.5596538
-0.4666553
-0.4859483
-0.3462229
-0.2727449
-0.3440912
-0.4378812
-0.4494933
-0.3958433
-0.3004014
-0.5694317
-0.3757531
-0.4372129
-0.4255521
-0.5063354
-0.23586
-0.3889565
-0.261013
-0.4552627
-0.4628748
-0.5597802
-0.357371
-0.4536663
-0.3860351
-0.2950465
-0.3128223
-0.4075941
-0.4066169
-0.4945213
-0.3509712
-0.3623657
-0.4412566
-0.4656494
-0.3671576
-0.3890997
-0.4580768
-0.455713
-0.2346106
-0.4456056
-0.3982646
-0.3278869
-0.386295
-0.3531992
-0.3301227
-0.2408794
-0.267864
-0.08573918
-0.4431351
-0.360454
-0.3381719
-0.4356398
-0.4590306
-0.4382688
-0.3833476
-0.1830166
-0.2133504
-0.2421163
-0.4048323
-0.4476622
-0.4530871
-0.3592304
-0.3711815
-0.2536963
-0.4282809
-0.2512715
-0.3914832
-0.3038773
-0.4341174
-0.2958061
-0.183735
-0.2579427
-0.1163638
-0.1701509
-0.1922607
-0.3502713
-0.4964036
-0.2524691
-0.3083314
-0.3077193
-0.2025509
-0.4019054
-0.2614349
-0.2527482
-0.1121639
-0.04062135
-0.2970833
-0.4057106
-0.2851922
-0.1241396
-0.3357027
-0.3985652
-0.4625184
-0.2051271
-0.3435047
-0.3258514
-0.2785388
-0.422935
-0.3315514
-0.3105809
-0.1911105
-0.2209291
-0.4250731
-0.3449292
-0.04935067
-0.2302231
-0.2289997
-0.219383
-0.2820958
-0.2845068
-0.3049672
-0.2668706
-0.2250661
-0.1963782
-0.3219605
-0.2210376
-0.290916
-0.2079487
-0.1060929
-0.1827585
-0.05615389
-0.2879603
-0.2843726
-0.1843568
-0.1274395
-0.1618611
-0.2097515
-0.1204507
-0.2411355
-0.2773074
-0.156264
-0.1443822
-0.2400954
-0.2418798
-0.2719514
-0.2440555
-0.1671268
-0.2179153
-0.2517126
-0.2212041
-0.2920082
-0.07148268
-0.2549139
-0.1946348
-0.1928752
-0.1516834
-0.1158461
-0.1583919
-0.09866573
0.03330072
-0.2033665
-0.1660668
-0.1655375
-0.1264279
-0.1652194
-0.0008393666
-0.2490436
-0.1909892
-0.1996449
-0.08429609
-0.1818192
-0.1606967
-0.1618326
-0.07642558
0.03820923
-0.2326391
-0.1885078
-0.1804255
-0.2754926
-0.07462824
-0.1477777
-0.2629892
-0.112552
-0.0709339
-0.1097009
-0.008016833
-0.02471521
-0.140035
-0.01385445
-0.1349394
0.02027569
-0.05355379
0.04626668
-0.131251
-0.1596776
-0.1293927
0.05680491
0.01994214
-0.09456948
-0.05773314
-0.1710446
-0.002788919
0.04242086
-0.06310277
-0.02104435
-0.0657265
0.04729793
-0.08851386
-0.1329307
0.07986217
-0.1339073
-0.09842378
-0.1247768
-0.153853
0.06865251
0.005388459
0.04429751
-0.121507
-0.005148353
-0.0917719
0.0245031
-0.1459025
-0.1210408
-0.1116364
-0.02395471
-0.1072861
0.06701695
-0.07483018
-0.07427707
-0.02716479
-0.03620408
-0.03445619
0.001845113
-0.1495404
-0.01840198
0.1371508
-0.01072446
-0.04207469
-0.0774632
0.1092516
-0.03481339
0.1301351
-0.2236102
-0.2091927
-0.08139976
-0.01552539
0.07560599
0.02195781
-0.09071679
-0.04960867
-0.1215501
0.04721563
-0.1238347
0.01215764
-0.01185873
0.1382746
0.08831834
-0.0889287
0.02761312
0.1180931
-0.1702707
-0.007051071
0.04059734
0.04135015
0.1125297
-0.1290585
0.1268744
-0.07103423
-0.02893299
-0.004470456
0.01323616
-0.1412791
0.1333354
0.02313554
-0.06431947
-0.06145401
0.3121265
-0.03130489
0.005635703
0.03833407
0.1203639
0.2342377
-0.01491327
0.02741376
-0.06691011
0.04010515
-0.07294332
0.1626746
0.05633451
0.1164179
0.1085736
0.1141454
0.1288788
0.2095663
0.2116029
-0.1001703
0.2020954
0.1805962
0.3673285
0.1850936
0.3851032
0.188527
0.1068
0.08434901
0.2484274
0.1417231
0.09995939
0.1817855
0.02779161
-0.012575
0.07465575
0.1564758
0.1252411
0.09252388
0.1424745
0.1356123
0.09484208
0.1936138
0.2291216
0.1888229
0.1644966
0.06222002
0.1016051
0.01679439
0.07347517
0.1948939
0.1085353
0.06151014
0.1306709
0.1472558
-0.006902472
0.1713926
0.2560147
0.2233032
0.2135467
0.2601777
0.3001489
0.2320885
0.2555966
0.183633
0.2500321
0.1088448
0.06100205
0.2259635
0.09910376
0.3087582
0.1635084
0.1464572
0.3054786
0.2420211
0.2254587
0.3260463
0.3403263
0.1393184
0.262026
0.1137668
0.07288647
0.2399587
0.2725714
0.1210195
0.1068564
0.1824045
0.2163422
0.1742671
0.1263991
0.1737742
0.3199458
0.05483276
0.3294163
0.2804218
0.2118006
0.3186851
0.200123
0.1564193
0.2814963
0.2153415
0.1309222
0.1938188
0.1475124
0.3392656
0.3579106
0.2197207
0.3603006
0.3847008
0.3415518
0.4245276
0.3000481
0.2440446
0.3659417
0.3536541
0.1745621
0.2260914
0.3410127
0.3439372
0.3231784
0.2786868
0.3603653
0.2560326
0.2519233
0.3171588
0.2317474
0.264171
0.3179175
0.2083988
0.4286058
0.3596235
0.3474841
0.4842125
0.2663896
0.4087283
0.2011066
0.3836577
0.3614859
0.3250741
0.3724383
0.3459704
0.1971093
0.3130518
0.3237088
0.3600712
0.4054275
0.2879431
0.3341261
0.3883988
0.3094712
0.4629592
0.5473985
0.4605525
0.1561051
0.360035
0.4216579
0.4954638
0.2685637
0.4624799
0.2507455
0.4660347
0.2960984
0.2982142
0.4495081
0.4281115
0.5216564
0.386042
0.3976352
0.4041743
0.3879247
0.4972787
0.3601683
0.4729491
0.4034063
0.4358083
0.5343321
0.4490267
0.4490468
0.4180042
0.4680854
0.4113049
0.5324375
0.4080093
0.3513554
0.4328853
0.4029709
0.4874555
0.4562444
0.4830097
0.4237082
0.3896972
0.5355364
0.4804773
0.436328
0.5378085
0.5281968
0.5553435
0.4921345
0.488842
0.5907486
0.5292872
0.6562702
0.5622302
0.5095883
0.4501157
0.5741361
0.5117991
0.5786045
0.5565886
0.4688669
0.3627309
0.3834074
0.4126692
0.4820205
0.5631257
0.5460805
0.4968133
0.4859445
0.508881
0.5107839
0.4788899
0.5374955
0.506819
0.3850907
0.4721403
0.5217379
0.5077822
0.5871128
0.5173295
0.5653909
0.6358397
0.5336467
0.5300931
0.3639278
0.5835264
0.4990045
0.6006377
0.5330361
0.4027211
0.598748
0.5739596
0.6355499
0.5927877
0.3963772
0.5779729
0.5576732
0.5682592
0.7112609
0.6074807
0.6370798
0.6405971
0.6605178
0.5104625
0.7426376
0.542599
0.5905771
0.4559811
0.7331805
0.5583803
0.5975667
0.5500155
0.4976414
0.5526511
0.6314845
0.7179619
0.6822862
0.6565551
0.4548131
0.4036047
0.585595
0.5429011
0.5619487
0.6910425
0.6313921
0.705548
0.4795953
0.5175576
0.6847398
0.6559369
0.6392152
0.5472276
0.5035228
0.4795734
0.6928221
0.7832995
0.626937
0.6759835
0.7086582
0.6999471
0.596183
0.677559
0.5874987
0.6941136
0.7176895
0.6644283
0.6515809
0.6134362
0.4404232
0.6762367
0.7002487
0.6978309
0.7183584
0.6323277
0.597406
0.6908455
0.591026
0.8409329
0.5508781
0.7213329
0.794011
0.6703704
0.7820178
0.6390879
0.5703525
0.828885
0.7097903
0.6792254
0.6189352
0.6683133
0.9628753
0.6059129
0.6118998
0.7834496
0.6980428
0.781124
0.7195804
0.7871331
0.7059215
0.6715923
0.7428742
0.7806661
0.5980979
0.8807389
0.7419356
0.6685998
0.6345518
0.7736542
0.6337125
0.8361611
0.6852492
0.7035965
0.8460787
0.76964
0.8921699
0.8625371
0.7591335
0.6545437
0.7459247
0.7354562
0.7656153
0.7297967
0.7031492
0.7001985
0.9373814
0.7348491
0.6402646
0.6718754
0.7884932
0.8285037
0.8211612
0.8243375
0.7253436
0.7482584
0.7831239
0.8610267
0.7916171
0.7854062
0.8695243
0.8558178
0.9797571
0.6361122
0.7655813
0.6942179
0.7916705
0.8238474
0.8489425
0.8061825
0.8136639
0.9473407
0.8166963
0.7567376
0.734279
0.7839342
0.8189576
0.7947118
0.8811636
0.8749184
1.003039
0.82754
1.029635
0.7422507
0.773303
0.6246405
0.6878333
0.880543
0.8053761
0.8526821
0.7677862
0.8404229
0.8956523
0.9386844
0.8370778
0.856215
1.12401
0.6865592
0.8852067
0.965889
0.8516862
0.859903
0.8530599
0.910808
0.8099806
0.9848863
0.7874498
0.8562908
0.8458605
0.9392806
0.9838984
0.8570274
0.7994995
0.9190382
0.8995413
0.9089774
0.8456773
0.973625
1.005195
0.9862213
0.9683207
0.765117
0.9330933
0.9153794
0.9928655
0.9560317
0.9231966
0.8234426
0.9640573
0.9359616
0.818782
0.8923896
0.7981037
0.9725626
0.8093161
0.9596835
1.050366
1.01511
0.9999095
0.9551376
0.9093051
1.041285
1.042075
1.096718
0.9923918
1.01522
0.9270079
0.8915678
0.8744862
1.070769
0.9052964
0.8130375
0.9328771
0.8901222
1.059702
0.9644818
0.9595809
0.9791231
0.9153666
0.8779723
1.019218