0.1366855
-0.9713827
-1.008699
-0.7705855
-0.9215739
-1.038708
-0.9950841
-0.8654516
-1.062171
-1.0021
-1.042962
-1.065238
-0.983241
-1.024619
-0.8492815
-1.017832
-0.8433153
-0.9359662
-0.9799717
-0.9873583
-0.8575021
-0.9233418
-1.034665
-0.864974
-1.087189
-0.9142164
-0.7826154
-1.036135
-0.8769474
-0.8674203
-0.9121818
-0.8810348
-0.9787775
-0.8622048
-0.8109462
-1.167742
-0.9973985
-0.9358437
-0.9341964
-0.8874882
-1.061614
-0.8485612
-0.7393635
-0.9899422
-0.9499301
-0.8328393
-0.8834428
-0.8969529
-0.9123586
-0.7431437
-0.8215902
-0.9448933
-0.8449746
-0.8536829
-0.8460622
-0.7628035
-0.9317976
-0.8253674
-0.9420993
-0.7973423
-0.8936011
-0.9430378
-0.7884551
-0.8460831
-0.905184
-1.063875
-1.033514
-0.7610075
-0.7765219
-0.7925218
-0.8399329
-0.7115861
-0.9035824
-0.7606936
-0.9017908
-0.8406151
-0.8223176
-0.8997842
-0.8965311
-0.7865114
-0.7009551
-0.9180316
-0.7861075
-0.8721892
-0.8131487
-0.8560108
-0.9002818
-0.8096259
-0.7735646
-0.7676931
-0.8643216
-0.8484015
-0.8433695
-0.8000717
-0.8431064
-0.9611309
-0.6638326
-0.6963875
-0.8939265
-0.6751101
-0.7319032
-0.8649651
-0.9206028
-0.8200926
-0.8207896
-0.7381835
-0.759356
-0.6745872
-0.7602622
-0.8721825
-0.8263967
-0.7993715
-0.6733083
-0.7531957
-0.7700497
-0.6467855
-0.7179566
-0.741894
-0.8691448
-0.6556661
-0.8553796
-0.7608641
-0.7852319
-0.7577586
-0.709097
-0.8420544
-0.6975064
-0.679187
-0.809106
-0.7362499
-0.7075921
-0.7496857
-0.8145803
-0.7690149
-0.7233502
-0.5828014
-0.8193076
-0.7143982
-0.6678345
-0.8091078
-0.7481922
-0.7047288
-0.8367825
-0.7462633
-0.6769653
-0.7619332
-0.8059744
-0.6375199
-0.7166038
-0.6631235
-0.7071745
-0.5918866
-0.6062874
-0.7419413
-0.5872881
-0.7373486
-0.6421366
-0.6713123
-0.8089576
-0.6973779
-0.6449995
-0.7402257
-0.6158353
-0.7730256
-0.6836913
-0.6903575
-0.6958634
-0.7330726
-0.6656826
-0.6900717
-0.7364535
-0.53186
-0.7130417
-0.6637838
-0.5497749
-0.622348
-0.5171056
-0.6848098
-0.6117613
-0.7960749
-0.5538517
-0.5891177
-0.5704468
-0.6635151
-0.541478
-0.5008482
-0.7717605
-0.6214052
-0.5469377
-0.5101352
-0.7205234
-0.5430075
-0.6092455
-0.6891966
-0.6767166
-0.7739087
-0.6369205
-0.6025638
-0.6081534
-0.7082775
-0.687049
-0.4783085
-0.6747565
-0.6129623
-0.6225676
-0.6274201
-0.5515906
-0.7456182
-0.5748055
-0.6213785
-0.6054365
-0.5759721
-0.6946229
-0.5934169
-0.6906652
-0.5970388
-0.6157294
-0.4985567
-0.5406144
-0.5349154
-0.6095123
-0.5305429
-0.6836256
-0.6233122
-0.5188103
-0.5454993
-0.6101834
-0.6394924
-0.5181352
-0.4590162
-0.6363483
-0.4291643
-0.3514362
-0.3520674
-0.471654
-0.7094534
-0.6174019
-0.3452061
-0.4208528
-0.5162454
-0.5455893
-0.5111819
-0.6266935
-0.7059156
-0.5242412
-0.5142041
-0.4684395
-0.3924788
-0.4200877
-0.5932282
-0.5074885
-0.3571821
-0.5823049
-0.4113188
-0.3505406
-0.5156456
-0.6194752
-0.3760554
-0.4294885
-0.391173
-0.4833745
-0.4502577
-0.3624162
-0.4666279
-0.6087583
-0.538851
-0.4378382
-0.555262
-0.2448946
-0.5705572
-0.4507995
-0.487948
-0.3601194
-0.2665061
-0.3487012
-0.4190071
-0.4761063
-0.4036494
-0.2944101
-0.5762035
-0.3831473
-0.4363723
-0.4157172
-0.5077318
-0.2496561
-0.3771983
-0.2751264
-0.4718226
-0.468026
-0.5656435
-0.3521437
-0.4478556
-0.3896015
-0.3055037
-0.3255238
-0.4027541
-0.4229072
-0.4820836
-0.3763955
-0.3847629
-0.4329345
-0.4796006
-0.3794345
-0.4245715
-0.475363
-0.4886207
-0.2348342
-0.455276
-0.3896547
-0.3139618
-0.3805654
-0.3606378
-0.3333741
-0.2451938
-0.279952
-0.09795703
-0.4736379
-0.3612125
-0.3458564
-0.4358558
-0.4655546
-0.4460723
-0.3920265
-0.1853261
-0.2013759
-0.2345666
-0.3927139
-0.4350665
-0.4846282
-0.3453459
-0.3787817
-0.2476336
-0.427875
-0.2469168
-0.4028475
-0.3174801
-0.4286882
-0.2751635
-0.1928862
-0.2649997
-0.1059263
-0.2098279
-0.1980048
-0.3594067
-0.5009503
-0.2437561
-0.3179563
-0.318663
-0.2230379
-0.4096261
-0.266994
-0.2533166
-0.09452528
-0.05805062
-0.318318
-0.4179242
-0.2802142
-0.1295385
-0.344532
-0.3818153
-0.4675729
-0.2040686
-0.339564
-0.3355127
-0.2888725
-0.419529
-0.3365734
-0.3176679
-0.1817376
-0.2259324
-0.4337505
-0.3327656
-0.03265807
-0.2415036
-0.2262584
-0.2087723
-0.2829504
-0.2894521
-0.3171291
-0.2757642
-0.2350609
-0.2346807
-0.3459934
-0.2182265
-0.2903311
-0.2124913
-0.1068315
-0.1930173
-0.05864216
-0.2813548
-0.2912698
-0.1687374
-0.1187148
-0.1652897
-0.2284629
-0.125806
-0.2329011
-0.2693641
-0.1878746
-0.1537739
-0.2419715
-0.2482037
-0.2838289
-0.2497655
-0.1870768
-0.211693
-0.2597336
-0.2169099
-0.3125735
-0.04471551
-0.2632574
-0.2044371
-0.1886663
-0.1720033
-0.1220347
-0.1822614
-0.1195104
0.01616727
-0.195402
-0.1697048
-0.1597015
-0.1466954
-0.1487078
0.006973725
-0.239981
-0.2081915
-0.1985889
-0.08092285
-0.1733315
-0.1658549
-0.1661113
-0.07615144
0.02036805
-0.2248109
-0.1971269
-0.1964683
-0.2793266
-0.07194392
-0.1421522
-0.2757932
-0.1279351
-0.06675798
-0.1038308
-0.008975497
-0.02150285
-0.1495245
-0.01323388
-0.1359737
0.03119071
-0.04153534
0.04140492
-0.1295032
-0.16437
-0.1101712
0.047416
-0.007856672
-0.103913
-0.03587619
-0.1911403
-0.01146907
0.05833777
-0.05568792
-0.02319693
-0.07718511
0.04670028
-0.09356184
-0.1334271
0.08873437
-0.1541131
-0.09144587
-0.1375333
-0.1471307
0.05835584
0.001837328
0.04974751
-0.1405394
0.01892478
-0.09589355
0.003131157
-0.1537758
-0.1197484
-0.08824936
-0.02624206
-0.08369548
0.05560436
-0.04931669
-0.06604625
-0.0234235
-0.03849462
-0.0428716
0.02500478
-0.1389588
-0.0166314
0.1302582
0.02847087
-0.05287795
-0.05669439
0.1117503
-0.02263857
0.1354303
-0.2166991
-0.227381
-0.05108426
0.0007216481
0.06749884
0.03763261
-0.06792888
-0.06480654
-0.1129552
0.03948062
-0.1197845
0.01764794
0.001115859
0.1486749
0.07733046
-0.09485553
0.02421589
0.1238589
-0.1664768
0.008418062
0.04362433
0.04527138
0.1122399
-0.1141337
0.09707446
-0.07301756
-0.02884886
-0.008022782
-0.003389545
-0.1192863
0.1394476
0.03711828
-0.0659068
-0.08726901
0.3038699
-0.02420893
0.02977043
0.006641473
0.1245735
0.2328456
0.001362398
0.02889016
-0.05964766
0.03323762
-0.07787954
0.1531387
0.06499674
0.1209344
0.1247302
0.1384969
0.1359984
0.1880117
0.213711
-0.09905658
0.2197314
0.1626023
0.3491511
0.1838079
0.3917616
0.1673746
0.09440141
0.096692
0.2390201
0.1747844
0.1288622
0.1642174
0.04134078
0.002218433
0.08167475
0.1612681
0.1153105
0.1010318
0.1191254
0.1449315
0.1075139
0.1811566
0.2232649
0.2142786
0.157554
0.06949211
0.1094492
0.01393311
0.09891538
0.1807981
0.1161057
0.07503269
0.1316403
0.1431236
-0.02228162
0.1643599
0.256905
0.2258926
0.2040372
0.2681894
0.283724
0.2074507
0.2375026
0.1906991
0.204244
0.1283977
0.05838497
0.2458871
0.1160636
0.2926711
0.1366879
0.1262706
0.3052044
0.2298127
0.2281512
0.3299434
0.3315966
0.1575876
0.286285
0.1058041
0.07527825
0.2336187
0.2917534
0.1235714
0.1195945
0.1637447
0.2287229
0.1919522
0.1160902
0.1844869
0.3316223
0.04666912
0.3282236
0.3086401
0.2178045
0.3192278
0.1970777
0.1468733
0.2982213
0.2035653
0.1507616
0.1843911
0.1303666
0.3663076
0.3720656
0.229438
0.3450705
0.3868788
0.3508808
0.4375695
0.310626
0.2429559
0.375877
0.3435012
0.1832293
0.2294282
0.3545769
0.3160059
0.3128037
0.2772273
0.3584614
0.2540735
0.2596636
0.3142347
0.2515213
0.2574247
0.2843126
0.2208169
0.4403094
0.3653614
0.3135207
0.5065961
0.2664831
0.4177146
0.1671694
0.382331
0.3699066
0.3086654
0.4062462
0.3477665
0.2197324
0.2942972
0.30718
0.3578493
0.3877389
0.2928759
0.3361995
0.3769647
0.29324
0.4330675
0.5391491
0.4621746
0.1303517
0.363376
0.4152555
0.5359057
0.284578
0.4623763
0.25074
0.4727348
0.281261
0.2790195
0.4769882
0.431271
0.5313322
0.4059127
0.38347
0.3923728
0.3750541
0.4862317
0.3773082
0.4714004
0.4003554
0.4236591
0.5246426
0.4335122
0.4499206
0.4270956
0.4668408
0.4065443
0.5186059
0.4139182
0.3634671
0.427575
0.3977254
0.5049693
0.46431
0.4635029
0.4055802
0.3943532
0.5144222
0.4558888
0.4414619
0.5306897
0.5385056
0.5540081
0.4773095
0.4900322
0.5536877
0.5459088
0.6553668
0.5645218
0.5106821
0.4389538
0.5738994
0.5031809
0.5712509
0.5434504
0.4978232
0.3523281
0.3712894
0.4016237
0.5032051
0.5506455
0.5280756
0.4957754
0.5111544
0.5175319
0.5181548
0.4767142
0.5292123
0.491276
0.3748063
0.4889046
0.5099437
0.5168393
0.5818638
0.5129069
0.5673152
0.6417048
0.5161595
0.5620683
0.3827548
0.573926
0.5061162
0.5879486
0.5463473
0.4064769
0.6054203
0.5515747
0.6049024
0.5906828
0.3775778
0.5861018
0.5675539
0.5850231
0.7055679
0.614612
0.6352975
0.6564597
0.6629393
0.5073913
0.7247341
0.5385307
0.5921475
0.4622381
0.7346166
0.5386855
0.5929136
0.5563416
0.499552
0.5608371
0.6135659
0.743596
0.6575407
0.6713735
0.4720169
0.3815549
0.5749007
0.5287698
0.5720386
0.6778147
0.6156166
0.724352
0.472155
0.5095335
0.689009
0.6510928
0.6276496
0.5474191
0.4994568
0.4626432
0.7188928
0.7953253
0.6311932
0.6570501
0.7140434
0.6919946
0.6186163
0.6612912
0.6071458
0.7006354
0.7393123
0.6452766
0.6250153
0.5982542
0.4406341
0.6704837
0.6899794
0.6808311
0.721913
0.6696296
0.5910758
0.6932673
0.5717284
0.8496149
0.5329223
0.7164168
0.7684202
0.6933073
0.7757692
0.6166896
0.5652229
0.8225966
0.7033101
0.7011975
0.5976997
0.6566125
0.9407581
0.6301608
0.6100999
0.7742802
0.6848209
0.7643806
0.6882929
0.7858189
0.695647
0.6917371
0.7376036
0.7940768
0.6090913
0.8669389
0.7524966
0.6691464
0.6384324
0.7739398
0.6199803
0.83041
0.6860941
0.6807864
0.8628694
0.7616266
0.9047647
0.8907727
0.7715036
0.6635848
0.7467447
0.7228289
0.7782195
0.7289139
0.7056017
0.7227599
0.9258572
0.7306868
0.629387
0.6795295
0.8079404
0.8424303
0.8133113
0.8244888
0.7424137
0.7638769
0.793384
0.8675559
0.7900209
0.7724315
0.855856
0.8343307
0.9894608
0.632071
0.7747393
0.7017591
0.7646817
0.8279829
0.8386509
0.8043126
0.8061164
0.9102303
0.8159182
0.7972498
0.787301
0.7751575
0.8103719
0.7897398
0.8656083
0.8576125
0.9779216
0.8186857
1.024501
0.7787345
0.7616112
0.6096979
0.6881541
0.8708437
0.7821468
0.8753968
0.7481138
0.848401
0.8867451
0.9289857
0.8114145
0.8594614
1.120146
0.6808895
0.8822466
0.9699618
0.8600881
0.8633387
0.8803384
0.9341197
0.8427734
0.9957274
0.8064205
0.8651448
0.8527957
0.9348855
0.9896406
0.8577413
0.7808257
0.9173039
0.8935173
0.9006703
0.8598119
0.9738428
1.005021
0.9790637
0.9562892
0.7633218
0.9270771
0.9069889
1.006955
0.9575627
0.9409205
0.8425368
0.9765805
0.9393157
0.8134216
0.9038674
0.8146636
0.9603082
0.7886173
0.9548582
1.049116
1.007056
1.022331
0.9282468
0.9241639
1.040287
1.054479
1.107648
0.984749
1.005629
0.9211378
0.8772506
0.8948527
1.07108
0.8916181
0.7950719
0.9109468
0.8743112
1.077772
0.9453524
0.9666543
0.95971
0.934055
0.9062492
1.017288