-0.02409568
-1.020328
-0.9826565
-1.050271
-0.934025
-0.9541912
-1.049896
-1.102326
-0.9447816
-0.9819409
-1.00561
-1.037113
-1.014409
-0.8788972
-0.943798
-1.066367
-0.9056703
-0.9104733
-0.9372966
-0.9240215
-0.9367614
-0.9759827
-0.9770497
-1.107698
-0.8965401
-1.089203
-0.9514205
-0.9994767
-0.9452172
-0.9117498
-0.9551924
-0.9910423
-0.9856183
-0.9857472
-0.9498634
-0.8742774
-0.9179163
-1.158567
-0.928498
-0.9554162
-1.003567
-0.9097439
-0.8392999
-0.7978282
-0.965259
-0.9756532
-0.8890582
-0.9210912
-1.030078
-0.8806609
-0.9466091
-0.7893356
-0.9030294
-0.9922608
-0.857072
-1.024367
-0.9072015
-0.8340605
-0.8955195
-0.9954185
-1.061045
-0.8970574
-1.034925
-0.7910331
-0.9323599
-0.8225769
-0.718719
-0.8445889
-0.7457628
-0.8662894
-0.8812768
-0.9146584
-1.030054
-0.996223
-0.698963
-0.9335845
-0.8533132
-0.7245916
-0.8689686
-0.8443765
-0.6917979
-0.9618497
-0.9306318
-0.8432017
-0.8724893
-0.9887514
-0.7352891
-0.8664144
-0.860855
-0.9837345
-0.7713939
-0.7314839
-0.8691783
-0.6965592
-0.6055068
-0.8387009
-0.7631883
-0.8126344
-0.7645274
-0.8566181
-0.711014
-0.9498485
-0.6581743
-0.820742
-0.8444858
-0.7907375
-0.7349698
-0.7463009
-0.8787964
-0.7322118
-0.8380159
-0.7343372
-0.7981553
-0.7837144
-0.8032247
-0.793248
-0.7787424
-0.6273784
-0.7553776
-0.7396744
-0.6903682
-0.8717282
-0.7660375
-0.691618
-0.8272609
-0.6936622
-0.5912477
-0.7761868
-0.7937741
-0.7387821
-0.7938615
-0.7872276
-0.831605
-0.6825167
-0.6487701
-0.7335674
-0.7878351
-0.6038687
-0.7897776
-0.6094209
-0.6579217
-0.7978547
-0.6615914
-0.8329285
-0.7456783
-0.6017562
-0.7357007
-0.6319473
-0.7958717
-0.8385324
-0.6600456
-0.8439229
-0.7929136
-0.5972525
-0.6023701
-0.6246282
-0.6238537
-0.7256591
-0.6333682
-0.649362
-0.8010411
-0.589347
-0.7544969
-0.6405027
-0.6644493
-0.625737
-0.77602
-0.7011559
-0.550838
-0.6672933
-0.6560166
-0.69019
-0.6676688
-0.60196
-0.6543595
-0.6684602
-0.6729139
-0.7533147
-0.7104308
-0.6515168
-0.6880236
-0.6090325
-0.6284784
-0.7593951
-0.6873216
-0.5558417
-0.6589027
-0.5551639
-0.5745996
-0.6469477
-0.6249805
-0.4425516
-0.5452826
-0.5583498
-0.5878751
-0.6344614
-0.5329114
-0.5045386
-0.6675299
-0.6544669
-0.6751184
-0.600434
-0.5657939
-0.5287986
-0.7131243
-0.5519847
-0.6732514
-0.633126
-0.5598561
-0.7267793
-0.5765588
-0.4379132
-0.5815778
-0.6575715
-0.580296
-0.6265026
-0.5259042
-0.5982504
-0.5694137
-0.6067615
-0.5464016
-0.5223609
-0.4412494
-0.5524378
-0.6077683
-0.6067704
-0.464415
-0.341925
-0.6127568
-0.5097652
-0.6014051
-0.624734
-0.2547613
-0.5039807
-0.5807134
-0.6619766
-0.6803458
-0.4204979
-0.4117453
-0.4908936
-0.4843704
-0.5041333
-0.6225203
-0.4955889
-0.624966
-0.5614385
-0.4553942
-0.504334
-0.4806834
-0.4665907
-0.4352757
-0.5059337
-0.5872846
-0.47824
-0.4369266
-0.4500517
-0.5078151
-0.5085864
-0.4601652
-0.3144101
-0.6201634
-0.5230987
-0.3783351
-0.4711522
-0.5376999
-0.4352873
-0.6081513
-0.4304785
-0.4843405
-0.4019417
-0.3584084
-0.4306533
-0.4004524
-0.5013123
-0.4569746
-0.3582853
-0.350168
-0.5542839
-0.5138532
-0.4015616
-0.3700351
-0.4254287
-0.3964567
-0.554938
-0.3536898
-0.4854741
-0.3344311
-0.4973294
-0.6308071
-0.259436
-0.311427
-0.2949288
-0.5758168
-0.3224973
-0.4686564
-0.3358912
-0.3207875
-0.4150641
-0.3277357
-0.4798848
-0.353572
-0.494094
-0.3643185
-0.4581414
-0.4453842
-0.4713481
-0.6279507
-0.4570796
-0.3874072
-0.4113903
-0.401173
-0.459281
-0.3952771
-0.3214493
-0.4847858
-0.2538392
-0.3471857
-0.2143088
-0.2595862
-0.3826836
-0.5595756
-0.373598
-0.3647693
-0.423657
-0.3981421
-0.3430404
-0.3960489
-0.5139081
-0.2830601
-0.3001491
-0.3670181
-0.4294528
-0.3732547
-0.3202601
-0.414262
-0.2585343
-0.3171489
-0.338074
-0.2650745
-0.2587004
-0.2774418
-0.3604617
-0.3173351
-0.3949275
-0.288929
-0.2824375
-0.2183636
-0.327892
-0.3465392
-0.465316
-0.3567445
-0.3747287
-0.2817998
-0.2705179
-0.2011165
-0.2558036
-0.1846314
-0.3511274
-0.1985364
-0.3571891
-0.5037345
-0.3129848
-0.2513612
-0.2387627
-0.3054467
-0.1977091
-0.3438495
-0.3345259
-0.3430101
-0.3153719
-0.267514
-0.2160434
-0.2584671
-0.3523096
-0.3890676
-0.3168943
-0.1663505
-0.345804
-0.2285506
-0.2180836
-0.2649278
-0.2688832
-0.2507691
-0.2270384
-0.2035812
-0.3144874
-0.2530039
-0.1209699
-0.2447726
-0.2234335
-0.2119574
-0.07832143
-0.2094236
-0.3584836
-0.2013162
-0.3747537
-0.116239
-0.05921741
-0.192387
-0.1947488
-0.1867911
-0.1645432
-0.1056267
-0.2446378
-0.09360499
-0.1443206
-0.1705866
-0.03233524
-0.1750638
-0.2369564
-0.1063462
-0.1735607
-0.1037888
-0.1305373
-0.2433057
-0.1143455
-0.1789588
-0.22161
-0.2672453
-0.2096623
-0.1010572
-0.2087815
-0.2170807
-0.09857461
-0.1150995
-0.1945632
-0.1961592
-0.2734686
-0.2263151
-0.2383489
-0.3171357
-0.1094151
-0.06296481
-0.2463926
-0.1991211
-0.07571951
-0.07252615
-0.2773685
-0.1348171
-0.2044743
-0.01913042
-0.1884337
-0.1202902
-0.006392511
-0.2185416
-0.1443695
-0.2232645
-0.1692729
0.05976529
0.08625277
0.01324809
-0.05561693
-0.1620203
-0.08185683
-0.01043865
-0.1215827
-0.1259298
-0.2185061
-0.0480393
-0.001742562
-0.1728235
-0.2805556
-0.06454284
-0.04086175
-0.03503848
-0.1068304
-0.1439696
-0.1159408
0.04570621
-0.07396044
-0.002464525
-0.1082853
-0.122126
0.03030933
-0.008014305
-0.03244201
0.0289091
-0.1566467
0.09537006
-0.106584
-0.1328465
-0.196691
-0.1651518
0.03104277
0.1403676
-0.136706
-0.07220021
-0.09070805
-0.02780764
0.07862966
0.0471002
-0.001589436
-0.03815139
0.08478245
-0.001397257
0.01466647
-0.1049852
-0.01292047
-0.05617379
-0.03298496
-0.01036612
0.1654905
-0.0153406
-0.2220714
0.1252327
0.01248796
-0.06610506
-0.07368945
-0.009166209
0.1552005
-0.1162255
0.01529796
0.1642252
-0.02128965
0.07872189
0.1339045
-0.1068686
0.03998061
-0.007027124
0.08861564
0.09310138
0.08888652
0.06543173
-0.01954628
-0.02919695
-0.01512703
0.1523019
0.07533922
0.03909116
-0.01001435
0.1259131
0.04089068
-0.03983699
0.0786548
0.05628824
0.02406327
0.1351371
0.01754763
0.09598389
0.01137544
0.03663662
-0.003878739
0.05913142
0.08357206
0.2082664
-0.03844317
0.2212285
0.05251721
0.1085755
0.2638499
0.1276646
0.06433697
-0.08848832
0.202211
0.07605035
0.1156095
0.05256474
0.1363363
0.1222124
0.2001512
0.115285
0.2072346
0.1825123
0.1585949
0.1570742
0.1202096
0.240521
0.2485709
0.1754313
0.2596307
0.03931234
0.1815618
0.1665257
0.2463002
-0.02779024
0.1147677
0.1910726
0.1713016
0.04366717
0.08636414
0.1413479
0.1544463
0.1615488
0.0986676
0.1427274
0.2033296
0.2752765
0.1777818
0.1007836
0.2388724
0.1283197
0.1915237
0.2749032
0.1135435
0.3381936
0.2485352
0.2121714
0.04095833
0.1256779
0.133317
0.07641264
0.2924182
0.03337321
0.14281
0.2117655
0.1264677
0.2283429
0.2391791
0.2245692
0.1815014
0.3129309
0.2282859
0.2448333
0.3322094
-0.1172684
0.2460539
0.07104199
0.3171731
0.305821
0.292753
0.2927175
0.2921938
0.3770239
0.1788048
0.2883773
0.3865035
0.3248284
0.1206226
0.2194711
0.2973107
0.2901437
0.1316633
0.2854916
0.2218005
0.1536719
0.1580731
0.1772784
0.3124626
0.3093952
0.2989342
0.2185386
0.1754704
0.2811213
0.1118794
0.2487156
0.3553668
0.2909268
0.4278993
0.240262
0.2663096
0.4413216
0.3532554
0.3132567
0.2092105
0.3239553
0.3842552
0.4131747
0.2777648
0.3852542
0.3107501
0.4242364
0.4740545
0.149536
0.3021803
0.4079524
0.2924214
0.1337964
0.5238227
0.1694048
0.3831165
0.2585266
0.298409
0.3417133
0.3469393
0.3662525
0.326321
0.3318589
0.3259295
0.4425632
0.2970082
0.25434
0.254593
0.4611977
0.4053094
0.3782936
0.3278898
0.4843907
0.2679178
0.3582523
0.3116575
0.3588072
0.4320966
0.4112551
0.3771825
0.4031689
0.4304595
0.3323281
0.1338133
0.4338274
0.311606
0.3938245
0.3314494
0.3556786
0.5393928
0.3556167
0.4492384
0.3302937
0.4308799
0.3915146
0.2638828
0.2872194
0.3323662
0.2632655
0.3346212
0.5210866
0.4119998
0.4532627
0.4323633
0.3448611
0.5149222
0.4222065
0.3480651
0.4189837
0.6064237
0.3322359
0.6713697
0.4683628
0.4550726
0.5251197
0.5245048
0.4681102
0.4138948
0.4040182
0.2805817
0.509956
0.350207
0.4398823
0.416438
0.5647221
0.3881968
0.5130155
0.6187469
0.5222889
0.4460091
0.5676228
0.5647271
0.6102708
0.5467473
0.5620764
0.5745501
0.4910977
0.2787229
0.5487875
0.353161
0.5052136
0.5279492
0.631066
0.4287589
0.441521
0.5642099
0.703042
0.4374555
0.4547421
0.5354607
0.5840312
0.6650551
0.5545027
0.7182829
0.54163
0.4568508
0.5869436
0.521476
0.4876861
0.4478556
0.6514182
0.5093964
0.5520385
0.5020177
0.6192675
0.7547299
0.6372863
0.4786973
0.5075667
0.4829876
0.6266114
0.5837065
0.4835699
0.6008155
0.7415584
0.583547
0.4622739
0.7727227
0.6377639
0.5032469
0.5266941
0.4519973
0.634234
0.6257088
0.6248505
0.6237814
0.6535366
0.6371256
0.406567
0.601308
0.627334
0.7742741
0.7039742
0.6744512
0.6994547
0.7149451
0.623335
0.6386369
0.5823641
0.6760915
0.6390631
0.6045613
0.6493347
0.6862317
0.4407397
0.6273292
0.6257759
0.4991386
0.6978535
0.66699
0.6739869
0.63198
0.5446736
0.5256155
0.6652245
0.6858496
0.8181691
0.5595621
0.6850248
0.5558005
0.5782975
0.7547494
0.6965346
0.6535202
0.6642108
0.7088147
0.6741168
0.6076842
0.6093077
0.6828377
0.650589
0.8232561
0.5592082
0.7865859
0.6434917
0.6088135
0.5790627
0.5130399
0.6372292
0.7656898
0.7680611
0.7630972
0.6055701
0.7487021
0.6982272
0.6773953
0.7484489
0.6300894
0.5773655
0.8579997
0.6833243
0.7398659
0.5618428
0.7750103
0.648071
0.6707284
0.6747209
0.8438941
0.8209842
0.7497934
0.824977
0.7872775
0.7600539
0.7640675
0.942957
0.7142461
0.7244679
0.6587587
0.6851511
0.7799033
0.7531682
0.6795256
0.7463648
0.679069
0.7124371
0.813466
0.8614322
0.6838405
0.9204233
0.79283
0.7373267
0.590923
0.7645781
0.7080323
0.7239406
0.8724287
0.7029385
0.6988072
0.9155117
0.7781964
0.703515
0.900427
0.6742198
0.9004572
0.9390887
0.9394882
0.8661695
0.8902865
0.7887704
0.8367485
0.9164716
0.87807
0.921742
0.8681693
0.8412692
0.8088816
0.8192257
0.8575794
0.9627582
0.9454843
0.7925772
0.7789868
0.7888587
0.7834574
0.8399929
0.8293172
0.7201215
0.8990388
0.8166595
0.926501
0.9885434
0.9612266
0.9757129
0.8386987
0.880616
0.8423829
0.8618525
0.8147159
1.00724
0.8980441
0.8926665
1.051755
0.9552797
0.8123039
0.8951451
1.046532
0.9199108
0.9952804
0.8891602
0.6882599
0.8924136
0.8914064
0.9580427
0.9788843
1.008064
1.075032
1.06432
0.938618
0.9552006
0.9847735
0.838467
0.8786061
1.04294
0.9957724
0.8753086
0.8685042
0.9187678
0.9730478
0.8995844
0.9933993
1.064786
0.9331555
1.127191
1.098221
0.9133087
0.904215
1.038472
1.086323
0.9005037
0.8620029
0.9588523
0.8154309
0.9964987
1.006873
0.9280542
0.8825898
1.055353
0.8953288
0.8873914
1.108383
1.029318
1.020233
1.177269
0.8618923
0.9755234
0.9605448
0.9757245