-0.03870222
-1.090439
-0.9726972
-1.043528
-0.9084481
-0.9485847
-0.8811682
-0.903366
-0.9797352
-1.151306
-0.9603674
-0.9220141
-0.9914711
-0.9792745
-0.9126505
-1.005099
-1.009215
-0.760357
-0.9812612
-1.026087
-0.9745268
-0.7815925
-0.9178775
-0.9846935
-0.8842124
-0.9153807
-0.9884457
-0.9258074
-0.9446795
-0.9483329
-0.7966248
-0.9134475
-0.8130398
-1.039216
-0.9475747
-0.8536979
-0.963785
-0.9154881
-0.9899479
-0.8770884
-0.8510869
-0.9315187
-0.9285074
-1.089781
-0.9813914
-1.020564
-0.9639997
-1.056628
-0.9386442
-0.877554
-0.9135816
-0.9357209
-1.000998
-0.8860803
-0.9001229
-0.9907064
-0.8408141
-0.7931267
-0.9185831
-0.9254204
-0.8575886
-0.890918
-1.046093
-1.008575
-0.8108726
-0.8614545
-0.8550174
-0.9062082
-0.7191272
-0.9426197
-0.8998693
-0.9859002
-0.9226746
-0.9685763
-0.9676111
-0.8039931
-0.9147611
-0.893626
-0.7048594
-0.8079816
-0.7771207
-0.8797916
-0.8304301
-0.9375743
-0.9418051
-1.004061
-0.8448502
-0.7718927
-0.7856302
-0.793559
-0.8886981
-0.9646635
-0.7362058
-0.9062047
-0.7568692
-0.8876568
-0.7886744
-0.7654161
-0.9205534
-0.7558096
-0.8241429
-0.7537081
-0.7960469
-0.7921878
-0.7218893
-0.7512763
-0.8438597
-0.5733233
-0.7507573
-0.8069092
-0.8729004
-0.8109425
-0.8397224
-0.7916699
-0.5482618
-0.8091545
-0.7822087
-0.7505701
-0.7987952
-0.6568137
-0.8708571
-0.7063266
-0.8885274
-0.6992533
-0.6769455
-0.8276879
-0.7964359
-0.7801363
-0.7797003
-0.8175339
-0.8443246
-0.7389662
-0.8327588
-0.6046532
-0.7037297
-0.8079595
-0.7797603
-0.6938374
-0.7280615
-0.809282
-0.6970001
-0.744456
-0.7441547
-0.4866118
-0.8278641
-0.6451751
-0.7388039
-0.4621949
-0.6346603
-0.634279
-0.7006772
-0.6138055
-0.6473161
-0.6378474
-0.7203053
-0.7652178
-0.678372
-0.6885505
-0.5782354
-0.8153964
-0.7128137
-0.6423375
-0.5921342
-0.6094625
-0.6102991
-0.7038095
-0.7428727
-0.6928418
-0.686388
-0.6305653
-0.581501
-0.6680636
-0.6313339
-0.4881396
-0.7482879
-0.5843686
-0.7763198
-0.5896184
-0.7604762
-0.6031989
-0.56665
-0.5928255
-0.6387523
-0.5778767
-0.5966121
-0.5996807
-0.7249668
-0.6525053
-0.548146
-0.5524974
-0.7483378
-0.6398805
-0.7377888
-0.5829986
-0.5926691
-0.6175051
-0.5493129
-0.6075774
-0.6524825
-0.4598953
-0.5616672
-0.7703369
-0.6317346
-0.6209748
-0.6553701
-0.647136
-0.5756887
-0.4053428
-0.5899178
-0.4014898
-0.5105989
-0.5661133
-0.4863301
-0.4878146
-0.6359643
-0.5959198
-0.558418
-0.6699808
-0.5068198
-0.6437119
-0.5781005
-0.5402375
-0.6706585
-0.6795052
-0.4212182
-0.6167999
-0.5684111
-0.38498
-0.4812641
-0.5598117
-0.5602556
-0.3853909
-0.6152186
-0.4950081
-0.5881566
-0.6306655
-0.4810097
-0.477578
-0.5387398
-0.4582643
-0.5250917
-0.4580394
-0.5541837
-0.5690583
-0.4237557
-0.5738651
-0.5927685
-0.5144539
-0.5712715
-0.6362145
-0.5430663
-0.3359207
-0.6672134
-0.3415578
-0.5198066
-0.5478001
-0.5005933
-0.4719354
-0.4871548
-0.4275806
-0.3562287
-0.4867004
-0.6079887
-0.4641186
-0.484955
-0.5364122
-0.3777901
-0.409894
-0.4275939
-0.4859797
-0.3959639
-0.3458686
-0.4689068
-0.3951822
-0.2955445
-0.3459981
-0.4481315
-0.4636159
-0.3876014
-0.5044317
-0.4597456
-0.4052299
-0.3521963
-0.452216
-0.526868
-0.3161757
-0.4669747
-0.4962926
-0.2707172
-0.5977945
-0.4561423
-0.3685576
-0.4450886
-0.3887275
-0.4146635
-0.3569685
-0.4135484
-0.5443138
-0.3559704
-0.4375631
-0.5657801
-0.5260714
-0.374386
-0.4833717
-0.4874281
-0.4766192
-0.3192248
-0.2955545
-0.4398423
-0.4520607
-0.4814011
-0.5679555
-0.3849509
-0.4151608
-0.3464869
-0.4627808
-0.467745
-0.3315677
-0.4153351
-0.443272
-0.4528537
-0.3821998
-0.3775183
-0.2645966
-0.3809257
-0.3829822
-0.4337189
-0.3613656
-0.4237739
-0.2873663
-0.3922884
-0.4081243
-0.3326553
-0.3544043
-0.3616171
-0.1605078
-0.1712217
-0.1982775
-0.3445031
-0.3783382
-0.3321566
-0.3481953
-0.2987342
-0.3216701
-0.4144423
-0.3570734
-0.277193
-0.2453128
-0.3486548
-0.2573652
-0.2316875
-0.2010378
-0.2986553
-0.2672863
-0.234322
-0.3639078
-0.2459833
-0.2031382
-0.3856127
-0.1709195
-0.3544417
-0.203149
-0.3222389
-0.2566436
-0.2068654
-0.2653275
-0.3668457
-0.4114372
-0.4105687
-0.2441032
-0.2136657
-0.2127866
-0.313459
-0.3664193
-0.1113719
-0.369278
-0.2789092
-0.2172452
-0.1566551
-0.3604736
-0.134079
-0.1401914
-0.2810869
-0.4281992
-0.3754649
-0.1264595
-0.1912694
-0.1959174
-0.190102
-0.1561501
-0.3245768
-0.3164429
-0.3332665
-0.3191634
-0.3255106
-0.1518531
-0.2792316
-0.2272966
-0.1372453
-0.2382902
-0.3026646
-0.01051181
-0.04514512
-0.3608346
-0.3440215
-0.2120033
-0.2498451
-0.1362972
-0.01658413
-0.1943527
-0.1290639
-0.2643191
-0.1661328
-0.2501463
-0.1679089
-0.1207846
-0.1547629
-0.2835355
-0.1961018
-0.1588409
-0.1078326
-0.1779719
-0.1019738
-0.2047323
-0.03636386
-0.3556774
-0.1426487
-0.03147081
-0.1506352
-0.04945103
-0.2194733
-0.20372
-0.07551809
-0.1004576
-0.158063
-0.2175971
-0.08468249
-0.2150534
-0.122056
-0.2496034
-0.2211768
-0.1929611
-0.1465268
-0.05101105
-0.1455921
-0.0735104
-0.2892607
-0.2416318
-0.1023102
-0.08571775
-0.2243149
-0.05731207
-0.03317987
-0.2214982
0.01979028
-0.2116642
-0.0007536613
-0.02366152
0.01193466
-0.3149802
-0.06144459
-0.02267089
-0.1540094
-0.05379942
-0.1217443
0.0498778
-0.125395
-0.1606937
-0.03763798
-0.03346765
-0.01870897
-0.09559172
-0.1308715
-0.07118414
-0.04013226
0.01309691
-0.1830713
-0.06391285
0.01259683
-0.02941721
-0.07613285
-0.04057818
0.04095165
0.05127479
-0.0356234
-0.07333587
-0.01763849
-0.2124831
-0.03584829
0.05106741
-0.1462753
0.09864517
0.03691597
0.03629508
-0.1499101
-0.09375701
0.01867837
-0.2145271
-0.02024772
0.01528474
-0.1134674
-0.01229354
0.1477893
-0.00847941
-0.04091972
0.1157487
-0.01210174
0.02252037
0.01878566
-0.01081953
0.02426002
-0.04342131
0.0164244
-0.01925365
0.06300212
0.1027508
0.007649943
0.0576354
0.03412338
0.07585964
0.1193277
-0.07243926
0.1402836
0.04157591
0.01763759
0.141612
-0.006121654
-0.07969349
-0.05800724
0.03496707
-0.03056016
0.2088068
0.1234043
0.1061464
0.1779737
0.151047
0.033526
-0.04354895
0.1050768
0.1362997
0.0467158
0.0869496
0.08301203
0.01293826
0.1372393
0.01563289
0.1223148
-0.02186247
0.191852
0.02087798
0.2966455
0.1581774
0.1145166
0.007278753
0.1558476
0.233306
0.1223838
0.06135117
0.100602
-0.01906578
0.09906942
0.1720254
0.1214301
0.07951516
0.1618005
0.2580814
0.1821775
0.02278697
0.1212753
0.1353582
0.223584
0.1588352
0.2997876
0.1124015
0.170926
0.04089428
0.1956861
0.1722711
0.1484579
0.1643084
0.2001791
0.1350807
0.1437867
0.02276547
0.09024719
0.2607573
0.2905544
0.1231498
0.1232352
0.282283
0.1612223
0.1438929
0.1765137
0.1115046
0.2447281
0.04661964
0.2256514
0.2312546
0.1105485
0.3375794
0.1918209
0.1630747
0.1162887
0.01359391
0.307803
0.2208283
0.1420695
0.1905191
0.2233968
0.3557785
0.2429568
0.1698167
0.05900817
0.1552745
0.263769
0.2211805
0.0971675
0.1435545
0.2574769
0.1357332
0.3180018
0.1904744
0.2362467
0.3583073
0.2679017
0.2786239
0.1621756
0.150816
0.307191
0.27408
0.1029054
0.01994098
0.2886886
0.3397715
0.2570605
0.1778984
0.2317856
0.2856678
0.1301624
0.2161424
0.2617879
0.2578554
0.2420505
0.3917596
0.2609259
0.3772057
0.1253729
0.3242962
0.3157828
0.2362213
0.4253142
0.3131813
0.2756965
0.3829976
0.3865334
0.4202312
0.3480085
0.3062444
0.2892045
0.3832471
0.3442563
0.153717
0.3238037
0.4177388
0.3938354
0.4343987
0.4125633
0.2272736
0.3561483
0.2834655
0.2340035
0.4036908
0.4314309
0.3859977
0.3018753
0.4064264
0.2609196
0.4921716
0.5932752
0.5434265
0.3994112
0.5557358
0.3609206
0.4026407
0.3149774
0.3224397
0.4245345
0.592583
0.3297483
0.3763761
0.476694
0.3419748
0.2254254
0.2426535
0.3507791
0.3216547
0.3374373
0.2728296
0.4863548
0.3938366
0.2552063
0.4112812
0.3912786
0.497242
0.3770413
0.3672528
0.330214
0.4368134
0.3352519
0.4458037
0.3783861
0.4186825
0.302791
0.3264111
0.4897843
0.3858265
0.4306865
0.4151753
0.4571
0.3834036
0.2599888
0.4105316
0.3036133
0.6034897
0.47586
0.4869133
0.3362199
0.5557176
0.5203342
0.5268872
0.4457376
0.4284439
0.4771359
0.4125667
0.4504462
0.4481162
0.4607164
0.3783477
0.450975
0.4276592
0.4183458
0.3668344
0.5076752
0.4542255
0.4563795
0.5260378
0.5554485
0.5821594
0.5559531
0.5636477
0.5426106
0.5294707
0.6179615
0.6305494
0.5170746
0.534254
0.6337786
0.5832757
0.4431108
0.5552847
0.5533568
0.5279503
0.5129896
0.4754562
0.6064687
0.4029303
0.5132526
0.4537777
0.5990969
0.5291199
0.5454223
0.5005126
0.5310807
0.4787345
0.4915512
0.5408122
0.4103241
0.4990592
0.6485298
0.6454221
0.6066976
0.5693718
0.6700003
0.4188412
0.5741167
0.610746
0.5015302
0.6046868
0.5364157
0.5411446
0.4274569
0.7518671
0.5986587
0.5811892
0.464491
0.4919519
0.599398
0.577818
0.5974341
0.6638501
0.5632213
0.5568258
0.458727
0.6638211
0.5539232
0.4343868
0.4930881
0.5529529
0.6470583
0.6254729
0.6181443
0.695584
0.7328241
0.6579804
0.7250257
0.5409527
0.5546923
0.6751277
0.5972923
0.6318263
0.6413142
0.6963448
0.4348287
0.6938608
0.6903024
0.8496965
0.7204718
0.6740714
0.6804927
0.7623347
0.8231937
0.6806737
0.6299594
0.6675549
0.6699961
0.7491429
0.676547
0.621025
0.7615014
0.6915528
0.6631433
0.6212925
0.682513
0.6976527
0.6422245
0.765898
0.5945051
0.6683531
0.5887653
0.6540973
0.7883586
0.7294179
0.7036544
0.7740311
0.7955354
0.8080365
0.6880797
0.7054548
0.7644283
0.5963998
0.8698724
0.6887151
0.7726588
0.7845145
0.6272548
0.7226176
0.6769476
0.7754174
0.6963731
0.6319209
0.6405758
0.7520785
0.6901811
0.8564356
0.8392035
0.700967
0.6873973
0.8009564
0.8000958
0.5829271
0.8060072
0.6513045
0.6923616
0.7624387
0.6973986
0.7284256
0.6927112
0.7875052
0.7813867
0.6828947
0.8356924
0.8610407
0.9232169
0.8617355
0.7424439
0.8394202
0.6840528
0.7235286
0.7388019
0.7137604
0.8916456
0.826091
0.8647822
0.6663899
0.8167361
0.8004832
0.8277603
0.7729387
0.8599782
0.7422185
0.8299066
0.7279065
0.8185963
0.8125202
0.8186438
0.7478505
0.7969514
0.8931577
0.8411088
0.9755738
0.8730164
0.8967706
0.8514422
0.8540558
0.7762946
0.9927874
0.9123142
0.8604431
0.8347204
1.058521
0.8100866
0.9553527
0.9870266
0.8726206
0.8290299
0.883535
0.7502443
0.85402
0.7168694
0.9371821
1.022692
0.7790069
0.9583988
0.7735693
0.8940979
0.9922888
0.8659819
0.9612803
0.8481429
0.8591065
0.7405742
0.8880817
0.9788274
1.003591
0.9464376
0.9199925
0.7700932
1.099872
0.9570493
0.8711951
0.9401092
0.8670401
0.9181386
0.9282933
0.9697303
0.9305489
1.023645
0.8984815
0.8900295
0.7799026
0.9200214
1.023951
0.9336304
1.048128
0.9551991
1.034448
0.844938
0.8592857
0.9549478
0.9158149
0.9670509
0.7411943
0.8966325
1.029024
0.9257305
0.8304028
1.000697
0.9563664
1.028651
0.9494828
1.017285
1.161192
0.9691864
1.113459
0.9826496
0.9582705
1.014867
0.9233708
1.031678
1.087879
0.8774133