0.1357276
-0.9808092
-1.020846
-0.7542303
-0.9090904
-1.067222
-0.9955109
-0.8620203
-1.065316
-1.006701
-1.041192
-1.072404
-0.9823718
-1.009411
-0.8420493
-1.027879
-0.8258999
-0.9204355
-0.9789682
-1.011465
-0.8419549
-0.9236772
-1.023854
-0.8467988
-1.065482
-0.9370251
-0.8064416
-1.037123
-0.8841961
-0.8597948
-0.9147395
-0.9155878
-0.9623943
-0.8696974
-0.8180677
-1.167165
-0.9660674
-0.9314115
-0.9138611
-0.8918366
-1.089405
-0.8412415
-0.7569729
-0.997171
-0.9408169
-0.8295224
-0.8745444
-0.8921111
-0.9238479
-0.746647
-0.7941405
-0.9476164
-0.8463667
-0.8562394
-0.8574703
-0.7400391
-0.9204614
-0.8327205
-0.9534941
-0.8023553
-0.8932583
-0.9400852
-0.8160865
-0.8533189
-0.9162815
-1.061262
-1.045016
-0.7488888
-0.7782553
-0.7823013
-0.8233255
-0.7105969
-0.898648
-0.7685503
-0.9263494
-0.8417416
-0.8059971
-0.9181571
-0.9123796
-0.7712614
-0.6904524
-0.9050826
-0.7895818
-0.8789715
-0.8224272
-0.8738533
-0.902313
-0.8205729
-0.7873707
-0.7461422
-0.8754114
-0.8479219
-0.8422527
-0.8053666
-0.851842
-0.9674323
-0.6545884
-0.6753678
-0.8768453
-0.6707864
-0.713953
-0.8663462
-0.9063782
-0.8133139
-0.8272509
-0.7157195
-0.7503516
-0.6732421
-0.7614243
-0.8955563
-0.8352922
-0.809962
-0.6760393
-0.7483941
-0.7946364
-0.6654164
-0.7372787
-0.7566304
-0.8715333
-0.6473709
-0.867448
-0.7689229
-0.7579144
-0.7312768
-0.7026261
-0.8469711
-0.6790987
-0.6814217
-0.7774934
-0.7336582
-0.7155401
-0.7539641
-0.8208718
-0.7880313
-0.719669
-0.5796297
-0.7985493
-0.7381936
-0.6761196
-0.8183086
-0.7409896
-0.7165326
-0.8506538
-0.7448943
-0.6857816
-0.766315
-0.7995173
-0.6156697
-0.7289475
-0.6685173
-0.6995944
-0.6020427
-0.6247151
-0.7629328
-0.5759558
-0.7544241
-0.6767198
-0.6829399
-0.8095744
-0.7071461
-0.6614418
-0.7396856
-0.6167852
-0.7833489
-0.6829302
-0.7034267
-0.6781123
-0.7181568
-0.6697439
-0.6707252
-0.7501674
-0.5409333
-0.7222043
-0.6584905
-0.5415862
-0.633974
-0.5114073
-0.6851883
-0.5825836
-0.8054826
-0.5525325
-0.5970141
-0.5652471
-0.6608182
-0.5504458
-0.5070589
-0.7764606
-0.6279964
-0.538335
-0.5212257
-0.7298072
-0.5302343
-0.6041876
-0.6581502
-0.6660337
-0.7895106
-0.643499
-0.5939786
-0.599589
-0.679846
-0.692852
-0.4549499
-0.6804281
-0.6344756
-0.6263672
-0.6432885
-0.5219149
-0.7534704
-0.5675369
-0.625464
-0.5898232
-0.5742173
-0.6692928
-0.5987133
-0.6727408
-0.5971622
-0.6276453
-0.5069374
-0.5290105
-0.5188165
-0.5859544
-0.5312747
-0.6747055
-0.6149872
-0.512454
-0.5728332
-0.6476084
-0.6416142
-0.5048568
-0.4347001
-0.6223045
-0.4326261
-0.3512688
-0.3588668
-0.4448201
-0.6975282
-0.6436313
-0.3337215
-0.4427691
-0.4890769
-0.5612353
-0.532586
-0.6324597
-0.6877635
-0.5455186
-0.5145173
-0.4657187
-0.390232
-0.4412035
-0.6091405
-0.5160613
-0.3444635
-0.5778669
-0.4285562
-0.3511682
-0.510008
-0.6102525
-0.3728568
-0.4210444
-0.4073061
-0.4647938
-0.4576094
-0.3549812
-0.4562847
-0.6263644
-0.5168552
-0.477543
-0.5521824
-0.2200832
-0.5507904
-0.4511051
-0.4648999
-0.3552943
-0.2371422
-0.3473027
-0.4303606
-0.458919
-0.3941723
-0.3033541
-0.5487256
-0.3654448
-0.4096042
-0.4244063
-0.5092837
-0.2147962
-0.3816756
-0.2587846
-0.4652824
-0.4641323
-0.5456779
-0.3441578
-0.4320047
-0.3797546
-0.2787251
-0.3541202
-0.4159832
-0.4185716
-0.4830242
-0.3701809
-0.3763193
-0.442886
-0.4786055
-0.3737697
-0.3964175
-0.4548251
-0.4538909
-0.2339263
-0.4425064
-0.4139128
-0.3239132
-0.3901371
-0.3649393
-0.3241989
-0.2479164
-0.2643867
-0.08695523
-0.467288
-0.3676754
-0.3613245
-0.4346481
-0.4566329
-0.4288617
-0.4073026
-0.1787692
-0.2043656
-0.2383682
-0.4145507
-0.4505178
-0.4733067
-0.3659553
-0.3935938
-0.2484425
-0.4581508
-0.2606213
-0.3692831
-0.3110146
-0.4326334
-0.2966988
-0.1857557
-0.2628165
-0.1086083
-0.1669476
-0.2065418
-0.3553665
-0.4837412
-0.246717
-0.2852315
-0.3172586
-0.2142657
-0.4230082
-0.262683
-0.2622998
-0.1166919
-0.06496383
-0.3040533
-0.4011848
-0.2732535
-0.1259708
-0.3514221
-0.3769799
-0.4571038
-0.2033265
-0.3221722
-0.3347583
-0.2876045
-0.4348318
-0.3368315
-0.3127614
-0.1699583
-0.2184488
-0.4284315
-0.3136618
-0.07321936
-0.2177059
-0.2325687
-0.2196383
-0.2916466
-0.2851717
-0.3045444
-0.2860826
-0.2432863
-0.2256311
-0.3301929
-0.2311097
-0.3027502
-0.2076163
-0.1023108
-0.1800009
-0.05766026
-0.3115273
-0.2928093
-0.1771088
-0.1346597
-0.1854289
-0.2207634
-0.1154281
-0.2402742
-0.2677229
-0.17187
-0.1508923
-0.2348057
-0.2455568
-0.2629618
-0.2474082
-0.1780835
-0.2226719
-0.2463587
-0.2032425
-0.29834
-0.06240396
-0.2320585
-0.198062
-0.1883958
-0.1526433
-0.1194727
-0.1794807
-0.08428398
-0.00686375
-0.187691
-0.1773041
-0.1695826
-0.1251901
-0.1381534
0.01824455
-0.2520374
-0.2243621
-0.1904292
-0.08556978
-0.1556918
-0.1765084
-0.1549037
-0.07098144
0.04374135
-0.2218537
-0.1924276
-0.1791877
-0.2728672
-0.07923997
-0.1371363
-0.2651197
-0.1077246
-0.05461093
-0.1098095
-0.01596406
-0.01256741
-0.1461085
-0.03042597
-0.1365749
0.02765991
-0.05742706
0.03809254
-0.1474557
-0.1563964
-0.1260026
0.05424843
0.01669331
-0.1017857
-0.04571958
-0.166553
-0.002707412
0.04370996
-0.0559785
-0.01822314
-0.07713368
0.04971019
-0.05708937
-0.1241756
0.08317247
-0.134634
-0.08328867
-0.1342552
-0.145214
0.03501386
0.005683751
0.03583101
-0.1556862
-0.0001619985
-0.09653816
0.02564227
-0.1414295
-0.1360147
-0.1033266
-0.03576272
-0.08572094
0.03745245
-0.04923247
-0.08937283
-0.004833521
-0.0365723
-0.02952909
-0.004899817
-0.1571863
-0.02751392
0.1284345
-0.004573877
-0.05846143
-0.0749289
0.1274212
-0.01985034
0.1337303
-0.2351801
-0.2250769
-0.05919141
-0.02727066
0.06249613
0.01903617
-0.1063704
-0.06397476
-0.1298373
0.03728491
-0.121146
0.01059289
-0.009969186
0.1236662
0.09210723
-0.09374205
-0.001937011
0.1303554
-0.1583787
0.02972878
0.03452663
0.0639575
0.09232491
-0.1439594
0.1136702
-0.06426667
-0.003065692
-0.01502713
-0.009300779
-0.1417234
0.1340663
0.04219811
-0.0720286
-0.04643286
0.2785219
-0.05198451
0.0214636
0.0333658
0.1245319
0.2315845
0.00709999
0.02992444
-0.0544347
0.01924747
-0.06701693
0.1689708
0.06051586
0.1098353
0.1023907
0.1311411
0.1355401
0.2173059
0.2203058
-0.08749088
0.2253078
0.1683084
0.3457101
0.1801096
0.3747209
0.1747801
0.09916911
0.09426215
0.238097
0.1503406
0.1268626
0.1783256
0.02807439
0.006415657
0.06429651
0.1619292
0.1110816
0.08796473
0.1135702
0.114528
0.0928708
0.1883553
0.2219986
0.2000388
0.1599152
0.06360783
0.1153553
0.005560283
0.09226252
0.2015155
0.1077897
0.07435236
0.1266381
0.1493758
-0.02753555
0.1403765
0.2484148
0.2328963
0.2250966
0.2514881
0.300254
0.2281078
0.2260785
0.1808563
0.235563
0.134012
0.07281396
0.2642945
0.1219909
0.3263105
0.1336927
0.1451015
0.3105618
0.2434253
0.2276023
0.3357933
0.3352131
0.1455781
0.2439507
0.1222127
0.08209076
0.2361849
0.3027468
0.1312543
0.118812
0.1559766
0.2266643
0.185648
0.1285815
0.1768489
0.3516883
0.03937431
0.3204616
0.2836396
0.2230013
0.3172312
0.1868327
0.1593223
0.2827547
0.221235
0.1321909
0.2048138
0.1217842
0.3623336
0.3562355
0.2323655
0.3601692
0.3986356
0.3449689
0.4487498
0.2903901
0.2569129
0.3644946
0.3460324
0.1641005
0.2336164
0.3260066
0.3298451
0.3187921
0.2799341
0.3742399
0.2478198
0.2612592
0.3104955
0.2422273
0.2618938
0.2860129
0.2078614
0.4401766
0.3658052
0.3319614
0.4988418
0.2592773
0.4090864
0.1887815
0.377509
0.3705425
0.3210617
0.3881237
0.3559433
0.2107259
0.3340854
0.3096714
0.3557253
0.3932213
0.2952206
0.3374346
0.3833204
0.3203913
0.4499388
0.5571522
0.4609312
0.1708749
0.3459907
0.4198364
0.5162276
0.2488271
0.4821147
0.2409603
0.4590062
0.272813
0.2904609
0.4546216
0.4161569
0.5277653
0.393576
0.4218613
0.3973123
0.3771371
0.4984147
0.3660843
0.4830318
0.4022887
0.4214905
0.5158192
0.4469549
0.4471349
0.4206658
0.4688672
0.4176554
0.5174125
0.3957714
0.3664286
0.4058324
0.396637
0.5060612
0.4660038
0.4783298
0.4168173
0.3725267
0.5114377
0.4677713
0.4408969
0.5423304
0.5281182
0.5379328
0.4875625
0.515889
0.5738342
0.5360934
0.656873
0.5607427
0.5140087
0.4304491
0.565107
0.4933868
0.5733425
0.5609045
0.4689632
0.3572086
0.3607234
0.418365
0.4908628
0.5750735
0.5385295
0.4894311
0.4866286
0.5033078
0.5001343
0.4893149
0.5220852
0.5030511
0.3797957
0.4840916
0.5210791
0.5018844
0.5641423
0.500386
0.5504918
0.6349674
0.5364918
0.5426815
0.3638026
0.5757097
0.5246338
0.6057623
0.549745
0.3979333
0.6073472
0.5463118
0.60668
0.5949815
0.3668294
0.5749354
0.5687314
0.5991489
0.7073471
0.5991163
0.6392573
0.631563
0.6672926
0.5183754
0.7178574
0.5475173
0.5711149
0.4484447
0.7490152
0.535413
0.5949942
0.5605862
0.5084916
0.5439803
0.6235508
0.719164
0.6469623
0.6615187
0.4579278
0.3865798
0.6020355
0.5366827
0.5604736
0.6952063
0.6213808
0.7263791
0.487436
0.5139507
0.681463
0.6533341
0.6426714
0.5594026
0.5189404
0.4773461
0.698328
0.8011986
0.6199745
0.6566036
0.7180922
0.6900082
0.6041974
0.6794657
0.5968085
0.7107634
0.6956548
0.6576386
0.665702
0.6186488
0.4322768
0.6862747
0.6743706
0.723516
0.7189113
0.6532905
0.5949256
0.6842546
0.5749799
0.847263
0.5196064
0.730722
0.7881486
0.698838
0.7917358
0.6387167
0.5681617
0.8196689
0.6930805
0.7067789
0.5994026
0.6434889
0.9415563
0.6258269
0.597729
0.7589643
0.6916708
0.7858142
0.7145076
0.7990082
0.7001963
0.6781045
0.7346493
0.7740256
0.5966721
0.8751727
0.7413589
0.6722517
0.643182
0.7475747
0.616284
0.83751
0.6545562
0.6962992
0.8488559
0.7645991
0.8842192
0.8583857
0.7685015
0.6401192
0.7483817
0.7454546
0.7692184
0.7238717
0.7016089
0.6986426
0.9315708
0.7311713
0.6412338
0.6742051
0.8143294
0.8455624
0.8167342
0.8083488
0.7343318
0.7433802
0.7872723
0.8789779
0.7888124
0.7961049
0.8474865
0.8365785
0.9653056
0.6454096
0.7561014
0.6883258
0.7780511
0.8461249
0.8347982
0.7794288
0.7999715
0.9254517
0.8021609
0.7903195
0.7581669
0.7722876
0.8094244
0.7705339
0.8776653
0.8648416
0.9937235
0.8186597
1.030797
0.7576498
0.7544224
0.6093673
0.712958
0.8708108
0.7948053
0.8728017
0.758326
0.8379555
0.8882577
0.9253223
0.826813
0.8560118
1.089895
0.673298
0.8972495
0.9223297
0.8748295
0.8595132
0.8793111
0.9341398
0.829029
0.9702603
0.8079326
0.8593882
0.8530091
0.9437911
0.9785357
0.8617736
0.7974497
0.9329729
0.9022331
0.9255905
0.8598037
0.9796759
0.9997698
0.9859734
0.9390394
0.7718197
0.927948
0.9215601
0.9843067
0.9481361
0.9390039
0.8576319
0.9594034
0.9432658
0.8081037
0.8988928
0.8262905
0.9688272
0.803321
0.9296565
1.055941
1.03874
0.9994177
0.9299482
0.9109732
1.032327
1.039699
1.115838
0.9890153
0.9981679
0.9125848
0.8886466
0.8999031
1.062842
0.9106924
0.804514
0.9330324
0.9027542
1.064978
0.9569232
0.9471888
0.968042
0.9411541
0.8933596
1.02685