0.02842516
-0.9459742
-1.026136
-0.9501395
-1.063197
-0.9312376
-0.9972926
-1.024501
-1.133915
-1.005635
-0.9592028
-0.9413287
-1.023409
-0.9529952
-0.9689079
-0.9364421
-0.9305895
-0.8549304
-1.016475
-0.9409909
-1.02374
-0.9699931
-0.8571104
-0.9217211
-1.118725
-0.8668536
-0.9130697
-0.9751931
-1.035656
-0.9374013
-0.9408934
-0.9140565
-0.8919144
-0.9961975
-0.8630622
-0.9037144
-0.9271819
-0.816125
-0.9336417
-0.9059305
-0.6736419
-0.7488711
-0.8663622
-0.8928839
-0.9871344
-0.8073217
-0.9642251
-0.9376431
-0.9456349
-0.9259518
-0.8517857
-1.024188
-1.02582
-0.6699345
-0.7522167
-0.7779424
-0.8760272
-0.9891355
-0.8658781
-0.8202283
-0.7274754
-0.8245003
-0.9361437
-0.9605416
-0.8809513
-0.8419088
-0.945158
-0.830178
-0.8486213
-0.8179355
-0.786718
-0.6528989
-0.7440467
-0.987336
-0.9965219
-0.8665372
-0.8086617
-1.003153
-0.7397211
-0.8359558
-0.8439659
-0.8577961
-0.9123798
-0.8552098
-0.835786
-0.8047146
-0.6601203
-0.8806367
-0.7857687
-0.9364517
-0.8449179
-0.8369534
-0.73512
-0.8873577
-0.7475124
-0.7228197
-0.7265712
-0.8446746
-0.7339586
-0.8332613
-0.7970681
-0.7593781
-0.7837307
-0.9200628
-0.9198392
-0.935132
-0.7496629
-0.7357587
-0.9169577
-0.710215
-0.8649568
-0.8104249
-0.7861454
-0.7263139
-0.6900793
-0.7921454
-0.6845219
-0.6965011
-0.8703267
-0.7363163
-0.8160492
-0.7254295
-0.8790184
-0.8099466
-0.7164677
-0.5911794
-0.7228509
-0.9381202
-0.7249294
-0.7080325
-0.6985157
-0.5789232
-0.7535837
-0.8164103
-0.7487478
-0.7576409
-0.6904555
-0.5045548
-0.5395838
-0.7195188
-0.7581673
-0.656303
-0.7649923
-0.7999116
-0.7885792
-0.7192014
-0.5993167
-0.7117265
-0.6439726
-0.6843909
-0.6787208
-0.698763
-0.713256
-0.6339275
-0.7265146
-0.6324043
-0.75591
-0.6467427
-0.5905154
-0.57713
-0.620526
-0.5827653
-0.5609443
-0.6218537
-0.6638276
-0.6517449
-0.6441083
-0.6597611
-0.8225664
-0.5935345
-0.6517022
-0.5972067
-0.659525
-0.6819264
-0.5831617
-0.7516622
-0.6575028
-0.7536335
-0.648297
-0.8148496
-0.5066196
-0.684314
-0.6084665
-0.6957154
-0.5921222
-0.5578501
-0.5233705
-0.6200674
-0.6624854
-0.5743606
-0.6865305
-0.5917154
-0.6320493
-0.6952921
-0.6686939
-0.5386342
-0.5669755
-0.5351171
-0.509023
-0.4948109
-0.6414707
-0.5705611
-0.6561465
-0.5402559
-0.6479858
-0.7223512
-0.6271086
-0.7586118
-0.4911979
-0.4849663
-0.5507183
-0.5735135
-0.5587366
-0.5186727
-0.6361132
-0.5946833
-0.5352125
-0.5446905
-0.5684578
-0.682996
-0.3663624
-0.5507881
-0.5552616
-0.543521
-0.6112431
-0.5285483
-0.560051
-0.7352837
-0.5131125
-0.5091817
-0.5578163
-0.5461991
-0.4961001
-0.459639
-0.6805701
-0.5339862
-0.7047258
-0.4762405
-0.5321199
-0.6669132
-0.6298438
-0.5208146
-0.5041924
-0.4899862
-0.6081027
-0.6037693
-0.4727614
-0.4857973
-0.5414069
-0.3972256
-0.4324985
-0.52581
-0.6617741
-0.4931784
-0.5130124
-0.4663644
-0.4695097
-0.6516228
-0.5258012
-0.4633072
-0.432641
-0.5174979
-0.6056
-0.5160509
-0.2778909
-0.4281727
-0.4311248
-0.4986905
-0.4829827
-0.3947914
-0.3837547
-0.3402498
-0.4130372
-0.6342988
-0.5834094
-0.4090275
-0.4236064
-0.5262067
-0.3838466
-0.3997794
-0.5476662
-0.3960078
-0.519433
-0.3692468
-0.4992172
-0.5879027
-0.3184524
-0.4491604
-0.3459269
-0.4560097
-0.2735109
-0.4369938
-0.5294243
-0.3627804
-0.3297979
-0.4191678
-0.447346
-0.5251966
-0.346575
-0.3664729
-0.4083537
-0.4550579
-0.4170671
-0.445217
-0.3991813
-0.4385476
-0.3315898
-0.4932493
-0.4743277
-0.4267908
-0.2932065
-0.5043688
-0.3814506
-0.4543369
-0.430797
-0.3592767
-0.4386808
-0.4996441
-0.2299192
-0.3438814
-0.3108986
-0.3006309
-0.414076
-0.3674535
-0.3340036
-0.5245598
-0.5143845
-0.2009535
-0.255193
-0.2886252
-0.2950663
-0.3464585
-0.335574
-0.3238464
-0.1855248
-0.3891735
-0.4733581
-0.2522299
-0.3116953
-0.3185099
-0.287369
-0.3753841
-0.4023379
-0.4088811
-0.300454
-0.2764946
-0.3155639
-0.2175342
-0.2254386
-0.3538305
-0.321453
-0.3483016
-0.373257
-0.2472493
-0.2346056
-0.2400794
-0.2375037
-0.2539257
-0.3272882
-0.2865322
-0.2739384
-0.2337825
-0.2688086
-0.3860074
-0.3055065
-0.1795047
-0.2610595
-0.335611
-0.2381819
-0.423258
-0.1796561
-0.2296685
-0.2187793
-0.3908367
-0.4057788
-0.2475075
-0.2635359
-0.2692118
-0.2811515
-0.2450516
-0.07240921
-0.1255488
-0.4319542
-0.2935747
-0.378251
-0.2799711
-0.1144784
-0.1913159
-0.2512538
-0.2252439
-0.2191807
-0.1278384
-0.1734757
-0.2262295
-0.372855
-0.3824271
-0.3293928
-0.3166174
-0.1934213
-0.2416273
-0.09505797
-0.06764895
-0.2524312
-0.3216869
-0.106652
-0.172463
-0.1430993
-0.1508303
-0.1548675
-0.1093219
-0.1558067
-0.08110732
-0.1304243
-0.1546083
-0.1657228
-0.1382387
-0.1925054
-0.1439997
-0.03324896
-0.1845745
-0.137163
-0.3089571
-0.20998
-0.1605951
-0.1535495
-0.05933202
-0.1341685
-0.1762016
-0.07250073
-0.05838412
-0.1014649
-0.06173592
-0.213202
-0.0454653
-0.0991705
0.020209
-0.1292819
-0.09283889
-0.1549704
-0.06695224
-0.08123638
-0.1815868
-0.2776766
-0.1751132
-0.2230774
-0.1922282
-0.2222734
-0.2515501
-0.08681006
-0.02477844
0.004764174
-0.1412128
-0.2067719
-0.06541013
-0.09665507
0.01378277
0.0251473
-0.1386143
0.003730002
-0.07891868
-0.08232453
-0.1074493
-0.1638572
-0.02477707
-0.03082173
-0.1253382
-0.1462186
0.01721527
-0.1660228
-0.05491973
-0.06293724
-0.1099657
0.065168
-0.1274826
0.01739788
-0.05579708
-0.1446481
-0.06907072
-0.08206576
-0.01550049
-0.08416819
0.08015414
-0.04993784
-0.08721304
-0.02877425
-0.1496049
0.06914138
-0.01750422
0.1283169
-0.09658929
-0.08873518
-0.03425954
0.04444159
-0.04242664
0.0162349
0.09106814
-0.1106793
-0.09763656
0.03062555
0.002816749
-0.08975408
-0.1733769
0.08508039
-0.0234758
-0.0760932
0.08544435
-0.01546011
0.2200363
0.1648495
-0.1462075
0.05840769
-0.1004748
0.1092271
-0.01218069
0.07908154
0.1215117
0.07991113
0.2113482
0.1276906
-0.05046086
0.0287126
-0.09237362
-0.02254678
0.1061868
0.2039877
0.08052851
-0.09403027
-0.04397289
0.1719575
0.08683432
0.1294986
0.02077283
-0.005601973
0.2125182
0.07597486
0.1567934
0.008219535
-0.02870661
-0.01435132
0.2621254
-0.1046248
0.05247637
0.1319471
0.0539442
0.1384343
-0.03030504
0.2287869
0.01825491
0.107093
0.1343776
0.01331568
0.1183667
0.03170644
-0.02128328
0.1500348
0.196391
0.1324025
0.1306818
0.1380899
0.2774521
0.2198757
0.1255929
0.08629477
0.1564745
-0.003132689
0.1679974
0.08698013
-0.0422471
0.07941572
0.2051032
0.07443097
0.1579043
0.09018353
0.1122446
0.1630487
0.1160423
0.07589367
0.01774037
0.1257385
0.1788606
0.1646158
0.3084364
0.2594942
0.1425118
0.2293761
0.2014606
0.1462108
0.1898
0.120436
0.1584487
0.2615518
0.1527505
0.2438364
0.1286449
0.2123414
0.2227972
0.01688785
0.2441082
0.2603879
0.3217115
0.2733369
0.3530109
0.09724733
0.3129213
0.1498731
0.3126098
0.1032788
0.299656
0.2039066
0.3169169
0.2668207
0.1834233
0.2449658
0.2745932
0.3469571
0.3359021
0.3214952
0.2025328
0.3022011
0.2292289
-0.01482722
0.2050626
0.1658472
0.2145997
0.2688761
0.3207772
0.2743346
0.3436889
0.2537981
0.3520391
0.2625624
0.2148426
0.1034707
0.3336426
0.163568
0.4409376
0.2954075
0.185257
0.3239381
0.2115947
0.3002009
0.3937358
0.3292321
0.3301845
0.3766242
0.3947767
0.1883869
0.1267914
0.2811401
0.1193331
0.2445082
0.2817191
0.3523693
0.2787369
0.3308543
0.2527536
0.2481818
0.2936881
0.2710643
0.2655711
0.4414841
0.1475572
0.3258164
0.3112162
0.3026318
0.3964005
0.1929244
0.3609542
0.2548546
0.3090384
0.2508608
0.3570672
0.2374593
0.3326443
0.2750097
0.4283314
0.4615665
0.3573314
0.4261109
0.3768293
0.5244064
0.224407
0.3055851
0.3295085
0.3938999
0.3825715
0.3566414
0.3880985
0.264674
0.3473654
0.4038627
0.3876561
0.377754
0.578854
0.3737326
0.3270527
0.3655779
0.4332726
0.3836414
0.5148552
0.4003867
0.4913539
0.3051122
0.3960614
0.4461062
0.350441
0.4011487
0.2983382
0.3098218
0.3401652
0.421341
0.4439746
0.5601429
0.5026012
0.5155974
0.284711
0.3467972
0.4718281
0.405878
0.3949319
0.5004921
0.5291299
0.4419992
0.6018268
0.3793366
0.4401654
0.4426348
0.3073651
0.4981384
0.3814393
0.5660093
0.5789925
0.3329784
0.278603
0.5185449
0.5066204
0.3768678
0.5219797
0.6061102
0.4542399
0.4050592
0.5466884
0.5576662
0.3841641
0.5170751
0.5659398
0.3462414
0.5400977
0.665338
0.4673009
0.4709589
0.5239508
0.6642464
0.4819093
0.3223741
0.6144318
0.5868926
0.6258271
0.5031959
0.7296946
0.5483901
0.4926127
0.5709079
0.5596053
0.4910155
0.5313172
0.3887408
0.5001217
0.586791
0.6126185
0.5325702
0.5599512
0.5249539
0.63235
0.6153587
0.593239
0.5829403
0.5151185
0.5490086
0.5699718
0.4318826
0.503856
0.4170027
0.4889098
0.7090021
0.588576
0.5098752
0.5961328
0.6277231
0.6799359
0.5475871
0.5398694
0.6596199
0.5325706
0.4903419
0.6710324
0.5028918
0.5181022
0.4463787
0.6038994
0.5879696
0.6010742
0.5213289
0.6128956
0.6983263
0.6875045
0.6081329
0.641455
0.5133407
0.7267714
0.6749922
0.5547466
0.6461949
0.5735695
0.7529568
0.6116873
0.6786425
0.7344901
0.6999877
0.6409108
0.6668267
0.559347
0.537347
0.6395396
0.7429814
0.7251503
0.6607303
0.7388958
0.6080677
0.6588161
0.6632903
0.5666132
0.648246
0.5151838
0.7439027
0.723853
0.75794
0.7532167
0.8029376
0.7237908
0.5545298
0.7639153
0.6575176
0.7506075
0.7384007
0.7067832
0.670794
0.5778435
0.5156612
0.6734191
0.7277054
0.7601475
0.7191365
0.7751346
0.6671033
0.675611
0.7952259
0.6961882
0.6260156
0.6941481
0.808717
0.7959603
0.6174083
0.7982661
0.7359269
0.6586535
0.6495359
0.8201717
0.7055459
0.808824
0.8942878
0.6608954
0.7167541
0.7521598
0.7344694
0.5956915
0.8509656
0.7004947
0.6951077
0.7295422
0.9535132
0.7717403
0.7274937
0.8151369
0.7958465
0.7011739
0.8804724
0.7786
0.7718914
0.6189495
0.6660751
0.8052576
0.7867605
0.886567
0.8040586
0.7756264
0.854198
0.9183086
0.8116464
0.7036481
0.9223581
0.7939211
0.6961827
0.8724195
0.6426283
0.8007488
0.7508335
0.759383
0.7810678
0.7848713
0.8118757
0.8759527
0.7718715
0.8056624
0.883995
0.7553024
0.845657
0.7580645
0.8923121
0.8914965
1.025568
0.9572365
0.8265839
0.8894455
0.8541099
0.8771934
0.8149
0.9412332
0.974152
0.8026283
0.8964035
0.7545267
0.7711343
0.7056872
0.9168213
0.7523773
0.951315
0.9441405
0.9060684
0.8847546
0.982744
0.867746
0.8587073
0.990943
0.8671765
1.02785
1.010912
0.7630608
0.9344093
0.9817865
0.8582769
0.8342867
0.7681953
0.8794151
1.016091
0.7968483
0.8875838
0.8597362
0.7023225
0.8979091
0.9650803
0.9015042
1.100972
1.024616
0.9391238
0.9786347
0.8796425
1.00802
0.9991211
0.8951599
1.012257
0.9823922
0.9609751
0.9603144
0.8175141
0.9997148
0.8047946
1.036645
0.942286
0.9994334
0.8438464
0.965723
0.9913802
0.8975048
0.8972674
1.072877
0.9910214
1.038248
1.016344
1.016635
0.8940695
1.066406
0.9413957
1.064187
1.005506
0.9173437
1.032081
1.098253
0.9372594
0.905188
0.8529749