0.03596408
-0.9549216
-1.049191
-0.9415768
-1.030031
-0.9384172
-0.9708686
-1.019979
-1.125252
-0.9996264
-0.9510592
-0.9599032
-0.9914945
-0.9477125
-0.9340265
-0.9401066
-0.9188169
-0.8476409
-1.007075
-0.9437998
-1.037746
-0.9780593
-0.8577006
-0.9168302
-1.109635
-0.8467706
-0.8873796
-0.9718594
-1.022102
-0.9580725
-0.9247143
-0.9436105
-0.8996083
-0.9914183
-0.862151
-0.8798032
-0.9179796
-0.8414997
-0.9271158
-0.924533
-0.6807513
-0.7652867
-0.8809863
-0.8910202
-0.991756
-0.786387
-0.9730599
-0.941166
-0.9405218
-0.9189868
-0.8201388
-1.013345
-1.03809
-0.6817848
-0.7475968
-0.7847047
-0.8854116
-0.9916002
-0.8558619
-0.8278682
-0.7235962
-0.8333912
-0.9515677
-0.9579574
-0.8706874
-0.8389834
-0.9323118
-0.8326147
-0.8533267
-0.8130136
-0.8193194
-0.6471017
-0.7508882
-0.9787127
-1.006698
-0.8718001
-0.7829959
-1.01338
-0.7282385
-0.8358938
-0.8353211
-0.848339
-0.8908231
-0.860858
-0.8222564
-0.8143691
-0.6656535
-0.8882289
-0.7885912
-0.9150514
-0.849647
-0.8157472
-0.730601
-0.8763152
-0.7541209
-0.7086965
-0.7026173
-0.8466461
-0.7354153
-0.8237469
-0.8132908
-0.7452817
-0.7864173
-0.8971609
-0.8994277
-0.9168831
-0.7270841
-0.7098489
-0.8968896
-0.7075155
-0.8797648
-0.7959526
-0.7912467
-0.7115444
-0.7138071
-0.7831067
-0.6572294
-0.6981988
-0.8744851
-0.734906
-0.8198461
-0.7342613
-0.8695514
-0.8024295
-0.7287316
-0.6073057
-0.7244982
-0.9258301
-0.7328181
-0.7248506
-0.7067932
-0.5725758
-0.7523788
-0.8108943
-0.7499271
-0.768231
-0.6904386
-0.507604
-0.5366628
-0.6991042
-0.7697855
-0.6622323
-0.7571177
-0.7913632
-0.7713851
-0.7589384
-0.6044183
-0.7025912
-0.6534961
-0.6587728
-0.6804673
-0.6983432
-0.7177244
-0.6526166
-0.7480426
-0.6265099
-0.7514109
-0.6470578
-0.6069591
-0.5682608
-0.6402986
-0.5771175
-0.554286
-0.6069065
-0.655602
-0.6458726
-0.6341147
-0.6647349
-0.8158656
-0.5890292
-0.6675221
-0.5976161
-0.6805725
-0.6755758
-0.5865844
-0.7628898
-0.6679297
-0.7499522
-0.6534768
-0.8208355
-0.5060031
-0.6723287
-0.5839946
-0.6980657
-0.5931348
-0.5581531
-0.5170017
-0.6310506
-0.6489301
-0.5851543
-0.6793417
-0.5843602
-0.6439075
-0.6924271
-0.6586169
-0.5338808
-0.5784406
-0.5624592
-0.5034871
-0.495882
-0.6189399
-0.5700702
-0.6512295
-0.5316015
-0.6361109
-0.7272661
-0.6367191
-0.7860485
-0.4810953
-0.4745179
-0.5408407
-0.5895084
-0.543904
-0.5006876
-0.6366539
-0.6142627
-0.5372592
-0.5432696
-0.5483561
-0.681143
-0.3722175
-0.5363507
-0.5470479
-0.55281
-0.6301746
-0.5368167
-0.5582444
-0.7342181
-0.4741171
-0.5065068
-0.5587561
-0.5574034
-0.5029456
-0.4666259
-0.6722726
-0.5124315
-0.7030795
-0.4869585
-0.5353866
-0.6715994
-0.6595188
-0.5246819
-0.5086461
-0.4937393
-0.59435
-0.6106172
-0.4452376
-0.4925938
-0.5272102
-0.393634
-0.4317617
-0.5199208
-0.6587818
-0.4941013
-0.5268057
-0.4791643
-0.4587854
-0.6492873
-0.529958
-0.457869
-0.4324173
-0.4921891
-0.6310066
-0.4929671
-0.2832231
-0.4192179
-0.4397528
-0.4920753
-0.4612039
-0.4010164
-0.3769541
-0.3497632
-0.4375007
-0.6254737
-0.5735862
-0.3909284
-0.4471962
-0.520011
-0.4075793
-0.3868326
-0.5599436
-0.3934453
-0.5287743
-0.3682574
-0.5244944
-0.6013696
-0.3115466
-0.4678838
-0.3406098
-0.4554051
-0.285616
-0.4289055
-0.5637811
-0.3762815
-0.3340533
-0.4269816
-0.4335874
-0.5204332
-0.3446517
-0.3659751
-0.4034392
-0.4853957
-0.4343012
-0.4665629
-0.432773
-0.4456269
-0.3336149
-0.4899964
-0.4721715
-0.4280819
-0.3019647
-0.504383
-0.401405
-0.4576805
-0.4306882
-0.3432229
-0.443278
-0.4972665
-0.229747
-0.3389898
-0.2951081
-0.2987428
-0.433124
-0.3542275
-0.3200757
-0.5232571
-0.5028213
-0.1967646
-0.2647435
-0.2678265
-0.2894682
-0.3524549
-0.3309511
-0.3207992
-0.1808548
-0.3824817
-0.4662139
-0.2373151
-0.3258128
-0.3413312
-0.3114802
-0.3736992
-0.3938276
-0.4132022
-0.3237218
-0.2861614
-0.2957178
-0.2036241
-0.2259334
-0.3467016
-0.3322694
-0.3584034
-0.393048
-0.2256848
-0.2391953
-0.2390415
-0.22018
-0.2661717
-0.3286774
-0.2950426
-0.2731239
-0.2376558
-0.268834
-0.3859055
-0.307058
-0.1584144
-0.2883379
-0.3318135
-0.2379921
-0.4103698
-0.1665752
-0.2471877
-0.2381646
-0.3782338
-0.4115076
-0.2519324
-0.2602654
-0.2612762
-0.2906184
-0.2274642
-0.07247229
-0.1250766
-0.4125911
-0.2862269
-0.3689672
-0.2745452
-0.1193669
-0.2029526
-0.2697496
-0.2302299
-0.2104762
-0.1311692
-0.1969246
-0.2131995
-0.3838766
-0.3616574
-0.3151507
-0.3283262
-0.2102776
-0.2377483
-0.09554238
-0.06016395
-0.2349288
-0.3437816
-0.1144082
-0.1682169
-0.1338341
-0.1205118
-0.1387093
-0.08052667
-0.1681022
-0.07625542
-0.1494441
-0.1470926
-0.157533
-0.1426397
-0.1969951
-0.1122788
-0.02856464
-0.1966957
-0.1264575
-0.2978766
-0.2080562
-0.172436
-0.1560067
-0.04350389
-0.1304354
-0.16252
-0.07015182
-0.07752654
-0.125512
-0.07518695
-0.2096528
-0.06434941
-0.1150207
-0.0003417981
-0.09551235
-0.1027769
-0.152268
-0.08373181
-0.08551699
-0.1744235
-0.2910113
-0.1926006
-0.2365397
-0.2070266
-0.223413
-0.2431355
-0.07818122
-0.03161184
0.007173995
-0.1476548
-0.1821768
-0.07367855
-0.0985532
0.02516012
0.01435837
-0.1276638
0.02827206
-0.08594984
-0.09990817
-0.1082603
-0.1829404
-0.03123313
-0.02167696
-0.1148126
-0.1409452
0.01010962
-0.1684395
-0.07146238
-0.06130907
-0.1116301
0.06672701
-0.1094388
0.03094223
-0.05724609
-0.1469602
-0.07200452
-0.07524893
0.008649156
-0.1034395
0.0753469
-0.05436398
-0.09911739
-0.01828901
-0.1404403
0.09109918
-0.01208491
0.1201251
-0.1064016
-0.07548573
-0.01501646
0.07000036
-0.04000585
0.02863127
0.07913364
-0.1228924
-0.1053224
0.04686779
0.01225724
-0.07635126
-0.1455869
0.07668972
-0.008677232
-0.08113096
0.08064352
0.01587029
0.2273884
0.155074
-0.1239796
0.05728675
-0.06132949
0.1003523
-0.01096686
0.07329382
0.1081325
0.09649936
0.2203316
0.1227787
-0.03856143
0.01760036
-0.08446299
-0.0006364476
0.1095893
0.2044849
0.07275145
-0.08591876
-0.06453473
0.1852531
0.07736969
0.1168968
0.00650926
-0.01512903
0.1906403
0.08976095
0.121703
0.02975344
-0.04241531
-0.01348718
0.254658
-0.1005631
0.07090301
0.1382194
0.0349124
0.1423345
-0.03561933
0.2279665
0.04982946
0.1131684
0.1189103
-0.002362038
0.1324091
0.04656223
-0.02403196
0.1534184
0.1882541
0.1089024
0.1125059
0.1525907
0.2653193
0.1967917
0.1474616
0.09548729
0.1620634
0.01091045
0.1604646
0.09089837
-0.03935971
0.09322206
0.2178838
0.0974317
0.1232663
0.09210274
0.100016
0.1516694
0.1219503
0.06882501
0.01016538
0.1215857
0.1829715
0.1823406
0.3239754
0.2318473
0.1398717
0.2135892
0.210942
0.1323809
0.1619507
0.1284699
0.1499632
0.249931
0.1298335
0.2335255
0.1278404
0.2079846
0.2340108
0.04221244
0.2232912
0.2644124
0.3219682
0.2854867
0.3255663
0.09571494
0.289658
0.1546206
0.3085662
0.1069966
0.3054958
0.2108988
0.3282885
0.2930922
0.211008
0.2468175
0.2498119
0.3456221
0.3130637
0.3004551
0.1777324
0.2751839
0.2462701
-0.01368306
0.1922071
0.1809914
0.2057336
0.2595791
0.3202592
0.266502
0.3380571
0.2368266
0.3559587
0.2581579
0.1889365
0.08561144
0.3215314
0.1595997
0.4393336
0.2843464
0.1737749
0.3195086
0.2070487
0.2931142
0.3929294
0.3297767
0.3246806
0.4102326
0.3757688
0.1927796
0.1117858
0.2740381
0.1022927
0.2429723
0.2966563
0.3451907
0.2680017
0.3490242
0.2659816
0.2230003
0.2981949
0.2663659
0.2704706
0.4452339
0.156381
0.3292437
0.3040494
0.2966492
0.4080028
0.2220686
0.37319
0.2453864
0.3051574
0.2573416
0.349032
0.2551769
0.2974202
0.2835219
0.4397672
0.4655642
0.3678744
0.4122394
0.3836023
0.5007549
0.2520076
0.298358
0.3366447
0.38481
0.3563522
0.3525829
0.4062454
0.277028
0.3615295
0.4030083
0.4032811
0.4008918
0.5812935
0.3702266
0.3433834
0.3669354
0.4472726
0.3856497
0.5292075
0.3872611
0.5005241
0.3127538
0.3974006
0.4369578
0.3477586
0.400629
0.2758028
0.3094019
0.3238215
0.4245725
0.4392163
0.5712897
0.5213566
0.5347937
0.2938784
0.3694989
0.478611
0.4035311
0.4057044
0.483397
0.5191167
0.4434674
0.5855403
0.3831929
0.4214113
0.4348946
0.3077381
0.5201546
0.382452
0.5790197
0.5615007
0.3277477
0.2872892
0.5287825
0.474046
0.3831966
0.5309503
0.5900834
0.4708035
0.4234919
0.5437646
0.5759216
0.3791252
0.5374982
0.556739
0.3386561
0.5369371
0.6831857
0.4374564
0.502438
0.5332931
0.6755378
0.4736021
0.331513
0.611799
0.6097513
0.6193106
0.522798
0.758957
0.522816
0.4800913
0.5662692
0.5645971
0.4953789
0.5229006
0.4023945
0.4788159
0.5754904
0.610673
0.5161296
0.5550732
0.502669
0.6354013
0.6025842
0.6116251
0.5987295
0.496717
0.5602881
0.541071
0.4559529
0.4991599
0.4192795
0.4578382
0.7330091
0.5798624
0.5195461
0.5754647
0.6295023
0.6384839
0.5724647
0.5491332
0.6451867
0.5333446
0.4837635
0.6790847
0.5007228
0.5570782
0.44218
0.6189414
0.5729887
0.6166902
0.5216638
0.6187008
0.7006197
0.6500648
0.6228368
0.6506436
0.5213313
0.7173669
0.6696385
0.5493336
0.6287494
0.5639243
0.7223862
0.6237716
0.6782987
0.7572403
0.7063277
0.6275667
0.6748146
0.5596884
0.5259728
0.6653051
0.7259943
0.7143484
0.6353047
0.7193173
0.622694
0.6787802
0.6662231
0.5744599
0.662731
0.532148
0.7421455
0.7388049
0.7625048
0.7675234
0.8076028
0.7138325
0.547512
0.7514459
0.6695258
0.7208875
0.7558475
0.7203654
0.6554788
0.5830123
0.4911915
0.693006
0.7144325
0.7651274
0.7517786
0.7873574
0.6593945
0.6842959
0.795878
0.6962016
0.6332526
0.6987576
0.8039858
0.7820257
0.6326277
0.795233
0.7417551
0.6598054
0.6581836
0.8297057
0.7223285
0.8081814
0.8952486
0.6846365
0.7034799
0.756526
0.7406171
0.5830518
0.85559
0.6916717
0.678147
0.7284972
0.9606311
0.7607082
0.7318208
0.8029731
0.7931599
0.7128762
0.8742317
0.764429
0.7746509
0.6254314
0.6658342
0.8058955
0.7821622
0.8777431
0.8085358
0.7670012
0.8589106
0.929275
0.8269117
0.7048543
0.916426
0.7752329
0.7008489
0.8719001
0.6516002
0.7839025
0.7562502
0.7913369
0.7829456
0.7846128
0.8045368
0.8451517
0.7610539
0.8180538
0.8694995
0.7604244
0.8533063
0.7868352
0.8798346
0.9011771
1.042912
0.9664797
0.8204335
0.8811002
0.8645696
0.8915159
0.7987366
0.9574395
0.9913404
0.8441608
0.9135247
0.7421108
0.7518583
0.7082599
0.9102379
0.7391121
0.9466837
0.9393779
0.8876369
0.8927015
0.9893286
0.8626477
0.8236162
1.012999
0.8646089
1.026419
1.009679
0.7611105
0.9211726
1.010995
0.8464091
0.8365831
0.7934741
0.8794282
1.013737
0.7651938
0.8756755
0.8604072
0.711362
0.9238318
0.9588358
0.8997434
1.117821
1.035442
0.9428107
0.9833015
0.8925181
1.001204
0.9662187
0.9120605
0.9819839
0.978641
0.961644
0.9680462
0.8056972
1.009199
0.8262732
1.014753
0.9120085
1.013353
0.8475085
0.9705925
0.975777
0.8912333
0.8941013
1.059486
0.9944851
1.037235
0.9949679
1.00296
0.8888525
1.058497
0.9539435
1.056844
1.00781
0.9258118
1.025191
1.084525
0.9338861
0.904528
0.8460032