0.02067892
-0.9598597
-1.039127
-0.9422501
-1.053795
-0.9370294
-0.9937576
-1.020795
-1.140411
-1.010036
-0.9632072
-0.9691185
-1.021201
-0.9542499
-0.9363966
-0.9509641
-0.9179073
-0.8471239
-1.01172
-0.9409826
-1.021046
-0.9679003
-0.8494228
-0.9172067
-1.103482
-0.8649671
-0.8887308
-0.9788273
-1.037723
-0.9485105
-0.933398
-0.9274122
-0.8989394
-1.017508
-0.8819339
-0.897483
-0.8954153
-0.8116393
-0.9253403
-0.9116752
-0.6616909
-0.7645592
-0.864573
-0.8912934
-0.9898744
-0.7752987
-0.9613933
-0.9423138
-0.9120234
-0.9285193
-0.8381233
-1.016087
-1.039574
-0.6798845
-0.7841132
-0.7941509
-0.885938
-0.9882525
-0.8446716
-0.8588105
-0.7110001
-0.8343254
-0.9427464
-0.9623484
-0.8859443
-0.8350705
-0.9450833
-0.8351141
-0.8778304
-0.7930393
-0.7973699
-0.6410322
-0.7451796
-0.9872546
-0.9832839
-0.8578602
-0.8011437
-1.023952
-0.7303605
-0.8514307
-0.8384882
-0.8435539
-0.8909685
-0.8512598
-0.8243873
-0.8085161
-0.6365023
-0.8994132
-0.7725207
-0.9037108
-0.8444659
-0.8166094
-0.746517
-0.8753478
-0.734544
-0.7323623
-0.7087949
-0.8503313
-0.7277431
-0.8218861
-0.7970953
-0.7624722
-0.7917203
-0.9220782
-0.9061196
-0.9510761
-0.731857
-0.7164909
-0.8866167
-0.7084599
-0.8686484
-0.7962707
-0.77851
-0.7313934
-0.6980864
-0.7973218
-0.6864324
-0.723431
-0.8599168
-0.7460266
-0.824614
-0.7578301
-0.8817468
-0.8139807
-0.7080324
-0.6022113
-0.7109918
-0.9135562
-0.7426127
-0.7032653
-0.7046103
-0.5812636
-0.766287
-0.8120126
-0.7714433
-0.7775038
-0.7177399
-0.518806
-0.5195778
-0.7000378
-0.7608249
-0.6622971
-0.7862005
-0.7932793
-0.769229
-0.7308021
-0.6111271
-0.7062158
-0.6515137
-0.6819591
-0.6845675
-0.6895388
-0.7252713
-0.6358777
-0.7389787
-0.654202
-0.7455731
-0.6651565
-0.6056208
-0.5698007
-0.633097
-0.5824905
-0.5610846
-0.6093272
-0.6600066
-0.6445671
-0.6408703
-0.6666704
-0.8041727
-0.5839345
-0.6453456
-0.6025489
-0.6794734
-0.6948515
-0.5918399
-0.7495091
-0.6596281
-0.7624229
-0.6618218
-0.8240511
-0.5089611
-0.677273
-0.6037986
-0.6915134
-0.5966264
-0.562487
-0.5194466
-0.6360311
-0.678934
-0.5767205
-0.6612355
-0.5694724
-0.665486
-0.6824998
-0.6705724
-0.5348659
-0.5656014
-0.53975
-0.501473
-0.5054409
-0.6297705
-0.5568693
-0.6598313
-0.5345467
-0.6525988
-0.7341301
-0.6360271
-0.7846995
-0.4593343
-0.4890501
-0.5646333
-0.5806913
-0.5666909
-0.5149715
-0.6487211
-0.6077634
-0.5566003
-0.564349
-0.562645
-0.6818305
-0.3749421
-0.5547705
-0.5504224
-0.5434508
-0.6203882
-0.5298927
-0.5726297
-0.7336522
-0.4909373
-0.5102422
-0.5644872
-0.5580179
-0.5074893
-0.458409
-0.6623739
-0.5182855
-0.7138984
-0.5005712
-0.5365003
-0.644559
-0.6581013
-0.5150833
-0.5076461
-0.4876404
-0.6148433
-0.6015764
-0.4633002
-0.4975985
-0.5389722
-0.3722619
-0.4447785
-0.5244879
-0.6475887
-0.4921072
-0.511362
-0.4503745
-0.4564286
-0.6608597
-0.5089349
-0.4715915
-0.445538
-0.5181739
-0.6044289
-0.5084984
-0.2705459
-0.431058
-0.429451
-0.5045148
-0.4938716
-0.3983026
-0.3751213
-0.3218094
-0.4273491
-0.6299688
-0.5782551
-0.3843666
-0.4232918
-0.5062938
-0.4062785
-0.4006822
-0.5523542
-0.4011299
-0.527583
-0.3685228
-0.5017124
-0.596684
-0.3184734
-0.4375279
-0.3420749
-0.4672597
-0.2796461
-0.439173
-0.5522102
-0.3451468
-0.346577
-0.4267802
-0.4445685
-0.5148742
-0.3385607
-0.3580751
-0.4049107
-0.4691188
-0.4151404
-0.4783188
-0.4147771
-0.4612368
-0.3043887
-0.5036975
-0.4745872
-0.4257296
-0.3056738
-0.5172203
-0.382216
-0.4611917
-0.4235614
-0.334933
-0.4437317
-0.4914105
-0.241858
-0.3478312
-0.3104864
-0.2995475
-0.4146803
-0.3813205
-0.3152178
-0.5183123
-0.5031092
-0.1956014
-0.2589567
-0.2856323
-0.2843992
-0.3538192
-0.3466964
-0.3237277
-0.1752965
-0.3917526
-0.4731869
-0.2291032
-0.3098712
-0.3271948
-0.2844005
-0.3689841
-0.3931604
-0.4158487
-0.3096341
-0.2941109
-0.3222359
-0.2177616
-0.2459805
-0.3480022
-0.3403897
-0.3674817
-0.3651638
-0.2452115
-0.2206531
-0.2325173
-0.2262124
-0.2662689
-0.3208417
-0.2826897
-0.2985952
-0.2505564
-0.2751658
-0.3965301
-0.2949806
-0.1715273
-0.2729958
-0.3309357
-0.2408249
-0.4360118
-0.1922524
-0.2343903
-0.2125211
-0.3691752
-0.4143729
-0.2430594
-0.2593868
-0.2518124
-0.2784276
-0.2408063
-0.0646297
-0.1398848
-0.4342249
-0.2994869
-0.3607303
-0.2744103
-0.1475725
-0.2084014
-0.2512009
-0.2366777
-0.2092689
-0.1294877
-0.1889302
-0.2054732
-0.3778538
-0.3714973
-0.3168137
-0.328629
-0.2179368
-0.235087
-0.1007069
-0.0786319
-0.2422631
-0.3303355
-0.1249759
-0.1762468
-0.1249577
-0.1481609
-0.1573324
-0.09862036
-0.1752884
-0.1136964
-0.1488537
-0.1457867
-0.1631441
-0.139879
-0.1857152
-0.1385168
-0.0291499
-0.195554
-0.1487313
-0.3042612
-0.2054698
-0.1613475
-0.1635918
-0.04549284
-0.1304153
-0.1513908
-0.06533472
-0.05903172
-0.1185158
-0.07834041
-0.2268288
-0.0468335
-0.09460921
0.007997396
-0.1293079
-0.09648079
-0.1620585
-0.07499393
-0.09140994
-0.1670354
-0.3066998
-0.1572079
-0.201835
-0.202766
-0.223613
-0.2345018
-0.1000229
-0.01805947
0.02710799
-0.1345224
-0.1795409
-0.04225427
-0.07814293
0.0002165589
0.01165453
-0.1347226
0.002949722
-0.06913803
-0.07623819
-0.1181143
-0.1723526
-0.05245035
-0.0166163
-0.1342597
-0.130054
0.007808298
-0.1299966
-0.05558445
-0.03928919
-0.1011242
0.06234169
-0.1145004
0.01545152
-0.07029404
-0.1620254
-0.07463436
-0.08006465
0.01233026
-0.07935115
0.07278833
-0.05141523
-0.08028056
-0.02002029
-0.1240861
0.07944277
-0.0145548
0.1360408
-0.1174366
-0.06420074
-0.03027329
0.05731309
-0.05613544
0.02685331
0.09382873
-0.0935303
-0.07392382
0.04015217
-0.01410062
-0.09020364
-0.1792103
0.07137591
-0.01143898
-0.09665322
0.07431947
-0.005637035
0.253763
0.1713303
-0.132711
0.06942357
-0.07014144
0.09342622
-0.03190724
0.09789587
0.1314685
0.08243529
0.2108851
0.124269
-0.05684851
0.02674956
-0.07118039
-0.01248865
0.1013746
0.2093989
0.07603487
-0.08241518
-0.06361567
0.1681152
0.07419962
0.1228746
0.02701557
-0.008909177
0.1921912
0.07826189
0.1450204
0.02146455
-0.04337891
-0.03084673
0.2496931
-0.1095654
0.06751526
0.1070884
0.04921829
0.1336095
-0.008677914
0.2150752
0.05529446
0.1126029
0.1290952
0.02404276
0.1466504
0.04577264
-0.02378928
0.1492068
0.1945568
0.1312267
0.09770911
0.165758
0.2607728
0.1887561
0.1481399
0.05254417
0.1726301
0.001310018
0.1843619
0.08784228
-0.04735769
0.06648073
0.2149513
0.08033004
0.1235081
0.1024634
0.08020661
0.1651265
0.1273628
0.08874304
0.005254663
0.122098
0.1567938
0.1669859
0.3149754
0.2707896
0.1474218
0.2294208
0.2037839
0.1327374
0.1638838
0.1195972
0.1403234
0.2597774
0.1371134
0.2199721
0.1497604
0.2089431
0.2217863
0.02739913
0.2474933
0.2443266
0.3204135
0.2757994
0.3531266
0.1021218
0.3044201
0.1569118
0.3121145
0.09933082
0.2900586
0.185187
0.335625
0.2796413
0.2040635
0.2544387
0.2629989
0.345383
0.3278074
0.3343231
0.1867496
0.309363
0.2244011
-0.03997049
0.2003401
0.197755
0.2121522
0.2745851
0.3387541
0.2658181
0.3353446
0.2439185
0.3438852
0.2762427
0.1919361
0.08228317
0.3411054
0.1578796
0.4490454
0.268836
0.1906923
0.3409193
0.2255783
0.3147513
0.3840422
0.3317539
0.3521294
0.3835222
0.3814312
0.1778323
0.1458529
0.2686794
0.1099183
0.2325838
0.2892899
0.3348459
0.2797655
0.3384635
0.2580107
0.2396609
0.2924654
0.2847704
0.2430535
0.4211142
0.1489175
0.3154854
0.3228804
0.324125
0.3596304
0.2328242
0.3604347
0.2698495
0.3112262
0.2520402
0.3490224
0.2279791
0.3150704
0.2792143
0.436216
0.4812653
0.3561478
0.4238027
0.3833073
0.5270149
0.2385004
0.2929209
0.3110323
0.3657523
0.387486
0.3488174
0.3789234
0.2596612
0.3611232
0.4198679
0.3952636
0.3853165
0.5918051
0.3722893
0.3510573
0.372646
0.4399078
0.3724605
0.5289665
0.3989955
0.4936525
0.3240144
0.3796738
0.4299051
0.3492525
0.3997777
0.2901618
0.3231044
0.3409812
0.420801
0.4129402
0.5657713
0.4948491
0.5209942
0.2809718
0.3523404
0.4738562
0.3923285
0.4057456
0.5036684
0.519565
0.4641304
0.5985797
0.3794578
0.4496393
0.4176985
0.3024004
0.5078635
0.3915317
0.5865671
0.5767033
0.327461
0.239322
0.5242001
0.494673
0.395648
0.5212789
0.590694
0.4836448
0.4193793
0.5342222
0.5565435
0.3726396
0.5153017
0.5837352
0.3518568
0.5590598
0.6660112
0.4839511
0.4828161
0.5309229
0.6741876
0.4741111
0.3272359
0.5994403
0.5999388
0.632806
0.5264388
0.734538
0.5473284
0.4880331
0.5707624
0.584364
0.4869414
0.5399516
0.4032688
0.4777019
0.5939624
0.6152537
0.5204172
0.5790999
0.518178
0.6496657
0.6089378
0.6008113
0.5796582
0.4961917
0.5687035
0.5444923
0.4389603
0.5197927
0.4056234
0.4628788
0.7188235
0.5960443
0.5025058
0.5910171
0.6339862
0.6321756
0.5738261
0.5602633
0.635521
0.5364844
0.484347
0.6733698
0.4759004
0.5373954
0.4394593
0.6242412
0.59654
0.6095218
0.5255699
0.622345
0.6994124
0.6750856
0.6274522
0.6528425
0.5530045
0.7280862
0.6667169
0.5533542
0.6529242
0.5728778
0.7373057
0.6120583
0.6556523
0.755638
0.6936342
0.6112928
0.6915178
0.5665851
0.5481985
0.651769
0.7350323
0.7250296
0.6750022
0.7056695
0.5998698
0.6719523
0.6722376
0.5536131
0.6749574
0.5328926
0.7446062
0.7487534
0.762004
0.7592583
0.7959804
0.7200063
0.5611254
0.7502748
0.6577359
0.7426899
0.7408542
0.7159906
0.6475632
0.5749142
0.49081
0.6716873
0.7254122
0.7537166
0.7225414
0.7865439
0.6723238
0.6731815
0.783484
0.6998722
0.6583733
0.67404
0.8149249
0.7825122
0.6369716
0.7729865
0.7408732
0.639073
0.6656745
0.8254507
0.7032837
0.8091478
0.9054728
0.6827167
0.7099768
0.7579639
0.7429929
0.5845127
0.8494641
0.6957035
0.6838001
0.7236245
0.9667511
0.749526
0.7529411
0.8245593
0.802744
0.7239128
0.8778696
0.8031547
0.7599035
0.6149209
0.6471961
0.797054
0.7866457
0.8715669
0.8158162
0.7680824
0.8611444
0.9221203
0.8226752
0.700563
0.9022402
0.7874011
0.7017464
0.8760391
0.634548
0.7865585
0.7259413
0.7687603
0.7829194
0.784735
0.8159433
0.865065
0.7543215
0.8191914
0.8828581
0.7528058
0.8436488
0.7806314
0.8810696
0.8838237
1.044852
0.9595959
0.8193708
0.8810467
0.8680144
0.8949442
0.7950343
0.9546036
0.9947224
0.8409332
0.9203776
0.7317888
0.7899853
0.721871
0.8988386
0.7416028
0.963919
0.9215899
0.898197
0.9021621
0.9897074
0.878677
0.8652505
1.013349
0.8609485
1.01716
0.989863
0.7738011
0.9124009
0.9828078
0.8287593
0.8371779
0.776391
0.8833279
1.013835
0.7960886
0.8786463
0.8556885
0.7002467
0.9208654
0.9485197
0.9254719
1.101474
1.025254
0.938327
0.9465134
0.8940609
1.001929
0.9767509
0.9076889
0.9962539
0.9864591
0.969923
0.9559812
0.8114635
1.000053
0.8110459
1.021008
0.9148299
1.008034
0.8504863
0.9706094
0.978181
0.8798771
0.8899611
1.07151
0.9997609
1.048515
0.9897436
1.026998
0.9032603
1.08886
0.935475
1.066599
0.9906822
0.9190661
1.035761
1.078411
0.9366661
0.9052787
0.8410358