-0.0418078
-1.032856
-0.9630775
-1.039475
-0.9369358
-0.9670077
-1.078616
-1.094483
-0.9289424
-0.9851084
-1.016117
-1.085908
-1.018169
-0.8766065
-0.9195234
-1.070677
-0.8847102
-0.9076547
-0.9363088
-0.9190368
-0.9589482
-0.9773954
-0.9639596
-1.109444
-0.8985981
-1.080637
-0.9463924
-1.006449
-0.9713126
-0.9193264
-0.9589117
-0.9678088
-0.9686902
-1.003496
-0.9575286
-0.8644432
-0.9018791
-1.144667
-0.9279136
-0.9449188
-0.9879367
-0.9206295
-0.8504542
-0.8073831
-0.975056
-0.9693862
-0.8743861
-0.9224079
-1.036052
-0.8594715
-0.9458492
-0.7709412
-0.9213672
-0.980698
-0.8577113
-1.019784
-0.8928389
-0.8412395
-0.8851857
-0.9984977
-1.061947
-0.9092183
-1.02768
-0.8069789
-0.9434333
-0.7966166
-0.740296
-0.8664073
-0.747039
-0.8878157
-0.8799355
-0.9086293
-1.019517
-0.9888564
-0.7083416
-0.934873
-0.857231
-0.7175369
-0.8413477
-0.8438617
-0.6782721
-0.9738516
-0.9327904
-0.8498302
-0.8794625
-0.9905552
-0.7143183
-0.8635107
-0.8586137
-0.9997987
-0.7693838
-0.7419055
-0.8867163
-0.7064446
-0.6095243
-0.8471479
-0.769926
-0.8173359
-0.7701718
-0.8616929
-0.7116204
-0.9350395
-0.670185
-0.7959651
-0.840496
-0.7940847
-0.7308547
-0.7682823
-0.8951091
-0.7410381
-0.8191381
-0.7627394
-0.7943753
-0.781667
-0.7869367
-0.7847772
-0.7777617
-0.6258399
-0.7501588
-0.7584769
-0.7091157
-0.8646162
-0.77254
-0.6697524
-0.8302016
-0.7180399
-0.5920883
-0.7714986
-0.7952409
-0.703864
-0.7987858
-0.7865007
-0.8210754
-0.7128638
-0.6619581
-0.7456763
-0.7978356
-0.585874
-0.7792175
-0.6000422
-0.6556923
-0.8111849
-0.6588169
-0.8352417
-0.7620447
-0.6036251
-0.7245657
-0.6275246
-0.8111564
-0.8111821
-0.6579124
-0.8243436
-0.8026575
-0.6062907
-0.6125474
-0.6044206
-0.6303456
-0.7499097
-0.6433695
-0.6750809
-0.8314976
-0.5849315
-0.7442177
-0.6689997
-0.6591435
-0.6384094
-0.7554824
-0.6949642
-0.5557354
-0.6765243
-0.6478187
-0.6825907
-0.6645047
-0.5959906
-0.6396844
-0.6676309
-0.6822866
-0.748647
-0.7167236
-0.6360228
-0.6908605
-0.6162299
-0.6165689
-0.7657721
-0.6640255
-0.5633264
-0.6681492
-0.549302
-0.587271
-0.6516228
-0.6308036
-0.4511609
-0.5722603
-0.5495989
-0.6027099
-0.6372912
-0.5068742
-0.5114157
-0.6643134
-0.6578245
-0.6604738
-0.5604634
-0.5693751
-0.4992557
-0.7132463
-0.5467652
-0.6582742
-0.6558927
-0.5339681
-0.7023994
-0.5742071
-0.4548799
-0.5705359
-0.6483505
-0.5847226
-0.6176173
-0.5560625
-0.5946673
-0.5678334
-0.5964102
-0.5549437
-0.5367096
-0.4447558
-0.5574925
-0.6248497
-0.6113372
-0.4569895
-0.3462537
-0.6167011
-0.5342818
-0.6053768
-0.6246206
-0.2640126
-0.5030845
-0.5830801
-0.6585981
-0.6691457
-0.4239255
-0.4240906
-0.4941512
-0.4458415
-0.4947869
-0.6362381
-0.4634867
-0.625535
-0.5518929
-0.4518159
-0.5213297
-0.5111682
-0.4702391
-0.4304216
-0.4774629
-0.6046359
-0.4928648
-0.4441584
-0.4706451
-0.5109732
-0.4908674
-0.4510168
-0.304
-0.6185029
-0.4967961
-0.3682338
-0.4734279
-0.5311567
-0.4407177
-0.5887763
-0.4409904
-0.4609388
-0.3883785
-0.3495368
-0.4223777
-0.4194434
-0.483314
-0.460585
-0.3849916
-0.3535259
-0.5704376
-0.5075019
-0.404107
-0.374129
-0.4385117
-0.4025827
-0.5438724
-0.3660474
-0.4822474
-0.3404631
-0.5014028
-0.605104
-0.2594586
-0.3052244
-0.2999537
-0.5812016
-0.3396611
-0.4941572
-0.3365377
-0.3396392
-0.4170665
-0.334392
-0.4806354
-0.3585158
-0.492212
-0.366402
-0.4419252
-0.4227385
-0.4822824
-0.6094199
-0.4440151
-0.3464585
-0.4000116
-0.4007507
-0.4730322
-0.3811068
-0.3185978
-0.4691655
-0.2567193
-0.3520957
-0.2115307
-0.2716753
-0.3753545
-0.5554945
-0.3633624
-0.3352796
-0.4458255
-0.3913097
-0.3678537
-0.3833201
-0.5438637
-0.28967
-0.3136509
-0.3745347
-0.4425933
-0.3890224
-0.3155272
-0.3865115
-0.2679806
-0.309338
-0.3288865
-0.2619208
-0.2731387
-0.2933686
-0.3762491
-0.3445456
-0.4043967
-0.2907323
-0.2730081
-0.2231195
-0.3397785
-0.3447048
-0.4798414
-0.3659356
-0.3757332
-0.2833586
-0.2571139
-0.1870993
-0.2756112
-0.1961028
-0.3495362
-0.1951263
-0.3545311
-0.4987191
-0.3151013
-0.2570819
-0.2444309
-0.3165141
-0.2224766
-0.3399917
-0.3185455
-0.3382994
-0.2948602
-0.2657726
-0.2118577
-0.2413528
-0.3330708
-0.3618041
-0.32988
-0.1556516
-0.3339433
-0.2363565
-0.2216197
-0.255292
-0.2716081
-0.2513944
-0.2318545
-0.1680787
-0.3170456
-0.2445449
-0.113379
-0.2355494
-0.2403168
-0.2334683
-0.07563107
-0.2199649
-0.3576368
-0.2102038
-0.3810015
-0.1127913
-0.06947275
-0.1788981
-0.188112
-0.2046168
-0.1560785
-0.09770064
-0.2843991
-0.08385974
-0.1398841
-0.1824908
-0.04602123
-0.2031763
-0.244303
-0.107015
-0.1654974
-0.1069623
-0.1244865
-0.2073073
-0.1238338
-0.1491732
-0.2376885
-0.2668163
-0.1838265
-0.09806711
-0.2316163
-0.2211838
-0.1109414
-0.1336378
-0.2162389
-0.1912278
-0.2585633
-0.2387615
-0.2391771
-0.3101185
-0.09550956
-0.02917934
-0.2255979
-0.184862
-0.06163283
-0.06907765
-0.2838313
-0.1546796
-0.2044446
0.00656218
-0.1902065
-0.1371854
-0.006200831
-0.2162973
-0.1213543
-0.2269431
-0.1459474
0.05624067
0.107629
0.03722529
-0.07005337
-0.1619578
-0.1017248
-0.0166275
-0.13605
-0.1217704
-0.1929508
-0.05826114
0.0007598117
-0.1748762
-0.2810138
-0.07173371
-0.04485213
-0.03677794
-0.1212248
-0.1600779
-0.1103364
0.06491405
-0.06017526
-0.0158986
-0.1106709
-0.116204
0.02045661
0.01306379
-0.05815112
0.04615496
-0.1292926
0.09491185
-0.09375695
-0.1058145
-0.1779872
-0.1746784
0.03180085
0.1426161
-0.1315888
-0.04923805
-0.09398035
-0.008112481
0.07835452
0.05730713
-0.01606158
-0.0462272
0.1007376
0.002762637
0.01533153
-0.08048451
-0.02125463
-0.07956504
-0.02537065
0.001555299
0.1472119
-0.003626972
-0.2177181
0.1024851
-0.004021299
-0.05978052
-0.08512994
-0.00852444
0.131191
-0.1346504
0.00305284
0.1894855
-0.007328298
0.07921359
0.1484167
-0.09135459
0.03090933
0.006468524
0.0889974
0.06744225
0.09761433
0.06333447
-0.008315458
-0.005712386
-0.01506348
0.1503575
0.07855999
0.01574889
-0.01718148
0.1379319
0.05650543
-0.02696432
0.07524271
0.03391021
0.01936466
0.1372506
0.004930523
0.07547151
0.03035655
0.07371538
0.01441819
0.05921298
0.07791384
0.1996846
-0.03099461
0.2105259
0.04493458
0.1093731
0.2500682
0.1303939
0.06794359
-0.1118242
0.2346364
0.101955
0.1125017
0.0600856
0.1394877
0.1351132
0.194922
0.1004243
0.1941276
0.2034675
0.1652899
0.1829921
0.1108572
0.2478048
0.24146
0.2097673
0.2366583
0.04962494
0.2037747
0.1525094
0.2661817
-0.01958755
0.09705624
0.1751193
0.1534644
0.0600201
0.1183191
0.1560021
0.1527776
0.1435705
0.09700709
0.1589565
0.1897497
0.2645609
0.180209
0.1161957
0.2468114
0.1220818
0.1922931
0.2582559
0.1333308
0.3126323
0.2386512
0.207645
0.02413505
0.1450865
0.1658369
0.08611162
0.2962998
0.06444092
0.1460413
0.2230225
0.1150039
0.2455802
0.2389325
0.216851
0.1918096
0.304664
0.21953
0.2316223
0.3479428
-0.1259386
0.2096545
0.07952511
0.3182983
0.2992059
0.2929061
0.2864801
0.2825523
0.3592318
0.1839138
0.291056
0.3711453
0.2972235
0.1221371
0.2336326
0.2872521
0.2979607
0.1422732
0.3100886
0.2330983
0.1543959
0.1727228
0.1649981
0.3340057
0.2931855
0.3035782
0.2217537
0.1786098
0.2719675
0.1070458
0.2590512
0.3650123
0.2711978
0.3926235
0.2618919
0.255763
0.4223813
0.3496274
0.3153827
0.2117222
0.343898
0.3787674
0.4023513
0.2850423
0.3945888
0.3169109
0.4064675
0.4774479
0.1387948
0.3186492
0.4003227
0.2895227
0.1338256
0.5204594
0.1624377
0.378527
0.2543602
0.309092
0.3186741
0.3634155
0.3742678
0.3108976
0.3516993
0.3238967
0.4406107
0.325385
0.2494456
0.2455956
0.4418014
0.3927224
0.3830182
0.319958
0.4867524
0.2880284
0.3567816
0.3053123
0.3790839
0.4003173
0.4084917
0.3491043
0.402412
0.4250846
0.3268965
0.1529184
0.4436178
0.3289494
0.3888778
0.3376007
0.3357081
0.5272868
0.3425065
0.4342639
0.3444424
0.4319122
0.3799879
0.2821797
0.2721947
0.3364129
0.2681514
0.3272777
0.5239421
0.4230732
0.4522315
0.4392382
0.3462567
0.5079194
0.4256568
0.357945
0.4392731
0.6166443
0.3192416
0.6582118
0.4593949
0.4649096
0.5037338
0.516941
0.467019
0.4163523
0.3949941
0.304133
0.5192294
0.3440582
0.4602812
0.4142784
0.5692292
0.3640268
0.4933533
0.6418679
0.4955383
0.4524404
0.5664798
0.5604509
0.6271638
0.556231
0.5701216
0.5611007
0.4818782
0.2725989
0.5140682
0.3440891
0.4944412
0.5397756
0.6037448
0.4423108
0.4626887
0.5834935
0.6981031
0.4399168
0.47589
0.5443013
0.5809
0.6447935
0.5307375
0.734682
0.5413919
0.498667
0.5818862
0.5327065
0.4747971
0.4532176
0.6400227
0.5115399
0.5677492
0.5040048
0.6243774
0.7403075
0.6200274
0.4903096
0.4918428
0.4818741
0.6269834
0.5718867
0.5014978
0.603632
0.7298327
0.5745261
0.4603195
0.7526583
0.6179765
0.4989787
0.5349607
0.4374459
0.6405225
0.6429888
0.6421813
0.6008496
0.6663383
0.6231431
0.414074
0.5830923
0.6459999
0.7764182
0.7147591
0.6836734
0.7142175
0.7239215
0.6341166
0.6203812
0.5705333
0.68458
0.6501451
0.6044064
0.6583935
0.6929625
0.4550609
0.6505424
0.6105682
0.4993221
0.6852107
0.6683938
0.6823756
0.6191759
0.5557748
0.4987512
0.6864469
0.6802589
0.8162091
0.571669
0.6785289
0.5496173
0.5763725
0.7385002
0.6847312
0.6541163
0.6675791
0.7062652
0.6526205
0.5951767
0.5899601
0.6708558
0.6676173
0.8167581
0.5570575
0.7952414
0.6424141
0.6248037
0.5893568
0.5160405
0.6351314
0.7773179
0.7649107
0.7890412
0.5893279
0.7547783
0.700261
0.6719246
0.7293539
0.6071735
0.5699717
0.8577782
0.7001144
0.752429
0.5461716
0.7794091
0.647547
0.685293
0.6521017
0.8357832
0.8227327
0.7218447
0.8346546
0.7946018
0.745218
0.7593492
0.9320131
0.6807907
0.7448459
0.6824995
0.6809784
0.7788682
0.7402176
0.7057446
0.7305595
0.6929881
0.7208656
0.8241232
0.8393484
0.6542319
0.9226091
0.7676577
0.7260678
0.5802882
0.762233
0.7248458
0.738309
0.8758257
0.7166801
0.7408523
0.9141449
0.8008054
0.6877077
0.9097888
0.6687904
0.8784867
0.9622132
0.9415524
0.8702495
0.8966243
0.8035537
0.8420276
0.9308437
0.8671648
0.9285785
0.8562223
0.8343365
0.8350044
0.8133207
0.8654166
0.9451693
0.9392809
0.7834469
0.783054
0.802801
0.8056785
0.8534101
0.8400305
0.7113933
0.8893079
0.822196
0.9330636
0.9675181
0.9588791
0.973228
0.875009
0.8937535
0.837497
0.8587916
0.8148432
1.007965
0.8672038
0.9012078
1.062172
0.9692034
0.8277057
0.8885298
1.044697
0.9259026
0.9947817
0.8949864
0.6896343
0.8780362
0.8565754
0.9566334
0.9991975
1.012895
1.078473
1.060613
0.9717749
0.9463946
0.9532922
0.8441377
0.873944
1.019607
0.9862384
0.8766433
0.8739969
0.9386551
0.9510922
0.8935631
0.9886094
1.043866
0.9141013
1.092154
1.12811
0.8968043
0.8899525
1.056714
1.066382
0.8883393
0.8782455
0.9370697
0.8510472
0.9833958
1.007385
0.9377605
0.8741727
1.070953
0.8955325
0.9162827
1.130751
1.026081
1.03223
1.170087
0.8535968
0.9741226
0.9732083
0.9668244