-0.05219234
-1.023261
-0.9707697
-1.036483
-0.941474
-0.9545699
-1.051675
-1.094094
-0.9368709
-0.9787494
-1.02415
-1.040643
-1.016102
-0.8790041
-0.9223191
-1.05401
-0.8769465
-0.9149321
-0.9304042
-0.9147538
-0.9492096
-0.982955
-0.972549
-1.098836
-0.8927611
-1.102595
-0.9495958
-1.037281
-0.9572323
-0.9192366
-0.9726799
-0.978443
-0.9729766
-0.9834121
-0.9514052
-0.8598995
-0.902858
-1.16341
-0.9326326
-0.9596917
-1.01593
-0.9134752
-0.8332677
-0.7959097
-0.9643187
-0.9677934
-0.8911254
-0.9175648
-1.028736
-0.8583381
-0.9572994
-0.7686006
-0.9038171
-1.007579
-0.8457264
-1.01199
-0.9252262
-0.8499431
-0.8964273
-0.9925906
-1.071598
-0.9031564
-1.017641
-0.7883362
-0.9588785
-0.7879431
-0.722589
-0.8515034
-0.7608817
-0.8802238
-0.8695301
-0.9171532
-1.003503
-0.9647423
-0.7155098
-0.9334625
-0.844902
-0.7022285
-0.8636083
-0.8619269
-0.6869826
-0.9438691
-0.906663
-0.8623427
-0.8817529
-1.00155
-0.7102524
-0.8678832
-0.8826889
-0.9865039
-0.7780087
-0.7244817
-0.8821346
-0.6984457
-0.6165532
-0.8301609
-0.7483526
-0.7796464
-0.7803008
-0.8470466
-0.7342233
-0.9274466
-0.6498429
-0.811052
-0.8245302
-0.7975019
-0.7313436
-0.7577543
-0.8939152
-0.7340787
-0.8297053
-0.7461298
-0.8017427
-0.7931352
-0.7894274
-0.793987
-0.7760375
-0.6302368
-0.76657
-0.7582355
-0.7200771
-0.8499629
-0.7765637
-0.6783655
-0.825023
-0.6935707
-0.5694626
-0.785638
-0.7817444
-0.7250603
-0.7917935
-0.7589977
-0.8031694
-0.6858152
-0.6479255
-0.7368681
-0.7881447
-0.5867901
-0.7596653
-0.6176092
-0.6543715
-0.8057004
-0.6622113
-0.869135
-0.7510822
-0.6371611
-0.7351136
-0.6078832
-0.8135137
-0.7901634
-0.6658297
-0.8247076
-0.7815401
-0.5893754
-0.616789
-0.6061942
-0.6220912
-0.7395243
-0.6565197
-0.6435847
-0.8171972
-0.5972831
-0.7502381
-0.6538418
-0.6596984
-0.6308071
-0.7290546
-0.7007462
-0.5220159
-0.6599297
-0.6515926
-0.6795641
-0.647252
-0.6206034
-0.6638704
-0.6612115
-0.6827741
-0.7479255
-0.727909
-0.6430066
-0.675027
-0.6200028
-0.6429592
-0.7811993
-0.6947788
-0.5447237
-0.663702
-0.5612694
-0.5985119
-0.6447504
-0.6217967
-0.4337908
-0.5647961
-0.5465309
-0.6076502
-0.6397321
-0.5202368
-0.5053733
-0.6655813
-0.6651221
-0.6614943
-0.5874565
-0.5730131
-0.4994491
-0.7077084
-0.5375224
-0.6620061
-0.6158265
-0.5376346
-0.7041576
-0.5405974
-0.4666831
-0.5749601
-0.6426856
-0.5660351
-0.5978085
-0.5391373
-0.5891681
-0.5425243
-0.6217244
-0.5575321
-0.5154155
-0.4534498
-0.5730528
-0.6000836
-0.6352055
-0.4688603
-0.3554247
-0.6214157
-0.5134004
-0.623394
-0.6471203
-0.2739677
-0.5129442
-0.5350621
-0.6609816
-0.6596384
-0.4296498
-0.4081371
-0.4829097
-0.448918
-0.4917492
-0.6421317
-0.4667419
-0.6197422
-0.5669892
-0.4515206
-0.4987065
-0.4930652
-0.4821204
-0.4308023
-0.4965686
-0.6005796
-0.4981275
-0.4542906
-0.4603273
-0.5026024
-0.4888182
-0.4424769
-0.31703
-0.6173258
-0.5077552
-0.3755884
-0.4736273
-0.5199953
-0.4344047
-0.6000523
-0.446296
-0.475559
-0.3901845
-0.3634762
-0.4296583
-0.4092044
-0.517517
-0.4666995
-0.3730535
-0.3564501
-0.5588076
-0.499261
-0.4075895
-0.3742931
-0.428066
-0.395431
-0.5450073
-0.3683606
-0.4779298
-0.3275856
-0.4907601
-0.633212
-0.2667342
-0.3114444
-0.28863
-0.5782801
-0.3234307
-0.5087541
-0.330509
-0.3283909
-0.4107151
-0.3397631
-0.480279
-0.3383518
-0.4799015
-0.3789367
-0.4844275
-0.415082
-0.4834533
-0.6095335
-0.4554769
-0.3709951
-0.4017947
-0.3836479
-0.4628616
-0.4063184
-0.3291168
-0.4812683
-0.2727208
-0.3701681
-0.2080915
-0.2605673
-0.3626843
-0.5466984
-0.3728637
-0.3537683
-0.4237492
-0.3920743
-0.3518055
-0.3924346
-0.5439231
-0.2680374
-0.3367083
-0.3737245
-0.4389342
-0.3731062
-0.3582555
-0.3894521
-0.2724982
-0.3078183
-0.3280959
-0.2791274
-0.2660856
-0.2698265
-0.3773213
-0.3482818
-0.3865551
-0.308048
-0.2692946
-0.2206176
-0.3379328
-0.3615102
-0.4603566
-0.347377
-0.3853805
-0.2578708
-0.2415695
-0.2104826
-0.2789453
-0.172938
-0.350421
-0.1859596
-0.3588194
-0.4933028
-0.3123062
-0.265782
-0.2373778
-0.3161664
-0.2242039
-0.3447971
-0.3246391
-0.3599752
-0.3255894
-0.2711432
-0.2096128
-0.2414846
-0.3280401
-0.3635079
-0.3352402
-0.173737
-0.3208904
-0.2413834
-0.2168322
-0.2547744
-0.2721915
-0.241911
-0.2300929
-0.1885413
-0.3169841
-0.247549
-0.1210773
-0.2278678
-0.248347
-0.1949502
-0.06211387
-0.2053165
-0.3439684
-0.2165964
-0.3818004
-0.1266691
-0.07698881
-0.2059259
-0.1694841
-0.199634
-0.1594754
-0.1032746
-0.2840803
-0.07372953
-0.1307324
-0.18095
-0.02615466
-0.1985318
-0.2213318
-0.1131781
-0.1776679
-0.117846
-0.1439549
-0.2353032
-0.1049373
-0.1790521
-0.2237899
-0.2518247
-0.1951631
-0.1000534
-0.2272407
-0.2085315
-0.1096588
-0.1093839
-0.2137701
-0.2007152
-0.2678764
-0.2272943
-0.2532742
-0.3096095
-0.1226766
-0.05763229
-0.2421087
-0.1976618
-0.07359929
-0.06221522
-0.2912451
-0.1491955
-0.2156474
-0.004208608
-0.1783481
-0.1354743
-0.01196325
-0.2266677
-0.1068758
-0.2088538
-0.1629127
0.07538373
0.08880055
0.04114009
-0.07096664
-0.1717425
-0.08161418
-0.02083576
-0.1405996
-0.1193777
-0.2093538
-0.05200251
-0.01113528
-0.1588357
-0.2689945
-0.06246741
-0.01739765
-0.01903178
-0.1081283
-0.1573793
-0.1263558
0.04988547
-0.0619123
-0.007542627
-0.1302262
-0.1203687
0.01460852
-0.01641789
-0.05436398
0.004516413
-0.1322784
0.09551194
-0.09747108
-0.1319512
-0.1680063
-0.1456388
0.02552703
0.1407345
-0.1212053
-0.05099833
-0.08637069
-0.007167238
0.08790456
0.03690535
0.01050592
-0.06020412
0.08800786
0.0206487
0.004044971
-0.09229493
0.01548116
-0.05232557
-0.02069165
0.01073421
0.1596606
-0.01068371
-0.251107
0.1073082
0.01121586
-0.07260587
-0.08346093
-0.01891763
0.1280406
-0.1125633
0.006295463
0.1711683
-0.02313831
0.05608818
0.1418903
-0.114365
0.02798356
0.002113585
0.07978897
0.05940079
0.06808689
0.05800184
-0.0294257
-0.03405551
-0.02065106
0.1173812
0.08798686
0.01381157
-0.03518308
0.145724
0.04787935
-0.0313901
0.07447785
0.03968287
0.008335346
0.1494202
0.03654606
0.09028762
0.03413445
0.05600852
0.004670102
0.06454378
0.07188689
0.2150715
-0.03952779
0.2162581
0.03455344
0.1098146
0.263537
0.1225249
0.07895869
-0.09305411
0.2288079
0.09781951
0.1354248
0.06047831
0.1368857
0.1223002
0.184034
0.1012509
0.1928696
0.1833376
0.1537786
0.1595001
0.1488619
0.2346555
0.2502442
0.1911585
0.2363685
0.05646501
0.2039542
0.1702391
0.2550196
-0.02720071
0.1219479
0.1794951
0.1498729
0.05565652
0.1062536
0.1672368
0.1335537
0.1599983
0.09324407
0.141671
0.185768
0.2679778
0.187155
0.1028162
0.2535807
0.1451329
0.1820337
0.266682
0.120199
0.3037537
0.2547038
0.2132432
0.02199138
0.1357485
0.1789654
0.101181
0.2900971
0.06593957
0.1484948
0.220331
0.1085299
0.2525306
0.2565335
0.2133565
0.1835202
0.3213134
0.2306282
0.2419847
0.3321171
-0.1237586
0.2347898
0.07675715
0.318631
0.2948001
0.300924
0.295487
0.2671334
0.3605573
0.1810821
0.2784196
0.3946243
0.3207737
0.1064094
0.2220775
0.30745
0.2921123
0.13094
0.3104659
0.2436168
0.1550921
0.1607402
0.1448673
0.3144778
0.2982984
0.3096501
0.1991137
0.1733525
0.2874964
0.1132023
0.2363517
0.3535559
0.2710466
0.3980056
0.2388098
0.2553383
0.4373141
0.3573121
0.3212462
0.206596
0.3422166
0.3940361
0.3995067
0.285291
0.4129733
0.2938266
0.4173914
0.4617297
0.1563617
0.3012878
0.4200178
0.2710111
0.1512554
0.5160954
0.184739
0.3939369
0.2594132
0.3162804
0.3480361
0.3481406
0.3516858
0.3258072
0.369975
0.3441211
0.4265583
0.305695
0.2497305
0.2415896
0.483382
0.3950064
0.3737366
0.308614
0.4720058
0.3039698
0.3589244
0.3090632
0.3948095
0.4135133
0.4058646
0.3678754
0.3840269
0.4379202
0.3376869
0.1466523
0.4134758
0.3103651
0.4045929
0.3368538
0.3783053
0.5425995
0.3368613
0.4283553
0.3353548
0.429086
0.3904588
0.2752313
0.2613931
0.3343575
0.2689048
0.2994846
0.5026277
0.3851528
0.4457177
0.4366499
0.353837
0.5204922
0.435796
0.3442261
0.4341756
0.6079824
0.319955
0.6598969
0.4588731
0.4449432
0.5320357
0.542168
0.4898527
0.4147611
0.3830849
0.2917314
0.5252813
0.3456036
0.4534882
0.4257257
0.5371018
0.3794932
0.5152607
0.6348399
0.5091835
0.4486867
0.5692742
0.5428991
0.6142042
0.5458852
0.5494029
0.5582374
0.4906062
0.3029416
0.5204645
0.3499888
0.496658
0.5297723
0.5853439
0.4303871
0.4455802
0.5794151
0.6992496
0.4516264
0.4740349
0.5424349
0.5699358
0.6608442
0.5639724
0.7179248
0.5554923
0.4659833
0.5830423
0.5248496
0.4421504
0.4546565
0.6499555
0.5057439
0.5607377
0.5003337
0.6231416
0.7391534
0.6176769
0.4671059
0.5067568
0.4739599
0.6416936
0.5846299
0.478963
0.6101112
0.7298098
0.5753116
0.471559
0.7578545
0.6161849
0.5036306
0.529878
0.4462338
0.6383202
0.6223099
0.6205573
0.6196366
0.6842457
0.635834
0.4195454
0.5856048
0.6528859
0.7557752
0.6990926
0.6802459
0.7121604
0.7274465
0.6417453
0.6431764
0.5827895
0.7023401
0.6362132
0.5994982
0.6447454
0.6879244
0.460528
0.6400599
0.6160394
0.5033459
0.7122342
0.6457024
0.6648725
0.6464533
0.5488788
0.5166373
0.6716003
0.6819772
0.8392435
0.5796943
0.6885139
0.5541089
0.5611294
0.7442607
0.69358
0.6761054
0.651386
0.7232911
0.6444048
0.5996476
0.6063782
0.6534127
0.6617794
0.817824
0.5489867
0.8120836
0.6422042
0.6251052
0.5998725
0.5127025
0.6209706
0.7721849
0.7397679
0.8010993
0.5989776
0.730635
0.668818
0.6755539
0.7384856
0.6123563
0.5788516
0.8456458
0.703074
0.7460383
0.5729988
0.7697836
0.6524571
0.6876937
0.6472397
0.8102665
0.8327379
0.73933
0.8436974
0.785561
0.7577017
0.7874498
0.9245641
0.6914728
0.7436087
0.6539679
0.6845191
0.7850311
0.7497907
0.7036584
0.7405287
0.7053247
0.7235144
0.8336606
0.814987
0.6645074
0.92804
0.7638769
0.7366597
0.5900767
0.7747143
0.7182774
0.7220298
0.8705258
0.7094369
0.7218898
0.9269701
0.7960312
0.709739
0.8899121
0.6543403
0.881627
0.9523113
0.9117573
0.8554922
0.9301461
0.7865041
0.8341952
0.9370413
0.8782044
0.9143109
0.8710305
0.84769
0.8152164
0.8011114
0.8535312
0.9690398
0.9391529
0.7821338
0.7851529
0.7896491
0.7763228
0.8494075
0.8309881
0.7204965
0.9116858
0.8198838
0.9330933
0.9763192
0.9486776
0.9555247
0.8521507
0.8801989
0.8366728
0.857735
0.8284433
1.017043
0.887448
0.8971115
1.040652
0.9763431
0.8308535
0.8900372
1.060786
0.9446081
0.9954864
0.8926769
0.7229979
0.8897336
0.8753799
0.9349698
1.003485
1.000988
1.076578
1.065418
0.9471722
0.9586765
0.9583118
0.8693903
0.8754819
1.013791
0.9908759
0.9024237
0.8666265
0.9400422
0.9657763
0.8906959
0.9975964
1.038224
0.9104021
1.071873
1.11388
0.8977594
0.9017521
1.054673
1.062187
0.8852371
0.8755653
0.9556154
0.8213895
1.002019
1.015762
0.9223855
0.8656401
1.064439
0.894702
0.905769
1.112813
1.051254
1.035196
1.187012
0.873705
0.9666584
0.9486178
0.9730679