0.0380371
-0.9729119
-1.039955
-0.9488766
-1.044405
-0.9521356
-0.9749536
-1.010327
-1.143535
-0.9866482
-0.9478118
-0.9247714
-1.013236
-0.9470592
-0.9528109
-0.9431037
-0.923366
-0.8635799
-1.024734
-0.9513167
-1.012907
-0.9761388
-0.8539229
-0.8960609
-1.087641
-0.8471605
-0.9048844
-0.9722142
-1.059128
-0.9311109
-0.9219586
-0.9064383
-0.8921878
-1.007603
-0.8686705
-0.8951822
-0.9081604
-0.8141381
-0.9200351
-0.9233658
-0.6891649
-0.7646089
-0.8836301
-0.9025167
-0.9780587
-0.7914812
-0.9788527
-0.9496231
-0.9505817
-0.9247429
-0.8530149
-1.011387
-1.012657
-0.6983995
-0.7655596
-0.7706129
-0.8640019
-1.003156
-0.8463117
-0.8319629
-0.6936523
-0.8073331
-0.9304822
-0.9671584
-0.8723835
-0.8307238
-0.9489757
-0.8382927
-0.838288
-0.8053941
-0.7967133
-0.6454968
-0.7429914
-0.9850664
-1.005148
-0.8532221
-0.8141809
-1.034935
-0.7267503
-0.8472948
-0.8262033
-0.8406822
-0.885827
-0.8458006
-0.825632
-0.8205695
-0.6437846
-0.8997736
-0.7940695
-0.9295789
-0.8366168
-0.8089571
-0.7415936
-0.8862361
-0.7448187
-0.7239632
-0.7342392
-0.8522183
-0.7309925
-0.833703
-0.7853105
-0.7497205
-0.7822126
-0.9044619
-0.8920034
-0.9315447
-0.7278743
-0.7184718
-0.9042442
-0.7276932
-0.8822532
-0.7925357
-0.768972
-0.7186001
-0.7075946
-0.7842739
-0.6871893
-0.7202955
-0.8783835
-0.7209698
-0.8172167
-0.7395796
-0.8471912
-0.8130391
-0.7288981
-0.5954716
-0.7184866
-0.9345185
-0.7222847
-0.7293175
-0.6939484
-0.5693528
-0.7671734
-0.8210273
-0.7500059
-0.757069
-0.6889328
-0.5105102
-0.5190497
-0.7141637
-0.763951
-0.681166
-0.7653808
-0.7974256
-0.7861297
-0.7246375
-0.6051619
-0.6916337
-0.6389038
-0.6810798
-0.6816026
-0.7089761
-0.700713
-0.6452189
-0.7320815
-0.6110182
-0.770507
-0.662247
-0.609694
-0.5580364
-0.6246413
-0.572805
-0.5378695
-0.6283482
-0.6435706
-0.6577192
-0.6247318
-0.6508105
-0.8150958
-0.5732788
-0.6668858
-0.6118171
-0.6666849
-0.6851126
-0.60645
-0.75505
-0.6853778
-0.7705791
-0.6431937
-0.8019859
-0.5180534
-0.6829464
-0.5821841
-0.6937833
-0.5776428
-0.5775196
-0.5055137
-0.6385287
-0.7002236
-0.5970335
-0.6748887
-0.575109
-0.639779
-0.6876927
-0.6640855
-0.532189
-0.5636145
-0.532017
-0.4871965
-0.48253
-0.6325544
-0.568538
-0.6611699
-0.5323763
-0.6454011
-0.7364426
-0.6191738
-0.7757806
-0.4821786
-0.4795531
-0.5548115
-0.5932295
-0.5613816
-0.5037292
-0.6321821
-0.6061009
-0.5426215
-0.552077
-0.581119
-0.6724169
-0.3589863
-0.543958
-0.5569969
-0.5345129
-0.6066646
-0.5047433
-0.5605377
-0.7259275
-0.5030235
-0.4989699
-0.5672073
-0.5516845
-0.5011021
-0.4557141
-0.6757754
-0.5251272
-0.7286966
-0.4896149
-0.5449527
-0.6730624
-0.6470316
-0.5221463
-0.4965936
-0.4986194
-0.5936242
-0.6175873
-0.4531742
-0.460428
-0.5367408
-0.3923926
-0.4277277
-0.53288
-0.6648219
-0.4856962
-0.5047644
-0.4642468
-0.4752126
-0.6495418
-0.5175127
-0.4675618
-0.4582291
-0.5057682
-0.5970202
-0.5119257
-0.2833346
-0.4311315
-0.4417409
-0.5017098
-0.4897309
-0.393571
-0.3811666
-0.3230294
-0.4047283
-0.6456155
-0.5639279
-0.4142269
-0.4087307
-0.5317439
-0.3985545
-0.3825735
-0.5575258
-0.4036819
-0.5259606
-0.3573117
-0.4981185
-0.5917501
-0.3323503
-0.4546499
-0.3243412
-0.4571644
-0.267013
-0.4442313
-0.5489796
-0.3465156
-0.3312079
-0.4363801
-0.4360895
-0.5182577
-0.3235823
-0.3596252
-0.4152121
-0.4662059
-0.4278755
-0.4764016
-0.4114106
-0.4506344
-0.3289668
-0.4973394
-0.4845271
-0.4263435
-0.3003936
-0.5038277
-0.3835498
-0.4683176
-0.451183
-0.3638048
-0.4501993
-0.5082092
-0.2119948
-0.3424213
-0.3128935
-0.3058388
-0.4201724
-0.3683477
-0.3187475
-0.5000431
-0.5076177
-0.1979746
-0.2549996
-0.2920725
-0.2805924
-0.3605409
-0.3507829
-0.3173808
-0.191549
-0.3730362
-0.4578043
-0.2112442
-0.3020337
-0.302041
-0.2963126
-0.3659786
-0.3824546
-0.4088303
-0.3125447
-0.2699593
-0.3045493
-0.2032372
-0.2409857
-0.3602164
-0.3250562
-0.3526195
-0.3840724
-0.2521266
-0.2196428
-0.2281464
-0.2151127
-0.2574539
-0.3233465
-0.2947643
-0.2653706
-0.2405211
-0.2702715
-0.3811092
-0.2874705
-0.1689668
-0.2621429
-0.3258557
-0.2391232
-0.4323283
-0.1651131
-0.2382085
-0.240726
-0.3712215
-0.4007333
-0.2450301
-0.2516203
-0.2556969
-0.2684585
-0.2141044
-0.05894954
-0.1408531
-0.4270472
-0.3102345
-0.3873109
-0.2762351
-0.1232062
-0.2041913
-0.2712468
-0.2409655
-0.2180007
-0.1231028
-0.2043664
-0.2149878
-0.3701145
-0.3710794
-0.3380944
-0.3230263
-0.2040176
-0.2287266
-0.09352917
-0.07451325
-0.245348
-0.3264736
-0.1099062
-0.1677735
-0.1353509
-0.1389507
-0.1643633
-0.1009486
-0.1652126
-0.09896644
-0.139518
-0.1413825
-0.1673819
-0.1466005
-0.2092984
-0.1386666
-0.03835111
-0.1894903
-0.1266307
-0.3079141
-0.2052568
-0.1471917
-0.1706712
-0.05785216
-0.1386058
-0.1719019
-0.05326189
-0.06944221
-0.09648823
-0.07208171
-0.2202516
-0.05707481
-0.103299
0.02926346
-0.1354706
-0.122555
-0.1679051
-0.09086182
-0.08609818
-0.2003724
-0.2745425
-0.1634667
-0.202703
-0.1904666
-0.2379786
-0.2391501
-0.09189096
-0.04732097
0.01956533
-0.1521964
-0.1951607
-0.07496946
-0.1051609
0.01809639
0.03052864
-0.14516
-0.005190704
-0.09595856
-0.08115244
-0.1347064
-0.1724929
-0.0449346
-0.03088098
-0.1208112
-0.143097
0.021975
-0.1304084
-0.06603739
-0.0591144
-0.09105746
0.03886159
-0.1122152
0.0440984
-0.05001518
-0.1361791
-0.06864167
-0.08679096
0.004140467
-0.09596621
0.08577279
-0.03824574
-0.09914859
-0.04477386
-0.1425495
0.08350143
-0.02525784
0.1269298
-0.09875391
-0.07841344
-0.01594736
0.06369102
-0.05132811
0.04051362
0.0946286
-0.1046397
-0.1076366
0.03719266
-0.002950595
-0.09560394
-0.1824943
0.08786422
-0.01249726
-0.09787125
0.08471371
-0.0007426566
0.2416898
0.1413908
-0.1257279
0.05774509
-0.08001788
0.08959795
-0.009868457
0.1015894
0.1186031
0.08343086
0.2160725
0.1423769
-0.03162442
-0.001123989
-0.08647127
-0.0009109706
0.1054974
0.1979478
0.06203418
-0.09490212
-0.05214185
0.1729785
0.08011604
0.117725
0.01744872
-0.01099232
0.1842319
0.08330053
0.1350321
0.01917724
-0.02532907
-0.02649946
0.2542878
-0.1004597
0.0468669
0.1411839
0.01680364
0.1372996
-0.02653828
0.2134211
0.03017993
0.1099176
0.1341308
-0.0004314218
0.1380615
0.0506331
-0.008695636
0.1643168
0.2044133
0.1213039
0.1027604
0.1460883
0.2557246
0.1850729
0.1524879
0.05988517
0.1491666
-0.0007504958
0.1675387
0.08093181
-0.06203153
0.09371771
0.209398
0.08322884
0.1150729
0.1093992
0.09643839
0.1720092
0.1311246
0.07574593
0.01609034
0.1191355
0.1691068
0.1614466
0.3178532
0.2419622
0.1464833
0.2208236
0.2109482
0.125915
0.1743985
0.1083741
0.1427073
0.2379749
0.1568069
0.2254385
0.1468673
0.1981736
0.2130615
0.03075912
0.2328789
0.2379352
0.3241722
0.265252
0.3365728
0.09029832
0.3039245
0.1501542
0.2984851
0.1037308
0.3013437
0.2102211
0.2957763
0.2962703
0.1902914
0.242873
0.2748436
0.3361081
0.3285617
0.3098942
0.1841335
0.2792092
0.2198617
-0.01714345
0.2144048
0.182445
0.2117069
0.2752546
0.3263854
0.2778412
0.3534343
0.2595695
0.3610072
0.2761826
0.2009537
0.08107516
0.3416637
0.1661327
0.4333489
0.2775324
0.1775348
0.3380674
0.2199131
0.3198359
0.3773829
0.3271834
0.3386297
0.4008738
0.3894738
0.1883922
0.122371
0.283382
0.1161613
0.2185477
0.2984658
0.3425301
0.2647414
0.3336928
0.2595581
0.2252595
0.3139425
0.2880024
0.2529005
0.4420971
0.1460684
0.3317723
0.3267018
0.3197983
0.381433
0.2180435
0.3589695
0.2622848
0.2965979
0.244973
0.3600451
0.2300269
0.3272878
0.2918613
0.4162636
0.4777978
0.3435743
0.4219882
0.3794717
0.5061738
0.2274805
0.2748478
0.3517316
0.3995711
0.3673562
0.3572783
0.3843439
0.2847276
0.3466071
0.3986977
0.394677
0.3830348
0.5943634
0.3782349
0.3463248
0.3948405
0.4332173
0.3682328
0.521034
0.3922785
0.4890028
0.2916535
0.3965686
0.4463786
0.3535908
0.4189049
0.2975707
0.2981338
0.3552159
0.4300866
0.444475
0.5809587
0.509372
0.5327008
0.2929862
0.3720618
0.4633434
0.4102258
0.4051955
0.5003073
0.5267384
0.4436284
0.581685
0.3825781
0.4529456
0.4463422
0.2989119
0.5218963
0.4101105
0.585611
0.5788421
0.333029
0.2859932
0.536033
0.4987455
0.3786925
0.5141933
0.5984347
0.4741899
0.4219469
0.5319198
0.5440635
0.3681658
0.5105436
0.5615661
0.3457532
0.5241559
0.6752969
0.460045
0.4929682
0.524932
0.6751314
0.4794435
0.3314454
0.6200422
0.5954152
0.638895
0.5333639
0.7413333
0.5276885
0.4931605
0.5655585
0.5717356
0.4822712
0.5097532
0.4056569
0.4973841
0.5856798
0.6096127
0.5145601
0.5576623
0.5209593
0.63496
0.6115104
0.6002102
0.5784271
0.5070203
0.5793354
0.5520354
0.4348869
0.4920765
0.4260471
0.5008004
0.7298157
0.5727129
0.5041237
0.5687208
0.6302692
0.6443999
0.5727961
0.5469814
0.652621
0.5286578
0.4938283
0.6625855
0.4862897
0.5320514
0.4261061
0.6131813
0.59091
0.6242485
0.5182215
0.6230359
0.7032862
0.6783856
0.6388739
0.6456848
0.5449563
0.7109405
0.6634518
0.5351733
0.6552002
0.5767386
0.7478973
0.6033931
0.666907
0.7454679
0.6952445
0.6071072
0.6714553
0.5828454
0.5449847
0.6454424
0.7384521
0.7227335
0.6344829
0.7344776
0.6041536
0.6724474
0.6596156
0.5668288
0.6565235
0.5332275
0.7523743
0.7486955
0.7659282
0.7548584
0.8092497
0.7000703
0.5597531
0.7764236
0.6557757
0.7386158
0.7287459
0.7130329
0.6562458
0.5601652
0.5028802
0.6946026
0.7269398
0.7602272
0.7445357
0.7956815
0.6723189
0.6890739
0.800889
0.7027714
0.6432836
0.6600436
0.8054508
0.7897816
0.6302792
0.7837726
0.7371171
0.6359045
0.6560678
0.8226798
0.7060763
0.8040364
0.9118303
0.6754897
0.7153761
0.7610651
0.76426
0.578588
0.8677599
0.7033212
0.6916732
0.7124212
0.9649593
0.753832
0.7372554
0.8009558
0.7923476
0.725324
0.8415646
0.7953417
0.768514
0.60757
0.6599471
0.7996148
0.8011472
0.8742893
0.7969856
0.7908696
0.8270645
0.9525491
0.815848
0.7045735
0.9056885
0.7704341
0.6899885
0.8710327
0.6463492
0.8058619
0.7526435
0.7689888
0.7910436
0.8075208
0.8175478
0.8657863
0.7773766
0.8118405
0.8771612
0.7380737
0.8611514
0.788475
0.9060796
0.8958227
1.047338
0.9721357
0.8392448
0.8842205
0.8854174
0.872151
0.811198
0.9533309
0.9743564
0.8460295
0.922781
0.7389387
0.7810339
0.7039105
0.8974939
0.7531415
0.967025
0.9468547
0.8945363
0.8984812
0.981562
0.8617661
0.8476861
1.033856
0.8485202
1.028378
1.013001
0.7551001
0.8999125
0.9654683
0.8496682
0.8233174
0.7629758
0.8721501
1.004162
0.7841016
0.8590922
0.8695414
0.7026601
0.8909703
0.9407908
0.9197647
1.112348
1.026518
0.9708135
0.9951856
0.8830866
1.021591
0.9608878
0.8898973
0.9755535
0.9951861
0.9586716
0.9664668
0.795852
0.9989318
0.8154277
1.03117
0.9221532
1.001998
0.8519705
0.990064
1.000353
0.8739556
0.9018753
1.066251
0.9911136
1.05452
0.995615
1.009118
0.9018966
1.060685
0.9354244
1.071348
1.009783
0.9057014
1.023804
1.09249
0.9509925
0.9216075
0.8381283