-0.0186315
-0.9785635
-0.9495029
-0.9698834
-1.057978
-0.9348293
-0.8492948
-0.9659647
-0.8511174
-0.9868042
-1.093189
-1.068312
-1.080394
-0.9370411
-0.9114222
-1.014714
-0.9696061
-0.9443896
-1.020807
-0.9397795
-1.123371
-1.127473
-0.9698266
-1.082747
-0.960709
-0.7972539
-0.9503112
-1.109153
-0.9173754
-0.9666773
-1.032872
-0.9126649
-0.8534235
-0.9782088
-0.9529161
-1.069117
-1.006225
-1.082909
-0.8539505
-0.9078071
-0.7580149
-0.8689762
-0.9550029
-0.9551717
-1.02255
-0.8966037
-0.9998861
-0.9562759
-1.03434
-0.8775756
-0.90504
-0.8158837
-0.9149868
-0.8827411
-0.9188444
-0.9622956
-1.014702
-0.9541067
-0.8041822
-0.8510331
-0.8518416
-0.9125897
-0.9816051
-0.8286183
-0.7864645
-0.8789254
-0.8718112
-0.9305504
-0.9333484
-0.8732023
-0.7806954
-0.7923931
-0.8178614
-0.908465
-0.7318083
-0.8177948
-0.8594628
-0.8496041
-0.7957743
-0.8840656
-0.8887799
-0.7538023
-0.7635543
-0.7810918
-0.7075246
-0.9509337
-0.7995256
-0.8431628
-0.8953225
-0.67637
-0.7071823
-0.9524517
-0.7873947
-0.843082
-0.9179515
-0.6825104
-0.7035866
-0.9142982
-0.7265617
-0.7816029
-0.7346939
-0.9205849
-0.7568314
-0.8514794
-0.7623969
-0.8283128
-0.8328616
-0.8969715
-0.9035843
-0.7415607
-0.7790162
-0.7528643
-0.7159348
-0.8637461
-0.6954192
-0.8883414
-0.5648555
-0.9601427
-0.9029934
-0.7407105
-0.7302845
-0.8040749
-0.7163903
-0.8844392
-0.7985847
-0.8787117
-0.7854258
-0.7199462
-0.7198067
-0.8783858
-0.839024
-0.6405241
-0.6281079
-0.836103
-0.6208134
-0.841741
-0.7936966
-0.7848274
-0.6103782
-0.7138407
-0.6974804
-0.8805988
-0.6926706
-0.5416545
-0.7302172
-0.7042253
-0.7403051
-0.7760385
-0.5986234
-0.5716059
-0.7255939
-0.7577389
-0.6777945
-0.7020381
-0.6724058
-0.6102275
-0.6807997
-0.8266187
-0.6494913
-0.6391281
-0.7681766
-0.5955623
-0.7604222
-0.6071141
-0.6734656
-0.6719854
-0.6375181
-0.7522975
-0.6186925
-0.6606154
-0.6482713
-0.5034284
-0.4721763
-0.6033381
-0.7892559
-0.5184346
-0.6779611
-0.7016426
-0.5645244
-0.792854
-0.7847091
-0.597465
-0.7268444
-0.6381667
-0.7327645
-0.6961743
-0.5870208
-0.7826645
-0.6204342
-0.6637178
-0.7300649
-0.580947
-0.5261507
-0.5396373
-0.593079
-0.6853916
-0.6273661
-0.6685982
-0.6990916
-0.5823884
-0.627859
-0.5884036
-0.5295013
-0.5417974
-0.6023558
-0.5629894
-0.6067588
-0.4990912
-0.6340336
-0.4691337
-0.5868528
-0.6601896
-0.6269232
-0.5259747
-0.6741933
-0.5431922
-0.5934708
-0.4477616
-0.4676922
-0.7193799
-0.6498295
-0.6551583
-0.597516
-0.5971138
-0.5300199
-0.4278362
-0.4453631
-0.6946364
-0.7000422
-0.5295441
-0.5899871
-0.5007647
-0.3720803
-0.6133374
-0.5709519
-0.3873585
-0.4797899
-0.4147018
-0.4811765
-0.3760825
-0.6705923
-0.5163251
-0.5564497
-0.4370049
-0.4602482
-0.4852162
-0.3982354
-0.5106999
-0.5898924
-0.5424225
-0.5020565
-0.3952633
-0.5050602
-0.4050025
-0.6754546
-0.5235866
-0.5499501
-0.4200342
-0.3523311
-0.4933504
-0.4522568
-0.4891734
-0.3598343
-0.4766135
-0.3115402
-0.5091373
-0.4447174
-0.5144916
-0.5951738
-0.4255115
-0.4383892
-0.4831254
-0.5053418
-0.5171049
-0.3396193
-0.3569758
-0.4615001
-0.4892628
-0.3462022
-0.5644194
-0.3910317
-0.4948913
-0.3873448
-0.4117643
-0.4787041
-0.4153587
-0.4585537
-0.5146677
-0.3550449
-0.2729399
-0.4181812
-0.3542363
-0.5460785
-0.3043274
-0.4165947
-0.6260963
-0.3199295
-0.5017384
-0.4253044
-0.3027657
-0.4777583
-0.2896646
-0.2878783
-0.362144
-0.4252393
-0.2795603
-0.3603187
-0.5647362
-0.1897751
-0.3279263
-0.2708135
-0.2968057
-0.4053668
-0.4670456
-0.3315356
-0.3334474
-0.3519859
-0.2950857
-0.4343373
-0.2999177
-0.3432476
-0.3200074
-0.3711562
-0.4731978
-0.3083678
-0.2702842
-0.3362949
-0.444023
-0.3708751
-0.3629445
-0.4972745
-0.4065338
-0.3196639
-0.3529388
-0.278369
-0.3324189
-0.2987082
-0.3239102
-0.2989287
-0.4157379
-0.3600658
-0.2635258
-0.1855037
-0.3365228
-0.3592632
-0.3194293
-0.3861305
-0.3040046
-0.2555733
-0.4290909
-0.3820447
-0.2759676
-0.2795204
-0.2065687
-0.4867845
-0.03809693
-0.05593773
-0.2175622
-0.2044989
-0.2954016
-0.319109
-0.26861
-0.3147046
-0.4171996
-0.2329405
-0.2396334
-0.3277034
-0.361258
-0.1570869
-0.2822395
-0.2255176
-0.2584965
-0.3067146
-0.2300902
-0.3408862
-0.2551695
-0.3683325
-0.412038
-0.2201226
-0.257739
-0.0872317
-0.3329862
-0.3055017
-0.3564821
-0.3452408
-0.2008887
-0.3223081
-0.3522608
-0.2305985
-0.2451992
-0.1711882
-0.3001275
-0.2815443
-0.2635262
-0.4138139
-0.2358661
-0.2220193
-0.23142
-0.1092077
-0.3760505
-0.1897504
-0.1062085
-0.1637796
-0.1514529
-0.1407895
-0.1873976
-0.2067991
-0.2070794
-0.1221579
-0.2871587
-0.1711391
-0.1716964
-0.1803256
-0.116654
-0.07277944
-0.1089964
-0.3076624
-0.3740564
-0.1759815
-0.2495496
0.01966121
-0.2156737
-0.1860244
-0.1156118
-0.2147869
-0.07314988
-0.1898755
-0.1556144
-0.1222213
-0.04951794
-0.07083675
-0.1207299
-0.04076669
-0.04702066
-0.1135709
-0.07935266
-0.233607
-0.3508447
-0.1213141
-0.2391584
0.06603319
-0.07529277
-0.2345021
-0.1323071
-0.1411719
-0.1928347
-0.2530242
-0.1305204
-0.05284091
-0.005637372
-0.159352
-0.1070026
-0.09207315
-0.1553531
-0.2085962
-0.07534982
-0.1807774
-0.03254509
-0.082046
-0.1046784
-0.1905531
-0.02366695
-0.008741851
-0.005397135
-0.0009832821
-0.1074143
-0.06575807
-0.001627572
-0.03388528
-0.1607723
-0.09362956
0.05451175
-0.08020456
-0.02697978
-0.07573148
-0.09757703
-0.03932494
0.003890925
-0.08953118
-0.01863616
-0.1181777
-0.119837
0.04656158
0.09815006
0.03381136
0.006507012
-0.07633981
-0.117982
0.03844094
-0.0645283
-0.04205129
0.005646924
-0.1911357
0.1843509
-0.03535652
-0.04504978
0.0123513
-0.009695551
0.08510384
-0.1232503
-0.04337559
0.06892947
-0.04551126
0.05692289
-0.02130372
0.0286613
-0.03725763
-0.1396321
0.03548987
0.02410915
0.08974916
-0.07135836
-0.028811
0.09108098
-0.003095373
0.05843704
0.04133147
0.03911525
0.0227795
-0.09182451
-0.03348197
0.181809
0.008642515
-0.0269125
0.2662593
0.04720802
0.02486209
0.007332391
0.1413569
-0.02614433
0.143723
0.1220358
0.08158203
0.1641369
0.05678068
-0.04655747
0.0278202
0.1923281
0.1518758
0.1000896
0.07703368
-0.04064023
0.04714039
0.05433768
0.1072315
0.1009625
0.06940824
0.1334346
0.2685301
0.08609382
0.1187523
0.0855428
0.02911017
0.1816351
0.03678605
0.1419313
0.2210502
0.1827934
0.05058564
0.06980388
0.1497416
0.1292963
0.08520706
0.222942
0.07372565
-0.03630699
0.1554556
0.135586
0.1741205
0.1593462
0.2407748
0.1659965
0.2151395
0.09274036
0.09908642
0.2001337
0.1249201
0.1706819
0.2422098
0.221118
0.1603791
0.1724879
0.2029109
0.305388
0.1032436
-0.008472616
0.1475469
0.07094715
0.2223735
0.2908258
0.3257236
0.2768043
0.04165516
0.2042757
0.2312928
0.2797392
0.2487518
0.1203411
0.2806846
0.06037297
0.1720404
0.1952718
0.2927056
0.1956343
0.08759461
0.1816862
0.2781208
0.1843557
0.3072918
0.1858596
0.2766789
0.3083298
0.1838753
0.234862
0.1753077
0.2292993
0.3015887
0.1775028
0.2781068
0.0847256
0.2420155
0.1954964
0.1657513
0.2459079
0.1992907
0.2809703
0.2912821
0.1936441
0.1471045
0.2455237
0.3242486
0.05626798
0.1103684
0.4413904
0.279365
0.06379187
0.2091739
0.4022812
0.2849127
0.2886696
0.3295736
0.295781
0.3269687
0.3073228
0.3002678
0.258086
0.2851877
0.2364945
0.3457372
0.3292325
0.3400838
0.3294252
0.3108686
0.3978957
0.3374928
0.3389317
0.2434814
0.2711621
0.2966997
0.2239424
0.3340408
0.3265922
0.3364228
0.1907462
0.3708391
0.4022163
0.2415181
0.3043367
0.3757876
0.2486951
0.4546153
0.3200596
0.1994038
0.3455331
0.4601193
0.4205561
0.3353942
0.2035011
0.3825419
0.2382964
0.383352
0.2473159
0.3192037
0.3075048
0.3385609
0.446572
0.492169
0.3841415
0.5158092
0.4461181
0.4277426
0.3871253
0.3206636
0.561509
0.247017
0.3975239
0.2623461
0.2838077
0.3379697
0.3882495
0.4336181
0.3077608
0.4728135
0.3880478
0.4026822
0.2966182
0.4665045
0.3679895
0.4542836
0.3765998
0.6335516
0.4193275
0.5589353
0.3693916
0.3526478
0.3849799
0.375551
0.4979257
0.4199571
0.2899409
0.3477109
0.4740569
0.5373904
0.4875022
0.6305617
0.3832162
0.3009988
0.4736885
0.4370245
0.4606124
0.5046882
0.5034819
0.3910609
0.5198195
0.6070513
0.3865138
0.4855558
0.5602779
0.4410854
0.3784211
0.415268
0.5834932
0.3585433
0.574925
0.5235603
0.5645524
0.5169955
0.5559096
0.3607541
0.4241497
0.4250991
0.588118
0.5555449
0.383803
0.548495
0.4378176
0.6199693
0.6281081
0.4599448
0.558314
0.4359066
0.5997779
0.5536452
0.5193176
0.4390446
0.5022358
0.4770915
0.5602466
0.5157584
0.5255531
0.5525096
0.597443
0.632172
0.482804
0.649806
0.7123782
0.5354188
0.572448
0.4259189
0.6406883
0.5116958
0.5782732
0.452871
0.4914237
0.7015361
0.5196627
0.515856
0.591295
0.6263033
0.5543542
0.5486775
0.4561663
0.4371707
0.587109
0.5779562
0.4808585
0.6665219
0.6077432
0.6079331
0.6194659
0.5337611
0.579538
0.5712814
0.6534829
0.7363119
0.595208
0.6937551
0.6571699
0.5581769
0.525533
0.6389171
0.7469944
0.5955195
0.6177221
0.5979649
0.6650238
0.4304396
0.5343539
0.6939168
0.4914893
0.7123351
0.6034627
0.7440102
0.7187454
0.6263071
0.6994505
0.7397026
0.6278589
0.7511225
0.5791459
0.5496495
0.6323084
0.6850479
0.5289178
0.5946217
0.8391309
0.57042
0.6716439
0.6702631
0.8459522
0.7052247
0.6480265
0.6385495
0.7552039
0.6944071
0.7288659
0.7324053
0.6413268
0.6701547
0.6380089
0.78784
0.7624493
0.7216239
0.5985606
0.7049958
0.6418054
0.6714696
0.747956
0.8042473
0.7777539
0.6947541
0.7874788
0.6979582
0.6463446
0.7910252
0.6253534
0.8263111
0.7239379
0.7540657
0.7327091
0.6719197
0.7365996
0.711534
0.6750054
0.7282088
0.7639319
0.7716098
0.8174217
0.6599101
0.7153997
0.7011602
0.666288
0.836551
0.8656498
0.8704816
0.7019498
0.8218577
0.9072151
0.7802096
0.8375266
0.7328375
0.7606003
0.7972047
0.7597347
0.7993319
0.8856955
0.7994573
0.7312415
0.9512246
0.7506014
0.8442403
0.7825596
0.8281722
0.828662
0.779307
0.7734432
0.810821
0.8615418
0.7718875
0.7609533
0.8098453
0.8451955
0.9658846
0.883993
0.7842506
0.7209441
0.9189229
0.9057103
0.8688008
0.9102357
0.862691
0.9440457
0.8785625
0.9174001
0.9387726
0.6561856
0.9506701
0.8703177
0.8561344
0.7962719
0.8086301
0.8412141
0.875255
1.003195
0.9480675
0.8821928
0.8670752
0.7948264
0.7596332
0.9320366
0.83646
0.8460002
0.8495184
0.6282755
0.9242779
0.8577116
0.8339843
0.8638846
1.03253
0.892331
0.898526
0.8259538
1.057251
0.8940389
0.9070352
1.054708
1.090916
0.7959494
1.020995
0.9045321
1.053314
1.087061
0.8919243
0.8684633
0.857116
0.8761924
0.9295325
0.8110233
0.8939389
0.9802539
1.04613
0.9480325
1.047771
0.9409329
0.8608474
0.8602533
0.7888254
0.9501236
0.9141734
0.8365632
1.012894
0.8387635
1.006644
0.9752039
0.8944047
1.023711
1.10473
0.9826165
0.992698
1.05828
0.9123065
0.9678663
1.022822
1.016764
1.016826
1.015612
0.7954548
1.04878
0.899226
1.014234
1.003675