0.03183525
-0.9483845
-1.037245
-0.9431369
-1.049009
-0.9347765
-0.9908579
-1.012456
-1.133303
-0.9865174
-0.9642738
-0.9452674
-1.013324
-0.9585918
-0.9436348
-0.9589127
-0.9267924
-0.8396466
-1.001955
-0.9316475
-1.019762
-0.9576058
-0.8502302
-0.9016835
-1.095815
-0.8620557
-0.899997
-0.9828245
-1.032477
-0.9359211
-0.9184268
-0.9206188
-0.8870465
-1.001354
-0.8897474
-0.8807823
-0.8866216
-0.8246849
-0.9178517
-0.9285987
-0.6800773
-0.7568571
-0.8703205
-0.9023045
-0.9778754
-0.7918855
-0.9683784
-0.9286953
-0.9352982
-0.9332441
-0.842411
-1.012181
-1.031677
-0.6983973
-0.7676904
-0.791836
-0.8860532
-0.9885676
-0.8836421
-0.8260989
-0.7134205
-0.8223575
-0.9251217
-0.9413764
-0.8732706
-0.8239224
-0.9490553
-0.8169532
-0.8405671
-0.800661
-0.7955394
-0.6409945
-0.7465055
-0.9879995
-1.005858
-0.8721579
-0.800729
-1.022636
-0.726473
-0.8542098
-0.8270509
-0.8258886
-0.9025456
-0.8604589
-0.8194919
-0.7870717
-0.6653863
-0.8877739
-0.7853309
-0.9226185
-0.827422
-0.8252216
-0.7280668
-0.8745208
-0.7230371
-0.7286595
-0.7149972
-0.8603385
-0.7289894
-0.8175665
-0.8207438
-0.7522175
-0.7876436
-0.9030382
-0.8952381
-0.9408525
-0.7162319
-0.7273926
-0.8971881
-0.7071785
-0.86788
-0.7836036
-0.7844497
-0.7208898
-0.6999327
-0.7895316
-0.6795824
-0.7112561
-0.8633603
-0.7355462
-0.8148674
-0.7362543
-0.8621718
-0.8190377
-0.720508
-0.6162926
-0.7029488
-0.9399212
-0.7328951
-0.7259123
-0.7072229
-0.5841286
-0.7579384
-0.8281503
-0.7744095
-0.7651995
-0.692744
-0.4952496
-0.5205645
-0.7109246
-0.7770291
-0.6668288
-0.7810237
-0.8019044
-0.7684504
-0.7368923
-0.6094578
-0.7133356
-0.6644346
-0.6868686
-0.6730507
-0.6969352
-0.7001512
-0.6345488
-0.7338486
-0.6318117
-0.7659594
-0.6324851
-0.5909604
-0.5814218
-0.6303854
-0.6019685
-0.5669338
-0.6027001
-0.6598671
-0.6692689
-0.6399034
-0.6632488
-0.8272804
-0.5790549
-0.6591454
-0.6223654
-0.6747735
-0.7120022
-0.6059001
-0.7696075
-0.6678781
-0.7518464
-0.6244363
-0.8030994
-0.5158471
-0.6651795
-0.5749744
-0.6863892
-0.5755222
-0.5474988
-0.5154543
-0.6415225
-0.6794089
-0.5934127
-0.6795914
-0.5698671
-0.6431204
-0.6821606
-0.6840439
-0.5350073
-0.5661024
-0.5345384
-0.5088194
-0.5077313
-0.6313006
-0.564964
-0.6695554
-0.5503904
-0.6610942
-0.7369279
-0.6438079
-0.7876282
-0.4710823
-0.4736838
-0.5377033
-0.5746341
-0.545345
-0.4996086
-0.619853
-0.5844056
-0.5512754
-0.5447464
-0.5588667
-0.6814304
-0.3677319
-0.5294677
-0.5579755
-0.5401551
-0.6269647
-0.5110209
-0.5505282
-0.7251856
-0.5023991
-0.5060368
-0.5589218
-0.5473963
-0.522024
-0.4719227
-0.6749342
-0.5363874
-0.7189662
-0.495789
-0.5439549
-0.6679425
-0.6375723
-0.5275469
-0.5097852
-0.5143873
-0.6043713
-0.5966004
-0.461742
-0.4842086
-0.5481602
-0.3794681
-0.4296301
-0.5344381
-0.6685378
-0.5026962
-0.50379
-0.4610835
-0.4632704
-0.6390586
-0.5145552
-0.4640105
-0.4588997
-0.5248793
-0.6010036
-0.5203853
-0.2589465
-0.4575802
-0.4229978
-0.4951971
-0.5052786
-0.3813402
-0.3811312
-0.3286464
-0.4252083
-0.6553339
-0.5803065
-0.396361
-0.4251126
-0.5067658
-0.3850939
-0.3941363
-0.5307146
-0.4079171
-0.5382623
-0.3584609
-0.521717
-0.5911626
-0.3316422
-0.4489438
-0.3464642
-0.4529039
-0.2764502
-0.4178065
-0.5544961
-0.3375385
-0.3445395
-0.4416603
-0.4493843
-0.516469
-0.3161973
-0.3628524
-0.4115677
-0.485669
-0.4085387
-0.45136
-0.4109152
-0.446456
-0.3307458
-0.4960029
-0.4766109
-0.4313158
-0.3069784
-0.5030764
-0.3862002
-0.460932
-0.4364728
-0.3180765
-0.4221634
-0.5172999
-0.2483533
-0.3496953
-0.2977408
-0.2944793
-0.4148807
-0.3665503
-0.3301241
-0.5224334
-0.51177
-0.1922523
-0.27429
-0.3017263
-0.3029723
-0.3598296
-0.3606869
-0.3141572
-0.1856553
-0.3993125
-0.4851697
-0.2308717
-0.3006096
-0.3166477
-0.3024478
-0.3628399
-0.3935329
-0.4147627
-0.2977806
-0.2755643
-0.3034969
-0.2045891
-0.2243806
-0.3596512
-0.3264245
-0.3447449
-0.3838896
-0.250557
-0.2391641
-0.238962
-0.2215217
-0.2489584
-0.3260499
-0.2836334
-0.2655542
-0.2261781
-0.2638381
-0.3917694
-0.2879326
-0.1916582
-0.2776952
-0.3356209
-0.247079
-0.4269378
-0.1756099
-0.2272656
-0.2249344
-0.3727964
-0.419278
-0.2323033
-0.2599671
-0.2662565
-0.2824758
-0.2293854
-0.06424219
-0.1217814
-0.4360999
-0.2931558
-0.3590774
-0.2683164
-0.1227048
-0.1994619
-0.2657631
-0.2388477
-0.2112002
-0.1185998
-0.1872808
-0.2173901
-0.381644
-0.3584101
-0.3123697
-0.318346
-0.1924907
-0.2188796
-0.09603277
-0.06782127
-0.2464897
-0.3079544
-0.132757
-0.1928319
-0.1383793
-0.1478491
-0.1599804
-0.1117575
-0.1632276
-0.09666764
-0.1477979
-0.1557148
-0.1300143
-0.1452016
-0.1749917
-0.118146
-0.008671422
-0.1971318
-0.1297448
-0.2944774
-0.2082062
-0.1646695
-0.1712068
-0.05063665
-0.1451672
-0.1743864
-0.06249251
-0.06823745
-0.1105466
-0.06781511
-0.213576
-0.05618986
-0.08766131
0.02837282
-0.1234066
-0.09959069
-0.1643934
-0.09200127
-0.0862664
-0.1768309
-0.2931919
-0.1658724
-0.2129583
-0.1998418
-0.217261
-0.24699
-0.06915735
-0.02228921
0.01384414
-0.1342027
-0.1964118
-0.05075369
-0.1000602
0.01653573
0.03565944
-0.1286838
-0.0001125248
-0.07801085
-0.08063158
-0.1129638
-0.1639837
-0.03061389
-0.02672012
-0.1114274
-0.150089
-0.004679357
-0.1395053
-0.07339699
-0.04403474
-0.09352485
0.06893043
-0.1154901
0.02865107
-0.05676924
-0.1545146
-0.07081155
-0.07635694
0.008182948
-0.09304337
0.05721224
-0.06592485
-0.1138907
-0.03082686
-0.1430361
0.09201571
-0.02673185
0.1409902
-0.09911153
-0.07825326
-0.0340266
0.05500053
-0.04874156
0.02062165
0.09412529
-0.09834127
-0.09523952
0.03091281
0.009420811
-0.09458397
-0.1755866
0.07818239
-0.02668196
-0.09552128
0.07162391
-0.01079169
0.220871
0.1602936
-0.1292299
0.02899376
-0.09772937
0.09176043
-0.02262504
0.08826054
0.1048593
0.06852435
0.2086616
0.124011
-0.06471949
0.01659287
-0.08482361
-0.01866254
0.1073114
0.2146021
0.05678785
-0.07906978
-0.07397661
0.1508414
0.06436538
0.1218876
0.01899375
-0.004300847
0.193883
0.08516922
0.1339249
0.01526704
-0.04216999
-0.02615807
0.2494785
-0.1154624
0.04442337
0.1135248
0.03372091
0.149943
-0.03175055
0.2426688
0.02990931
0.1120066
0.1396077
0.01596435
0.1401683
0.04570021
0.01290762
0.1477392
0.1876891
0.1193337
0.1068302
0.1531197
0.2502376
0.1822688
0.1620885
0.07478589
0.1623723
-0.01512152
0.172183
0.07847545
-0.05837316
0.09180361
0.219743
0.07025958
0.130039
0.09885039
0.06739076
0.1646062
0.1323559
0.06415422
0.01407816
0.1098851
0.1641006
0.1542863
0.3412299
0.2442953
0.1424469
0.2290413
0.2070577
0.1296511
0.1767933
0.10292
0.1479387
0.2528938
0.1530865
0.2316389
0.1219213
0.212347
0.200766
0.02298721
0.2402473
0.2631517
0.324145
0.2619707
0.3517369
0.1063171
0.305905
0.1649003
0.3151193
0.1011533
0.3017395
0.1999555
0.3026682
0.2901932
0.1990213
0.2341698
0.2676138
0.3346351
0.3272071
0.3394841
0.2024908
0.3060481
0.2379086
-0.0278251
0.2021169
0.1665904
0.2010636
0.2632941
0.3562129
0.2602144
0.3402844
0.2320241
0.353519
0.2618646
0.1955871
0.08003257
0.3436428
0.1707663
0.434211
0.304899
0.1884063
0.3199215
0.2083127
0.2967478
0.4020295
0.3379553
0.33073
0.3946955
0.3865944
0.1992888
0.1288317
0.2904259
0.124251
0.2411988
0.2870425
0.3540345
0.2895342
0.3461142
0.2640306
0.2215846
0.2978706
0.2573237
0.2791681
0.4220165
0.1477763
0.3137634
0.3190731
0.3226336
0.3818923
0.2159775
0.3665911
0.2566002
0.3170042
0.261727
0.3372546
0.2264973
0.3075527
0.2840333
0.4375932
0.4868226
0.355458
0.4033431
0.3775534
0.5077854
0.2464465
0.3033647
0.3335941
0.3876124
0.3595834
0.3306468
0.349161
0.2760783
0.3585755
0.3932734
0.4185443
0.3871886
0.5899893
0.3832854
0.3349739
0.3703788
0.4389304
0.3893294
0.532343
0.3858146
0.5006619
0.291474
0.3858507
0.4466307
0.3558541
0.4049385
0.2997616
0.3129671
0.3409935
0.429552
0.4420211
0.5813279
0.5194622
0.5311252
0.2714915
0.363374
0.4799047
0.4084875
0.4211762
0.4933211
0.5290435
0.4314214
0.5862827
0.3835345
0.4422093
0.4466682
0.3059471
0.5090589
0.3902405
0.581545
0.5822996
0.3033541
0.2779944
0.5403124
0.4799566
0.3902823
0.5017759
0.5900979
0.4653781
0.4001494
0.5410736
0.5740468
0.4049604
0.5065117
0.5759264
0.3524985
0.554815
0.6783213
0.4738551
0.4746648
0.5222306
0.6598352
0.4820316
0.3244313
0.6103269
0.6243
0.6183684
0.5056585
0.7514276
0.5282659
0.4829585
0.5803878
0.5830991
0.4865198
0.5316533
0.4077454
0.4908088
0.5926471
0.6069964
0.5043092
0.5732499
0.5237745
0.6370494
0.5989128
0.605402
0.5791588
0.4882765
0.5662058
0.5642785
0.4628066
0.4883695
0.4385598
0.4717303
0.7315998
0.5721201
0.5068437
0.5911728
0.6342341
0.6442449
0.5718702
0.5554066
0.6590362
0.5398789
0.4716302
0.6951987
0.4973603
0.5256836
0.447245
0.626579
0.5836104
0.6260013
0.5125441
0.6272241
0.7075738
0.6563605
0.6295443
0.6454054
0.5229977
0.7056618
0.665781
0.5217341
0.6650412
0.5602744
0.7326063
0.620489
0.6622603
0.7483919
0.6998392
0.6249943
0.6744712
0.5551119
0.5254718
0.6521974
0.7342269
0.7263031
0.6620923
0.7432739
0.6036437
0.6821694
0.6626758
0.5940425
0.6752862
0.5075912
0.7318239
0.7372449
0.7535264
0.7602978
0.7980968
0.7321767
0.5680865
0.7475301
0.6708516
0.7387541
0.732199
0.7242037
0.6699189
0.5670204
0.5043426
0.6833889
0.7425639
0.7680258
0.7337806
0.7736002
0.6664211
0.673015
0.7761575
0.7035569
0.6409096
0.7152761
0.8006337
0.777605
0.6250857
0.8031998
0.7125163
0.6644445
0.6603037
0.8221412
0.6912075
0.8090387
0.9080931
0.6796115
0.7246587
0.7538663
0.7373981
0.5794719
0.8566566
0.6922587
0.7065296
0.7149474
0.9399081
0.7652873
0.7455267
0.8104338
0.784017
0.7061922
0.8793934
0.8100142
0.7633134
0.6094803
0.6420486
0.8020808
0.7890665
0.8979167
0.8117865
0.7598412
0.8380235
0.9280676
0.8282758
0.7046978
0.9134111
0.7836536
0.6838602
0.863019
0.6458092
0.776208
0.7516728
0.7807706
0.7841889
0.8058369
0.8072308
0.8694684
0.7667723
0.8148411
0.8751012
0.7565583
0.847041
0.7735158
0.8972445
0.8946811
1.057738
0.9607229
0.8148153
0.8869248
0.8688952
0.8878509
0.7970865
0.9289156
0.9941684
0.8388341
0.9217887
0.7510284
0.742893
0.6974413
0.8999577
0.7452599
0.9487932
0.9366902
0.8956071
0.9026984
0.9877042
0.8648913
0.8564755
1.001947
0.8699427
1.013481
0.9931019
0.7686638
0.9308561
0.9935915
0.8407183
0.8341156
0.7821217
0.869627
1.014803
0.7696808
0.8890417
0.8601266
0.6919649
0.8941804
0.93777
0.9102081
1.12506
1.025389
0.9490945
0.9579725
0.9028194
1.000353
0.9802287
0.9014737
0.9925807
0.9953565
0.9527634
0.982329
0.8083665
0.9941359
0.8118701
1.033217
0.9150428
1.007519
0.8323596
0.9589343
0.9851997
0.8851392
0.9027223
1.061193
0.9921531
1.019411
0.9978158
1.02401
0.9058161
1.057045
0.9424643
1.053469
0.9883004
0.9256671
1.029916
1.087056
0.9442905
0.9237709
0.8557277