-0.01473457
-1.026901
-0.9741011
-1.033901
-0.9361753
-0.9464045
-1.04696
-1.108353
-0.9053116
-0.9911454
-1.025884
-1.051943
-1.003384
-0.8825232
-0.9136487
-1.072748
-0.8821726
-0.9262687
-0.8881454
-0.9132146
-0.9495284
-0.9999719
-0.9648066
-1.113805
-0.8969729
-1.080639
-0.9609374
-1.02064
-0.9523285
-0.9336036
-0.9697091
-0.9725521
-0.9583214
-0.9790699
-0.9469607
-0.8497676
-0.8925721
-1.140071
-0.9497498
-0.954162
-1.021324
-0.9218297
-0.8285022
-0.7959759
-0.9550037
-0.9837929
-0.8781049
-0.902637
-1.02638
-0.8651364
-0.9366813
-0.7819601
-0.9047853
-0.981512
-0.8423227
-1.029026
-0.8902296
-0.8231995
-0.8764633
-0.9767721
-1.056671
-0.9162677
-1.026299
-0.7807995
-0.9689487
-0.8111735
-0.725334
-0.8473597
-0.7571045
-0.8741872
-0.8796525
-0.9227416
-1.00108
-0.9902756
-0.7103765
-0.9214514
-0.8406445
-0.7234513
-0.8755566
-0.8411133
-0.6813247
-0.9481854
-0.9415205
-0.8431176
-0.8726376
-1.000626
-0.7162622
-0.8624417
-0.8579153
-0.9894627
-0.761971
-0.7285715
-0.8743081
-0.6743142
-0.6227073
-0.8565441
-0.7572914
-0.7972995
-0.7571703
-0.8499709
-0.7235393
-0.918027
-0.656182
-0.7985896
-0.8314317
-0.7729865
-0.7364177
-0.7696143
-0.8887055
-0.7439151
-0.8161037
-0.7564087
-0.7857776
-0.7893348
-0.7918923
-0.798102
-0.7644711
-0.6335361
-0.7481023
-0.7585518
-0.6968515
-0.8664355
-0.7622782
-0.70599
-0.8212429
-0.7121664
-0.5857141
-0.76343
-0.7935558
-0.7081745
-0.798454
-0.7794286
-0.8235517
-0.7134676
-0.6650746
-0.746455
-0.8018398
-0.5924867
-0.7771829
-0.6162036
-0.6558606
-0.7991843
-0.6595648
-0.8542963
-0.7427386
-0.6333774
-0.7392733
-0.6298508
-0.8025869
-0.8149862
-0.6582534
-0.8482679
-0.7807545
-0.5919452
-0.5908989
-0.6093378
-0.6024615
-0.7459092
-0.6514769
-0.6544364
-0.820692
-0.5831268
-0.7564258
-0.6601989
-0.6623961
-0.6310595
-0.7638268
-0.6806984
-0.5617952
-0.6859891
-0.6517607
-0.6692905
-0.6726522
-0.6070675
-0.6701408
-0.6619833
-0.6883971
-0.7558855
-0.7230081
-0.6376814
-0.6788802
-0.6171307
-0.6335408
-0.7539685
-0.6825903
-0.5689732
-0.6789976
-0.5561865
-0.5929243
-0.6499994
-0.6085643
-0.438924
-0.5624912
-0.5390341
-0.5797448
-0.6439234
-0.545142
-0.5043428
-0.6763538
-0.6737701
-0.6472157
-0.5719518
-0.5854874
-0.5191151
-0.7215144
-0.5508406
-0.6707252
-0.6168963
-0.5476956
-0.7109603
-0.5477338
-0.4670565
-0.570427
-0.6479946
-0.5724726
-0.6207313
-0.5225075
-0.602526
-0.5457572
-0.5845781
-0.5560711
-0.5231211
-0.4505671
-0.5642809
-0.5912091
-0.620508
-0.4540888
-0.3330883
-0.6044273
-0.5140382
-0.6305131
-0.6158026
-0.2706815
-0.5275154
-0.5831759
-0.6515807
-0.6727257
-0.4220416
-0.4084312
-0.5008474
-0.4663475
-0.4976225
-0.6411537
-0.4785618
-0.6246995
-0.5476948
-0.4327551
-0.5033012
-0.4858713
-0.4764916
-0.4278812
-0.481354
-0.6005066
-0.4952446
-0.4483631
-0.4668702
-0.4984728
-0.4797421
-0.433751
-0.30993
-0.6435111
-0.5205909
-0.365702
-0.4700475
-0.5197247
-0.429823
-0.5848216
-0.4347684
-0.4644445
-0.4093598
-0.3700344
-0.4354317
-0.4088385
-0.5072152
-0.467085
-0.3842946
-0.3639484
-0.5598515
-0.5229615
-0.3991032
-0.3697804
-0.4353975
-0.415602
-0.5165248
-0.3498074
-0.4762151
-0.3300229
-0.5057609
-0.6066697
-0.2618177
-0.3197418
-0.2940926
-0.5665588
-0.3149853
-0.4926813
-0.3320837
-0.3220224
-0.4063221
-0.3293928
-0.4604957
-0.3462477
-0.506253
-0.3707157
-0.4629562
-0.4065716
-0.4898571
-0.6058031
-0.4456263
-0.3678098
-0.4006669
-0.4108677
-0.4668077
-0.3989941
-0.3106038
-0.4736196
-0.2456661
-0.3623755
-0.2275993
-0.2472941
-0.3899271
-0.5620291
-0.3782408
-0.3577613
-0.4185273
-0.3979154
-0.3431582
-0.3656796
-0.5299833
-0.2726063
-0.3133813
-0.3726044
-0.4380752
-0.3863229
-0.3469737
-0.3757605
-0.2686859
-0.3113717
-0.3492952
-0.2674418
-0.277794
-0.2808438
-0.3852169
-0.3477958
-0.3974911
-0.283465
-0.2720701
-0.2016093
-0.3433725
-0.3359519
-0.4744129
-0.3632968
-0.3782403
-0.26539
-0.250647
-0.1912686
-0.2649829
-0.1904211
-0.3553355
-0.1883637
-0.3350377
-0.4842825
-0.2976795
-0.2361386
-0.2309151
-0.3213383
-0.1992212
-0.3401959
-0.3292305
-0.3506382
-0.3208016
-0.2839348
-0.2029708
-0.2731701
-0.3496813
-0.3711078
-0.3107033
-0.1614169
-0.3444141
-0.2350279
-0.2247744
-0.2684606
-0.2713131
-0.2544984
-0.2416128
-0.1902482
-0.2998503
-0.2314961
-0.13334
-0.2450029
-0.2300576
-0.1996137
-0.06603947
-0.2336596
-0.3564514
-0.1955262
-0.3683482
-0.1226467
-0.06432213
-0.1932806
-0.2022786
-0.186356
-0.1659903
-0.1141992
-0.2573998
-0.07212423
-0.1358155
-0.1804022
-0.04438328
-0.2085745
-0.2279107
-0.1268685
-0.1966914
-0.1201877
-0.1342756
-0.2154371
-0.114687
-0.1464705
-0.2209299
-0.2582504
-0.2173459
-0.1105959
-0.2214104
-0.2221141
-0.1061402
-0.1313499
-0.2034894
-0.2033959
-0.2850683
-0.23981
-0.2448628
-0.3036131
-0.1296978
-0.04358383
-0.2351139
-0.1560364
-0.06729007
-0.0863192
-0.2746849
-0.1402869
-0.2012219
-0.004122791
-0.1677445
-0.1306741
-0.01081463
-0.2053511
-0.1403312
-0.2177564
-0.1700957
0.05971362
0.08859063
0.02458109
-0.07116426
-0.1645597
-0.09102873
-0.02401101
-0.1472907
-0.1091402
-0.1978152
-0.05095161
-0.007450989
-0.1571923
-0.2700988
-0.07668262
-0.02987145
-0.02970223
-0.1066515
-0.1338243
-0.1115877
0.04525417
-0.03859378
-0.01326697
-0.1012035
-0.1231092
0.02547916
-0.01549937
-0.0437275
0.02335209
-0.1470074
0.08935868
-0.08864777
-0.1192293
-0.1656144
-0.15577
0.004408768
0.1771783
-0.1239725
-0.07015322
-0.08781096
-0.02437332
0.08705341
0.05544598
-0.004681407
-0.04549594
0.09216328
0.01103345
0.007065166
-0.1025468
-0.002616113
-0.07215284
-0.02879853
0.01664155
0.1399081
0.001769714
-0.2196895
0.1071503
-0.001533942
-0.07131241
-0.0965334
-0.02766573
0.1433693
-0.1069381
-0.006440423
0.1506572
-0.02842516
0.07183501
0.1388504
-0.1001222
0.02817677
-0.0177914
0.09150852
0.06315826
0.08153736
0.06746482
-0.05309866
-0.01108165
-0.01681354
0.1398725
0.0843365
0.02327264
-0.01798791
0.1458181
0.03092611
-0.04202801
0.05137225
0.05082201
0.01927921
0.1391759
0.02308553
0.07152418
0.001565092
0.05291761
0.008731443
0.0547182
0.07078228
0.1907807
-0.03016218
0.2171319
0.03235112
0.1187365
0.2664837
0.1106674
0.06031602
-0.1132605
0.228572
0.07417312
0.1046316
0.07202379
0.1385989
0.1138862
0.1851235
0.09810671
0.1757016
0.1998528
0.1763743
0.1798824
0.1472207
0.2350558
0.2413044
0.1972684
0.2549227
0.05487113
0.1967692
0.1671998
0.2674178
-0.016392
0.09021342
0.1825468
0.1600149
0.04763001
0.1288685
0.1521618
0.1341303
0.1418279
0.1105558
0.1490512
0.1973693
0.2775299
0.1910486
0.1048912
0.2434388
0.1323708
0.2059827
0.2838828
0.1278267
0.312126
0.2304387
0.2130106
0.01439616
0.1389519
0.1549665
0.08593831
0.2778191
0.05483729
0.13915
0.2055838
0.119093
0.2473181
0.2404228
0.2185128
0.1901892
0.3257558
0.2153528
0.2409585
0.346841
-0.1143143
0.2245591
0.06848144
0.3080159
0.2784244
0.286705
0.2719637
0.2912916
0.3626287
0.1669248
0.2864822
0.3849511
0.3135485
0.1330956
0.2334922
0.2840126
0.3025558
0.1294366
0.3054639
0.2429806
0.1476126
0.1490888
0.1425357
0.3347757
0.2957019
0.2858884
0.2139231
0.1723877
0.2880503
0.1324423
0.2534894
0.3505463
0.292198
0.4093758
0.2550417
0.2605004
0.4441356
0.3646467
0.3198344
0.2159377
0.331035
0.379025
0.4127004
0.2905536
0.3930255
0.2961562
0.430627
0.4369149
0.1536865
0.3142994
0.3887317
0.2897915
0.1569836
0.5333627
0.1809364
0.415602
0.2781406
0.320825
0.3211131
0.332694
0.3900637
0.3305561
0.349145
0.3199809
0.4404715
0.2833555
0.251706
0.2394702
0.4649498
0.3920512
0.381719
0.3163408
0.4760213
0.2802424
0.351518
0.3143858
0.3736776
0.3986025
0.4067616
0.3589471
0.4025166
0.4197419
0.3401453
0.1426085
0.4362479
0.2970036
0.4102303
0.3268449
0.3609196
0.5650608
0.3817059
0.4392457
0.3537407
0.4356703
0.4074947
0.284676
0.2804802
0.3470752
0.2464277
0.3176643
0.514213
0.3831757
0.4542986
0.4236588
0.3660102
0.5196885
0.4470135
0.3453217
0.4199518
0.5972932
0.3371803
0.659148
0.4760815
0.4486356
0.5279023
0.5274951
0.4826399
0.4057106
0.3965572
0.2674691
0.5160569
0.3344098
0.4450048
0.4307667
0.5385035
0.3761575
0.5057678
0.6086433
0.5116039
0.4492395
0.5595281
0.5550405
0.6135594
0.5418998
0.5593188
0.5668701
0.5265185
0.2967183
0.5160207
0.3524209
0.5059533
0.5284367
0.5951071
0.4493507
0.4492178
0.5800456
0.7207568
0.4281055
0.4592544
0.5389215
0.5850578
0.6588066
0.5467759
0.7231062
0.5660252
0.4610646
0.5794574
0.5185149
0.4751055
0.4445389
0.6479303
0.5196616
0.5764155
0.5112031
0.6233648
0.7547671
0.6149054
0.4710114
0.4932071
0.4810004
0.6319048
0.5646764
0.5001271
0.6003615
0.7306447
0.5882982
0.4380044
0.7430268
0.6246197
0.5223443
0.5247353
0.4415531
0.6338465
0.6145916
0.6439294
0.6257367
0.6763397
0.6269205
0.4189171
0.5896862
0.6670347
0.7766319
0.7048946
0.689731
0.6984893
0.7201893
0.601714
0.6450819
0.5856971
0.679865
0.6385334
0.6069607
0.6623116
0.7019075
0.4501419
0.6407458
0.6178836
0.5075286
0.7010219
0.6799424
0.6864625
0.6405196
0.5605795
0.501004
0.6750409
0.6640134
0.8198563
0.5922006
0.6785742
0.5425716
0.5693844
0.740822
0.6865644
0.6550452
0.6571385
0.7026052
0.6508553
0.595952
0.5996882
0.6598088
0.6742386
0.8257024
0.5383231
0.799365
0.6327889
0.6244024
0.5678815
0.5218161
0.6557339
0.7865248
0.7744369
0.7664207
0.5954028
0.7520898
0.6563161
0.6626144
0.7272047
0.6000439
0.5791279
0.8687312
0.678221
0.7613917
0.5743079
0.7560359
0.6552394
0.6617991
0.6742358
0.8276178
0.8241873
0.7314216
0.8383114
0.7710468
0.743713
0.7724512
0.941206
0.7034401
0.7542966
0.6765085
0.6906112
0.774897
0.7415041
0.7020074
0.7529144
0.7002211
0.7063842
0.8296062
0.8545151
0.6467205
0.9199284
0.797171
0.7321473
0.5809693
0.7665267
0.7096587
0.7192615
0.8593095
0.7004535
0.724258
0.9203334
0.7852363
0.6910096
0.8767552
0.6747128
0.8938279
0.9401486
0.9307449
0.84727
0.8913491
0.8003768
0.8341703
0.9505399
0.8601027
0.9250742
0.8693272
0.8581845
0.8144593
0.8141
0.8524255
0.9435375
0.9401919
0.7740549
0.7592371
0.782431
0.7868475
0.8368939
0.8318195
0.7189224
0.8774286
0.8280483
0.9310232
0.9912364
0.9648404
0.9671206
0.8580657
0.8810764
0.830289
0.8479365
0.8116793
1.013378
0.8802514
0.9073792
1.049987
0.9557236
0.832126
0.8986581
1.054292
0.9090915
1.00493
0.8901924
0.6770795
0.870658
0.8651802
0.9442072
1.000643
0.972537
1.087103
1.063906
0.9506471
0.9446182
0.9728394
0.8310791
0.8636688
1.024728
1.000118
0.8892826
0.8635945
0.946347
0.9664523
0.8940212
1.010946
1.058793
0.9288833
1.090985
1.119654
0.8983757
0.9084407
1.049114
1.068352
0.8874113
0.8838947
0.9469779
0.8239568
1.004837
1.019081
0.9345127
0.8506492
1.058347
0.9161202
0.8871935
1.121948
1.024259
1.032959
1.176195
0.858224
0.9685672
0.9541485
0.9619701