0.1149856
-0.9713491
-1.014205
-0.76978
-0.9025182
-1.067319
-1.001466
-0.8673815
-1.078823
-1.005293
-1.039131
-1.073064
-0.9882351
-1.009262
-0.8256373
-1.054717
-0.8302743
-0.9192504
-0.9711566
-1.018792
-0.8488378
-0.93125
-1.021478
-0.8810503
-1.062435
-0.9129459
-0.7961707
-1.058011
-0.8891411
-0.8592202
-0.9224551
-0.9124105
-0.9532534
-0.8794291
-0.7992028
-1.155886
-1.012133
-0.944685
-0.9050189
-0.8861237
-1.055574
-0.8407913
-0.7471897
-0.9970586
-0.9410064
-0.8196379
-0.8807552
-0.9279288
-0.917171
-0.7664937
-0.7852809
-0.9368762
-0.8274759
-0.85656
-0.8415947
-0.7441266
-0.9106486
-0.8272074
-0.9490951
-0.8037955
-0.8772269
-0.9255111
-0.7909572
-0.8532863
-0.927602
-1.095068
-1.02857
-0.7628044
-0.7686646
-0.7883129
-0.8438537
-0.7051664
-0.9130147
-0.7840063
-0.9082282
-0.8383938
-0.8181425
-0.8800197
-0.89858
-0.780728
-0.714656
-0.9034452
-0.7997951
-0.8567679
-0.814063
-0.8679524
-0.887679
-0.8042286
-0.7870629
-0.7611309
-0.8651495
-0.833972
-0.8169056
-0.7986842
-0.8440659
-0.9472059
-0.6576025
-0.6875631
-0.8846482
-0.6695884
-0.7235731
-0.8835587
-0.9256373
-0.8341785
-0.8284366
-0.7245761
-0.7688997
-0.6889072
-0.758731
-0.8840546
-0.8272027
-0.8119486
-0.6689415
-0.7846598
-0.8122909
-0.6694176
-0.7269416
-0.7570423
-0.87352
-0.6518316
-0.8389301
-0.7541496
-0.7599702
-0.7518502
-0.7109183
-0.8625361
-0.6921102
-0.6732087
-0.7926187
-0.7163483
-0.7057976
-0.7476736
-0.8126234
-0.7562226
-0.7256801
-0.5751416
-0.7834328
-0.7385338
-0.6665225
-0.8221452
-0.7554326
-0.7012432
-0.8339048
-0.7295876
-0.6841158
-0.7640741
-0.8032829
-0.6207737
-0.7150361
-0.6734495
-0.7162439
-0.605453
-0.602269
-0.7668363
-0.5835317
-0.7543939
-0.6522044
-0.6620579
-0.7992572
-0.7071084
-0.6655177
-0.7521089
-0.6115296
-0.7687148
-0.6988726
-0.6986979
-0.6840691
-0.7146179
-0.6730319
-0.6835351
-0.7297679
-0.5523088
-0.7105594
-0.6775954
-0.5595464
-0.6429512
-0.5049387
-0.6921012
-0.6082102
-0.8087119
-0.5498696
-0.60936
-0.5705193
-0.6565335
-0.5789402
-0.5088314
-0.7681441
-0.6313714
-0.5390675
-0.5192722
-0.7198426
-0.5559494
-0.6181312
-0.6797499
-0.6839287
-0.7758057
-0.624575
-0.5967601
-0.6132315
-0.6930159
-0.7091348
-0.494111
-0.6799916
-0.6074646
-0.625621
-0.6103768
-0.5326577
-0.7614567
-0.5886599
-0.6482977
-0.6080035
-0.5728249
-0.6926591
-0.6068018
-0.6987674
-0.5742769
-0.6265106
-0.541811
-0.5295647
-0.5136422
-0.5858067
-0.5253611
-0.6767686
-0.603255
-0.5085252
-0.5822713
-0.6324609
-0.6183809
-0.529669
-0.453672
-0.6511695
-0.4289052
-0.3664018
-0.3492973
-0.4664235
-0.7043854
-0.6560589
-0.3439603
-0.4147792
-0.5296847
-0.5412973
-0.5098615
-0.6366093
-0.6934461
-0.5276227
-0.5256245
-0.4919848
-0.4048793
-0.4450037
-0.5900237
-0.5028053
-0.3318521
-0.5842241
-0.4298515
-0.3546824
-0.5307907
-0.6136465
-0.3691577
-0.4395421
-0.3862874
-0.4711637
-0.4689259
-0.3701337
-0.4548221
-0.5943527
-0.5078042
-0.4627948
-0.5618712
-0.2428981
-0.564497
-0.4418386
-0.4923233
-0.3453711
-0.2730803
-0.3536901
-0.4384112
-0.4402724
-0.4109406
-0.2765911
-0.5583105
-0.3956822
-0.4308533
-0.4282486
-0.5069745
-0.2490213
-0.3947638
-0.2625678
-0.4555056
-0.4669197
-0.5776878
-0.3711052
-0.4284566
-0.3660577
-0.2799167
-0.3349475
-0.429021
-0.4279729
-0.4968253
-0.3752333
-0.3711396
-0.4539942
-0.467295
-0.3668312
-0.4134405
-0.4534486
-0.4733861
-0.2346878
-0.4265609
-0.4066819
-0.297019
-0.372217
-0.3552597
-0.3029164
-0.2229099
-0.2850898
-0.1032149
-0.4575588
-0.3784851
-0.3415688
-0.4348969
-0.4548261
-0.4297824
-0.394129
-0.1922823
-0.1959607
-0.2353025
-0.4045991
-0.4417449
-0.4714472
-0.347807
-0.3981205
-0.2563049
-0.4451344
-0.271719
-0.3819577
-0.3143142
-0.4295933
-0.3008931
-0.1918505
-0.2435081
-0.1008014
-0.1812526
-0.1984396
-0.3524709
-0.4831059
-0.2564601
-0.3034881
-0.3353394
-0.1991041
-0.4017148
-0.256016
-0.2426471
-0.1110793
-0.05968961
-0.3125026
-0.4156553
-0.278498
-0.1144208
-0.3469285
-0.3843175
-0.4640972
-0.1971659
-0.3536688
-0.3242443
-0.2775541
-0.4156534
-0.3553715
-0.3340954
-0.1871047
-0.2322023
-0.4364468
-0.343585
-0.03491309
-0.2281009
-0.2266735
-0.2260918
-0.2941997
-0.2654119
-0.3181401
-0.2919553
-0.2406245
-0.2283851
-0.3318465
-0.2177481
-0.2970442
-0.2056989
-0.09658681
-0.1918416
-0.03935145
-0.2895519
-0.2905675
-0.1827443
-0.117263
-0.2033273
-0.2327856
-0.09906091
-0.2273243
-0.267939
-0.1721527
-0.1412392
-0.2573916
-0.2418817
-0.2740355
-0.2356576
-0.1495841
-0.219123
-0.2578656
-0.2064865
-0.2864948
-0.06688618
-0.2597514
-0.1958965
-0.1800938
-0.181078
-0.1068045
-0.1735012
-0.09609255
-0.008292214
-0.1841528
-0.1658062
-0.1682767
-0.1240448
-0.1542735
0.002128777
-0.2459651
-0.1931595
-0.1907025
-0.09620105
-0.1522782
-0.1440523
-0.1653667
-0.07483281
0.01595137
-0.2343355
-0.202192
-0.1869361
-0.2717708
-0.06987319
-0.1389805
-0.2782119
-0.1150904
-0.06071555
-0.1076092
-0.03168659
-0.03497041
-0.1599589
-0.006725502
-0.1293785
0.01643077
-0.05906804
0.03512962
-0.1482478
-0.1512059
-0.1203036
0.04352359
0.02225377
-0.09389585
-0.03981723
-0.1522753
-0.005315966
0.05411457
-0.06762602
-0.02878721
-0.07648586
0.05260858
-0.07481419
-0.1315569
0.08543086
-0.1193021
-0.08032434
-0.1073072
-0.1471412
0.04436511
0.01161888
0.04516604
-0.1445097
-0.0003518581
-0.08884934
0.007394092
-0.1423
-0.09561331
-0.1127966
-0.02185879
-0.08255339
0.06665267
-0.04641236
-0.09118686
-0.01930732
-0.05584687
-0.0493913
0.003148017
-0.1353083
-0.02930147
0.134241
0.0001486113
-0.04809949
-0.07740906
0.1180858
-0.005303287
0.1424644
-0.2283838
-0.2231166
-0.05712723
-0.02641239
0.05679123
0.03729763
-0.0710654
-0.0415238
-0.1171978
0.04510354
-0.1338327
0.00474357
-0.007023523
0.1450675
0.09900059
-0.0947395
0.01875682
0.1158216
-0.1693216
-0.02580432
0.04628996
0.05428194
0.1194693
-0.1324642
0.1204007
-0.06651969
-0.02423478
-0.007504591
-0.003320797
-0.1329283
0.141466
0.0376048
-0.05921888
-0.04886081
0.2845231
-0.03976123
0.002193304
0.03490752
0.1269198
0.2158925
-0.02738808
0.04561357
-0.053581
-0.004307831
-0.08035896
0.1507102
0.06432155
0.1294075
0.1018034
0.131854
0.1568927
0.1905357
0.2180422
-0.09378651
0.2182953
0.1724218
0.3331168
0.1720147
0.4128936
0.1676304
0.1128999
0.08810361
0.2555477
0.1697911
0.1289022
0.1753922
0.02885432
-0.003863671
0.06275024
0.1563919
0.1189026
0.08837339
0.1217671
0.1155319
0.08087365
0.2013807
0.2465663
0.2161371
0.1506082
0.05850221
0.09678026
0.02252418
0.08194074
0.1945466
0.119665
0.07756002
0.1260795
0.149497
-0.0001895423
0.1894418
0.2464421
0.2442811
0.2100589
0.2633619
0.2965348
0.226225
0.2458499
0.1879655
0.2341467
0.117373
0.06698731
0.2479289
0.1393608
0.3034925
0.1375052
0.136237
0.3021094
0.2165217
0.2179559
0.3276462
0.3533032
0.1467821
0.2409901
0.1168856
0.1035731
0.2361029
0.2892518
0.1257441
0.1336004
0.173528
0.2177631
0.1820346
0.1062914
0.1592596
0.3385284
0.05726284
0.3138258
0.3053208
0.2168784
0.3373508
0.202414
0.1302688
0.2954121
0.225811
0.1222808
0.208345
0.1308491
0.3643986
0.3588512
0.2552763
0.3319315
0.3940916
0.3469099
0.4516571
0.3150934
0.2596869
0.3574921
0.3617743
0.1702752
0.2404148
0.3377864
0.3192012
0.3197659
0.2781911
0.3586883
0.2568688
0.2650417
0.3136879
0.2430657
0.2634392
0.3098698
0.2204627
0.4353014
0.3771416
0.3272143
0.4880339
0.248035
0.404618
0.1925044
0.3860193
0.3573084
0.293199
0.3956772
0.3300337
0.1965482
0.3328946
0.3156724
0.3469466
0.4023293
0.3151138
0.3292515
0.3833409
0.3076439
0.4425303
0.5433611
0.4633265
0.1671755
0.3652636
0.4140464
0.5107947
0.269344
0.4528419
0.2418096
0.4783659
0.2571944
0.299888
0.4632236
0.4448896
0.5150959
0.4099529
0.4165649
0.3950891
0.3504265
0.4868555
0.3630948
0.4671749
0.4066387
0.4262065
0.5091101
0.4425467
0.4407618
0.4138324
0.4495678
0.3948734
0.521918
0.4148903
0.3375286
0.4165788
0.3678284
0.4889765
0.4794799
0.4525862
0.4142603
0.3831416
0.4920011
0.4616818
0.4318134
0.5214484
0.5412534
0.5486959
0.4595677
0.5116155
0.5674251
0.5376469
0.6721852
0.5637494
0.4817017
0.4430096
0.5724426
0.5095741
0.5721586
0.5535391
0.509792
0.352198
0.3945617
0.4144002
0.5029099
0.5487013
0.5373822
0.4803306
0.5018912
0.5055972
0.5136307
0.4904516
0.533821
0.4782645
0.3575638
0.4830447
0.5329878
0.4978731
0.5959431
0.5146917
0.5607622
0.6145617
0.5109705
0.5567
0.3809728
0.5599887
0.5143474
0.5719731
0.5689119
0.3897792
0.5840813
0.5410668
0.6093961
0.5735497
0.3683887
0.5919208
0.5623043
0.5930359
0.6931396
0.579231
0.6528721
0.6687566
0.6895316
0.5229614
0.7326441
0.5372374
0.6000259
0.4560817
0.7388959
0.5257231
0.5908704
0.5458738
0.5162287
0.5381516
0.6348259
0.7215511
0.6807676
0.6537922
0.4562268
0.4116201
0.5926336
0.5348774
0.5709478
0.6889787
0.614171
0.7019108
0.4718609
0.5200483
0.6821542
0.6477586
0.6264317
0.5487164
0.5154901
0.4607104
0.7181564
0.8139089
0.623486
0.6695565
0.7197949
0.674885
0.6030001
0.6736751
0.5980542
0.6975368
0.7261644
0.6414652
0.6501571
0.628902
0.4525231
0.6829596
0.6852663
0.6991758
0.7286611
0.6471131
0.5954735
0.6907977
0.5808034
0.8504255
0.5208665
0.7408975
0.7887488
0.6827531
0.7999379
0.6093266
0.5721204
0.8271468
0.6848024
0.7077409
0.609986
0.6561635
0.9378298
0.6062297
0.5932066
0.7725771
0.6876022
0.7962207
0.7159799
0.7708135
0.7086449
0.7023865
0.7476928
0.7630369
0.5885669
0.8731907
0.7468185
0.6858869
0.6575761
0.7625405
0.6339531
0.8357359
0.6850706
0.6949008
0.8582124
0.7745386
0.8880815
0.8719203
0.7688967
0.6588661
0.7498673
0.7456688
0.750044
0.7266904
0.6907826
0.6960138
0.9329802
0.7297767
0.6539869
0.6784194
0.7999021
0.8503871
0.8300221
0.812397
0.7402434
0.7513241
0.779956
0.8654721
0.8034598
0.7680389
0.8687452
0.8356772
0.9763385
0.660996
0.7732606
0.6846983
0.7647073
0.8271777
0.851526
0.807806
0.8212105
0.963899
0.8171816
0.7772539
0.750839
0.775323
0.8122875
0.7856485
0.8664904
0.8575722
0.9933403
0.8476707
1.034243
0.740272
0.7476241
0.5923305
0.6957381
0.8646199
0.7851815
0.8573227
0.7745452
0.8215257
0.9010247
0.9334307
0.844738
0.8590417
1.122323
0.7000835
0.8814871
0.9598547
0.8648751
0.8742437
0.8907458
0.9358222
0.8333559
0.9877581
0.7961191
0.8617915
0.8489506
0.9371439
0.9856794
0.8380873
0.7802803
0.9115645
0.9211576
0.9106334
0.8471645
0.9744488
1.010993
0.992826
0.9516442
0.7678181
0.9361994
0.9197873
1.00863
0.9400927
0.9507112
0.8446764
0.9714657
0.9626119
0.8051875
0.8900694
0.8198687
0.9631668
0.8094985
0.9494747
1.04091
1.022964
1.015772
0.950505
0.9095409
1.047617
1.03736
1.107997
0.9766899
1.018037
0.937821
0.8968994
0.8883487
1.064941
0.9119596
0.8115124
0.9233694
0.9014838
1.062113
0.9579493
0.9584817
0.9751241
0.9205132
0.9020991
1.007596