-0.04594549
-1.028865
-0.9691348
-1.045794
-0.9469673
-0.9411597
-1.053991
-1.092797
-0.9436252
-0.9929843
-0.9959592
-1.049748
-1.012488
-0.8701916
-0.9100352
-1.059529
-0.8981918
-0.9077851
-0.909264
-0.928469
-0.9503033
-0.9779416
-0.9649116
-1.090053
-0.9075662
-1.09553
-0.9641685
-1.002565
-0.9567051
-0.9152809
-0.9812407
-0.9633052
-0.9719718
-0.9951203
-0.9663302
-0.8685193
-0.9221382
-1.149064
-0.9356669
-0.9492597
-0.9996603
-0.9126365
-0.8420253
-0.7912176
-0.9563773
-0.9764077
-0.8913991
-0.9396815
-1.015444
-0.8700663
-0.9569752
-0.79704
-0.9177111
-0.9706179
-0.8626577
-1.038827
-0.8942793
-0.8494472
-0.8907846
-0.9930334
-1.051932
-0.9168896
-1.030937
-0.7764529
-0.9480013
-0.8072438
-0.72166
-0.8347351
-0.7779863
-0.902185
-0.8689097
-0.9030316
-1.015218
-0.9887901
-0.7020978
-0.9170763
-0.8238726
-0.7155411
-0.8473666
-0.8621386
-0.6783309
-0.9617781
-0.9239527
-0.8309225
-0.8584862
-0.9946825
-0.735279
-0.8705525
-0.8674354
-1.002192
-0.7743487
-0.7248334
-0.8832091
-0.6998059
-0.6070689
-0.833826
-0.7658553
-0.8085509
-0.7665823
-0.8359452
-0.7104025
-0.9385457
-0.6508992
-0.8122032
-0.8424599
-0.7853031
-0.7459002
-0.7695978
-0.8967658
-0.7249431
-0.8198873
-0.7434356
-0.7988039
-0.7706811
-0.7941819
-0.757564
-0.7782567
-0.6362628
-0.7576579
-0.7493372
-0.7036585
-0.8445468
-0.7827826
-0.6840161
-0.8266153
-0.7137689
-0.5873802
-0.7649363
-0.7950906
-0.7064329
-0.7884942
-0.7815276
-0.8176944
-0.6926699
-0.6505805
-0.7584793
-0.8094381
-0.5986714
-0.7829806
-0.6008871
-0.6439086
-0.8069112
-0.672537
-0.8562756
-0.7488154
-0.6014111
-0.72945
-0.6240334
-0.8134131
-0.8063437
-0.6534201
-0.8503702
-0.7942407
-0.5928525
-0.5843766
-0.6101747
-0.6352884
-0.7402172
-0.6551047
-0.6551427
-0.8278088
-0.6001066
-0.7730768
-0.6352579
-0.6634515
-0.6382802
-0.7443238
-0.6974787
-0.5566546
-0.6554253
-0.6506569
-0.6796293
-0.6467111
-0.6183559
-0.6557243
-0.6913947
-0.6667743
-0.7522391
-0.7103779
-0.6421729
-0.6898518
-0.6320836
-0.6565175
-0.7576341
-0.6970371
-0.5836646
-0.6589148
-0.5644375
-0.5802209
-0.6539533
-0.6236439
-0.4437787
-0.5663722
-0.5739517
-0.6105652
-0.6314996
-0.5259391
-0.5033973
-0.6799299
-0.6470151
-0.6660193
-0.5818175
-0.5696409
-0.5268364
-0.7240061
-0.5313077
-0.6525158
-0.6397689
-0.5281464
-0.713363
-0.5360265
-0.465142
-0.5766307
-0.6356345
-0.5654159
-0.6031365
-0.5283896
-0.6225173
-0.5399204
-0.6055096
-0.5386807
-0.5396523
-0.4334678
-0.5478167
-0.6115052
-0.6346059
-0.4681665
-0.3176087
-0.6220973
-0.5014663
-0.6140144
-0.6184883
-0.2638792
-0.5325339
-0.5747125
-0.654743
-0.6848262
-0.4218829
-0.4051883
-0.492561
-0.4724071
-0.4765961
-0.6374782
-0.4915186
-0.6177538
-0.5482048
-0.4513498
-0.4832945
-0.4963188
-0.4629888
-0.4106285
-0.4961069
-0.6109269
-0.4771431
-0.4377173
-0.4802781
-0.5184618
-0.5023477
-0.434142
-0.305936
-0.614983
-0.5236517
-0.358502
-0.4714904
-0.5334005
-0.4300826
-0.6105647
-0.4393887
-0.4871913
-0.4066891
-0.362308
-0.4414683
-0.4113733
-0.504363
-0.457045
-0.3752055
-0.3537575
-0.5792862
-0.506947
-0.3822608
-0.3694849
-0.4403501
-0.3912038
-0.5413798
-0.3334198
-0.4863736
-0.3242667
-0.4829101
-0.6368877
-0.2886243
-0.3100317
-0.2940171
-0.5802312
-0.3255334
-0.5005194
-0.3071518
-0.3428649
-0.4226814
-0.3490306
-0.4936382
-0.3464431
-0.4766826
-0.3625541
-0.4716994
-0.4173436
-0.4778789
-0.5978973
-0.4606398
-0.3782023
-0.4242338
-0.395058
-0.4600189
-0.3780268
-0.3249871
-0.4786807
-0.2469865
-0.379476
-0.2112816
-0.2505018
-0.3776374
-0.5544599
-0.3841679
-0.3553744
-0.4564528
-0.3762169
-0.3408726
-0.3958378
-0.5285169
-0.2715106
-0.3068693
-0.3812283
-0.4536412
-0.3792481
-0.3346066
-0.4064028
-0.2754083
-0.3098879
-0.3388018
-0.2716803
-0.2738019
-0.2757386
-0.3693444
-0.3399538
-0.3827032
-0.3030612
-0.2828219
-0.2023774
-0.3230228
-0.3515477
-0.4765143
-0.337379
-0.3908549
-0.2726476
-0.2556908
-0.2018945
-0.2727346
-0.1771445
-0.3454344
-0.1764372
-0.3551964
-0.4953371
-0.3154658
-0.2607127
-0.238987
-0.305046
-0.2150381
-0.3457786
-0.3240642
-0.3462282
-0.3097453
-0.2623978
-0.2130878
-0.2639479
-0.3527679
-0.3633936
-0.3282225
-0.1689908
-0.3465863
-0.2406377
-0.2121421
-0.2442436
-0.26333
-0.2500141
-0.2266026
-0.1815807
-0.3206233
-0.2420402
-0.1173934
-0.2641448
-0.2403762
-0.1919338
-0.05955863
-0.2099004
-0.330615
-0.2214904
-0.3767332
-0.1323068
-0.06435573
-0.1998194
-0.1693258
-0.2086773
-0.1620169
-0.09957099
-0.2735364
-0.08738123
-0.1303531
-0.2001446
-0.02407431
-0.2058218
-0.2356157
-0.1179616
-0.1846189
-0.1161811
-0.1229486
-0.2322616
-0.1065392
-0.1769727
-0.2202475
-0.2582261
-0.1821177
-0.1076942
-0.2303042
-0.2148986
-0.09923213
-0.1159689
-0.2234321
-0.1822131
-0.2702584
-0.246696
-0.2318316
-0.3074117
-0.1297826
-0.05222843
-0.2211894
-0.1966618
-0.08458712
-0.08645602
-0.2876878
-0.1311678
-0.1933708
0.003640469
-0.1701591
-0.1291422
-0.0276427
-0.211588
-0.1331679
-0.2021673
-0.1508295
0.05964706
0.07879565
0.04105654
-0.061566
-0.1722961
-0.09623808
-0.03409818
-0.1436962
-0.1204555
-0.1885164
-0.0540095
-0.01858506
-0.1883585
-0.2828195
-0.05950518
-0.02487745
-0.03101084
-0.1085584
-0.1385098
-0.11514
0.0447634
-0.07014484
0.003843582
-0.1107585
-0.1215931
0.01066375
0.009716028
-0.04648587
0.0382531
-0.1431058
0.1033337
-0.09021697
-0.09762488
-0.1748173
-0.1765232
0.02651528
0.1682506
-0.1177279
-0.06039111
-0.09035563
-0.01636346
0.06330485
0.04743028
-0.006981108
-0.05338693
0.07640691
0.01902283
0.00964557
-0.08720669
0.0002488903
-0.07003832
-0.02570316
-0.002017125
0.1532329
-0.01716771
-0.2166705
0.1294494
0.01701915
-0.06221631
-0.08624955
-0.02392426
0.1338559
-0.1113892
-0.01703967
0.1723568
-0.007830337
0.06692719
0.1576368
-0.0970322
0.01745838
-0.0005691793
0.1110395
0.06553258
0.09032636
0.0907078
-0.03000613
-0.03882622
-0.0222813
0.1316075
0.07298566
0.01670969
-0.01033852
0.1424386
0.047609
-0.03816856
0.08504556
0.04185282
0.01698133
0.1397176
0.02164186
0.0945714
0.008505988
0.06882753
0.02809455
0.06346181
0.05864077
0.1925281
-0.03852595
0.2005279
0.0385685
0.115465
0.2744752
0.1472393
0.0651242
-0.09312421
0.2264554
0.0850295
0.1201285
0.05491016
0.124157
0.1305213
0.1947792
0.1036014
0.1975098
0.1883949
0.1676093
0.1841566
0.1096234
0.2295614
0.2501624
0.1972511
0.256359
0.0561346
0.1874054
0.169794
0.2264934
-0.02747019
0.1191536
0.1884829
0.1612926
0.01568653
0.07362627
0.1607708
0.1524999
0.1720266
0.1038166
0.1457591
0.1999693
0.2718269
0.1832444
0.1141098
0.2366084
0.1332448
0.1896336
0.2744499
0.1191414
0.3120545
0.2195615
0.1984334
0.04140887
0.1498149
0.1549806
0.06829421
0.2899463
0.06577689
0.1502808
0.2168886
0.1091795
0.2453837
0.2598309
0.227932
0.2023991
0.3153224
0.2099618
0.2331673
0.3558828
-0.1346035
0.2227141
0.06302657
0.3156549
0.2766774
0.298293
0.2808244
0.3007087
0.3539134
0.181614
0.2769859
0.395563
0.3066586
0.1420662
0.221659
0.2813232
0.2810368
0.1378442
0.2763681
0.218021
0.1533352
0.1585158
0.1545979
0.3396285
0.290632
0.3068487
0.2090233
0.1818669
0.289471
0.1159475
0.2359612
0.3731198
0.2944457
0.3958242
0.2511449
0.2502806
0.4458399
0.3830282
0.3209035
0.2258387
0.3340655
0.3863158
0.3923521
0.2763368
0.3824844
0.3030988
0.4191757
0.4547029
0.1562649
0.3129024
0.3997768
0.2784656
0.1406845
0.5327689
0.1602382
0.3841006
0.2734504
0.3163772
0.3384489
0.3336619
0.3724935
0.3380015
0.3532239
0.3418515
0.45149
0.3056518
0.2634079
0.2491403
0.4699892
0.3982848
0.3804627
0.3305867
0.4689598
0.2693426
0.3478242
0.3068294
0.3694371
0.40305
0.4080597
0.3762842
0.4091152
0.4577136
0.3288797
0.1341104
0.4372265
0.3041408
0.3941966
0.3247512
0.3742963
0.5657089
0.3511872
0.4393811
0.325302
0.4410473
0.392228
0.2788497
0.2802999
0.3451099
0.2728153
0.3096762
0.5031936
0.4032859
0.4521662
0.4411956
0.3667896
0.5290233
0.4516067
0.3485236
0.4408024
0.6077129
0.3231365
0.6410353
0.4660324
0.4503873
0.5184076
0.5220825
0.4876336
0.4010698
0.4007113
0.2946155
0.5174471
0.3415881
0.441035
0.4057666
0.5476314
0.3518738
0.5094254
0.6287531
0.5040253
0.4479834
0.5743721
0.5405155
0.627459
0.5363904
0.5634593
0.5598536
0.5056768
0.285982
0.4995674
0.3311393
0.4910974
0.5380652
0.5862643
0.4442555
0.438578
0.5829239
0.6893869
0.4349037
0.4314052
0.546644
0.5794519
0.6550284
0.5489118
0.7279458
0.5549195
0.5039274
0.5941861
0.5416483
0.4529203
0.464319
0.6341928
0.5272202
0.574541
0.5064223
0.6156742
0.7189901
0.5908065
0.4748205
0.508891
0.4840424
0.6163602
0.5568192
0.5112406
0.6264548
0.7308821
0.5761422
0.4650222
0.7463849
0.622466
0.5086853
0.5365761
0.4428027
0.6318773
0.6342973
0.6308366
0.6188575
0.6813709
0.6223501
0.4257369
0.5843727
0.6564328
0.7637939
0.699692
0.6913473
0.6892325
0.7400011
0.6126914
0.6343536
0.5913538
0.6878694
0.6343303
0.598815
0.668465
0.7001246
0.4378176
0.6336879
0.6180643
0.4989868
0.711347
0.6628137
0.6705464
0.6380299
0.5411124
0.5079672
0.6907574
0.6985378
0.804274
0.5676714
0.7003292
0.5637701
0.5889103
0.7354555
0.6844901
0.6694059
0.6649447
0.7180014
0.6579021
0.6097746
0.5865882
0.6505788
0.6552035
0.8254248
0.5589792
0.7957493
0.6407596
0.6261229
0.607931
0.5151929
0.6527722
0.7890349
0.762498
0.7846003
0.578671
0.7588332
0.6909076
0.6769707
0.7482175
0.6362941
0.5792616
0.8654609
0.7022024
0.7711635
0.5819628
0.7636941
0.6501609
0.6881996
0.65942
0.8503907
0.803543
0.727786
0.8050391
0.7959719
0.7442716
0.7768902
0.9559885
0.6921226
0.7528925
0.6626049
0.6981231
0.7889871
0.7499739
0.6913259
0.7506988
0.6831739
0.7182658
0.8283659
0.8358424
0.6698945
0.9128743
0.7525754
0.7185626
0.5831135
0.7570605
0.7293792
0.7303688
0.8797016
0.7221991
0.7311267
0.9189104
0.7931283
0.7304044
0.8881768
0.6749419
0.8599579
0.9346366
0.94384
0.8652981
0.9162701
0.7831198
0.8566115
0.9186125
0.8577131
0.9201243
0.8784344
0.8547204
0.8080737
0.8397589
0.8616592
0.9591801
0.9467
0.806817
0.7795486
0.8132919
0.7800833
0.8294659
0.8035684
0.7177624
0.872257
0.8258893
0.9224084
1.002447
0.9786564
0.9688215
0.8704
0.8809574
0.8410338
0.8715783
0.8236563
1.016008
0.8906921
0.9168015
1.05107
0.9542711
0.8264761
0.8842797
1.063441
0.9266029
1.005973
0.8972104
0.6904372
0.8668949
0.8785648
0.9422584
1.007007
1.011009
1.068421
1.06511
0.941166
0.9435634
0.9929151
0.8367237
0.8664136
1.025544
0.9738784
0.885264
0.8545087
0.9237736
0.9840834
0.8810966
0.9845397
1.048493
0.9203276
1.090105
1.135912
0.9031995
0.9179201
1.039982
1.074587
0.8886023
0.8927848
0.951053
0.8234972
1.001384
0.9872231
0.9282381
0.8662628
1.06947
0.8993146
0.9050963
1.114377
1.0416
1.023013
1.17937
0.8536798
0.9618409
0.9717425
0.9623683