-0.02261295
-0.9501665
-0.9464286
-0.9708442
-1.074028
-0.9223661
-0.8722171
-0.9579305
-0.8537532
-0.9890875
-1.092355
-1.07088
-1.086687
-0.9484832
-0.897507
-1.020559
-0.9802937
-0.9578347
-1.014123
-0.9361177
-1.118504
-1.098494
-0.9493635
-1.085102
-0.9512196
-0.7969022
-0.9676847
-1.118287
-0.9147764
-0.9743614
-1.06136
-0.8956603
-0.8405196
-0.9650916
-0.96157
-1.060248
-0.9794435
-1.089798
-0.87178
-0.890317
-0.7577315
-0.8431334
-0.9411119
-0.9429493
-0.994588
-0.8792121
-1.002066
-0.9558867
-1.029216
-0.8832686
-0.9296454
-0.8444553
-0.9121049
-0.8832476
-0.9425581
-0.9395039
-1.042771
-0.9586856
-0.7784651
-0.8557203
-0.8369371
-0.9250486
-0.9800983
-0.8501407
-0.7687533
-0.878715
-0.8767175
-0.9456917
-0.9335918
-0.8830715
-0.8020769
-0.8065495
-0.8007914
-0.9134281
-0.7265164
-0.8010642
-0.8491985
-0.8305719
-0.8089691
-0.9053764
-0.8805333
-0.7630927
-0.7372556
-0.791697
-0.7111537
-0.9531416
-0.8189009
-0.8331104
-0.8894077
-0.6626051
-0.7079943
-0.9580394
-0.7878981
-0.8591803
-0.9142782
-0.6890382
-0.6867219
-0.8876595
-0.7410339
-0.7781373
-0.7499953
-0.9212245
-0.7762884
-0.8644018
-0.7579685
-0.8493461
-0.8422128
-0.8876091
-0.9270389
-0.7361792
-0.787968
-0.7500044
-0.7093027
-0.849099
-0.6933139
-0.9044044
-0.5561201
-0.9462488
-0.9045157
-0.7616328
-0.7354795
-0.8302572
-0.6964619
-0.8808064
-0.7989262
-0.8852517
-0.7702005
-0.6985712
-0.744041
-0.8930212
-0.8372224
-0.6304508
-0.6405362
-0.8218946
-0.6399393
-0.8542898
-0.7855291
-0.789986
-0.6141845
-0.7146367
-0.7021495
-0.8925407
-0.7207528
-0.5512239
-0.7279775
-0.7115227
-0.7571708
-0.7628272
-0.6149467
-0.5647008
-0.7119506
-0.7530212
-0.6797882
-0.7111272
-0.6718649
-0.6227063
-0.6822241
-0.8151473
-0.6390315
-0.6498371
-0.7432387
-0.5891032
-0.7694108
-0.592097
-0.6662249
-0.6667821
-0.6176648
-0.7471078
-0.6068701
-0.6512463
-0.6536116
-0.5192879
-0.4832802
-0.6030183
-0.7813225
-0.5172482
-0.677141
-0.6989746
-0.5643467
-0.8170282
-0.7787974
-0.6133938
-0.7106494
-0.6181338
-0.7249065
-0.7033498
-0.5904398
-0.7940264
-0.6017696
-0.6592065
-0.7335414
-0.5669006
-0.5033628
-0.5519896
-0.5859129
-0.6513572
-0.6432271
-0.668791
-0.7157401
-0.589509
-0.6070427
-0.5881173
-0.5396413
-0.5233019
-0.6121056
-0.5558261
-0.6325673
-0.4948302
-0.6328827
-0.4618875
-0.5618434
-0.6711161
-0.6244074
-0.537405
-0.6623935
-0.5450355
-0.6007414
-0.4416163
-0.482408
-0.7308052
-0.6732948
-0.6347647
-0.60355
-0.5916042
-0.5437996
-0.4209821
-0.424808
-0.6840245
-0.687849
-0.5339064
-0.5823802
-0.4906496
-0.3749645
-0.6277169
-0.5615614
-0.3834464
-0.5031491
-0.4121608
-0.4655532
-0.3625404
-0.6698535
-0.467868
-0.557616
-0.4322221
-0.4357176
-0.4695399
-0.4000452
-0.5094388
-0.6170247
-0.5236407
-0.5091765
-0.4014584
-0.5123453
-0.3718
-0.660096
-0.5329695
-0.5491707
-0.4134413
-0.3700227
-0.4866227
-0.4376197
-0.4885009
-0.356266
-0.4798401
-0.3040959
-0.5039749
-0.4567024
-0.5133174
-0.568968
-0.4254839
-0.4363461
-0.4994822
-0.5115497
-0.5048954
-0.3509316
-0.3579687
-0.4461092
-0.4942825
-0.3713346
-0.552143
-0.4049624
-0.5009643
-0.3890676
-0.3995544
-0.472853
-0.4350017
-0.4998897
-0.5239777
-0.3551627
-0.2728777
-0.4203174
-0.3593316
-0.5465864
-0.293426
-0.4251561
-0.6298443
-0.3369972
-0.4861597
-0.4311079
-0.2971821
-0.4940727
-0.293803
-0.2913859
-0.3573748
-0.4188804
-0.2598873
-0.3478307
-0.560382
-0.1921331
-0.3194165
-0.2498161
-0.3067228
-0.4068458
-0.4488978
-0.3359012
-0.3302703
-0.3404167
-0.2722131
-0.440362
-0.290605
-0.3346151
-0.3299951
-0.3677841
-0.4639281
-0.3213281
-0.2797359
-0.3205889
-0.4401917
-0.3807303
-0.3480088
-0.5152338
-0.4313743
-0.3040353
-0.3521317
-0.2940053
-0.3393666
-0.3054008
-0.3491073
-0.3022088
-0.3935232
-0.3664542
-0.2647947
-0.1918035
-0.3338637
-0.3545123
-0.3011206
-0.3743812
-0.2601773
-0.2651795
-0.4139374
-0.3712978
-0.2786755
-0.2624472
-0.2126202
-0.4854976
-0.05639795
-0.07136247
-0.2359611
-0.2138344
-0.3128559
-0.3009736
-0.2760056
-0.319167
-0.414623
-0.2465795
-0.2573292
-0.343599
-0.3770107
-0.1750565
-0.2991306
-0.2535455
-0.2558592
-0.3146239
-0.244863
-0.3707069
-0.2688273
-0.380219
-0.3972979
-0.2056696
-0.2392644
-0.08247182
-0.3159241
-0.3085762
-0.3358797
-0.3341784
-0.1997519
-0.3064209
-0.3699684
-0.2470003
-0.2173008
-0.1826335
-0.2872276
-0.2418369
-0.2739941
-0.4066436
-0.2417923
-0.2113024
-0.2046956
-0.1312943
-0.3893556
-0.1902073
-0.09852812
-0.1568954
-0.149105
-0.1488436
-0.2101604
-0.1856746
-0.2217115
-0.1025682
-0.3033779
-0.1637203
-0.1538978
-0.177794
-0.1283191
-0.07095132
-0.09634551
-0.2953523
-0.3882683
-0.2014653
-0.238409
0.01060196
-0.2179152
-0.1985417
-0.1298535
-0.2133688
-0.07625127
-0.2024001
-0.1500266
-0.1317142
-0.05961326
-0.09006457
-0.0990167
-0.03310574
-0.03554989
-0.120253
-0.09723689
-0.2651274
-0.3585253
-0.1244903
-0.2533135
0.05626053
-0.08565311
-0.2256301
-0.118228
-0.137525
-0.1926631
-0.2360087
-0.1401038
-0.0379667
-0.01743428
-0.1940998
-0.1288528
-0.09848958
-0.1485062
-0.1910379
-0.06647569
-0.1550001
-0.01859596
-0.09974347
-0.1089839
-0.159644
-0.03217164
0.01800672
-0.01263584
-0.02320757
-0.1294787
-0.06902165
-0.01389009
-0.02955409
-0.1435154
-0.09190169
0.07070736
-0.09228556
-0.04748463
-0.08128644
-0.09902288
-0.04730792
0.01516562
-0.09276352
-0.01619288
-0.08538309
-0.0870311
0.02762278
0.09358987
0.02044177
0.0004017397
-0.08424604
-0.130675
0.03311036
-0.0509566
-0.06701996
0.009190772
-0.1891605
0.1665399
-0.03231682
-0.04872212
0.008892101
-0.03670484
0.08492848
-0.1176124
-0.04189182
0.06428086
-0.04116237
0.0805155
-0.02071827
0.032152
-0.01666094
-0.1415467
0.02942651
0.03042296
0.08861664
-0.0742211
-0.03393795
0.08043713
0.02665832
0.0642256
0.03886838
0.02477852
0.03028841
-0.1069659
-0.008591846
0.1768656
0.01902143
-0.01533382
0.2885118
0.04133686
0.002801666
-0.003010947
0.1251938
-0.03547024
0.1485369
0.1137183
0.1037948
0.1794721
0.08611003
-0.02904994
0.007709456
0.1805625
0.1432845
0.09129025
0.1018025
-0.0007602098
0.04243492
0.06634487
0.1164525
0.09318242
0.0705098
0.1377808
0.2577572
0.07485279
0.1310851
0.08205557
0.01028993
0.1904043
0.04198032
0.1425908
0.2110012
0.204881
0.07048696
0.09255847
0.1533211
0.1479729
0.1170526
0.2110947
0.04597569
-0.05256584
0.1678042
0.1244445
0.1675857
0.1591176
0.2291888
0.1730819
0.229562
0.0891505
0.1077138
0.1907281
0.121932
0.1603825
0.2349864
0.2372614
0.1660417
0.1693085
0.1967571
0.2980963
0.07625996
0.003939089
0.1282121
0.0935291
0.2066215
0.2861781
0.3121142
0.2820412
0.06967757
0.1985035
0.2424961
0.2807012
0.2237316
0.1444904
0.2680762
0.05493783
0.190911
0.212278
0.301215
0.1795061
0.116432
0.1762364
0.2528018
0.190843
0.3018518
0.1935324
0.2705827
0.2995356
0.1745454
0.2541638
0.1779304
0.2255649
0.2851586
0.2025198
0.2711031
0.08076918
0.2368158
0.2038989
0.1624831
0.2423895
0.2092539
0.2917168
0.2914593
0.2209588
0.1413728
0.2758853
0.331506
0.04932233
0.1400003
0.4373684
0.2915882
0.04344543
0.2058847
0.3990159
0.2779688
0.2518815
0.3269281
0.3115081
0.332284
0.300893
0.2991535
0.2414597
0.3038276
0.241924
0.3270096
0.3384584
0.3754831
0.3258956
0.3063271
0.3657574
0.3574035
0.3112301
0.2664126
0.2859033
0.301751
0.2165577
0.3339259
0.3176153
0.336092
0.18943
0.3673466
0.4104259
0.260689
0.2945389
0.3762374
0.2919536
0.4501918
0.3272036
0.2012667
0.3828771
0.4607185
0.4431945
0.3398846
0.2026357
0.38651
0.2316799
0.4031678
0.2551669
0.3457526
0.3102473
0.3473565
0.4617248
0.496559
0.4024689
0.5336104
0.4626975
0.4319184
0.3867342
0.3449716
0.5618317
0.251399
0.3959676
0.2558928
0.2819988
0.3363027
0.3860364
0.4289794
0.354174
0.4810975
0.3845705
0.4109883
0.299901
0.4518387
0.3695656
0.445228
0.3776885
0.6426798
0.4392793
0.5516816
0.366871
0.3525894
0.4132589
0.3947262
0.4960394
0.4142205
0.289168
0.3659342
0.4524768
0.548492
0.4571391
0.6305796
0.3896727
0.3125727
0.4623154
0.4543938
0.4528442
0.5278699
0.5073903
0.3954597
0.5082786
0.5999959
0.3919637
0.5075445
0.553759
0.4462019
0.4082998
0.4313907
0.5756056
0.3563115
0.5479226
0.515371
0.5706977
0.5177494
0.5596856
0.365253
0.4313613
0.4354492
0.5736689
0.5608747
0.3969909
0.5458874
0.4319472
0.6315534
0.6073254
0.4751805
0.5471387
0.4296321
0.6154179
0.5439038
0.5099218
0.4207284
0.49268
0.4757173
0.544158
0.5181318
0.538676
0.5421242
0.5809808
0.6289504
0.4748103
0.6524888
0.7036948
0.525352
0.5795158
0.4392699
0.6196014
0.5154448
0.5750606
0.4669255
0.470243
0.6959637
0.5014861
0.5103488
0.5813222
0.6593487
0.5300845
0.5475276
0.460129
0.4133668
0.6113442
0.5664513
0.4727605
0.6682734
0.6078375
0.6251222
0.6312048
0.5267916
0.5816369
0.5772413
0.6619764
0.7291882
0.592145
0.7021851
0.6398149
0.5365597
0.4851249
0.6518003
0.7296895
0.5974676
0.6150381
0.60564
0.6638704
0.422334
0.5371654
0.6915759
0.5212417
0.7133148
0.606517
0.7591523
0.745079
0.6482451
0.7150706
0.7430259
0.6341716
0.7545905
0.5638818
0.5310226
0.6138774
0.6749578
0.5212846
0.5944644
0.8602133
0.5762319
0.6713809
0.6461873
0.8493177
0.7239292
0.6304898
0.631285
0.7398018
0.6832714
0.7203661
0.746203
0.6449245
0.6629216
0.6513582
0.7907543
0.7836536
0.7223862
0.6037427
0.7201218
0.6445473
0.6804667
0.7495093
0.789811
0.7822811
0.7145185
0.7882289
0.6854585
0.6322374
0.7789394
0.5895122
0.8243477
0.7143102
0.7379771
0.7560338
0.6728966
0.7189682
0.704267
0.6840726
0.7194137
0.7633966
0.7772761
0.8173521
0.6705753
0.7196872
0.685362
0.6648598
0.8167474
0.8592886
0.873839
0.7034594
0.8292977
0.8955492
0.7550034
0.8430944
0.7239558
0.7696079
0.7956672
0.7887772
0.8197665
0.9064012
0.80228
0.728569
0.9480792
0.7476568
0.8195614
0.8089411
0.8271833
0.8329882
0.7669261
0.7401311
0.8230308
0.8782123
0.7773015
0.7374678
0.8087414
0.8887297
0.9783596
0.8846063
0.7784836
0.7404007
0.915104
0.8999589
0.883081
0.8988871
0.8491144
0.968827
0.8923563
0.9024035
0.9307429
0.6313548
0.9506882
0.8699451
0.8726079
0.7745956
0.8055501
0.8222237
0.8782102
1.000343
0.9287172
0.8716879
0.8537276
0.8047981
0.7878255
0.925151
0.8331704
0.8457459
0.859778
0.6313489
0.9333975
0.8511174
0.8554187
0.87819
1.031394
0.8950433
0.9100055
0.8263826
1.066798
0.8958424
0.9055953
1.04675
1.091591
0.8198003
1.033619
0.8935854
1.03109
1.080379
0.9092316
0.9040619
0.854892
0.8807563
0.905668
0.7877567
0.9119523
0.9893133
1.048306
0.9563986
1.036669
0.9326417
0.855739
0.8410277
0.8024599
0.9540582
0.913305
0.8450021
1.013202
0.848835
1.007947
0.9633695
0.8935381
1.019787
1.123714
0.9745887
0.9862441
1.071159
0.9153059
0.967552
1.018269
1.039448
1.025752
1.021043
0.7957201
1.053999
0.9060318
1.037279
1.021346