0.02945987
-0.9743514
-1.032773
-0.9366228
-1.042705
-0.965571
-0.9812179
-1.031608
-1.127576
-0.9995095
-0.9546912
-0.9547603
-1.016182
-0.9660471
-0.9472848
-0.9318297
-0.9430325
-0.8592727
-0.9992684
-0.9396534
-1.03389
-0.9574963
-0.8662651
-0.916659
-1.110201
-0.8560414
-0.9162909
-0.970137
-1.028836
-0.9453954
-0.9276398
-0.9167972
-0.8969789
-1.001015
-0.8693158
-0.8921146
-0.9043298
-0.8208704
-0.937576
-0.9322392
-0.6625501
-0.7547079
-0.8726304
-0.9012827
-0.9840703
-0.8010437
-0.9781643
-0.9151707
-0.9361488
-0.9121565
-0.8510185
-1.017451
-1.024449
-0.6855785
-0.7689856
-0.7705142
-0.8866073
-0.9814744
-0.8722914
-0.8325639
-0.6926286
-0.8002623
-0.9500345
-0.9553054
-0.8876465
-0.8288286
-0.9655671
-0.8338048
-0.8643651
-0.8084666
-0.8002099
-0.6536621
-0.7510327
-0.9939756
-1.002738
-0.8594719
-0.7803823
-0.9999732
-0.7328344
-0.8665509
-0.8352319
-0.8405375
-0.8921219
-0.8665332
-0.8112056
-0.8087211
-0.6647749
-0.9018858
-0.7829688
-0.9293602
-0.8519885
-0.8258011
-0.7342386
-0.8869065
-0.7417129
-0.7067082
-0.7018101
-0.8430039
-0.7216324
-0.8245858
-0.8091083
-0.7407889
-0.790361
-0.8905371
-0.9138744
-0.9174054
-0.7121441
-0.7230048
-0.9225483
-0.7119676
-0.8787894
-0.8100073
-0.7971281
-0.7263037
-0.7138893
-0.7914284
-0.6637606
-0.7081332
-0.8637083
-0.7417993
-0.8141468
-0.7304888
-0.8549774
-0.8213112
-0.7383635
-0.5930186
-0.7355009
-0.9168968
-0.7335159
-0.7071504
-0.7021567
-0.5731817
-0.7521598
-0.8555833
-0.7668225
-0.7585391
-0.6923484
-0.5206866
-0.5302056
-0.6882866
-0.7681604
-0.6669002
-0.7695031
-0.7734382
-0.7811539
-0.7251666
-0.5984623
-0.7002512
-0.6642641
-0.6865892
-0.693051
-0.6937492
-0.7074509
-0.6374224
-0.7383117
-0.6458419
-0.7373048
-0.6469022
-0.6187856
-0.562266
-0.6328561
-0.6000829
-0.5625797
-0.6199175
-0.6647674
-0.6456619
-0.6384304
-0.6637977
-0.8192528
-0.5781518
-0.6553605
-0.6171127
-0.6722775
-0.6968518
-0.60109
-0.7803559
-0.6887358
-0.743238
-0.6526933
-0.8101585
-0.4827283
-0.6602951
-0.5882859
-0.7013391
-0.5752272
-0.5554097
-0.5085497
-0.6317509
-0.681792
-0.5920277
-0.6890907
-0.5557652
-0.6379592
-0.6743574
-0.6827764
-0.5289504
-0.5762593
-0.5243018
-0.5145986
-0.4886148
-0.6226025
-0.5656641
-0.6614353
-0.5262774
-0.6343676
-0.7364969
-0.6450537
-0.775216
-0.4933528
-0.4868424
-0.5230917
-0.5820181
-0.562507
-0.5245438
-0.6289739
-0.5920534
-0.5319317
-0.549108
-0.5662666
-0.6603166
-0.3815996
-0.5212192
-0.5712709
-0.5327472
-0.6003808
-0.5232979
-0.5580813
-0.714325
-0.4817525
-0.5047517
-0.5426298
-0.5595682
-0.5048611
-0.4799945
-0.6837751
-0.5265784
-0.6972408
-0.4871736
-0.5375022
-0.6675808
-0.6493743
-0.513055
-0.5250729
-0.5068022
-0.6091499
-0.5890886
-0.4533301
-0.48042
-0.5272234
-0.3864775
-0.4258336
-0.5338079
-0.6553577
-0.4918029
-0.527612
-0.4532298
-0.4545237
-0.656326
-0.5133777
-0.4689685
-0.4358223
-0.5015445
-0.6141671
-0.487973
-0.2969524
-0.4440903
-0.421678
-0.5109253
-0.4912356
-0.3944892
-0.3653504
-0.326951
-0.4159957
-0.6281794
-0.6012942
-0.4016566
-0.4208172
-0.5226815
-0.4147236
-0.3800034
-0.5649731
-0.4206845
-0.5119641
-0.3566236
-0.4866352
-0.5890688
-0.3179052
-0.4711578
-0.3467615
-0.446179
-0.2677778
-0.4209427
-0.5541603
-0.3390564
-0.3318199
-0.4344169
-0.4334999
-0.518985
-0.3186239
-0.3658154
-0.4019122
-0.458017
-0.4131836
-0.4742668
-0.4168486
-0.4363578
-0.3105496
-0.4985636
-0.4699287
-0.4115269
-0.2986346
-0.5044003
-0.3872417
-0.474807
-0.4236488
-0.3446103
-0.4390486
-0.4914979
-0.2121603
-0.3429998
-0.3261329
-0.3139405
-0.432759
-0.3789958
-0.3262624
-0.5243736
-0.5030121
-0.1969313
-0.2514312
-0.285935
-0.2759846
-0.3395066
-0.3487752
-0.3138808
-0.1691935
-0.3955201
-0.4664368
-0.2549874
-0.3120221
-0.3241806
-0.2839248
-0.363058
-0.3931378
-0.4183477
-0.3078519
-0.2633721
-0.3035625
-0.2055781
-0.2574868
-0.3460925
-0.3216926
-0.3477802
-0.3646988
-0.2534562
-0.2311499
-0.235642
-0.2125305
-0.2583297
-0.3324444
-0.276929
-0.2743824
-0.2383494
-0.2692984
-0.3801423
-0.3053584
-0.1473994
-0.2745908
-0.3242468
-0.2499309
-0.429968
-0.1790225
-0.2385863
-0.220456
-0.3920836
-0.4057567
-0.2554766
-0.2573494
-0.258622
-0.2815793
-0.2481098
-0.06835732
-0.1360727
-0.4288405
-0.2957661
-0.3703633
-0.2704965
-0.1171963
-0.19676
-0.2620279
-0.2279878
-0.216979
-0.1328202
-0.1872659
-0.2127497
-0.3913959
-0.3677061
-0.3241788
-0.3130929
-0.2036731
-0.2400106
-0.08644248
-0.07431368
-0.2385499
-0.3135003
-0.1335935
-0.156394
-0.1387745
-0.1489628
-0.1651423
-0.09880773
-0.1679651
-0.1103455
-0.1332114
-0.1478696
-0.1506551
-0.1501045
-0.1756769
-0.137009
-0.03383508
-0.2028397
-0.1419104
-0.2959304
-0.2116062
-0.1532566
-0.1682254
-0.06406201
-0.1388223
-0.1632517
-0.05449771
-0.07690928
-0.1231044
-0.08039376
-0.2336884
-0.03283826
-0.09771026
0.02103107
-0.1103964
-0.1088004
-0.1650266
-0.08710588
-0.08572162
-0.1838844
-0.3060894
-0.1813264
-0.2204229
-0.1927068
-0.237019
-0.2440864
-0.08123375
-0.02752926
0.02242501
-0.1312828
-0.1987673
-0.06131739
-0.08044649
0.01523242
0.026837
-0.1312852
0.01617868
-0.09150709
-0.08338517
-0.1175894
-0.1754864
-0.03136244
-0.01001665
-0.1362506
-0.1457086
0.001848538
-0.1630239
-0.07413176
-0.05787969
-0.09780609
0.04197543
-0.1171123
0.02431504
-0.04719778
-0.1371362
-0.07703139
-0.06989952
0.001067079
-0.100204
0.06768282
-0.04529144
-0.09489669
-0.00833175
-0.1470249
0.06654078
-0.01997428
0.129509
-0.09485826
-0.0801431
-0.02709387
0.0682057
-0.04661315
0.01503046
0.09804531
-0.1022182
-0.09987078
0.03020827
-0.009475357
-0.07555365
-0.1756089
0.06419493
-0.03345917
-0.0808201
0.07719081
0.007594744
0.2375805
0.1739549
-0.09756806
0.0541125
-0.100535
0.1072973
-0.004376665
0.0927229
0.1138978
0.07111666
0.2047884
0.1272411
-0.04074777
0.01749619
-0.09244526
-0.01021782
0.1145066
0.217397
0.06044508
-0.09026504
-0.05465862
0.1808484
0.08039252
0.1179513
0.0364841
-0.01092071
0.191271
0.09157302
0.130619
0.01856169
-0.04270336
-0.0003146801
0.2608816
-0.1026679
0.04812676
0.1353258
0.04915525
0.1275236
-0.04800166
0.229521
0.02964381
0.112816
0.1400301
0.00188625
0.1373428
0.04776528
-0.02464762
0.1553706
0.1908818
0.1295242
0.1200924
0.1703537
0.2678928
0.1867849
0.1660196
0.08285764
0.1716718
0.006305085
0.1565909
0.07702579
-0.06616337
0.08760464
0.2246321
0.08982737
0.1263631
0.09125911
0.1048002
0.1671038
0.1144645
0.07057134
-0.008911778
0.1040114
0.1578753
0.1760174
0.3129463
0.2526099
0.1529713
0.2424388
0.188881
0.1126347
0.1766273
0.1263823
0.1446133
0.2467103
0.1313757
0.2298972
0.1173876
0.1911736
0.240079
0.01440438
0.2591116
0.2444466
0.3189252
0.2933304
0.3477508
0.1089112
0.301464
0.1486401
0.3108019
0.1064954
0.3029417
0.2178808
0.3213287
0.2980344
0.1986682
0.2554311
0.2591085
0.3472202
0.3263654
0.3217882
0.1862506
0.2928319
0.23149
-0.01942772
0.2217406
0.1834443
0.208645
0.2795156
0.3165845
0.2617071
0.3421119
0.2473589
0.3341658
0.2424419
0.1933952
0.09038379
0.3477953
0.1631359
0.4385835
0.3062622
0.1980544
0.3254103
0.2329119
0.3143799
0.3822264
0.3326866
0.3427771
0.4015557
0.3811174
0.2027717
0.1150794
0.277346
0.09273757
0.2348724
0.3038551
0.3313022
0.2670853
0.316946
0.2535204
0.2298194
0.2961592
0.2781262
0.2537305
0.4352953
0.153232
0.334893
0.3397072
0.3126088
0.3829407
0.2030532
0.3640821
0.2410496
0.2938905
0.2424666
0.3409967
0.2272416
0.3256576
0.2805496
0.4346081
0.4849206
0.3633803
0.4124318
0.3817897
0.4983842
0.2487675
0.2881633
0.3233093
0.382644
0.3868378
0.3400171
0.3696287
0.2625375
0.3390871
0.4140315
0.404182
0.383382
0.6037968
0.3664057
0.3384183
0.3574611
0.4451636
0.3590694
0.5194742
0.3940022
0.4966482
0.2976239
0.3871529
0.4194907
0.3435704
0.4103737
0.3072635
0.3117388
0.3326245
0.4011744
0.4236776
0.5885137
0.4986951
0.5204042
0.2867025
0.3641607
0.4739244
0.4185778
0.4100091
0.5041225
0.5498966
0.4523503
0.5970425
0.378894
0.4548851
0.4287454
0.2942958
0.5168668
0.4069554
0.5803637
0.5823771
0.3254775
0.2763149
0.5193079
0.493102
0.370018
0.5145284
0.5948319
0.4539101
0.4023011
0.548805
0.5570132
0.3855118
0.5043301
0.5744318
0.334239
0.5367514
0.672368
0.4529566
0.4788583
0.5230839
0.6713524
0.4834422
0.313207
0.6084183
0.6135072
0.6192726
0.5065076
0.7487905
0.5381429
0.4978256
0.5861196
0.5727667
0.4743889
0.5182378
0.4185673
0.5002722
0.5955216
0.6045667
0.5346171
0.568636
0.5326937
0.6461142
0.6179441
0.6174589
0.5842761
0.4928955
0.5745235
0.5503875
0.4439293
0.503707
0.4394128
0.4821144
0.7147169
0.5746391
0.5256146
0.5787581
0.62887
0.6373385
0.5753056
0.5666186
0.6538551
0.5492735
0.5004064
0.6728123
0.470461
0.5395045
0.4390102
0.6185356
0.5837277
0.6097587
0.5194517
0.6425212
0.704154
0.6653434
0.6366513
0.6193672
0.5349799
0.7136243
0.6719227
0.5372321
0.6372484
0.5769586
0.744377
0.6132249
0.6608825
0.7407784
0.6983576
0.6185737
0.68105
0.5545467
0.5388038
0.6420994
0.7401506
0.7278389
0.6170499
0.724475
0.6022262
0.67425
0.675147
0.5590258
0.6407411
0.520947
0.7325999
0.7262041
0.7652098
0.7293251
0.7872819
0.7203887
0.5585707
0.7564907
0.6521216
0.7512645
0.7344083
0.7034351
0.6521266
0.5894026
0.4983844
0.6755124
0.730217
0.7587377
0.7436984
0.7924755
0.6749696
0.6956246
0.7981537
0.720632
0.6246665
0.6925907
0.7919657
0.774831
0.6329647
0.7908092
0.7363204
0.6479861
0.6624821
0.7981429
0.708601
0.8111131
0.8925405
0.6599501
0.7231718
0.7482967
0.7572031
0.5954916
0.8529451
0.6827357
0.6952848
0.7195773
0.9665038
0.7573635
0.7286699
0.8366656
0.7857469
0.7185942
0.8686892
0.7817424
0.76445
0.5980946
0.6451378
0.7960069
0.7800017
0.884669
0.803568
0.7748973
0.8699281
0.9155252
0.8143738
0.7155746
0.9040328
0.7718258
0.6937559
0.8762971
0.6420611
0.7806516
0.754772
0.7656616
0.7637861
0.7911853
0.8318358
0.8632885
0.7650221
0.8049594
0.8761548
0.7710398
0.8681411
0.7891313
0.8915625
0.8787083
1.054278
0.9527323
0.8216546
0.9075987
0.8651761
0.8936052
0.8104405
0.9619997
0.982176
0.8367163
0.9116576
0.7449627
0.7615959
0.6995849
0.8989465
0.7476983
0.9515314
0.9439517
0.8909184
0.8907298
0.9754723
0.8480303
0.8480612
1.011339
0.8590888
1.029075
1.005807
0.7696272
0.918288
1.005286
0.8469033
0.8363271
0.7782825
0.8535723
0.9983595
0.7743782
0.8813658
0.8629944
0.7088128
0.8944788
0.9438547
0.9117204
1.108392
1.020886
0.9648046
0.9921518
0.8899231
0.995497
0.9822527
0.9005177
0.9912363
0.991687
0.9712758
0.9529883
0.7937454
1.001998
0.8271239
1.045399
0.9076273
0.9995236
0.852271
0.9871112
0.9795238
0.8789866
0.892768
1.066943
1.012813
1.052286
1.02285
1.012878
0.9194688
1.068255
0.9686451
1.06902
1.005493
0.915763
1.027731
1.072682
0.9322477
0.8943701
0.8455636