-0.04023476
-1.093514
-0.9553352
-1.053956
-0.9447953
-0.9255011
-0.8835245
-0.9207293
-0.9738472
-1.127998
-0.9660496
-0.9126601
-0.9863666
-0.9817404
-0.9085533
-1.017868
-1.012293
-0.749291
-0.9976781
-0.9966488
-0.9866089
-0.7777553
-0.913892
-1.000546
-0.8657992
-0.9048287
-0.9982643
-0.9360568
-0.960446
-0.9442768
-0.7974503
-0.9111612
-0.8154228
-1.017162
-0.9562977
-0.8550926
-0.9552956
-0.920962
-0.9840445
-0.8749705
-0.8515934
-0.9327706
-0.9438093
-1.078044
-0.9860457
-1.018703
-0.9884984
-1.078308
-0.9302997
-0.879605
-0.904143
-0.9569065
-1.008151
-0.879022
-0.8906807
-0.9823795
-0.8199149
-0.8100443
-0.9060826
-0.9346126
-0.8844745
-0.8986098
-1.032901
-1.006396
-0.8134965
-0.8737798
-0.841763
-0.8899777
-0.7252011
-0.9441683
-0.9027296
-0.9773223
-0.9462787
-0.9534944
-0.9628863
-0.8137914
-0.9038572
-0.8673351
-0.7219553
-0.8254213
-0.7773525
-0.870568
-0.8372348
-0.9294127
-0.942974
-1.010078
-0.8354362
-0.7505753
-0.809461
-0.8063681
-0.9033014
-0.9467474
-0.7383894
-0.8984033
-0.782762
-0.8826471
-0.7892497
-0.7628532
-0.9379889
-0.7446987
-0.8468099
-0.758423
-0.7979248
-0.8005631
-0.732961
-0.7513536
-0.8484351
-0.5735139
-0.7446249
-0.804603
-0.8932845
-0.7987293
-0.8125761
-0.7838235
-0.5447718
-0.7994386
-0.7819725
-0.7369163
-0.7855969
-0.6480248
-0.8742776
-0.6829401
-0.9014291
-0.6578294
-0.6884431
-0.8113363
-0.7853541
-0.7848399
-0.7702755
-0.8442217
-0.8247954
-0.7623154
-0.8320377
-0.6118665
-0.6912411
-0.80275
-0.7760968
-0.6722514
-0.764116
-0.8037577
-0.6965481
-0.7597837
-0.740563
-0.48204
-0.8112689
-0.6572558
-0.7301765
-0.4825811
-0.6546558
-0.6624536
-0.7101304
-0.6124839
-0.6737235
-0.6485147
-0.7190122
-0.7547126
-0.6559973
-0.6991805
-0.5771053
-0.8094421
-0.737869
-0.6440947
-0.5754524
-0.592127
-0.6052914
-0.7060111
-0.7392393
-0.6959164
-0.6994608
-0.6251366
-0.5765672
-0.6656118
-0.5970986
-0.4888145
-0.7397122
-0.5670722
-0.7771864
-0.6209643
-0.7677721
-0.592526
-0.5654182
-0.6106294
-0.6427201
-0.5783526
-0.5889417
-0.5912407
-0.716198
-0.6737724
-0.5798657
-0.5543237
-0.7699288
-0.6459782
-0.7450193
-0.5527448
-0.5829307
-0.6245243
-0.5495902
-0.6388346
-0.6338989
-0.4711623
-0.5367652
-0.7970041
-0.631027
-0.6209956
-0.6440368
-0.6376478
-0.5789856
-0.4392153
-0.5890327
-0.3996548
-0.4889517
-0.5576341
-0.4990183
-0.5219132
-0.6197283
-0.5908786
-0.5504422
-0.6906493
-0.4958302
-0.6545995
-0.5833367
-0.5411131
-0.6710868
-0.6690747
-0.4168478
-0.6313598
-0.5844841
-0.3706258
-0.5261104
-0.597458
-0.5629427
-0.3763466
-0.6083524
-0.5009908
-0.5945118
-0.6364546
-0.4929035
-0.4753842
-0.5394384
-0.4708983
-0.506962
-0.4547158
-0.5476084
-0.5846871
-0.4501347
-0.5889613
-0.5966289
-0.5077364
-0.5711787
-0.64909
-0.535035
-0.343344
-0.6697154
-0.360483
-0.5442149
-0.5442398
-0.4968414
-0.4618003
-0.4734236
-0.4039368
-0.3727553
-0.4784992
-0.614224
-0.4618435
-0.5034214
-0.5560862
-0.4132175
-0.3984025
-0.4323051
-0.4905876
-0.4067593
-0.3405135
-0.4901984
-0.4004232
-0.2882304
-0.3465105
-0.4471622
-0.4594141
-0.3793082
-0.5173976
-0.4460504
-0.3986599
-0.3716631
-0.4747933
-0.53023
-0.3481629
-0.4733486
-0.5246247
-0.2798756
-0.5807852
-0.4403843
-0.3593825
-0.4433185
-0.382962
-0.4195567
-0.368429
-0.3983371
-0.536194
-0.3597412
-0.4150004
-0.5715514
-0.532063
-0.3884637
-0.4931849
-0.4977349
-0.4516551
-0.3295603
-0.2955563
-0.4509343
-0.4587094
-0.4917283
-0.5543165
-0.3601881
-0.3831054
-0.3496101
-0.4633015
-0.4519735
-0.3256931
-0.4110707
-0.419669
-0.4529608
-0.3778851
-0.3694564
-0.2397655
-0.3535808
-0.3760743
-0.4406591
-0.3618721
-0.4109998
-0.2913688
-0.3603417
-0.3938019
-0.3278037
-0.3546271
-0.3833051
-0.1835514
-0.1651712
-0.182634
-0.3376911
-0.3795823
-0.3511167
-0.3254993
-0.3107015
-0.320601
-0.4149338
-0.3472385
-0.2793004
-0.2732766
-0.3574999
-0.2520979
-0.2507516
-0.2101901
-0.3014722
-0.2754838
-0.2191633
-0.3571663
-0.2492484
-0.2312065
-0.396046
-0.1696087
-0.3717798
-0.2320425
-0.3109966
-0.2558503
-0.2114336
-0.2838353
-0.3619162
-0.4290274
-0.4185426
-0.2641225
-0.2197903
-0.2116484
-0.3117976
-0.3894875
-0.1078644
-0.3598778
-0.2665891
-0.2080211
-0.1484044
-0.349684
-0.1472847
-0.132066
-0.2700931
-0.4337999
-0.3961399
-0.1286056
-0.1797889
-0.1792342
-0.1923164
-0.1522452
-0.3476058
-0.3306505
-0.3401035
-0.2968361
-0.3315398
-0.1627864
-0.2809981
-0.2312089
-0.1402232
-0.2378828
-0.3079918
0.005911245
-0.02476154
-0.386551
-0.3304037
-0.195872
-0.2404107
-0.1634311
-0.02639075
-0.1975881
-0.1383754
-0.2795932
-0.1612147
-0.2565108
-0.1663339
-0.09627279
-0.1688318
-0.2799013
-0.2039089
-0.1737088
-0.1346719
-0.1745818
-0.1340723
-0.1867425
-0.01559326
-0.3683383
-0.136765
-0.02888897
-0.163386
-0.05556012
-0.1964153
-0.191158
-0.09411991
-0.1046229
-0.1371663
-0.2296495
-0.07649947
-0.2241965
-0.1207517
-0.2397153
-0.190114
-0.1720013
-0.1517613
-0.05751384
-0.150411
-0.06613605
-0.321359
-0.2557509
-0.111566
-0.05707909
-0.2237522
-0.04809869
-0.0215266
-0.2161498
0.03038087
-0.2248857
0.003634824
-0.01283495
0.02955335
-0.3049921
-0.06716553
-0.05863183
-0.1621359
-0.04415615
-0.1368378
0.05390841
-0.1185448
-0.1379431
-0.04546614
-0.02233805
0.005062742
-0.1079277
-0.1217552
-0.05567813
-0.05052678
0.01129774
-0.1794692
-0.05134928
-0.003687489
-0.04323728
-0.06718171
-0.05747774
0.05154319
0.06676839
-0.05834941
-0.06654711
0.01225787
-0.2057364
-0.05579266
0.05368911
-0.1270996
0.1049573
0.026982
0.01627834
-0.1438191
-0.07566819
0.02619705
-0.1932174
-0.04199195
-0.003117871
-0.1227734
0.0002856467
0.1511835
-0.006893146
-0.07226581
0.09027037
0.008766558
0.04702832
0.02765265
-0.01219582
0.02696324
-0.03138717
0.01342922
-0.001275726
0.07312218
0.140048
0.006398755
0.04841304
0.01628519
0.07272933
0.1074025
-0.04830742
0.1244593
0.02303966
0.02565857
0.1357758
0.02371798
-0.07141464
-0.08444552
0.05916264
-0.006812073
0.2083361
0.1314119
0.09692178
0.1755322
0.1368717
0.03274448
-0.04350031
0.1022469
0.1371687
0.03860885
0.1016639
0.1028015
0.0118793
0.1337373
0.04962814
0.12534
0.007886833
0.1845302
0.02268882
0.2659718
0.1679109
0.104531
0.03403032
0.1647552
0.2082205
0.1374674
0.02707984
0.07816142
-0.03932676
0.1036295
0.1737404
0.1112002
0.08784956
0.1471993
0.2325005
0.1824308
0.05063815
0.106819
0.1517264
0.2204782
0.1499794
0.304323
0.1267917
0.1581377
0.05134265
0.1797152
0.1661431
0.1935999
0.1538373
0.168355
0.1236247
0.1484283
0.01041289
0.08733669
0.2409536
0.3060161
0.1227267
0.112005
0.287052
0.1423565
0.1619035
0.1790201
0.1092055
0.2562511
0.06242261
0.2247363
0.2558187
0.1088576
0.3475729
0.1809317
0.1637985
0.1302796
0.0365813
0.2926452
0.2309115
0.1159375
0.1919439
0.2160132
0.3478001
0.2347979
0.1768384
0.06300408
0.1742825
0.2572499
0.2220359
0.09808419
0.1529439
0.2522251
0.1666657
0.3198877
0.2100434
0.2097638
0.3682393
0.2559879
0.2680952
0.1817985
0.1549258
0.309926
0.2706457
0.08425123
0.03186686
0.3024315
0.345596
0.2378862
0.1786494
0.2141224
0.2751826
0.1381398
0.2057464
0.2558536
0.2691612
0.251264
0.3983386
0.2584826
0.3768218
0.1369699
0.3047685
0.3098661
0.2378415
0.4212824
0.3346989
0.2862785
0.3825626
0.3853747
0.4204423
0.3710271
0.309995
0.3094242
0.3926388
0.3262382
0.1545959
0.3244399
0.4000191
0.3884664
0.4199956
0.4006534
0.2254864
0.3685396
0.2946825
0.252525
0.4291793
0.433308
0.3947923
0.2640284
0.4043848
0.2622676
0.4968565
0.578928
0.5665055
0.3827183
0.5269354
0.3246107
0.3953296
0.332432
0.3478849
0.4273295
0.5786567
0.3251403
0.3860849
0.4856112
0.3487661
0.236318
0.2524445
0.344645
0.3109142
0.330253
0.2634949
0.4593844
0.3898202
0.2477935
0.401052
0.3790601
0.5072245
0.3756803
0.3670576
0.3269028
0.449897
0.3463103
0.42056
0.3710516
0.4068321
0.2978126
0.326297
0.4796088
0.3793975
0.4343724
0.4312557
0.430278
0.4015585
0.262916
0.3893707
0.3277276
0.5938294
0.4905837
0.4926523
0.3673006
0.5892465
0.5101724
0.4891495
0.4518591
0.4304996
0.4706156
0.3992918
0.4588329
0.4347714
0.4647547
0.3606991
0.4278577
0.3996808
0.4371916
0.3538727
0.4800627
0.4448821
0.4600129
0.5385036
0.5739571
0.6038068
0.5623402
0.5729181
0.5200935
0.5422136
0.6086659
0.6291841
0.5341131
0.5021913
0.6235673
0.5926667
0.4351324
0.5498123
0.5446429
0.5497378
0.5304845
0.4573271
0.5964147
0.4280254
0.5121658
0.4732499
0.5980889
0.5460298
0.574405
0.5089715
0.5281901
0.4664671
0.4852526
0.5546993
0.3970109
0.5154686
0.6595397
0.649516
0.6156683
0.5642346
0.6820696
0.4171941
0.5671834
0.6210967
0.5054486
0.6154677
0.550155
0.5280249
0.4271784
0.7513925
0.5967274
0.5931521
0.4812391
0.491068
0.5883318
0.551689
0.5881996
0.631725
0.5653523
0.5692101
0.4482
0.6590208
0.5359922
0.4359871
0.4890281
0.5335636
0.6495684
0.6276688
0.5819719
0.7045135
0.7339078
0.673726
0.7209128
0.5351517
0.5404085
0.6791409
0.5941125
0.6440441
0.6374232
0.6921932
0.4337805
0.6453861
0.6820752
0.8528322
0.7257401
0.6725578
0.6758324
0.7432932
0.839747
0.6727034
0.5921335
0.6474003
0.6800384
0.748902
0.6862928
0.6120846
0.7520459
0.6911808
0.6694007
0.6392928
0.7012391
0.7031937
0.633785
0.7840667
0.6008767
0.6782069
0.5771024
0.619899
0.7955064
0.715067
0.7305311
0.752724
0.7988961
0.8114695
0.6855915
0.6813736
0.758315
0.6001913
0.8756312
0.6954638
0.7643705
0.7854075
0.6282505
0.7129617
0.661041
0.7869214
0.6995293
0.629197
0.6293116
0.7427958
0.6963986
0.8498437
0.8507075
0.6903638
0.6883597
0.8120015
0.8067691
0.5903404
0.7856052
0.6831519
0.7110848
0.7769026
0.7102986
0.7363998
0.7304613
0.7518313
0.7673387
0.6659143
0.848802
0.8611396
0.9599971
0.8705665
0.7333486
0.8189165
0.6834694
0.718804
0.7342471
0.7352153
0.9063279
0.8035714
0.8836348
0.6533433
0.8130487
0.8140745
0.8217554
0.7633689
0.8736843
0.7172204
0.8147901
0.7273028
0.8141398
0.8070266
0.807991
0.7639254
0.7836306
0.9181581
0.8258422
0.9744375
0.833021
0.8937963
0.8311723
0.8178643
0.7769794
0.9828398
0.9265619
0.8561499
0.8253049
1.059086
0.8237959
0.9414005
0.9724672
0.8708609
0.821406
0.8829823
0.7905688
0.8630182
0.7290731
0.919231
1.000414
0.7669528
0.9368528
0.7866388
0.9000033
0.9611773
0.8470563
0.9491481
0.8356713
0.8764907
0.7425107
0.8935814
0.9819026
0.9856177
0.9517692
0.9203589
0.7827333
1.094086
0.980939
0.8587664
0.9382166
0.8493842
0.9021658
0.9641023
0.9853368
0.9622661
1.021063
0.8908935
0.9260129
0.7996308
0.9038432
1.015353
0.9522501
1.034835
0.9535804
1.041201
0.8493497
0.8555815
0.9675597
0.9070298
0.9578798
0.7354364
0.90234
1.054902
0.9136884
0.8229657
1.017079
0.9385204
1.014486
0.9438376
0.9961913
1.148312
0.962935
1.11912
0.9888989
0.9282433
1.004465
0.9353349
1.055811
1.087116
0.8740923