-0.0339924
-1.034109
-0.9961048
-1.04496
-0.9435854
-0.9639461
-1.054973
-1.107993
-0.9446916
-0.9905718
-1.021272
-1.065386
-1.022577
-0.8849849
-0.8941838
-1.053917
-0.90188
-0.9167942
-0.9011056
-0.9127694
-0.9447578
-0.9745835
-0.9675769
-1.087523
-0.9208649
-1.093083
-0.9537848
-0.9888378
-0.9496449
-0.9178071
-0.9585671
-0.9565497
-0.9676601
-1.005475
-0.9527058
-0.8830871
-0.8948719
-1.153786
-0.9345663
-0.9432723
-1.020729
-0.9174417
-0.8331296
-0.7891524
-0.956788
-0.9770088
-0.8825649
-0.9186668
-1.029478
-0.8767228
-0.9407506
-0.7881959
-0.915411
-0.9952675
-0.8345107
-1.062346
-0.9107139
-0.84288
-0.8754719
-0.9947072
-1.068276
-0.8957539
-1.03304
-0.7673965
-0.9588158
-0.8048453
-0.7206313
-0.8597259
-0.7466738
-0.8790698
-0.8720232
-0.9221057
-1.012575
-0.9803655
-0.7283257
-0.9075299
-0.8539143
-0.7106641
-0.8686041
-0.844555
-0.6831912
-0.9552985
-0.9144084
-0.8485241
-0.8680978
-1.012731
-0.7344794
-0.8714248
-0.857938
-1.000194
-0.7648038
-0.7489647
-0.877185
-0.6825019
-0.6047425
-0.8304175
-0.7734153
-0.8091091
-0.7766818
-0.8451671
-0.7226042
-0.9458927
-0.658525
-0.7930013
-0.8353317
-0.7847863
-0.7475429
-0.78975
-0.9044821
-0.7337663
-0.8088508
-0.7614513
-0.790557
-0.7736715
-0.7987698
-0.7775899
-0.7629341
-0.6359226
-0.7470678
-0.7521535
-0.7083683
-0.8571479
-0.7686197
-0.6845004
-0.8517359
-0.7007521
-0.6008785
-0.729754
-0.8030602
-0.7288619
-0.7910046
-0.7845239
-0.8338318
-0.7101603
-0.6787389
-0.7379317
-0.7998932
-0.5975282
-0.7862213
-0.6047526
-0.6586574
-0.8112426
-0.6623894
-0.8510662
-0.7569575
-0.6367141
-0.7417115
-0.6319938
-0.7944118
-0.8160878
-0.6662753
-0.8543155
-0.7865225
-0.5930652
-0.6125351
-0.6265296
-0.6403383
-0.7482055
-0.6401248
-0.6585764
-0.816373
-0.6045286
-0.7421924
-0.6546599
-0.6664382
-0.6324783
-0.7471601
-0.6839035
-0.5331375
-0.6750496
-0.6664171
-0.675268
-0.6624823
-0.5923023
-0.6556876
-0.6823386
-0.6810712
-0.7526977
-0.7218682
-0.6439271
-0.6997995
-0.6292041
-0.6470344
-0.7614027
-0.6834678
-0.5590548
-0.6442921
-0.554294
-0.5774983
-0.6461754
-0.6386528
-0.4587573
-0.5477823
-0.5288331
-0.6073633
-0.6316585
-0.5376606
-0.498989
-0.6757147
-0.6388169
-0.6666799
-0.5826459
-0.55369
-0.4875075
-0.6986608
-0.5507687
-0.6822581
-0.6421916
-0.5473687
-0.7120328
-0.5755878
-0.4721454
-0.5790649
-0.6164226
-0.579061
-0.6147701
-0.5367588
-0.5943775
-0.5456368
-0.5844583
-0.5597353
-0.5094168
-0.4469348
-0.5309959
-0.5813246
-0.6196963
-0.4657958
-0.3484701
-0.6220005
-0.5438285
-0.606247
-0.612424
-0.2740216
-0.5183096
-0.5939396
-0.6554881
-0.6778936
-0.4269847
-0.4143847
-0.4988296
-0.4659816
-0.4772268
-0.6282745
-0.4770209
-0.6455355
-0.5487258
-0.4459459
-0.5065479
-0.5092214
-0.4646533
-0.4460336
-0.4962994
-0.5933076
-0.4954717
-0.4319259
-0.4521248
-0.5070079
-0.4993495
-0.4665922
-0.317155
-0.623127
-0.5164866
-0.3609696
-0.486809
-0.549117
-0.453923
-0.6151422
-0.4463311
-0.4662288
-0.4081016
-0.3511865
-0.4301407
-0.3996162
-0.5019075
-0.4579467
-0.3714795
-0.3720258
-0.5713979
-0.5026411
-0.3931242
-0.375431
-0.4382015
-0.3870896
-0.5362628
-0.3406802
-0.4644848
-0.3452265
-0.5131195
-0.6266746
-0.28521
-0.3352594
-0.3004741
-0.57706
-0.3049087
-0.4858039
-0.3438451
-0.3206938
-0.3988828
-0.3454789
-0.4848689
-0.3708828
-0.4970109
-0.3571823
-0.4613091
-0.421603
-0.4921408
-0.6028705
-0.460213
-0.3735175
-0.4143091
-0.4117853
-0.4666723
-0.3951964
-0.3055036
-0.4683566
-0.2695673
-0.3444186
-0.2165255
-0.2645725
-0.3794965
-0.5681576
-0.4070378
-0.3401753
-0.4333384
-0.3846775
-0.3393988
-0.3987818
-0.539645
-0.2622814
-0.3004419
-0.3864812
-0.4479273
-0.3756993
-0.3461812
-0.4040492
-0.2603724
-0.303891
-0.3352342
-0.2829989
-0.2767466
-0.2915815
-0.3758919
-0.3394174
-0.3835295
-0.2994002
-0.2818185
-0.236819
-0.3460877
-0.3420053
-0.4759809
-0.3618711
-0.375554
-0.2795114
-0.2452387
-0.2233866
-0.3085157
-0.1785454
-0.3535349
-0.167118
-0.3563178
-0.4905155
-0.3050847
-0.2589905
-0.229238
-0.3110227
-0.2282521
-0.3402529
-0.3260917
-0.3582455
-0.3261308
-0.2771014
-0.2314478
-0.2573788
-0.3532448
-0.3601202
-0.3447706
-0.1710003
-0.3300227
-0.2390678
-0.2187914
-0.2546403
-0.2669917
-0.2568797
-0.2354667
-0.2061752
-0.3037144
-0.2250143
-0.1235177
-0.2362519
-0.2533535
-0.213128
-0.05472648
-0.2241616
-0.3453402
-0.2125321
-0.3732093
-0.1128242
-0.07501
-0.1800773
-0.1676867
-0.1789384
-0.1601542
-0.1003854
-0.2700387
-0.08449244
-0.132693
-0.1939247
-0.009955605
-0.182106
-0.2242529
-0.1046564
-0.1693038
-0.09866054
-0.1217622
-0.2355807
-0.1346507
-0.1717793
-0.2298369
-0.2409366
-0.1934293
-0.1039465
-0.2169481
-0.2131765
-0.1064953
-0.1356665
-0.2269424
-0.2001261
-0.2720588
-0.2555382
-0.2464626
-0.309009
-0.1243447
-0.04296109
-0.2416126
-0.1865414
-0.09991249
-0.05956076
-0.2798165
-0.155871
-0.2006808
0.01138886
-0.1752457
-0.1291274
-0.01399266
-0.2128615
-0.1360516
-0.2236581
-0.1446852
0.04218835
0.06981388
0.03448856
-0.07731118
-0.1781133
-0.09101994
-0.02973073
-0.1311599
-0.1153598
-0.2159667
-0.04140565
-0.02512408
-0.1654932
-0.2772441
-0.07416579
-0.04403757
-0.01725145
-0.1128662
-0.1452984
-0.1381307
0.03335488
-0.06924087
-0.01541889
-0.1270741
-0.1079044
0.03302678
-0.001072394
-0.04562805
0.01670427
-0.1352957
0.09885895
-0.123968
-0.1140602
-0.1795761
-0.1810728
0.0167426
0.1319996
-0.1282762
-0.05828768
-0.1077403
-0.001098529
0.0903759
0.01906255
-0.01012492
-0.05498112
0.1135372
-0.006897249
-0.0002292348
-0.07051847
0.01589392
-0.07247402
-0.02085859
0.009015432
0.1580685
-0.007974434
-0.2173819
0.1128739
0.01680592
-0.06412124
-0.09309488
-0.01894325
0.1513159
-0.1001693
-5.447472e-05
0.1733947
-0.00748475
0.04444332
0.1342312
-0.1096803
0.02976904
-0.009359091
0.08549567
0.04802089
0.06727558
0.07605012
-0.04525867
-0.02945806
-0.04472142
0.1414148
0.0807651
0.01589093
-0.02851576
0.1393772
0.06563297
-0.02209055
0.0599328
0.03949444
0.03165518
0.1317183
0.04334857
0.06788275
0.01726301
0.06492705
0.02194396
0.06335015
0.06382095
0.1922837
-0.01033577
0.2103194
0.03920968
0.1165717
0.2747754
0.1363211
0.06620994
-0.1018877
0.237712
0.08932242
0.1175799
0.07565024
0.1384199
0.1164548
0.191804
0.1025875
0.1794851
0.1707976
0.1478529
0.1602406
0.1070268
0.2633343
0.2439939
0.1838814
0.250787
0.0649344
0.1967799
0.174397
0.264863
-0.01704051
0.1247629
0.1787374
0.1599599
0.03411031
0.09758859
0.1671994
0.1484395
0.1573282
0.09974501
0.1529928
0.1921642
0.2786084
0.2085006
0.0875766
0.2550636
0.1482711
0.1808489
0.2749425
0.1210773
0.3163235
0.2455502
0.2165974
0.0258552
0.1198478
0.147849
0.06916002
0.2706203
0.04891519
0.1537954
0.2177414
0.1321985
0.2592135
0.2369763
0.2318681
0.1884397
0.3284426
0.2198252
0.2192547
0.3299728
-0.1242604
0.2455353
0.07990975
0.313254
0.2864363
0.3046991
0.2789697
0.284419
0.3437337
0.1835336
0.2938142
0.3937945
0.3025356
0.1032378
0.2429985
0.2922169
0.293825
0.1269059
0.3023702
0.2242201
0.165699
0.1521454
0.1613766
0.3176831
0.2893892
0.2957203
0.2290009
0.1656956
0.2854689
0.1254415
0.2502601
0.3461653
0.2889416
0.4257161
0.2387451
0.2676179
0.4440717
0.3428788
0.331901
0.221993
0.3605782
0.3779854
0.3956339
0.2823167
0.3864683
0.3078322
0.4239772
0.4657465
0.1546895
0.3114346
0.4109617
0.2783577
0.1494288
0.5120807
0.1655552
0.4045415
0.2743845
0.3086211
0.3297201
0.3505495
0.3758123
0.3335958
0.3462727
0.3323319
0.4182912
0.281172
0.248059
0.2426067
0.4753607
0.41232
0.388351
0.3213505
0.4914519
0.2779882
0.3452336
0.3000683
0.383875
0.3952224
0.3994521
0.3785225
0.4113594
0.4435322
0.3319006
0.152939
0.4088577
0.3152039
0.388913
0.3262967
0.373553
0.5164827
0.3483142
0.4305747
0.3475688
0.4463793
0.4008921
0.2843702
0.2655798
0.3558695
0.266287
0.3131199
0.5154837
0.410973
0.4404881
0.4448035
0.3667465
0.5368665
0.4497554
0.3743277
0.4416612
0.599326
0.3292984
0.6699292
0.4560588
0.4450387
0.5154247
0.5195381
0.474067
0.4174503
0.3817625
0.2854212
0.5274685
0.3431153
0.4545086
0.4109051
0.5772666
0.3813544
0.5267739
0.6237738
0.5115814
0.4569642
0.5695484
0.5566496
0.6120865
0.5373377
0.5566944
0.5694448
0.5224553
0.2927455
0.5123363
0.3637298
0.492096
0.5376394
0.6101656
0.4462026
0.4399447
0.5621412
0.7127166
0.4419231
0.4687738
0.541303
0.5804827
0.6669423
0.5716933
0.7310497
0.5523032
0.4736675
0.5860198
0.5321649
0.4701566
0.4520152
0.6317185
0.5275309
0.5701507
0.5048522
0.6091138
0.7533829
0.6187426
0.4676956
0.5132222
0.4821585
0.6196406
0.5769292
0.5029904
0.6138707
0.7209248
0.5777284
0.4700388
0.7716625
0.5976442
0.5053472
0.5240727
0.450782
0.6499085
0.6383278
0.6615513
0.6119043
0.6968524
0.6294553
0.4085727
0.5880685
0.6478028
0.7270522
0.7138556
0.6707235
0.7066506
0.7425726
0.6172594
0.6357161
0.5744338
0.6757941
0.6592475
0.60558
0.6625954
0.7003715
0.4511612
0.628781
0.626008
0.4887184
0.6983267
0.6479378
0.672117
0.6341304
0.5551248
0.5028473
0.6802053
0.6730434
0.8242517
0.5574244
0.6845561
0.5748378
0.5657155
0.7398924
0.6832021
0.6787269
0.6497465
0.7252278
0.6725927
0.5985467
0.6163964
0.6885348
0.6535465
0.8112861
0.5380842
0.8019353
0.6474332
0.6562926
0.5821848
0.5190967
0.6476874
0.7991351
0.7553622
0.7797297
0.5980836
0.7636889
0.6719068
0.6758765
0.7456269
0.6054024
0.5905286
0.8551637
0.6835234
0.7488474
0.5735182
0.7771506
0.6516996
0.6717083
0.6552224
0.8406605
0.8389118
0.734974
0.8326025
0.7895008
0.748535
0.7502119
0.937158
0.6988639
0.7598977
0.6865338
0.6811415
0.7739991
0.7540325
0.6937435
0.7621095
0.6907397
0.7131731
0.8042056
0.8310444
0.6587544
0.9259739
0.7822271
0.7081511
0.5973874
0.7585974
0.7035555
0.738752
0.8776314
0.7022182
0.7187278
0.9144484
0.7714086
0.7001039
0.8855209
0.685855
0.8723161
0.9323411
0.93157
0.8636412
0.9033921
0.7829092
0.8507198
0.9148503
0.864764
0.9211063
0.8820304
0.8538222
0.810954
0.8265522
0.872537
0.9491462
0.937496
0.7822046
0.7932628
0.8010741
0.7942125
0.8368698
0.8335448
0.7168047
0.8779025
0.8133767
0.9386803
0.9820782
0.9674793
0.9557316
0.8543094
0.9003304
0.84183
0.8535274
0.8053689
1.010257
0.872138
0.9093689
1.051927
0.9833019
0.8227964
0.8792039
1.038309
0.9185263
0.9901659
0.8962323
0.6958622
0.8856023
0.8679712
0.9462607
0.9893443
0.9921389
1.0529
1.05323
0.9274101
0.9513014
0.9652936
0.8401155
0.8586039
1.025549
1.00063
0.8766205
0.8576643
0.9369523
0.9777641
0.8784039
1.010269
1.050849
0.9323505
1.080613
1.106953
0.9151785
0.9035683
1.055393
1.060728
0.8788055
0.884161
0.9491534
0.8258188
1.001215
1.014826
0.9320662
0.8814533
1.070048
0.9103653
0.8922285
1.137822
1.048723
1.049228
1.177406
0.8630404
0.9609168
0.9546541
0.9674217