0.03326062
-0.9372949
-1.053811
-0.9393893
-1.062375
-0.9467975
-0.9849508
-1.015331
-1.12327
-1.013525
-0.9477085
-0.9522687
-1.008485
-0.9643641
-0.9415562
-0.9368114
-0.9484251
-0.856953
-0.9908749
-0.9671399
-1.012292
-0.962638
-0.8572637
-0.9295541
-1.110629
-0.8561764
-0.9085504
-0.9533057
-1.020804
-0.945377
-0.9232957
-0.8966229
-0.8897688
-0.9932932
-0.8750743
-0.8968707
-0.9060461
-0.8100745
-0.9142491
-0.9291999
-0.6813541
-0.7545383
-0.8482787
-0.9049332
-0.9887738
-0.7888853
-0.9768097
-0.9255699
-0.9307091
-0.9262669
-0.8189725
-1.019057
-1.032765
-0.6811993
-0.7659869
-0.7989706
-0.881153
-0.979065
-0.8531059
-0.8346753
-0.7031673
-0.8316998
-0.9680079
-0.9603349
-0.8826098
-0.8282803
-0.9631384
-0.8308817
-0.8564439
-0.8025234
-0.8074975
-0.6371884
-0.7526991
-0.9687529
-1.002623
-0.8408461
-0.7846946
-1.026719
-0.7334327
-0.8456875
-0.8369919
-0.8369742
-0.8937685
-0.8748821
-0.8269376
-0.8231909
-0.6594611
-0.8620028
-0.7798567
-0.9194043
-0.8325622
-0.8139179
-0.7295859
-0.8612721
-0.7391107
-0.7142329
-0.7045708
-0.8661387
-0.727133
-0.8373823
-0.8130794
-0.7507822
-0.7855239
-0.8887253
-0.8917623
-0.9093282
-0.7287478
-0.7208879
-0.8936455
-0.7121302
-0.8722393
-0.7898862
-0.7713165
-0.7322193
-0.6993555
-0.7825152
-0.6798219
-0.6972293
-0.8884804
-0.7335573
-0.8297736
-0.7273435
-0.8604773
-0.818882
-0.7190925
-0.6040885
-0.7239236
-0.9212384
-0.7182239
-0.7279173
-0.7037438
-0.573987
-0.7351164
-0.8224854
-0.7597452
-0.7740007
-0.706001
-0.5147892
-0.5123485
-0.7082179
-0.7795436
-0.6683185
-0.7828225
-0.7872851
-0.7853967
-0.7265656
-0.6032325
-0.6853591
-0.6452105
-0.6831049
-0.6844642
-0.6953751
-0.7083788
-0.6460261
-0.7341027
-0.655609
-0.7581111
-0.6623465
-0.6037269
-0.5608261
-0.6276099
-0.5724007
-0.5784595
-0.6320032
-0.6670651
-0.667201
-0.6373901
-0.6486255
-0.8293206
-0.585482
-0.6541947
-0.6115564
-0.6730727
-0.6817115
-0.6058057
-0.7554153
-0.6832773
-0.751687
-0.660181
-0.8146519
-0.4994854
-0.6767979
-0.5844113
-0.7001601
-0.5806046
-0.5466175
-0.5205793
-0.6247919
-0.6673836
-0.593499
-0.6530252
-0.5791728
-0.6367555
-0.674332
-0.6633798
-0.5227821
-0.566812
-0.5353099
-0.5004883
-0.4997707
-0.6280621
-0.5522166
-0.6528709
-0.52845
-0.6239433
-0.7372048
-0.632887
-0.7761351
-0.4791211
-0.4816996
-0.5667161
-0.568131
-0.5667604
-0.5288957
-0.6432569
-0.597091
-0.5136826
-0.5378834
-0.5699696
-0.66482
-0.3781887
-0.5505902
-0.5778804
-0.5413411
-0.610795
-0.5449357
-0.5599097
-0.7304984
-0.4954949
-0.515747
-0.5575176
-0.5497255
-0.5211613
-0.4901342
-0.668926
-0.5157548
-0.7033221
-0.4849753
-0.5479796
-0.641815
-0.6630121
-0.5333826
-0.5119947
-0.5029011
-0.6152004
-0.6177428
-0.4561115
-0.4737816
-0.5381215
-0.3885036
-0.4474815
-0.5183994
-0.6644039
-0.4925062
-0.525078
-0.4621982
-0.4656367
-0.6373332
-0.5152786
-0.4537544
-0.4517195
-0.5263886
-0.6039133
-0.5063188
-0.2730858
-0.431746
-0.4309283
-0.4898292
-0.4869672
-0.4087335
-0.361147
-0.3293065
-0.4210039
-0.6276836
-0.6019186
-0.406461
-0.4381037
-0.5068959
-0.3929973
-0.3791731
-0.5470189
-0.4265922
-0.5345398
-0.3668754
-0.5155698
-0.6062607
-0.3175026
-0.4339648
-0.3507006
-0.4756878
-0.2928748
-0.4222068
-0.5445026
-0.354207
-0.3262207
-0.4221138
-0.4454058
-0.5455024
-0.3440632
-0.356626
-0.4064845
-0.4625083
-0.4428864
-0.4667791
-0.4079667
-0.4257006
-0.3146478
-0.4936835
-0.4620263
-0.4300281
-0.3137622
-0.4961622
-0.389605
-0.4570012
-0.4363372
-0.3282844
-0.4200594
-0.5205756
-0.2275784
-0.3441811
-0.3069959
-0.2912818
-0.4247806
-0.366246
-0.3158705
-0.509323
-0.4945525
-0.2410342
-0.2681587
-0.2751784
-0.2926489
-0.346358
-0.3318327
-0.3236161
-0.1664075
-0.3793136
-0.4667294
-0.223697
-0.3128708
-0.3193948
-0.3053501
-0.3749943
-0.3992847
-0.4201641
-0.3107307
-0.2677551
-0.3158509
-0.195577
-0.2262112
-0.3448737
-0.3535515
-0.3460534
-0.3578159
-0.2772052
-0.228911
-0.2289652
-0.2425137
-0.254016
-0.3152631
-0.2880544
-0.2677638
-0.2354515
-0.2856463
-0.391461
-0.2952447
-0.1601007
-0.2600936
-0.3317493
-0.2379064
-0.4187499
-0.180692
-0.2490369
-0.2278085
-0.3786196
-0.4234317
-0.265857
-0.2519248
-0.2628085
-0.2744181
-0.226329
-0.05970249
-0.1401461
-0.4193878
-0.2929951
-0.3679082
-0.2814643
-0.111751
-0.2065802
-0.2784484
-0.2326338
-0.2289021
-0.1218707
-0.1811566
-0.1907116
-0.3848404
-0.3690295
-0.3151286
-0.2990903
-0.1770848
-0.2278604
-0.1009865
-0.05078922
-0.2543616
-0.3430509
-0.1200717
-0.170387
-0.1361321
-0.1589236
-0.144563
-0.09223409
-0.1858425
-0.07714886
-0.1590705
-0.1533017
-0.1530289
-0.1383061
-0.1788963
-0.1371129
-0.02997646
-0.2144081
-0.1340518
-0.3064761
-0.1998
-0.1620252
-0.1738004
-0.04733432
-0.1286936
-0.1621053
-0.06367274
-0.08154644
-0.1035737
-0.07333731
-0.2183087
-0.02844568
-0.0956538
0.005149897
-0.1217981
-0.1017561
-0.1725832
-0.08704571
-0.08330507
-0.1872651
-0.2925355
-0.166177
-0.2144986
-0.1958841
-0.2236436
-0.2212372
-0.0852686
-0.0202692
0.003400852
-0.1418301
-0.1896206
-0.08483494
-0.08913126
0.02060146
0.01838285
-0.142947
-0.01426735
-0.09087485
-0.07351529
-0.1203677
-0.1852915
-0.03224939
-0.03191591
-0.1052573
-0.1647298
-0.002714572
-0.1493634
-0.06059875
-0.04583597
-0.0999431
0.0851793
-0.1439678
0.003429402
-0.05851235
-0.1487167
-0.07345298
-0.07183527
0.01039363
-0.07119244
0.07546477
-0.05225482
-0.08412724
-0.04622716
-0.1454029
0.0878178
-0.02056152
0.1075454
-0.09289703
-0.06247003
-0.02670972
0.06618637
-0.04187245
0.03822963
0.09370903
-0.0891246
-0.08842958
0.03741333
-0.01733076
-0.09923533
-0.1855537
0.066554
-0.01811021
-0.09751774
0.09110633
0.007776587
0.225449
0.1480734
-0.1251527
0.04418377
-0.07690846
0.1024789
-0.02384531
0.09186003
0.09687713
0.06501909
0.2141548
0.136087
-0.05859583
0.01227569
-0.09058667
-0.01142058
0.116953
0.2145823
0.06766105
-0.08405633
-0.06084704
0.1738148
0.05395749
0.1474972
0.01647196
-0.006727532
0.1753111
0.08367888
0.1447945
0.02562162
-0.03204885
-0.02338812
0.2551806
-0.1029415
0.05452832
0.1140828
0.02707134
0.1186533
-0.03822085
0.2182303
0.04544954
0.1111403
0.1301796
0.02245268
0.1287296
0.05026853
-0.0112736
0.155533
0.1767013
0.1143363
0.1127159
0.1388064
0.2552273
0.2001424
0.1385221
0.08195334
0.1467307
0.01446029
0.1603517
0.07651403
-0.04269616
0.09002479
0.2148071
0.09254669
0.1253957
0.09917598
0.08764451
0.1445536
0.1219928
0.06818014
0.01992581
0.1196238
0.1607261
0.1706612
0.319448
0.2375346
0.1588147
0.2506863
0.2000256
0.11938
0.1743739
0.1244781
0.1504326
0.2532383
0.1327095
0.2420898
0.1457742
0.2102581
0.2238857
0.02576818
0.224821
0.2469078
0.3112336
0.2801762
0.3563429
0.0970262
0.2902624
0.1432355
0.2972161
0.1108856
0.3094085
0.2213378
0.3158226
0.2941268
0.2212538
0.2552951
0.2613661
0.3388684
0.3225572
0.3219951
0.1932453
0.2989692
0.2304703
-0.02849371
0.1880623
0.1844917
0.1850182
0.2816226
0.3036613
0.2689748
0.351542
0.2432161
0.3345482
0.265249
0.2056165
0.08845796
0.3592384
0.1712164
0.4365995
0.2930061
0.1907936
0.3401507
0.2221229
0.3035089
0.3817582
0.3155227
0.3271657
0.3956107
0.3825647
0.2055805
0.121163
0.2792184
0.1215024
0.249564
0.2811358
0.361364
0.2689212
0.3375155
0.2748715
0.2376387
0.2978062
0.2753308
0.2532256
0.4306728
0.1501489
0.3026825
0.3523414
0.3323525
0.3968859
0.2185765
0.3701012
0.264409
0.321289
0.2645696
0.3399561
0.2277664
0.2999861
0.2737625
0.432277
0.4623811
0.3507784
0.4232308
0.3929451
0.5191688
0.2439594
0.306917
0.3340842
0.3747013
0.3718791
0.3572003
0.385903
0.2700245
0.3575929
0.4228087
0.4043723
0.3784272
0.5912204
0.3779696
0.3299338
0.3870713
0.4498012
0.3775136
0.5208532
0.381763
0.4911912
0.2899456
0.3824184
0.4454423
0.3475748
0.4188445
0.2799093
0.3196432
0.3379556
0.4235709
0.440544
0.5834393
0.4961189
0.5426767
0.2765875
0.3548164
0.4875921
0.4133039
0.4162992
0.5009838
0.5241783
0.4338605
0.5865981
0.3835427
0.4524509
0.4346032
0.3083431
0.5092053
0.3896488
0.570135
0.5767337
0.3248469
0.2775544
0.5135488
0.4932963
0.3872221
0.5137263
0.6224156
0.470167
0.399262
0.5359806
0.5604034
0.3733706
0.5202117
0.5612407
0.3414239
0.5617354
0.6844065
0.449146
0.4934769
0.5353868
0.6682152
0.4835116
0.3490424
0.5963195
0.6116832
0.6364742
0.5404888
0.7355705
0.5188695
0.497162
0.567893
0.5807392
0.4949999
0.5254767
0.4103729
0.4876488
0.5883499
0.6221081
0.507061
0.548392
0.5057725
0.6500195
0.611015
0.5947784
0.5813719
0.492107
0.572613
0.5651963
0.4638719
0.5066683
0.4282283
0.4952306
0.7197208
0.5959821
0.5046729
0.5872427
0.6274854
0.6498714
0.560623
0.5524721
0.6497173
0.5335179
0.4963764
0.6424585
0.5117013
0.5170684
0.4422056
0.633504
0.571685
0.6104179
0.522503
0.6320603
0.7199444
0.6546755
0.6159066
0.6322572
0.5268521
0.7179162
0.6641308
0.5318507
0.6609328
0.57571
0.7393155
0.6099194
0.6816181
0.7377048
0.6897062
0.6173518
0.6985728
0.5507569
0.5382349
0.6433791
0.734112
0.7458952
0.6433587
0.7321294
0.6267874
0.6850089
0.6649233
0.5720265
0.6701997
0.5179432
0.741463
0.7262999
0.7450451
0.7546591
0.7983304
0.7190258
0.5717628
0.7545822
0.6647082
0.7474096
0.7451839
0.7165146
0.6651272
0.5597895
0.4965022
0.6799019
0.7343383
0.7473737
0.7393418
0.7739455
0.6540208
0.6723433
0.7824114
0.6908375
0.6308618
0.6672366
0.7827046
0.7867029
0.631618
0.7735901
0.7224344
0.6435307
0.6522504
0.8128879
0.7124269
0.8244873
0.8946303
0.6879496
0.7103751
0.7699122
0.7440465
0.5996811
0.8452692
0.6846517
0.6909755
0.737927
0.9837367
0.7660359
0.7339017
0.8053046
0.792046
0.7178475
0.8716375
0.7972621
0.7789385
0.5999138
0.644365
0.8054489
0.8041681
0.8803591
0.8149412
0.765255
0.8545673
0.9328695
0.8132177
0.7160787
0.9049244
0.7726793
0.7112332
0.8696912
0.6541962
0.7831214
0.7644745
0.7870121
0.7849373
0.7803154
0.8166677
0.8614285
0.7503702
0.7940935
0.8669128
0.7388012
0.8410789
0.7855986
0.8931594
0.8806974
1.054091
0.9438303
0.8186665
0.8887018
0.8701084
0.8882063
0.8020559
0.9498322
0.9847449
0.8383934
0.8922677
0.7482524
0.7706797
0.7272766
0.888634
0.7349184
0.9452345
0.9288901
0.9088539
0.9042537
0.9918257
0.865524
0.8611988
0.9929667
0.8581963
1.032022
1.001743
0.7474804
0.9280524
1.005988
0.8605565
0.8331473
0.7714815
0.8509714
1.00512
0.7694792
0.8908195
0.8604474
0.7016438
0.8984436
0.9379306
0.9104583
1.101488
1.028204
0.9481274
0.9789413
0.900454
1.016312
0.9690449
0.9077668
0.986621
0.9831102
0.9658821
0.9523941
0.808947
0.992372
0.8198279
1.027047
0.9200748
1.012004
0.8456135
0.9614505
1.000077
0.8973968
0.8855884
1.060656
0.9882031
1.039615
1.005007
1.009412
0.9136582
1.07645
0.9382353
1.060193
1.001501
0.9144177
1.045796
1.077604
0.9448292
0.8933012
0.8405084