-0.0367303
-0.9571285
-0.952977
-0.9753495
-1.064241
-0.9193592
-0.8720501
-0.967445
-0.8756356
-0.9859539
-1.101186
-1.065587
-1.095209
-0.946098
-0.8861938
-1.006165
-0.9728274
-0.9560683
-1.019058
-0.9254232
-1.105011
-1.091515
-0.9688439
-1.087736
-0.9443531
-0.7820954
-0.949333
-1.105792
-0.9165246
-0.9636076
-1.009569
-0.90277
-0.8500389
-0.9809253
-0.9539231
-1.058971
-0.9904602
-1.077226
-0.8613643
-0.8907398
-0.7531114
-0.8491176
-0.9483625
-0.9618687
-1.001702
-0.8810646
-1.004482
-0.9625603
-1.036079
-0.8843118
-0.9106486
-0.8018322
-0.9291102
-0.8759713
-0.9193995
-0.9408103
-1.035609
-0.9238289
-0.7835374
-0.8458434
-0.8318197
-0.9036575
-0.9792073
-0.8447988
-0.777819
-0.8787075
-0.8560649
-0.9398358
-0.9400858
-0.8830192
-0.7844559
-0.7924753
-0.8037672
-0.8990771
-0.7370503
-0.7964661
-0.8588499
-0.8448661
-0.8027386
-0.9030025
-0.8804943
-0.7650996
-0.7822023
-0.7730853
-0.7158117
-0.9511761
-0.8249262
-0.8265277
-0.885046
-0.6757888
-0.7056224
-0.9620319
-0.7910461
-0.8482584
-0.9135575
-0.6746128
-0.6827393
-0.9139704
-0.7326389
-0.7879149
-0.7305518
-0.9293114
-0.7909847
-0.8684705
-0.7544663
-0.8390734
-0.8401801
-0.8894916
-0.9168868
-0.7526964
-0.7881201
-0.7578062
-0.72452
-0.8386177
-0.6946847
-0.8916486
-0.5579365
-0.9309408
-0.8916146
-0.7805975
-0.7301428
-0.8184851
-0.6947685
-0.8928872
-0.7821475
-0.8930592
-0.7847485
-0.7107745
-0.7379806
-0.8915428
-0.8502795
-0.6206691
-0.6509351
-0.8289476
-0.6360107
-0.8601312
-0.7765049
-0.7924425
-0.6152729
-0.6973867
-0.7132047
-0.8694683
-0.7112976
-0.5395565
-0.7268055
-0.708661
-0.7672627
-0.7840238
-0.6175923
-0.5695852
-0.7066937
-0.7226965
-0.6696161
-0.6971076
-0.6613547
-0.6042132
-0.6910772
-0.8121691
-0.629557
-0.6489267
-0.7558733
-0.5972964
-0.7524129
-0.5857978
-0.6446005
-0.6635784
-0.6363104
-0.7591435
-0.6009594
-0.6631499
-0.6264238
-0.517975
-0.4888785
-0.6213088
-0.7935666
-0.511444
-0.6793519
-0.6899624
-0.5808066
-0.8182022
-0.7786184
-0.622118
-0.7119925
-0.6472804
-0.7483547
-0.7114094
-0.5873135
-0.7830289
-0.6002872
-0.6486922
-0.7273881
-0.5585064
-0.4785562
-0.5345281
-0.5918888
-0.6794533
-0.6414141
-0.6885503
-0.7144446
-0.5942415
-0.616194
-0.5909584
-0.513796
-0.5162433
-0.6280088
-0.5285568
-0.6184558
-0.5088108
-0.6459273
-0.4762795
-0.5802962
-0.6606283
-0.6059134
-0.5253068
-0.6549693
-0.5459431
-0.601005
-0.4456287
-0.4725109
-0.7215709
-0.6516998
-0.630395
-0.5957542
-0.5758608
-0.532984
-0.4456079
-0.4213369
-0.6886013
-0.7031331
-0.5532073
-0.5863532
-0.5066235
-0.3716964
-0.630025
-0.5596121
-0.4000188
-0.5043975
-0.4125239
-0.4932549
-0.3796139
-0.6700853
-0.4891791
-0.5712049
-0.4370155
-0.4602969
-0.4801803
-0.380543
-0.5043158
-0.6001302
-0.5411979
-0.5092059
-0.4057763
-0.493092
-0.387566
-0.6824746
-0.5261021
-0.5535175
-0.4295929
-0.3453366
-0.4854442
-0.4483667
-0.5003355
-0.3710227
-0.4789525
-0.3166037
-0.5126346
-0.4317947
-0.5168971
-0.578065
-0.4322625
-0.4383437
-0.4907377
-0.5240082
-0.5070678
-0.3689641
-0.3573094
-0.4505845
-0.4902255
-0.3804346
-0.5627169
-0.379981
-0.4845674
-0.3838835
-0.4018578
-0.5028391
-0.4380049
-0.4735766
-0.5256509
-0.3741676
-0.2661578
-0.4177867
-0.3552168
-0.5319164
-0.3096481
-0.4295066
-0.6320149
-0.3165692
-0.497788
-0.4336103
-0.3113185
-0.4960616
-0.2851184
-0.2950912
-0.3436718
-0.4127978
-0.2772308
-0.3367298
-0.557566
-0.1823203
-0.3431678
-0.2666053
-0.3032907
-0.4188337
-0.4546268
-0.3285498
-0.3380403
-0.3270041
-0.2802578
-0.4451403
-0.3078478
-0.3671577
-0.3233479
-0.3748664
-0.4424491
-0.3339534
-0.2680714
-0.3360121
-0.4569256
-0.3799152
-0.3400911
-0.5132053
-0.4249265
-0.3163626
-0.3624255
-0.2973507
-0.3399312
-0.2995356
-0.3328258
-0.3037919
-0.393413
-0.3614345
-0.2787477
-0.2139735
-0.3476475
-0.368851
-0.3115693
-0.3716605
-0.2966738
-0.274462
-0.4117371
-0.3647139
-0.2779403
-0.2649516
-0.2158998
-0.4867447
-0.05138612
-0.04919363
-0.2090312
-0.1893459
-0.3318623
-0.3141407
-0.2644382
-0.3215307
-0.407654
-0.2356726
-0.2432851
-0.3466395
-0.381442
-0.1626021
-0.2788003
-0.2279401
-0.2659333
-0.3247253
-0.233083
-0.3718235
-0.2394575
-0.3848879
-0.4040922
-0.2230779
-0.2683825
-0.07890757
-0.3412175
-0.2850125
-0.3178618
-0.3325907
-0.1937823
-0.3108249
-0.3626157
-0.2268069
-0.2033838
-0.1903884
-0.297568
-0.2567597
-0.281168
-0.4110818
-0.2319618
-0.1996036
-0.2074991
-0.1151597
-0.3628131
-0.217536
-0.1200471
-0.1582741
-0.154691
-0.1589694
-0.2048804
-0.2107888
-0.2099961
-0.1168335
-0.2898941
-0.1746829
-0.1565146
-0.1950724
-0.1005745
-0.07557301
-0.09339369
-0.302799
-0.387385
-0.1921689
-0.2367646
0.03705614
-0.2015052
-0.1804323
-0.1239358
-0.2196616
-0.06989505
-0.2122144
-0.155905
-0.1424277
-0.05681333
-0.08427621
-0.09773758
-0.02832609
-0.04518
-0.1153354
-0.09893246
-0.2562192
-0.3398356
-0.107304
-0.2502252
0.04094628
-0.07962838
-0.2395526
-0.1171866
-0.148564
-0.1880811
-0.2638832
-0.1443268
-0.06260295
-0.01281391
-0.1536814
-0.1201427
-0.08214929
-0.1502474
-0.1830948
-0.06874644
-0.1557476
-0.02523603
-0.09607111
-0.1013338
-0.1926744
-0.006881354
0.01570603
0.01828868
-0.02176149
-0.0967103
-0.0521593
-0.0004975883
-0.001697934
-0.14814
-0.09353312
0.0347849
-0.1049123
-0.02902348
-0.08154096
-0.0937866
-0.05321555
0.00220695
-0.09264888
-0.01499366
-0.1142319
-0.1013169
0.05551269
0.08632623
0.01148
0.01038729
-0.1032146
-0.117372
0.04595614
-0.06762117
-0.08644106
-0.005629063
-0.1447502
0.1801133
-0.04953491
-0.04932643
0.01038474
-0.02668436
0.08137507
-0.1162647
-0.0296562
0.06808426
-0.04624967
0.07567921
-0.02664332
0.0008063603
-0.01905621
-0.1371845
0.01955595
0.02650461
0.08547863
-0.05636086
-0.03028821
0.06050328
-0.0144286
0.07997505
0.06014554
0.0414201
0.007369062
-0.08180772
-0.01995622
0.1902963
0.01807974
-0.02198065
0.2790018
0.04125821
0.01476565
-0.01124599
0.1406228
-0.03882155
0.1605521
0.1280289
0.08379857
0.1878412
0.07683717
-0.02286561
0.0005195697
0.1926906
0.142214
0.08998487
0.09580125
-0.006937583
0.05401181
0.06409847
0.1252077
0.09814843
0.08141581
0.1081297
0.2767628
0.08886646
0.1480097
0.06415734
0.0027229
0.1926369
0.05728077
0.1591914
0.2091482
0.1977886
0.07857903
0.1032946
0.1368919
0.1496847
0.1031081
0.199096
0.0374129
-0.05241156
0.1630934
0.1133977
0.1729934
0.1592419
0.2147137
0.170893
0.2316135
0.08750622
0.08812262
0.2082979
0.1200638
0.1615802
0.2485608
0.2380099
0.1537782
0.1835806
0.2127484
0.3063477
0.09106495
-0.01257121
0.1300156
0.07891524
0.2132594
0.2785132
0.3160869
0.2808264
0.05246966
0.210665
0.2350411
0.2926557
0.2211459
0.1414762
0.2644669
0.07327731
0.1845389
0.2074959
0.3023759
0.1763525
0.1030805
0.183231
0.249806
0.1913644
0.3010213
0.192434
0.2801349
0.2807147
0.1959244
0.2653211
0.1741771
0.2269165
0.3194593
0.1763041
0.282365
0.07766388
0.2452704
0.1982935
0.1740987
0.2508357
0.2166433
0.2998177
0.2872918
0.1945613
0.1350118
0.2656087
0.3310826
0.0482972
0.1197938
0.4454193
0.2855605
0.05951694
0.2084468
0.4127846
0.2790655
0.2780627
0.356163
0.2957143
0.312967
0.2932088
0.3118956
0.2552719
0.3019025
0.2542183
0.3268198
0.3441628
0.3696284
0.3031453
0.3229652
0.4026419
0.3210473
0.3207217
0.2546294
0.2619068
0.2946894
0.2314365
0.3128297
0.311659
0.3417504
0.182957
0.3931302
0.4130915
0.2431583
0.2964684
0.3715319
0.2666784
0.4594865
0.3404517
0.1879663
0.3581962
0.4564474
0.4166501
0.3361259
0.1946945
0.3923047
0.2487708
0.3997371
0.2435569
0.3414198
0.3125131
0.3461903
0.4463046
0.4752691
0.379397
0.5486371
0.4619618
0.4371352
0.4087407
0.3097945
0.5639351
0.2277732
0.3990947
0.2718568
0.275761
0.3439919
0.3797131
0.4321266
0.3492169
0.4807085
0.3896678
0.402689
0.3129456
0.4569311
0.387576
0.4473547
0.3794276
0.6200557
0.4192268
0.5505075
0.3675911
0.3507834
0.3767406
0.4000886
0.4958649
0.4191169
0.2832404
0.354276
0.4481204
0.5450429
0.4669456
0.6090632
0.4001842
0.3224003
0.4614917
0.4362797
0.463336
0.51352
0.5201712
0.3787792
0.5077754
0.5886403
0.3770887
0.5079634
0.5514086
0.4511942
0.3915697
0.4035757
0.5822356
0.3477055
0.5698497
0.516916
0.5737691
0.5062167
0.5764642
0.3637484
0.4324203
0.4337506
0.5786153
0.5649731
0.3811114
0.5462094
0.4324356
0.6292928
0.6338553
0.4832775
0.5623864
0.4384387
0.5986209
0.5509132
0.5031257
0.4118332
0.4996284
0.445972
0.5677268
0.5321625
0.539977
0.523445
0.5927236
0.602348
0.4789431
0.6641393
0.6958965
0.5260064
0.5829502
0.4196662
0.6120091
0.5144567
0.6025137
0.4648072
0.4852255
0.6886505
0.5146524
0.5175318
0.5844552
0.6470624
0.5437211
0.5511684
0.4566886
0.4086913
0.5971194
0.5654851
0.4943153
0.6629472
0.6073527
0.621968
0.6159362
0.5388487
0.5939252
0.5608143
0.6502538
0.7030077
0.5748336
0.704237
0.6450867
0.5445431
0.5129309
0.6410217
0.725474
0.5739366
0.6262714
0.5964303
0.6496418
0.4237195
0.5671032
0.7028515
0.4956167
0.7208379
0.5990276
0.7491461
0.7366472
0.647449
0.7007439
0.7491517
0.6103559
0.7683468
0.5923164
0.5768889
0.6083266
0.678272
0.5468998
0.5865276
0.840467
0.5831476
0.6873688
0.6453907
0.864087
0.70564
0.6372519
0.6499527
0.7546572
0.6866253
0.7068911
0.7303972
0.6642487
0.6757942
0.6269905
0.7714154
0.7706239
0.7346929
0.6356227
0.7055064
0.6382617
0.6887178
0.7307926
0.7720045
0.7716439
0.6931021
0.7966073
0.7013301
0.6291972
0.7714501
0.603087
0.8124484
0.7209249
0.7467874
0.752495
0.670372
0.7414338
0.7198418
0.6720771
0.7438808
0.7603915
0.7846986
0.8182548
0.6623912
0.720985
0.6907885
0.6550076
0.8170723
0.8617631
0.8511238
0.6846101
0.8400741
0.8889079
0.7952145
0.8515387
0.7354374
0.7840608
0.8105202
0.7681576
0.8253981
0.8957799
0.7801475
0.7168768
0.9698288
0.7624481
0.8257855
0.7931286
0.8128311
0.818933
0.7870994
0.7724164
0.7936305
0.8737183
0.791105
0.7655447
0.8127862
0.8919932
0.9665015
0.8745883
0.7895492
0.7244789
0.9384939
0.90415
0.8793237
0.8970749
0.8535553
0.9374915
0.8884122
0.8965872
0.928053
0.6466067
0.9343155
0.8756982
0.8601702
0.7773928
0.8085546
0.8252686
0.8683842
0.9837146
0.9428568
0.8545748
0.8380396
0.7993264
0.7848823
0.9156697
0.8610525
0.8462822
0.8387933
0.6319684
0.9275865
0.8501116
0.830894
0.8806105
1.031422
0.893488
0.8748839
0.8275513
1.062204
0.8865249
0.9000026
1.041786
1.081407
0.8159593
1.018258
0.8942461
1.063547
1.081763
0.8942198
0.8785807
0.8409192
0.8850285
0.9119545
0.7986133
0.9044878
0.9994177
1.060206
0.9707205
1.034238
0.95317
0.8744813
0.8661309
0.7656693
0.9583378
0.933273
0.8558435
1.052542
0.8179232
0.990963
0.9572919
0.895856
1.034888
1.099834
0.9884705
0.981618
1.077121
0.9107576
0.951197
1.011738
1.019948
1.022118
1.021482
0.7762771
1.055002
0.9123314
1.007471
1.005526