-0.02392835
-1.107807
-0.9667858
-1.05002
-0.933084
-0.9352726
-0.8721798
-0.9125811
-0.9765974
-1.152505
-0.9358475
-0.926032
-0.9833777
-0.9734762
-0.873407
-1.040276
-0.9828574
-0.7455737
-1.001836
-1.018838
-0.9669301
-0.7857177
-0.901732
-0.9907376
-0.8721985
-0.920061
-0.9926554
-0.933552
-0.9429668
-0.9317321
-0.7835905
-0.9120339
-0.8045069
-1.028023
-0.9538875
-0.8546571
-0.9801798
-0.9215046
-0.9992234
-0.8590595
-0.8635973
-0.937162
-0.9237567
-1.087821
-0.9818156
-0.9917334
-0.9757131
-1.059332
-0.9506654
-0.8697807
-0.9062222
-0.9560078
-1.002631
-0.8781062
-0.9047342
-0.9589027
-0.8285221
-0.8122383
-0.9069508
-0.9159756
-0.8768163
-0.918705
-1.036732
-1.019537
-0.8048901
-0.8627595
-0.8641156
-0.8940541
-0.7154026
-0.951154
-0.9086894
-0.9622791
-0.9445305
-0.95187
-0.9855612
-0.8264272
-0.9060394
-0.8915258
-0.7313405
-0.8398288
-0.789566
-0.8874806
-0.8146046
-0.9268212
-0.9429312
-0.9752781
-0.8479658
-0.7704171
-0.8120504
-0.7889472
-0.908721
-0.9503303
-0.7395033
-0.9084098
-0.7777076
-0.900748
-0.7744362
-0.7645244
-0.9134807
-0.7740594
-0.8252909
-0.7656205
-0.7998148
-0.7962067
-0.7163417
-0.7482085
-0.8544376
-0.5738357
-0.7397102
-0.7936968
-0.8924476
-0.805096
-0.8249582
-0.7709218
-0.5445608
-0.8203364
-0.7822165
-0.7479114
-0.7907453
-0.653704
-0.8658622
-0.7042259
-0.8983738
-0.6830288
-0.6773634
-0.8198931
-0.7992924
-0.7795652
-0.7706986
-0.8351105
-0.8148893
-0.7406258
-0.8373685
-0.6214493
-0.7432061
-0.8132718
-0.8022343
-0.6887248
-0.7472589
-0.8131013
-0.6966363
-0.7632144
-0.7421695
-0.4941317
-0.8109833
-0.6598685
-0.7464197
-0.4879819
-0.6392307
-0.6531713
-0.7056134
-0.6076733
-0.6599073
-0.6417239
-0.7172502
-0.7697034
-0.6582523
-0.6940677
-0.5821839
-0.7934412
-0.7301589
-0.6322727
-0.5669854
-0.5963028
-0.6205336
-0.7039516
-0.7122281
-0.6867967
-0.7130589
-0.6299551
-0.5878831
-0.6721099
-0.6191384
-0.476143
-0.7508068
-0.5515065
-0.7954885
-0.6041094
-0.7690192
-0.5874534
-0.5689592
-0.6192266
-0.6452131
-0.5803467
-0.590526
-0.6079821
-0.7282605
-0.6650159
-0.5716335
-0.5461361
-0.7563095
-0.6358663
-0.7285958
-0.5742581
-0.6000778
-0.6193764
-0.5417244
-0.6377445
-0.6342227
-0.4654842
-0.5554972
-0.7826969
-0.6142107
-0.6191042
-0.6543707
-0.6511391
-0.5756927
-0.4172178
-0.603061
-0.4176758
-0.4938349
-0.5781148
-0.4892409
-0.4921089
-0.6169684
-0.6003671
-0.5580436
-0.6721538
-0.512092
-0.6456944
-0.6001293
-0.55276
-0.6697091
-0.6922148
-0.4248835
-0.6318948
-0.5818235
-0.379575
-0.4924768
-0.5825704
-0.577312
-0.3922104
-0.6048983
-0.4978877
-0.5963388
-0.6315508
-0.4869773
-0.4725493
-0.5473854
-0.4729354
-0.5132594
-0.4652537
-0.5388478
-0.5719638
-0.4343014
-0.5723378
-0.5959072
-0.5039326
-0.5706658
-0.6388175
-0.5236757
-0.3488716
-0.6663155
-0.3488619
-0.5384227
-0.5426668
-0.5052296
-0.4565058
-0.4603947
-0.4050787
-0.3684687
-0.4725253
-0.6177695
-0.4714428
-0.495773
-0.5645467
-0.3862506
-0.3901515
-0.4304649
-0.497948
-0.4011803
-0.3380879
-0.4677489
-0.4128777
-0.2943661
-0.3448584
-0.4478166
-0.4670898
-0.4006842
-0.5230072
-0.4509726
-0.3861026
-0.3541522
-0.4697188
-0.5221297
-0.3405792
-0.4724846
-0.5403126
-0.2783184
-0.5600972
-0.4468022
-0.3498349
-0.4420431
-0.3677087
-0.4152222
-0.3724027
-0.3985775
-0.5377987
-0.3628514
-0.4120826
-0.6081687
-0.5328117
-0.39137
-0.5175096
-0.4896057
-0.4514411
-0.3499369
-0.3030616
-0.4349841
-0.4517671
-0.5021362
-0.5711349
-0.3760657
-0.3742707
-0.3394684
-0.4625702
-0.4692592
-0.3284614
-0.4198974
-0.4040493
-0.4402839
-0.3640646
-0.3568247
-0.2397095
-0.3668244
-0.3888237
-0.4186258
-0.3827862
-0.4314111
-0.2931951
-0.3872322
-0.4070865
-0.3471349
-0.3570608
-0.3711195
-0.179342
-0.165768
-0.1797152
-0.3647151
-0.4035422
-0.3506762
-0.3376984
-0.311673
-0.3092819
-0.3969182
-0.3455329
-0.2717424
-0.2694762
-0.3448639
-0.2486201
-0.2509583
-0.215224
-0.2854029
-0.2825557
-0.2208973
-0.3663336
-0.2463584
-0.2135561
-0.3899288
-0.1835524
-0.3454655
-0.2293971
-0.3079654
-0.2478878
-0.1945569
-0.2739778
-0.3580969
-0.4247961
-0.4161771
-0.2641924
-0.214833
-0.2006562
-0.3160219
-0.3874348
-0.1282744
-0.3619814
-0.2705095
-0.2286369
-0.1503776
-0.3324432
-0.1315076
-0.1352743
-0.2783045
-0.438461
-0.3810179
-0.08968275
-0.1731905
-0.1943319
-0.2122841
-0.1710849
-0.3535478
-0.3270241
-0.3336597
-0.3154416
-0.3260543
-0.1394315
-0.284684
-0.2347872
-0.1525623
-0.2245473
-0.3005343
-0.002992554
-0.05747983
-0.3713195
-0.3351076
-0.2132616
-0.2358012
-0.1596563
-0.01460964
-0.2044524
-0.1324977
-0.2937791
-0.1573452
-0.2402041
-0.1382309
-0.1060007
-0.1529945
-0.2913874
-0.2454291
-0.1611208
-0.1335258
-0.1755304
-0.09577382
-0.1831047
-0.03959
-0.3545549
-0.1351486
-0.05053058
-0.167172
-0.06964515
-0.2087345
-0.1882513
-0.08109688
-0.1264895
-0.1546897
-0.2029402
-0.06806551
-0.2231421
-0.104149
-0.2520553
-0.188223
-0.1596526
-0.1573239
-0.05869905
-0.1578655
-0.06643045
-0.2925852
-0.2473976
-0.1352449
-0.07297469
-0.2027288
-0.0590438
-0.01910559
-0.2154541
0.0385269
-0.2112119
-0.004069947
-0.01965678
0.02396939
-0.3123495
-0.0670026
-0.06578848
-0.15064
-0.03894535
-0.1227421
0.05505399
-0.1179833
-0.1558003
-0.03369518
-0.02747099
-0.01679239
-0.1022171
-0.1170474
-0.05811576
-0.04791547
-0.01185085
-0.1618763
-0.0416291
-0.003505885
-0.03037638
-0.0686552
-0.06229772
0.02901531
0.04838879
-0.03739767
-0.07045955
0.003467241
-0.1931961
-0.02633156
0.04199543
-0.1180169
0.08620826
0.02141651
0.03001978
-0.1350351
-0.08924558
0.02840326
-0.1822655
-0.03507378
0.0165887
-0.1144793
0.006454524
0.143855
-0.007336419
-0.0434192
0.09792634
-0.006463084
0.03263939
0.02384027
0.003647774
0.01106617
-0.02559924
0.01048103
-0.005892118
0.09141757
0.1172484
0.006671998
0.03954129
0.02179877
0.06205112
0.1079151
-0.07218762
0.1519134
0.02865203
0.006400709
0.1408086
0.01941439
-0.09265115
-0.07527836
0.06046425
-0.01846532
0.2251699
0.1073107
0.09736296
0.1698099
0.1640053
0.02961305
-0.045424
0.09248934
0.1523112
0.03879429
0.1105799
0.08289094
0.01322288
0.135539
0.02614142
0.1277696
-0.007773743
0.1866424
0.03245925
0.2507398
0.1489851
0.1222558
0.006057452
0.1641977
0.230272
0.1222532
0.03588795
0.1207041
-0.04097914
0.1041747
0.1753444
0.1098754
0.07747226
0.1518821
0.2363889
0.1694841
0.02389608
0.1341659
0.1563513
0.2329906
0.1555068
0.2998843
0.118733
0.1631878
0.06308853
0.2073408
0.1768648
0.1782582
0.1487235
0.1832337
0.1351975
0.1388372
-0.001015264
0.07521142
0.2409777
0.2977158
0.1173846
0.1362729
0.2986737
0.1400796
0.1486225
0.1824481
0.1101079
0.2543523
0.07606808
0.2219507
0.2487943
0.1129244
0.3191617
0.2101323
0.160972
0.1228711
0.01798961
0.3055226
0.2525651
0.1322449
0.2117441
0.2146337
0.3494274
0.2357394
0.1608123
0.04480223
0.1750665
0.2758422
0.2295143
0.09129179
0.1593913
0.2532341
0.1451815
0.2979936
0.1989493
0.227961
0.3701748
0.2578169
0.2732081
0.1486366
0.1385296
0.2802366
0.280503
0.1228253
0.03367039
0.2991059
0.329531
0.2466211
0.1888821
0.2257809
0.3051557
0.1440752
0.2034556
0.2443348
0.2605027
0.2494259
0.4074598
0.2773127
0.3854826
0.1332353
0.2990561
0.3150399
0.2389505
0.4147823
0.3155953
0.2794302
0.3969817
0.3639611
0.4103912
0.3707662
0.3174759
0.3036929
0.3900211
0.3430168
0.1772635
0.3344165
0.4166043
0.3709698
0.4279934
0.3965495
0.2221247
0.3724003
0.2888986
0.2360917
0.4346788
0.4431072
0.4012242
0.29115
0.4018374
0.2687848
0.4924858
0.5834815
0.5387848
0.400755
0.5560911
0.3318517
0.3826056
0.3057084
0.3538862
0.4125588
0.5260447
0.3286672
0.3665584
0.4796133
0.3431996
0.2429971
0.2692934
0.3427484
0.3329575
0.3406724
0.2717503
0.4683872
0.3782828
0.2499976
0.4195053
0.3918341
0.5016325
0.3554367
0.3835129
0.3373612
0.4538782
0.3467408
0.4428964
0.3638803
0.4061822
0.3068918
0.3236057
0.4944977
0.3836103
0.447393
0.413304
0.4295623
0.3626605
0.2542762
0.3884152
0.3092684
0.5709503
0.4700932
0.495392
0.3559949
0.5505673
0.516927
0.4958399
0.4624941
0.4430768
0.4724885
0.4060615
0.4524322
0.4475567
0.4533528
0.3770328
0.4576666
0.4093677
0.4270814
0.363796
0.4933127
0.4348602
0.4342235
0.5593648
0.5530342
0.6031545
0.5557432
0.5707219
0.5399821
0.5560838
0.6053967
0.6226392
0.5020855
0.535939
0.6086288
0.5787776
0.4496303
0.5367647
0.545787
0.529818
0.4988601
0.4707365
0.6389904
0.4083891
0.5141744
0.4795502
0.5778363
0.533829
0.5336859
0.4970531
0.532748
0.479073
0.4770253
0.5566039
0.425299
0.5081348
0.6526695
0.6536606
0.600153
0.5638622
0.6555168
0.4349932
0.5631325
0.6256199
0.4981651
0.596507
0.5344161
0.5411552
0.4453209
0.7479134
0.584353
0.5954425
0.4713401
0.4990054
0.5931888
0.534419
0.589339
0.6659673
0.5546533
0.5621335
0.4535464
0.6514136
0.5513158
0.4325767
0.4855521
0.5506487
0.6405158
0.6369647
0.6245021
0.7010095
0.731378
0.6717888
0.7319677
0.5310023
0.5672786
0.6701435
0.5924407
0.6386485
0.6321554
0.6793983
0.4393383
0.6739407
0.6981874
0.8396576
0.7283605
0.669469
0.6775727
0.7467998
0.8517208
0.6663179
0.6195154
0.6588489
0.6791214
0.7508709
0.6913196
0.6074241
0.7608778
0.6923044
0.6721335
0.6482204
0.6838422
0.693712
0.6276385
0.7933577
0.5974421
0.6902095
0.6110153
0.61045
0.7872253
0.7131597
0.7253461
0.7614908
0.8087755
0.7941709
0.6674998
0.6790766
0.7504608
0.610187
0.8778562
0.7085779
0.780102
0.791429
0.6719301
0.7023873
0.6631021
0.7733334
0.6884514
0.6213181
0.6508869
0.7538582
0.6948608
0.8484443
0.8657868
0.700131
0.6874322
0.8131389
0.8116041
0.5933167
0.7832709
0.662405
0.6942181
0.7606529
0.7251636
0.7305353
0.7086202
0.7735736
0.7793778
0.6878446
0.8529415
0.8688357
0.9350209
0.8633017
0.7409361
0.8294903
0.670062
0.7103403
0.7406252
0.7159288
0.9069183
0.8042394
0.8642985
0.6707684
0.8207194
0.7990724
0.8356353
0.7679331
0.870412
0.7195789
0.824276
0.7112634
0.8075275
0.8048173
0.800588
0.7779686
0.7963161
0.8854206
0.8137826
0.9646189
0.8561372
0.8874934
0.8197932
0.837296
0.7566911
0.9686754
0.9229009
0.8677293
0.829078
1.087656
0.7981559
0.9335107
0.9694471
0.8714193
0.8229076
0.8806442
0.7733367
0.8536958
0.7425991
0.9193878
0.9812011
0.783693
0.9552926
0.7873047
0.8863203
0.9852678
0.855758
0.9258845
0.8603358
0.8519134
0.7411494
0.8962879
0.9853574
0.9852075
0.9619362
0.9158806
0.7709951
1.102773
0.9564074
0.8944228
0.9271857
0.8729543
0.9270678
0.9316671
0.9790425
0.9613791
1.024241
0.9061742
0.9028658
0.7835425
0.9197147
1.016114
0.9433905
1.049282
0.954235
1.040222
0.842068
0.8572467
0.9653051
0.9095681
0.971365
0.7585682
0.8880563
1.046657
0.9209469
0.8316338
1.019874
0.9566848
1.020937
0.9398771
1.001524
1.161795
0.971862
1.116529
0.985603
0.9425718
1.011153
0.9201219
1.045607
1.096916
0.855727