0.02448845
-0.9377518
-1.040539
-0.9485764
-1.048534
-0.9398727
-0.9713175
-1.017677
-1.135278
-0.990703
-0.9452215
-0.9510832
-1.018625
-0.9562641
-0.9468784
-0.9403929
-0.938223
-0.8394887
-0.9988494
-0.9351114
-1.042303
-0.9574694
-0.8586108
-0.9104933
-1.09031
-0.8594029
-0.9012586
-0.9551031
-1.048901
-0.9414319
-0.9441657
-0.9043581
-0.8858478
-0.9895826
-0.8782018
-0.8844133
-0.9003287
-0.8185236
-0.932206
-0.9214079
-0.6718314
-0.7500229
-0.8744459
-0.8962673
-1.005243
-0.7715565
-0.9662332
-0.9418443
-0.9301633
-0.9217987
-0.8254912
-1.022822
-1.026809
-0.6695077
-0.7583966
-0.7883152
-0.8680008
-0.9719088
-0.8663855
-0.8241479
-0.714432
-0.8258966
-0.9504038
-0.9452765
-0.8746881
-0.8231132
-0.9489453
-0.8263947
-0.8590199
-0.8027129
-0.8277914
-0.6424835
-0.7436264
-0.979814
-1.003621
-0.8571771
-0.7909663
-1.022798
-0.7252726
-0.8429967
-0.837055
-0.8437927
-0.9018095
-0.8580333
-0.8276098
-0.8183552
-0.6590854
-0.8739955
-0.7806404
-0.936284
-0.8278431
-0.8215768
-0.7364932
-0.8842993
-0.7424422
-0.7092201
-0.7189898
-0.8494974
-0.7430307
-0.8149944
-0.8228105
-0.7518075
-0.7916409
-0.8925364
-0.8980905
-0.9152724
-0.7417342
-0.7303881
-0.9060913
-0.7161613
-0.8613099
-0.8065433
-0.7780147
-0.6947218
-0.700273
-0.7840161
-0.6917441
-0.719638
-0.8755345
-0.7278724
-0.8313383
-0.7477698
-0.8481657
-0.8172398
-0.7238074
-0.6065754
-0.7082795
-0.9253786
-0.7242763
-0.7154517
-0.6989173
-0.5601653
-0.7657802
-0.8393894
-0.7527648
-0.7878383
-0.698377
-0.506054
-0.5398433
-0.7060886
-0.7807322
-0.6611296
-0.7725489
-0.7972265
-0.7663422
-0.7271457
-0.5865142
-0.6901214
-0.6646881
-0.6866498
-0.6793112
-0.7146258
-0.7051307
-0.6526414
-0.7450419
-0.6538126
-0.7642586
-0.6565818
-0.6149919
-0.5698623
-0.6191528
-0.580259
-0.5616135
-0.6077651
-0.6648286
-0.6360192
-0.6361457
-0.6385509
-0.8249261
-0.5648293
-0.653185
-0.6185847
-0.6761358
-0.7073033
-0.5916827
-0.7734257
-0.6745411
-0.7650485
-0.6489242
-0.803423
-0.5097014
-0.6567836
-0.5932956
-0.6894362
-0.5761306
-0.5627125
-0.5243909
-0.6434205
-0.6774549
-0.5735437
-0.6764524
-0.5750982
-0.6457702
-0.701383
-0.662528
-0.5378929
-0.5692952
-0.5404994
-0.5094106
-0.4905961
-0.6207721
-0.5645568
-0.6814837
-0.5422358
-0.6445176
-0.7433899
-0.6346183
-0.7914427
-0.4845233
-0.4918752
-0.5363635
-0.5887438
-0.5732025
-0.5064
-0.6525565
-0.621333
-0.5559579
-0.5300218
-0.5629816
-0.6564135
-0.3647227
-0.5498166
-0.5605778
-0.5397621
-0.6098764
-0.5330298
-0.5646496
-0.7270882
-0.4838043
-0.513912
-0.5729627
-0.5543418
-0.5119151
-0.4544018
-0.6716891
-0.530563
-0.7021774
-0.4979285
-0.5403181
-0.6479729
-0.6376942
-0.5250291
-0.5093766
-0.4844047
-0.5980861
-0.6134752
-0.4683437
-0.4663496
-0.5317895
-0.4076702
-0.4179163
-0.5275472
-0.6523265
-0.4881667
-0.5228224
-0.4641424
-0.4517392
-0.6477766
-0.5186737
-0.4517849
-0.4342578
-0.5225676
-0.607662
-0.4915889
-0.2789177
-0.4400346
-0.4306529
-0.4795627
-0.5069953
-0.389555
-0.3584474
-0.3399727
-0.4275448
-0.646017
-0.5915441
-0.3999481
-0.4280764
-0.5175733
-0.4111768
-0.4022611
-0.5535778
-0.4025332
-0.5302985
-0.354437
-0.5078924
-0.5850916
-0.3248509
-0.4712956
-0.3786181
-0.450325
-0.2883825
-0.4371994
-0.5542185
-0.3552791
-0.3260448
-0.4121651
-0.43458
-0.5299844
-0.3180111
-0.3799029
-0.4187111
-0.4603218
-0.4220021
-0.4565179
-0.4118597
-0.4387747
-0.3206657
-0.4799789
-0.4650094
-0.4150201
-0.2979286
-0.5033855
-0.3812147
-0.4571948
-0.4303699
-0.3124487
-0.4228891
-0.4987805
-0.2515094
-0.3423244
-0.3350319
-0.3061571
-0.4264348
-0.3611544
-0.3187757
-0.4981241
-0.5073285
-0.2057733
-0.2684826
-0.2829199
-0.2899726
-0.3368068
-0.3628721
-0.3276075
-0.1763309
-0.4158846
-0.4719252
-0.2347433
-0.3101674
-0.3054166
-0.3026618
-0.3647032
-0.4148185
-0.4093287
-0.305772
-0.2638675
-0.3085436
-0.2099466
-0.2249278
-0.3362838
-0.3418431
-0.3675243
-0.3631065
-0.2553563
-0.2311123
-0.2394217
-0.2322569
-0.2728998
-0.3262386
-0.2965554
-0.2749824
-0.2315706
-0.2666868
-0.3853431
-0.2862296
-0.1562869
-0.2797981
-0.3400141
-0.2268529
-0.4119034
-0.1705951
-0.2329024
-0.2267663
-0.3699368
-0.4157329
-0.2591002
-0.2744868
-0.2386721
-0.2923381
-0.2285032
-0.0686467
-0.1220087
-0.4151036
-0.2920375
-0.3632033
-0.2667049
-0.104906
-0.1872078
-0.2526977
-0.2176308
-0.2322247
-0.1355805
-0.1898363
-0.2124359
-0.3560489
-0.3550913
-0.3098939
-0.2979052
-0.1955024
-0.2350846
-0.1075379
-0.06448942
-0.2443824
-0.3340998
-0.1284972
-0.1590133
-0.1301667
-0.1294831
-0.1521841
-0.08485085
-0.1885481
-0.0782921
-0.1344975
-0.1439035
-0.1765258
-0.1381463
-0.2007919
-0.1296718
-0.02108038
-0.1767726
-0.1237788
-0.3036131
-0.203523
-0.161598
-0.1694427
-0.06480588
-0.1308848
-0.1834391
-0.06792687
-0.07135756
-0.1147176
-0.08297985
-0.2167879
-0.04248884
-0.104828
0.01873905
-0.1220774
-0.1058074
-0.1568966
-0.09841694
-0.0783932
-0.2043287
-0.2965224
-0.1561233
-0.2105914
-0.1919864
-0.2427892
-0.2540557
-0.09126805
-0.04152651
0.002399719
-0.146636
-0.1782207
-0.06474825
-0.08413348
0.007703395
0.01410757
-0.1255282
0.01187593
-0.1002642
-0.06894373
-0.1186671
-0.1785186
-0.03095263
-0.03636194
-0.1377986
-0.1393046
-0.004248402
-0.1361347
-0.05243486
-0.06110584
-0.09521294
0.0647811
-0.1234624
0.03249945
-0.06160813
-0.1453489
-0.07045187
-0.07512057
0.009880675
-0.09252736
0.08130377
-0.05263362
-0.08697341
-0.004406077
-0.1680819
0.07530228
-0.02578703
0.132744
-0.1085258
-0.07566526
-0.03056104
0.05921496
-0.04797876
0.007885196
0.1027333
-0.09362369
-0.1123267
0.03909201
-0.005049717
-0.08824319
-0.1697079
0.0820131
-0.007443224
-0.0747039
0.07256261
0.009295864
0.2425871
0.1687069
-0.1067662
0.03960535
-0.08802926
0.08819697
-0.01479384
0.07647073
0.1326227
0.07101847
0.2252708
0.1359404
-0.0590554
0.01512437
-0.08882048
-0.01440829
0.1094572
0.2136068
0.06841842
-0.09695963
-0.02997999
0.146387
0.07016922
0.1144133
0.01562572
-0.01679236
0.1815363
0.08924236
0.1366893
0.0122003
-0.05086739
-0.02230908
0.2682396
-0.1023361
0.0616498
0.1102261
0.02550483
0.1290344
-0.0360734
0.2419323
0.03065297
0.1254457
0.1462694
0.003611977
0.1313444
0.03531784
-0.02077171
0.1388173
0.185685
0.1126894
0.1147832
0.1501845
0.2418712
0.1940842
0.1544359
0.07136331
0.151868
-0.004254176
0.1500527
0.09286276
-0.05707786
0.08918725
0.2243158
0.08142795
0.131209
0.1131629
0.09761858
0.1675338
0.1442383
0.05406504
0.02037126
0.09986628
0.1705847
0.1652344
0.3104943
0.2294947
0.1304122
0.2345203
0.195397
0.1176585
0.1671622
0.1284654
0.1540084
0.2481694
0.1477184
0.2431204
0.1460011
0.2045993
0.2326784
0.02660614
0.2462572
0.253029
0.3189628
0.2692975
0.3755525
0.09095839
0.301557
0.1654191
0.295047
0.1024186
0.3021245
0.2014824
0.3255669
0.281086
0.1892381
0.2364418
0.2709543
0.3467971
0.3463487
0.3183206
0.193952
0.3058011
0.2211656
-0.005020225
0.2152085
0.1789658
0.1944104
0.2482343
0.3281651
0.2595862
0.3542153
0.2454773
0.3339471
0.2721277
0.1903855
0.1022015
0.3330433
0.1554107
0.4300004
0.2850219
0.1865652
0.3335611
0.2408484
0.3187612
0.3932267
0.3168872
0.3258202
0.3886402
0.388335
0.202437
0.1320428
0.2855291
0.09609276
0.2568314
0.2978973
0.3408099
0.2673864
0.3540143
0.2576012
0.2409716
0.308025
0.2805831
0.2566779
0.4466591
0.1630759
0.3169812
0.3294572
0.3112145
0.3821067
0.2169388
0.3855636
0.2496309
0.3099653
0.2456183
0.33102
0.2268427
0.2922682
0.2763213
0.4249854
0.4681625
0.3569041
0.4043154
0.3613136
0.5035865
0.2415334
0.3054981
0.338687
0.3845314
0.3576392
0.3496461
0.3933639
0.2832844
0.3544026
0.3903124
0.4118689
0.3804674
0.5703992
0.3767165
0.3561912
0.3745833
0.4388618
0.3681747
0.5212725
0.3726735
0.5026368
0.2953811
0.3770569
0.4433948
0.3416918
0.391761
0.2823103
0.3119448
0.3396035
0.4347427
0.4385883
0.5735176
0.5114037
0.5305528
0.2759194
0.3550731
0.4790703
0.3927477
0.4053561
0.4921584
0.5285369
0.4379978
0.5803282
0.3805394
0.4521537
0.4299875
0.300599
0.5022981
0.3897089
0.5712956
0.5531398
0.3390879
0.2840964
0.5176276
0.4855766
0.3627555
0.5250961
0.5966851
0.4777326
0.4118643
0.5411771
0.5828471
0.3790118
0.4936956
0.566175
0.3555025
0.5526854
0.6757362
0.4521058
0.4870669
0.5352623
0.6643365
0.4812234
0.315715
0.6053358
0.6143837
0.6273324
0.5328831
0.7533025
0.532215
0.4899306
0.5813803
0.5841645
0.482544
0.5229472
0.4142719
0.4917917
0.5934743
0.6018048
0.5030366
0.5689726
0.5254141
0.6315687
0.624678
0.6127446
0.5991643
0.5011775
0.5918961
0.555152
0.4350058
0.5006663
0.4049602
0.4843277
0.7175808
0.5836002
0.5190699
0.5864081
0.6197177
0.6623301
0.5883406
0.5761753
0.6563526
0.5258837
0.4979217
0.6532868
0.4915523
0.5333091
0.4501152
0.6096326
0.5920094
0.626096
0.5232227
0.6351597
0.6968113
0.6669747
0.654471
0.6504068
0.5342742
0.7111893
0.6793183
0.5205076
0.6488222
0.5534158
0.7367054
0.6133069
0.6591788
0.762906
0.6909192
0.6038714
0.6808847
0.5570618
0.5290283
0.6355197
0.7361047
0.7272245
0.6513807
0.7211568
0.6248794
0.686564
0.6672943
0.5652187
0.674782
0.5247152
0.7294938
0.7249186
0.7509466
0.7656543
0.7978846
0.7129351
0.5752685
0.7639715
0.6405513
0.7382254
0.7442728
0.6985126
0.6728371
0.566678
0.4992935
0.6698907
0.7151189
0.758797
0.7303774
0.7942878
0.6729096
0.6759777
0.7950106
0.713886
0.6391446
0.6965186
0.807917
0.7819408
0.6484081
0.7989186
0.7357185
0.657412
0.6599546
0.836408
0.7116293
0.8194204
0.8969373
0.6779579
0.7113925
0.734542
0.7324593
0.5715838
0.8206363
0.7074373
0.7045576
0.7264973
0.9782534
0.7526231
0.7501624
0.8113433
0.7940117
0.7193217
0.8770953
0.7718489
0.7666183
0.6115792
0.642717
0.8142451
0.7902391
0.8980148
0.8299766
0.7632154
0.8572973
0.9212992
0.8218071
0.7109719
0.9025083
0.802205
0.683683
0.8610583
0.6490098
0.804412
0.7487295
0.7770345
0.7881214
0.7853365
0.8206468
0.8568297
0.7589501
0.8117037
0.8666523
0.7498555
0.8498797
0.7921279
0.8907219
0.9014533
1.045475
0.9685975
0.8279755
0.8777308
0.880279
0.9021314
0.782418
0.9335301
0.9657498
0.832699
0.8924405
0.7534622
0.7594694
0.6883928
0.9079405
0.7438547
0.964342
0.9368431
0.9047958
0.8885424
0.9666619
0.8665492
0.8467955
1.016294
0.8703291
1.028814
1.001146
0.7704343
0.9155247
0.9897962
0.8484243
0.8280927
0.7591054
0.8862544
1.021166
0.7770738
0.8716051
0.8599797
0.7294881
0.9040055
0.9549405
0.8942362
1.11448
1.02134
0.9468776
0.9777658
0.8934381
1.030773
0.9689845
0.8995196
0.9973395
0.9907611
0.9706112
0.9795643
0.7965113
0.9999545
0.8182622
1.041384
0.916639
1.012443
0.833536
0.9464685
0.9969957
0.8981757
0.8943822
1.065789
1.00244
1.039688
1.009596
1.000853
0.893252
1.068071
0.9629275
1.062496
0.9863121
0.916298
1.037347
1.076132
0.9574848
0.9066987
0.8410316