0.0366844
-0.9524888
-1.042103
-0.9446848
-1.050576
-0.9372346
-0.987064
-1.015663
-1.127926
-1.00644
-0.9431498
-0.9510535
-1.028826
-0.9421863
-0.9521126
-0.948418
-0.9260113
-0.8673788
-1.012925
-0.9458445
-1.022636
-0.9598199
-0.8391823
-0.9063885
-1.092021
-0.8591122
-0.9155769
-0.9529861
-1.042632
-0.9488672
-0.9119475
-0.9303462
-0.9044364
-0.9914262
-0.8930079
-0.8978225
-0.9176825
-0.8349841
-0.9188217
-0.9154895
-0.6786503
-0.7577434
-0.8599613
-0.8964621
-1.000917
-0.8019741
-0.9599127
-0.9355544
-0.9272887
-0.9343904
-0.8411551
-1.020512
-1.026781
-0.668122
-0.7656932
-0.7901863
-0.905973
-0.97437
-0.8650709
-0.8598206
-0.6955604
-0.8283193
-0.9560351
-0.9678429
-0.8716937
-0.8268692
-0.9559432
-0.8272091
-0.8732017
-0.8066456
-0.8056304
-0.6314893
-0.748909
-0.9712077
-0.9963042
-0.8564579
-0.7986608
-1.016833
-0.726712
-0.8581341
-0.8296732
-0.8429563
-0.8906884
-0.8540568
-0.8423208
-0.8175572
-0.628895
-0.9144858
-0.7753213
-0.9061367
-0.8414471
-0.8036614
-0.726158
-0.8886569
-0.7191971
-0.721315
-0.7085179
-0.8453571
-0.7390534
-0.8137257
-0.7904189
-0.7777967
-0.786066
-0.9178489
-0.8756589
-0.9233703
-0.7323823
-0.715079
-0.8841622
-0.7324528
-0.877931
-0.7819782
-0.7762575
-0.7226133
-0.7250138
-0.7753099
-0.6747747
-0.7037279
-0.8701199
-0.7383515
-0.8285537
-0.7566846
-0.8586166
-0.8094686
-0.725916
-0.6055793
-0.7115031
-0.937129
-0.7198126
-0.7281621
-0.6866132
-0.5737304
-0.7697921
-0.8315446
-0.7538314
-0.760722
-0.6994181
-0.507069
-0.5155836
-0.7139633
-0.7612328
-0.6738248
-0.7751959
-0.8114653
-0.7850008
-0.7267546
-0.5930469
-0.6844868
-0.633987
-0.6758151
-0.687903
-0.6963775
-0.7042992
-0.6674487
-0.7281136
-0.6347716
-0.75185
-0.656356
-0.5886138
-0.5681127
-0.6065739
-0.5934325
-0.5567172
-0.6091133
-0.6621588
-0.6585586
-0.655329
-0.6563607
-0.8218296
-0.6014648
-0.654341
-0.6102816
-0.6585065
-0.7109912
-0.5931809
-0.7654185
-0.6785257
-0.771393
-0.6506615
-0.8215698
-0.5148587
-0.6556126
-0.5888603
-0.6924623
-0.5794056
-0.5526219
-0.5065098
-0.6241813
-0.6842357
-0.5978344
-0.672435
-0.5805096
-0.6564035
-0.6992121
-0.6773718
-0.534864
-0.562667
-0.5473962
-0.5150889
-0.5052551
-0.6456125
-0.5819
-0.6729577
-0.5400277
-0.6349463
-0.7272262
-0.6384567
-0.7725075
-0.49419
-0.4938914
-0.5464279
-0.5925896
-0.5575044
-0.5081692
-0.6478616
-0.6207836
-0.5418484
-0.5563229
-0.553365
-0.6688328
-0.3800178
-0.5536223
-0.5624731
-0.540139
-0.6173476
-0.5254724
-0.5605809
-0.7311057
-0.4845221
-0.5286942
-0.5719053
-0.5550857
-0.5034543
-0.4497094
-0.6771313
-0.5213992
-0.7318338
-0.4960249
-0.5353487
-0.6489087
-0.6413267
-0.5142798
-0.4844055
-0.4835984
-0.6119217
-0.6024449
-0.4639419
-0.4842858
-0.5198059
-0.3877503
-0.4286559
-0.5137106
-0.672653
-0.4930371
-0.4961518
-0.4797073
-0.4658993
-0.6694115
-0.5279607
-0.4817726
-0.4513081
-0.5156346
-0.6031553
-0.5062926
-0.2793574
-0.4250519
-0.4217307
-0.4956714
-0.4947237
-0.3961955
-0.385312
-0.3325065
-0.4047603
-0.6429993
-0.5863697
-0.4006401
-0.4280394
-0.5164963
-0.3824931
-0.3855254
-0.5355893
-0.3977633
-0.5395983
-0.3630164
-0.5102862
-0.5974432
-0.3118335
-0.4499119
-0.3374937
-0.4707293
-0.2782556
-0.4412523
-0.5410572
-0.37181
-0.3534259
-0.4229508
-0.4299408
-0.5408406
-0.3196363
-0.3543317
-0.4238936
-0.4780485
-0.4100617
-0.4718108
-0.4229207
-0.4438596
-0.3178756
-0.5000089
-0.4790012
-0.436381
-0.3009188
-0.4828898
-0.3987094
-0.482515
-0.4319167
-0.3340081
-0.4325948
-0.5159672
-0.2196504
-0.3497632
-0.3185545
-0.2974284
-0.4194345
-0.382989
-0.3127954
-0.4994038
-0.5111066
-0.1881577
-0.2665818
-0.2940978
-0.2819682
-0.3542254
-0.3482387
-0.3054751
-0.1928496
-0.3917291
-0.4668067
-0.2403093
-0.309767
-0.3128881
-0.2737224
-0.358971
-0.3878189
-0.4210258
-0.3059763
-0.2625678
-0.3262724
-0.2160008
-0.2301025
-0.3479591
-0.3346716
-0.3504751
-0.3650216
-0.2539533
-0.1957096
-0.2617623
-0.2251882
-0.267885
-0.3379615
-0.2837662
-0.2733556
-0.2394619
-0.2495958
-0.3852813
-0.2902795
-0.1558838
-0.2593112
-0.3174244
-0.2437908
-0.4029619
-0.1856953
-0.2499434
-0.233921
-0.3631413
-0.4095609
-0.2263225
-0.2543966
-0.2551895
-0.2732743
-0.2288505
-0.08435273
-0.1328917
-0.4291322
-0.2729935
-0.3730323
-0.2670662
-0.1024252
-0.1981716
-0.2840099
-0.2244011
-0.2208072
-0.1051025
-0.1885974
-0.20032
-0.3786582
-0.3727763
-0.3195924
-0.3273497
-0.1975697
-0.2631356
-0.09757131
-0.06820676
-0.2434519
-0.3415381
-0.1219522
-0.1845931
-0.1359117
-0.1306791
-0.148493
-0.09083912
-0.1501786
-0.1168237
-0.1558113
-0.139332
-0.1491613
-0.1308665
-0.187816
-0.1365884
-0.03409391
-0.2021881
-0.1234059
-0.3073131
-0.2125605
-0.1571599
-0.1634095
-0.03859024
-0.1426322
-0.1708848
-0.08302057
-0.06490763
-0.1150176
-0.07824806
-0.216204
-0.04470718
-0.0987345
0.005661617
-0.1324362
-0.09718294
-0.1795999
-0.07385519
-0.09777287
-0.199264
-0.2948274
-0.1745313
-0.2097239
-0.1736614
-0.2247213
-0.2393569
-0.1008924
-0.02862803
0.003491036
-0.1280462
-0.1785834
-0.06900628
-0.09006886
2.732547e-05
0.03117475
-0.1478598
-0.01319756
-0.09667323
-0.06970512
-0.1135728
-0.1737272
-0.02108648
-0.03018648
-0.1257591
-0.1361051
0.004741306
-0.1319977
-0.0746429
-0.04508368
-0.1100235
0.060395
-0.111707
0.03326169
-0.04197941
-0.1595422
-0.0893865
-0.07204085
0.004212648
-0.07210056
0.06106283
-0.04389262
-0.07486466
-0.04147968
-0.1360741
0.0429052
-0.02089218
0.1274072
-0.1002308
-0.06583579
-0.02145009
0.07757176
-0.04527087
0.01869201
0.0760933
-0.09070145
-0.1148928
0.03659577
-0.01260897
-0.08887755
-0.1791267
0.05965766
-0.02657432
-0.08157724
0.08925946
0.0126642
0.2205446
0.1653221
-0.1169129
0.05303497
-0.1015062
0.09412915
-0.02666249
0.09259435
0.1272434
0.06847781
0.2097538
0.1219722
-0.06112339
0.001313771
-0.08244296
-0.03227748
0.1278501
0.2082134
0.0635887
-0.08013812
-0.06111368
0.1832096
0.06071951
0.14009
0.0362346
-0.03369888
0.2000466
0.07237374
0.1307509
0.01583595
-0.03538527
-0.01128419
0.2558681
-0.1204312
0.05580093
0.1269493
0.03575375
0.1192085
-0.03950223
0.2213857
0.02156183
0.1031583
0.1418221
-0.00329456
0.1338664
0.03621438
0.007115544
0.1553457
0.1906793
0.1150603
0.1157006
0.1487522
0.2508001
0.2084097
0.1433834
0.08015123
0.1582325
-0.0006005773
0.153634
0.06269974
-0.06527022
0.07820175
0.2254751
0.06735237
0.1264025
0.112542
0.09992517
0.1657777
0.1501238
0.08922974
0.003503816
0.1253254
0.172305
0.1552462
0.3126451
0.2459162
0.1589187
0.2385444
0.192592
0.1192088
0.1747843
0.1483444
0.157392
0.2566096
0.1540093
0.2275882
0.1539047
0.2065078
0.2271985
0.03103486
0.2409988
0.255301
0.3099924
0.2690702
0.3510655
0.1003427
0.3128976
0.1474924
0.2952723
0.1021551
0.3054178
0.1835952
0.3257895
0.2788576
0.1785096
0.2609869
0.2676634
0.3305883
0.338402
0.3336681
0.1836532
0.2896155
0.2227413
-0.03620648
0.2050838
0.1604439
0.2053281
0.2789473
0.329611
0.2781484
0.3679087
0.2392657
0.3668699
0.27078
0.1951629
0.06183507
0.3676134
0.1654181
0.4346552
0.2874793
0.1775707
0.3281785
0.2190855
0.3055869
0.4079159
0.3231388
0.3429252
0.3851223
0.3614821
0.1965218
0.1240293
0.2683442
0.1277718
0.2240925
0.3009479
0.3555238
0.2805192
0.3254338
0.2659498
0.2417032
0.3018447
0.2803025
0.2498409
0.4335934
0.1532217
0.3070195
0.3270379
0.3206295
0.381406
0.2286618
0.3849783
0.2546468
0.2970354
0.2448688
0.3465758
0.2219551
0.3085118
0.2772637
0.4388915
0.470253
0.3687411
0.4206941
0.377322
0.5169071
0.2483158
0.2926519
0.3381743
0.3814766
0.3738685
0.346125
0.3845635
0.2476386
0.3556501
0.3906296
0.4178136
0.3802183
0.5953584
0.3752591
0.3459939
0.3777248
0.4540341
0.3746319
0.5230198
0.3882315
0.5141312
0.2779687
0.3849314
0.4583958
0.3624486
0.3977553
0.2813384
0.3231642
0.3366689
0.4293953
0.4429415
0.5669437
0.4871695
0.5154652
0.2776121
0.3851983
0.472138
0.4192749
0.4047643
0.4961507
0.5159943
0.4313459
0.5870145
0.3642809
0.4376271
0.4230243
0.2994055
0.5298545
0.4039918
0.5810097
0.5694302
0.305126
0.2513544
0.5160856
0.4955364
0.3666943
0.5227857
0.6019044
0.4724189
0.4181386
0.5291151
0.5769438
0.3856335
0.4843323
0.5733671
0.3603969
0.5421947
0.6647321
0.4404249
0.4867232
0.514992
0.6622761
0.4882407
0.3299963
0.6204973
0.5958064
0.6277602
0.5343797
0.7110987
0.5255958
0.4969057
0.5743437
0.5817583
0.4911816
0.5344678
0.4121395
0.5015488
0.5883688
0.6254506
0.5197031
0.5694646
0.5211494
0.6276352
0.6190215
0.6051988
0.5785578
0.5049071
0.5721402
0.5579214
0.4662009
0.4941062
0.4184666
0.4809604
0.7259801
0.5966836
0.5302856
0.5879675
0.6259147
0.6584134
0.5870777
0.5456612
0.6879894
0.5401161
0.4960176
0.6714204
0.4995195
0.5352052
0.4512101
0.6084161
0.5863566
0.6185038
0.5337308
0.6179529
0.6953011
0.6811653
0.6282849
0.6301631
0.5433881
0.7181393
0.6725104
0.5296285
0.6590113
0.5688168
0.7422395
0.6210511
0.6590302
0.7604375
0.6821202
0.6435655
0.6664014
0.5580954
0.5306152
0.6511082
0.749644
0.7268721
0.6616992
0.7376116
0.5947746
0.6635973
0.6728703
0.5834997
0.6573924
0.5297865
0.7475683
0.7369395
0.7391328
0.7702478
0.7828755
0.7293185
0.5713904
0.7560266
0.6624771
0.7321662
0.7382931
0.7080984
0.6574605
0.5734775
0.5063776
0.6679095
0.7138979
0.7727893
0.7375469
0.7899903
0.6690788
0.6836319
0.779074
0.7198807
0.6333933
0.6909299
0.8068329
0.7716811
0.6328281
0.7876394
0.7423002
0.6506505
0.6568012
0.8151211
0.6965395
0.8121097
0.9090397
0.6774947
0.7094439
0.7488125
0.7362766
0.5924685
0.8417462
0.7053339
0.6913055
0.7303367
0.9569369
0.7752259
0.731343
0.8186065
0.8001274
0.7185704
0.8593133
0.8007974
0.7808089
0.6219118
0.6304916
0.8001243
0.7854685
0.8849831
0.8142451
0.7813649
0.841142
0.9178057
0.8156306
0.713805
0.9086176
0.800101
0.7026861
0.8671983
0.6527789
0.7793998
0.7722512
0.7782745
0.8079669
0.7878892
0.8038041
0.872667
0.7796283
0.8019274
0.8671478
0.7623673
0.869244
0.7991807
0.8947376
0.8845595
1.047528
0.9432608
0.8340505
0.8898312
0.8618109
0.87322
0.7975035
0.9452519
0.9481918
0.8442019
0.8924397
0.7577847
0.7732986
0.6977766
0.895886
0.7439561
0.9483742
0.9434288
0.8967776
0.887668
0.9904818
0.8699559
0.8682126
1.018447
0.8570857
1.046616
0.9976124
0.7691067
0.9322892
0.9946891
0.8480445
0.8455928
0.7709637
0.8550599
1.001933
0.7873974
0.8757213
0.8547923
0.7023067
0.8772675
0.9462928
0.9072284
1.131876
1.022671
0.9422707
0.9651634
0.8921443
1.030148
0.9735348
0.9086101
0.9868396
0.9877566
0.9766305
0.9699872
0.7981236
0.9976464
0.8176494
1.032781
0.9170586
1.001595
0.8549165
0.9702314
0.9851269
0.8913443
0.898239
1.08531
0.9926361
1.049743
1.006748
1.023772
0.9163086
1.04983
0.9337224
1.064584
0.9919493
0.9208422
1.013947
1.086228
0.9303864
0.9068465
0.8413184