-0.04061741
-1.086511
-0.9782141
-1.024159
-0.9326055
-0.9181606
-0.8899038
-0.8992289
-0.9697481
-1.134119
-0.942803
-0.9157525
-0.9689173
-0.9813006
-0.891231
-1.019246
-0.9947045
-0.7624437
-0.9960602
-1.02603
-0.9592869
-0.7736937
-0.914288
-0.9811085
-0.8794059
-0.9027289
-0.9987991
-0.9318296
-0.9381417
-0.9358535
-0.7701808
-0.9260354
-0.8078642
-1.03038
-0.950354
-0.8668602
-0.9638429
-0.9127863
-0.9737453
-0.872564
-0.8629225
-0.9710111
-0.9432093
-1.072796
-0.9830193
-1.015616
-0.9629489
-1.057641
-0.9304384
-0.8912232
-0.906814
-0.9431455
-1.018514
-0.9075424
-0.9047625
-1.004497
-0.8125981
-0.797717
-0.9049963
-0.9244454
-0.8688936
-0.9056881
-1.046399
-0.988515
-0.7844648
-0.861277
-0.8363501
-0.8878241
-0.7294753
-0.9309618
-0.915088
-0.9736392
-0.9364529
-0.9565148
-0.9489317
-0.8134157
-0.8952559
-0.8952661
-0.7267814
-0.8292515
-0.7987466
-0.8793102
-0.8204933
-0.9430888
-0.9461672
-1.020539
-0.8236072
-0.7548048
-0.8080195
-0.8044815
-0.9156716
-0.9595005
-0.7362534
-0.9097927
-0.7539961
-0.9029002
-0.7752345
-0.7847459
-0.9312778
-0.7612864
-0.8433895
-0.753511
-0.8003318
-0.791101
-0.7176287
-0.7428212
-0.8587538
-0.5660261
-0.7418308
-0.8021413
-0.9053392
-0.8100569
-0.8332978
-0.7727889
-0.5361215
-0.8239464
-0.7824798
-0.7539998
-0.7795926
-0.6557515
-0.8773348
-0.6826842
-0.9047635
-0.6846993
-0.6875944
-0.8061099
-0.7940628
-0.8016179
-0.7538592
-0.8482495
-0.8104431
-0.7483246
-0.8335047
-0.5972854
-0.7043251
-0.8173585
-0.7975799
-0.6756603
-0.7277049
-0.8219328
-0.6980071
-0.7613113
-0.7531048
-0.4899872
-0.8119693
-0.6590028
-0.7520953
-0.4655683
-0.6332274
-0.6684413
-0.7025348
-0.6238629
-0.6481514
-0.6395794
-0.719692
-0.7455646
-0.6713871
-0.7044733
-0.5814139
-0.7871297
-0.729498
-0.6129147
-0.5930965
-0.6084004
-0.6106826
-0.7052258
-0.7183053
-0.6886044
-0.6949673
-0.6214106
-0.5886956
-0.6742304
-0.6054571
-0.4894073
-0.7402315
-0.5859104
-0.7902979
-0.6155461
-0.770205
-0.6069658
-0.5695584
-0.5953503
-0.6303817
-0.5682125
-0.6022717
-0.6140916
-0.7305249
-0.6645483
-0.5855233
-0.5529315
-0.7722573
-0.6434552
-0.7580025
-0.5712143
-0.5741805
-0.6125512
-0.5422047
-0.6288481
-0.6499974
-0.4736706
-0.5499833
-0.7900932
-0.6224184
-0.6162384
-0.6437505
-0.642665
-0.5774288
-0.4281504
-0.5863277
-0.4096837
-0.4941932
-0.5780032
-0.4898351
-0.4983822
-0.6186714
-0.5902998
-0.5494691
-0.6961431
-0.5027358
-0.650943
-0.5991935
-0.5493212
-0.6597016
-0.6941504
-0.4236886
-0.6313813
-0.5837685
-0.3719867
-0.4797134
-0.577814
-0.569013
-0.3916596
-0.6270477
-0.4959276
-0.5901201
-0.6268763
-0.5040518
-0.4781167
-0.5633272
-0.4668654
-0.5097288
-0.4632934
-0.5688952
-0.584385
-0.4336788
-0.584256
-0.6166121
-0.4911786
-0.567909
-0.6380135
-0.5485012
-0.3443808
-0.6595116
-0.3473956
-0.5352858
-0.5415991
-0.5034675
-0.4691419
-0.4730477
-0.4088267
-0.3584862
-0.4698741
-0.6028362
-0.4506229
-0.5056009
-0.5424316
-0.3873979
-0.4190107
-0.4220987
-0.4974264
-0.404931
-0.3357169
-0.4796766
-0.4018227
-0.2862948
-0.3427012
-0.4359125
-0.4555736
-0.3784893
-0.513655
-0.435744
-0.4197532
-0.3620676
-0.4730271
-0.5347153
-0.3364381
-0.4743573
-0.5019575
-0.2893361
-0.5732167
-0.4496527
-0.3696628
-0.449982
-0.3684286
-0.4215845
-0.3607562
-0.4153242
-0.5634217
-0.3521131
-0.4191324
-0.5890291
-0.5176433
-0.3903122
-0.493219
-0.5010054
-0.4449262
-0.3319168
-0.2685719
-0.4310251
-0.4411807
-0.4916803
-0.5773511
-0.3745882
-0.3905426
-0.3448935
-0.4534968
-0.4603902
-0.3392959
-0.4139657
-0.4272788
-0.42371
-0.3781135
-0.3729721
-0.2647845
-0.3776703
-0.3732621
-0.4287199
-0.3638843
-0.4298307
-0.299726
-0.3694739
-0.3977419
-0.3321217
-0.3365038
-0.3605246
-0.1927985
-0.1493942
-0.1741795
-0.3514268
-0.3834438
-0.3384258
-0.3310012
-0.3266885
-0.3093319
-0.404131
-0.3642175
-0.2739113
-0.2529611
-0.3427374
-0.2624409
-0.2528343
-0.2072472
-0.3104292
-0.2709404
-0.2113395
-0.35105
-0.2611358
-0.2035503
-0.3682897
-0.1886283
-0.3491469
-0.2224124
-0.3178257
-0.2580272
-0.2030304
-0.2885138
-0.3658876
-0.4129566
-0.4330238
-0.2705564
-0.2186402
-0.1935069
-0.3195145
-0.3598753
-0.129797
-0.365125
-0.2698713
-0.2464952
-0.1619892
-0.3463597
-0.1354362
-0.1264478
-0.2820212
-0.4269661
-0.3811163
-0.1236275
-0.1801943
-0.186972
-0.1950643
-0.1726512
-0.3500739
-0.3219856
-0.3459076
-0.3083888
-0.3173271
-0.1491992
-0.2865703
-0.2282147
-0.1550675
-0.2388684
-0.3082958
-0.01126754
-0.03560577
-0.363154
-0.3520944
-0.2118928
-0.2364531
-0.1631259
-0.01080057
-0.1896199
-0.1310119
-0.2694219
-0.1597277
-0.2542088
-0.1571232
-0.1129822
-0.1665109
-0.2911628
-0.2156818
-0.1658963
-0.1405739
-0.1658821
-0.08322503
-0.2117945
-0.02014818
-0.3502145
-0.1337834
-0.0391287
-0.1716437
-0.05496922
-0.189598
-0.1846051
-0.08591924
-0.1053969
-0.1540956
-0.2191475
-0.07393211
-0.2154458
-0.1202517
-0.2505423
-0.205823
-0.1678209
-0.1430396
-0.04812642
-0.1478187
-0.0557631
-0.2874745
-0.2432937
-0.1314338
-0.08106222
-0.2142216
-0.05028609
-0.02445669
-0.2358239
0.02592099
-0.2123329
-0.01217857
-0.006735132
0.01049263
-0.3015323
-0.06828191
-0.04791533
-0.140756
-0.03164882
-0.1406977
0.0442663
-0.114079
-0.1487609
-0.04460356
-0.0118502
-0.00634221
-0.09310087
-0.1259891
-0.07420651
-0.05468248
0.02123091
-0.1692398
-0.06357495
0.005777219
-0.02483704
-0.06502414
-0.06191522
0.0277419
0.05482762
-0.03823006
-0.07999592
-0.01272024
-0.2148808
-0.03181144
0.06773687
-0.1164532
0.09071523
0.02741785
0.01184714
-0.1364938
-0.07781383
0.02340085
-0.1871284
-0.007150026
0.004955567
-0.1256916
-0.007943385
0.1323883
-0.004641149
-0.05417312
0.1264534
-0.01165185
0.02766974
0.01852671
-0.002642268
0.02091004
-0.02486481
-0.002871267
-0.003870418
0.05340458
0.1080344
0.003786974
0.03208921
0.01935033
0.06948411
0.1051792
-0.06378353
0.1561031
0.0267566
0.03824437
0.1349885
0.02004238
-0.08632179
-0.06707348
0.0509652
-0.03105684
0.2305389
0.128312
0.08295185
0.1602665
0.1348155
0.05174009
-0.04002177
0.1133458
0.1231272
0.05271847
0.1085728
0.09508316
0.009403536
0.1341907
0.0329411
0.1232327
0.005768303
0.182465
0.02751804
0.2705195
0.1544349
0.1041816
0.01203581
0.1580573
0.2350981
0.1237989
0.04329347
0.108368
-0.04172366
0.1025664
0.1481036
0.1181174
0.0634129
0.1514934
0.2484825
0.1825997
0.02838989
0.1132577
0.1424606
0.2315635
0.1510341
0.3197879
0.1228216
0.1623592
0.0515787
0.1975455
0.179408
0.1634658
0.14553
0.1648135
0.141118
0.1393751
-0.001147546
0.07418631
0.2354762
0.2884487
0.1152041
0.103219
0.2996341
0.1520489
0.1410723
0.1956769
0.1156804
0.2354258
0.06898647
0.2412747
0.2494803
0.1194355
0.3302246
0.1867568
0.1799049
0.1267434
0.02254672
0.3373753
0.2354755
0.1303613
0.1804376
0.234106
0.3589818
0.2189169
0.15392
0.06170074
0.1698771
0.2511465
0.241796
0.09145522
0.135174
0.2435895
0.1539327
0.3072254
0.1944447
0.234316
0.3455238
0.2607413
0.2695547
0.1534855
0.1294981
0.2920992
0.2591591
0.1068933
0.02928366
0.290705
0.3149997
0.2632279
0.1820163
0.2383161
0.2770042
0.1396899
0.2042681
0.2591045
0.2554465
0.243887
0.3989787
0.2580354
0.3767874
0.1337057
0.3101553
0.3110635
0.2503422
0.4189338
0.3111091
0.285423
0.4012361
0.3896929
0.4105088
0.3668996
0.3133477
0.2882927
0.3972546
0.3330643
0.1746186
0.3316057
0.4010636
0.3790369
0.4405023
0.4283238
0.232812
0.3764901
0.2772365
0.2303705
0.4054904
0.4469036
0.3944573
0.2900439
0.4023524
0.2863333
0.4998173
0.6134398
0.5281869
0.3935251
0.5545596
0.3724486
0.3923092
0.327302
0.3318477
0.4438955
0.5560116
0.3303526
0.3463179
0.474363
0.3478364
0.2365414
0.237833
0.3544664
0.3055915
0.3226018
0.2897818
0.4831299
0.3813243
0.2506349
0.384571
0.3998401
0.4867707
0.3952719
0.3739472
0.33144
0.4426121
0.3296697
0.4334409
0.3798967
0.4055389
0.3238829
0.322726
0.4719189
0.3815477
0.4295355
0.3981511
0.4335854
0.3826129
0.2424567
0.3991226
0.322193
0.5899102
0.4923462
0.5062354
0.3638099
0.5669112
0.5388496
0.5166501
0.4399834
0.4347805
0.4700368
0.4046723
0.451405
0.4245543
0.4803968
0.3751189
0.4495117
0.3957665
0.446008
0.349856
0.4951241
0.4469478
0.4411523
0.5709159
0.5750589
0.59517
0.5669695
0.5754569
0.5436265
0.5396141
0.620986
0.6225987
0.5250416
0.5175833
0.6234474
0.584501
0.4342114
0.5338962
0.5345109
0.5458829
0.5123473
0.4707649
0.6139356
0.4098612
0.5131182
0.4745178
0.5887975
0.5177112
0.5552091
0.5195098
0.5474603
0.4617535
0.493298
0.5572037
0.4327279
0.508596
0.6503234
0.6569098
0.5940929
0.5606374
0.6769501
0.4398679
0.5649629
0.6127588
0.5100105
0.6279082
0.5129504
0.5229441
0.4247557
0.754987
0.6031188
0.5907638
0.4662071
0.4975482
0.5938321
0.543273
0.5740161
0.6727562
0.5470746
0.5757225
0.4279609
0.6582088
0.542917
0.4407215
0.4725031
0.5477309
0.6438666
0.602078
0.613346
0.7005872
0.7481499
0.6575561
0.7167917
0.5387276
0.536672
0.6593339
0.5730561
0.6413996
0.6448418
0.67816
0.4329633
0.6717956
0.6896908
0.847212
0.7270524
0.6711419
0.6880647
0.7468319
0.8402237
0.6678457
0.6322997
0.6566257
0.684845
0.7561008
0.6903159
0.6205109
0.768002
0.6804492
0.6569336
0.6534907
0.682292
0.6876094
0.6052125
0.7677354
0.6128472
0.663091
0.5673522
0.6371414
0.8001636
0.7300368
0.7256466
0.7602807
0.7867854
0.8053167
0.7036382
0.6921086
0.7538256
0.607501
0.895836
0.7031065
0.7661963
0.7978558
0.6507316
0.6963986
0.6486766
0.7924472
0.7137042
0.6232325
0.6425969
0.7550773
0.7006506
0.8568009
0.8593005
0.7104889
0.6884696
0.8214248
0.7886443
0.598017
0.7777205
0.6728712
0.688131
0.7637162
0.7120284
0.7401294
0.6931719
0.7622635
0.7707132
0.6786761
0.8341265
0.8652398
0.9420459
0.8889629
0.7310429
0.8277106
0.6876824
0.7378993
0.746111
0.7058258
0.9077876
0.7894423
0.8666448
0.6697869
0.830447
0.8072042
0.8300353
0.7704538
0.8601445
0.718162
0.8406525
0.7070006
0.8298333
0.8000657
0.8100488
0.7564591
0.8132285
0.8954677
0.82964
0.9563409
0.8467977
0.8980481
0.8336762
0.8164783
0.7611494
0.9673407
0.9056627
0.8686066
0.8167495
1.057869
0.808738
0.9408139
0.9663795
0.8791866
0.8308168
0.8858373
0.7778266
0.8782413
0.7224376
0.9308004
1.000261
0.7977188
0.9411588
0.766891
0.8930413
0.9845514
0.8577979
0.9503856
0.825729
0.885055
0.7505109
0.8886459
0.9805426
0.9858217
0.9753979
0.9372699
0.7684882
1.094824
0.962187
0.8594901
0.9382318
0.8722438
0.9048514
0.945158
0.9836739
0.9603747
1.028334
0.8848887
0.9043936
0.8009091
0.9194973
1.03918
0.9318511
1.064698
0.9446183
1.035534
0.8467991
0.8616289
0.9696734
0.9142853
0.9599002
0.748769
0.8938551
1.047824
0.9309749
0.8295689
1.022486
0.961116
1.030246
0.9462517
1.012525
1.152326
0.9733902
1.129583
0.9921157
0.9454339
1.014145
0.9256405
1.059263
1.081293
0.867867