-0.01863247
-0.959031
-0.9570922
-0.9684019
-1.070794
-0.9271159
-0.8805771
-0.9571179
-0.8702675
-0.9924654
-1.084994
-1.067095
-1.088484
-0.9462079
-0.9048058
-1.023068
-0.988045
-0.9421603
-1.025093
-0.9255934
-1.092397
-1.085126
-0.9527016
-1.087609
-0.947647
-0.7805592
-0.972596
-1.080475
-0.9015271
-0.9792389
-1.042631
-0.9185138
-0.8440546
-0.9517668
-0.9757715
-1.065788
-0.9737554
-1.069541
-0.8639328
-0.9016989
-0.7425237
-0.8474005
-0.9489596
-0.9531316
-1.011044
-0.8739552
-1.015919
-0.9681176
-1.009637
-0.8756138
-0.8968111
-0.8193596
-0.9249301
-0.8751617
-0.9381846
-0.9400254
-1.022014
-0.9360263
-0.8092767
-0.8542886
-0.8255992
-0.9216749
-0.985906
-0.8381835
-0.7776353
-0.8769086
-0.8621089
-0.9437682
-0.9367853
-0.8924042
-0.7989174
-0.7927379
-0.7976141
-0.9117906
-0.7509513
-0.7783421
-0.8760264
-0.8325903
-0.8136235
-0.8884469
-0.8830427
-0.7645648
-0.7457334
-0.7818962
-0.6965494
-0.9634795
-0.8026318
-0.8168601
-0.8908892
-0.6604649
-0.717847
-0.9559406
-0.7835373
-0.8466447
-0.9086454
-0.6910213
-0.6863741
-0.8975987
-0.7472902
-0.7627845
-0.7457725
-0.9276192
-0.7713659
-0.8640101
-0.7539151
-0.8570107
-0.844202
-0.9052313
-0.9083581
-0.726202
-0.7893456
-0.7269862
-0.7106305
-0.8443516
-0.689129
-0.881953
-0.5417023
-0.957844
-0.9031354
-0.7865313
-0.7306214
-0.8230546
-0.7011589
-0.8907865
-0.8061149
-0.8906372
-0.7819765
-0.7200513
-0.7242374
-0.883754
-0.8609601
-0.635745
-0.6321431
-0.8376499
-0.6324283
-0.8584988
-0.7935503
-0.7819724
-0.6212158
-0.7112184
-0.711432
-0.8783579
-0.7038137
-0.5613475
-0.7561755
-0.7103422
-0.7504819
-0.7438338
-0.6172988
-0.5624019
-0.7202416
-0.7571346
-0.6748634
-0.6932464
-0.6603099
-0.6212685
-0.6810011
-0.805193
-0.6579927
-0.6642602
-0.7587725
-0.588321
-0.7482368
-0.5819456
-0.6714525
-0.6639092
-0.6136317
-0.7396763
-0.6216495
-0.6676492
-0.6448835
-0.5204998
-0.4652629
-0.5886528
-0.7790288
-0.5129681
-0.6656236
-0.6874839
-0.5608022
-0.7921631
-0.7784597
-0.613448
-0.7188528
-0.6402292
-0.7255733
-0.6941611
-0.5840891
-0.7742771
-0.6100317
-0.6586159
-0.7248318
-0.5606759
-0.4999973
-0.5419906
-0.5942291
-0.6864098
-0.6350229
-0.6894345
-0.701029
-0.594565
-0.6241901
-0.582006
-0.5236208
-0.524359
-0.6254157
-0.5413063
-0.6122544
-0.5062093
-0.6214271
-0.4721081
-0.5823383
-0.6803472
-0.6130367
-0.5358477
-0.6564488
-0.5234247
-0.5822748
-0.4464681
-0.4879247
-0.7218908
-0.6663283
-0.6434286
-0.603191
-0.6161381
-0.5425115
-0.4380306
-0.4420772
-0.7130495
-0.6982056
-0.5414036
-0.5871689
-0.5088773
-0.3760289
-0.6026324
-0.5647533
-0.3874433
-0.4928856
-0.4174127
-0.488966
-0.3856036
-0.6693255
-0.4913823
-0.5798155
-0.4391952
-0.4642853
-0.473675
-0.3959038
-0.5223991
-0.5993273
-0.5274714
-0.5064389
-0.4079313
-0.497784
-0.3899276
-0.6704064
-0.5217484
-0.5456065
-0.3922554
-0.3663296
-0.4860202
-0.4743899
-0.4862658
-0.364049
-0.4678248
-0.3296313
-0.5159307
-0.4669005
-0.5152883
-0.5725276
-0.4181301
-0.4300627
-0.4891679
-0.5097194
-0.4995759
-0.3574417
-0.3570517
-0.4513386
-0.4803095
-0.3603028
-0.5638473
-0.3916556
-0.5032265
-0.3728996
-0.3966238
-0.4870127
-0.4323459
-0.4926431
-0.5249441
-0.3507529
-0.2658943
-0.4328082
-0.3341386
-0.5192989
-0.3073642
-0.4229737
-0.6297578
-0.3343232
-0.4874818
-0.4258652
-0.3130777
-0.4786152
-0.2729792
-0.292699
-0.3700206
-0.4086683
-0.2642933
-0.3503981
-0.5598617
-0.1917771
-0.348755
-0.2623352
-0.3060965
-0.4015951
-0.4450682
-0.3268656
-0.3533399
-0.3468366
-0.283235
-0.437619
-0.3085844
-0.336951
-0.3240521
-0.3586455
-0.460924
-0.3231849
-0.2865237
-0.3360477
-0.4385324
-0.3766808
-0.3417223
-0.5111842
-0.4450168
-0.3126961
-0.3462841
-0.2998934
-0.3384534
-0.2789452
-0.3372021
-0.3197732
-0.3958786
-0.3414564
-0.2827569
-0.2087599
-0.3226692
-0.3866831
-0.3130644
-0.372831
-0.2774607
-0.2673265
-0.4088837
-0.3839739
-0.3080782
-0.2581407
-0.1964141
-0.5006758
-0.03688199
-0.05536956
-0.2290294
-0.2012151
-0.3058125
-0.2896156
-0.2614283
-0.3297917
-0.398381
-0.2349967
-0.2393027
-0.3476785
-0.3667712
-0.1717058
-0.2706941
-0.2304926
-0.2545777
-0.3204908
-0.2428582
-0.3549678
-0.2448262
-0.3844491
-0.3990979
-0.2522079
-0.2510071
-0.05913353
-0.3319939
-0.3052261
-0.3370602
-0.3509853
-0.2107716
-0.3260945
-0.3496688
-0.2336301
-0.2038363
-0.1912483
-0.3133695
-0.2788555
-0.2506788
-0.4069419
-0.2410496
-0.2156976
-0.2207607
-0.1293343
-0.3747414
-0.1897481
-0.1092166
-0.135792
-0.1496972
-0.1346306
-0.2062253
-0.17473
-0.1990897
-0.1111508
-0.2971624
-0.1531495
-0.1560939
-0.1760452
-0.09170417
-0.09540155
-0.08907135
-0.3172503
-0.3923139
-0.1888365
-0.2492922
0.04441212
-0.1937367
-0.1806096
-0.1098036
-0.2255066
-0.07478599
-0.1909274
-0.1448005
-0.1292817
-0.05149552
-0.06242399
-0.118868
-0.05270706
-0.06287807
-0.1150548
-0.08896708
-0.2427842
-0.3355133
-0.1199271
-0.2549247
0.07246346
-0.08977393
-0.2347547
-0.1250562
-0.1390655
-0.1907334
-0.2680761
-0.1308378
-0.03278124
-0.01574747
-0.1595193
-0.1334153
-0.09366007
-0.1530014
-0.1932302
-0.05289262
-0.1637165
-0.02451442
-0.08207872
-0.1087283
-0.1829221
-0.02557308
0.02293402
-0.01019656
-0.0257124
-0.1157337
-0.06615315
-0.005384363
-0.03531466
-0.1686644
-0.09373825
0.04935185
-0.09028772
-0.03003406
-0.06365097
-0.1019549
-0.06382317
0.0100559
-0.09409801
-0.0332733
-0.08719206
-0.09727166
0.04378721
0.1038362
0.03120918
0.02717124
-0.1092905
-0.1076353
0.03688131
-0.07003084
-0.06373266
0.002335244
-0.1820664
0.1710659
-0.02840077
-0.02148137
0.0008257565
-0.005168379
0.09198318
-0.1315567
-0.03042288
0.06640658
-0.02986368
0.08253583
-0.02304852
0.008592264
-0.03982735
-0.1373302
0.02497465
0.01545187
0.07811264
-0.08062609
-0.02715485
0.07521648
0.007563218
0.04961452
0.04428473
0.01656151
0.0317797
-0.088067
-0.02549296
0.1765843
0.01926191
-0.03186177
0.266117
0.04976826
0.01026972
0.0004416501
0.1184493
-0.03758207
0.1491022
0.1042292
0.06745613
0.1904404
0.06992292
-0.02126092
0.001107772
0.1885779
0.1481492
0.09757497
0.1075173
0.006260505
0.06824613
0.08052544
0.09910775
0.08612509
0.07829573
0.1305246
0.2767633
0.08984071
0.1309294
0.0880868
0.0132405
0.1780456
0.05900628
0.133355
0.2123281
0.2152714
0.07205511
0.06611519
0.1355585
0.1446919
0.1131247
0.2105342
0.04449913
-0.04065671
0.170677
0.1332631
0.1808423
0.1611476
0.2122972
0.1629547
0.2180012
0.09628017
0.1110175
0.1849621
0.1053724
0.1482891
0.2194708
0.2446793
0.1522038
0.1688866
0.1942175
0.3088898
0.09452432
-0.01910387
0.1247762
0.06787586
0.1892167
0.2953385
0.3227731
0.2734008
0.04855401
0.2145753
0.2465557
0.2773707
0.2420982
0.1300445
0.2549537
0.05922025
0.2066697
0.207812
0.2938979
0.1558725
0.09281437
0.1785546
0.2670176
0.1845108
0.2882734
0.2019328
0.2947998
0.2996981
0.2028095
0.2457909
0.1858567
0.2225217
0.3079865
0.1735577
0.2769348
0.08562116
0.2254824
0.1757213
0.1787025
0.2403435
0.2148211
0.2909564
0.2960047
0.1829153
0.1099853
0.2504752
0.3196906
0.05617363
0.1330629
0.4416984
0.279299
0.06773236
0.2235872
0.4026421
0.2493493
0.2600884
0.3557297
0.3143079
0.3222964
0.2917369
0.30514
0.2535979
0.2902205
0.2255467
0.3095914
0.3391083
0.3736164
0.3286324
0.3106292
0.3813572
0.3498063
0.3323442
0.2611803
0.2631037
0.2988637
0.2497055
0.3213407
0.3073684
0.3137814
0.2215381
0.3770052
0.4203332
0.2476417
0.3026703
0.3712273
0.2801318
0.450915
0.3409906
0.1931298
0.3404343
0.4762815
0.4362434
0.3387328
0.2097179
0.4032059
0.2486736
0.4135289
0.2487547
0.3105597
0.2838151
0.3533039
0.4553573
0.4945559
0.3706044
0.5288955
0.456853
0.4213205
0.3877631
0.3027861
0.5552341
0.240694
0.4010325
0.2340581
0.2713444
0.3308559
0.4032068
0.4294003
0.3328501
0.4522128
0.4002594
0.4056904
0.290022
0.4519279
0.3814521
0.4586426
0.3980812
0.6463597
0.3939054
0.5589983
0.3723119
0.3512574
0.3752256
0.3877275
0.5197354
0.4008326
0.3069111
0.3527847
0.4483644
0.5447787
0.460603
0.620413
0.4078056
0.2962911
0.4658333
0.435959
0.4751029
0.5135483
0.5015823
0.3850941
0.4959822
0.6233001
0.3666571
0.5087626
0.5502525
0.460131
0.3930695
0.4135684
0.5660827
0.3532712
0.5748728
0.5261216
0.5780105
0.505137
0.5575418
0.3687318
0.4260655
0.4313158
0.5893245
0.556145
0.3877963
0.5498069
0.4149056
0.6357727
0.6311913
0.4663143
0.5539328
0.4406129
0.5975443
0.5495408
0.5173907
0.4221302
0.4956595
0.475773
0.5607495
0.5074845
0.5402054
0.5372132
0.5733533
0.6232241
0.4674602
0.6453186
0.6835479
0.5217201
0.5812225
0.4327059
0.6233733
0.5075023
0.5745053
0.4535291
0.4744089
0.6995607
0.5120892
0.492387
0.5879429
0.6508712
0.5390523
0.5553319
0.4520028
0.4209903
0.5977952
0.5715828
0.4807828
0.6755923
0.6091373
0.6227655
0.6368755
0.5323115
0.5829822
0.5809043
0.663865
0.7246655
0.5631057
0.7323369
0.6388929
0.571252
0.495082
0.6274302
0.743406
0.596658
0.654933
0.5916969
0.6660346
0.4205876
0.5539452
0.7022681
0.5159625
0.7051061
0.5972594
0.7550092
0.7213623
0.6258032
0.7004422
0.7362179
0.6172401
0.7473995
0.5788199
0.5538295
0.6178222
0.6837172
0.5287652
0.603204
0.8676331
0.5731625
0.6743958
0.6640577
0.8440784
0.7204472
0.628667
0.6332637
0.7498999
0.6843013
0.7088647
0.7591828
0.6566649
0.6501205
0.6393499
0.7814164
0.7666429
0.7153669
0.6163481
0.699727
0.6541056
0.6789312
0.7190493
0.792799
0.7827263
0.6942731
0.8065419
0.7092386
0.6489525
0.7768468
0.6000112
0.8443983
0.705279
0.7474759
0.7466006
0.6663263
0.744266
0.715946
0.6804379
0.7374553
0.751626
0.7865111
0.8207224
0.661238
0.7057869
0.7011555
0.6556947
0.8129475
0.8491414
0.8712647
0.7000959
0.8506259
0.8958809
0.8035854
0.8559276
0.7432206
0.7578701
0.8168506
0.7807084
0.8259765
0.8987313
0.7892989
0.7182769
0.9529621
0.7646532
0.8307215
0.7897892
0.8297373
0.8359725
0.7605463
0.7441221
0.8013399
0.8790786
0.7696337
0.7561144
0.8153742
0.8678972
0.9891455
0.892696
0.7807459
0.7345187
0.9250928
0.8960513
0.8763415
0.8945571
0.8334685
0.9720454
0.8914673
0.9004838
0.9168566
0.6428587
0.9545008
0.8674211
0.8796194
0.7797434
0.8060478
0.83166
0.8773991
1.012989
0.9541886
0.8462541
0.8344848
0.8122622
0.7983625
0.9088012
0.8252485
0.8239436
0.8327172
0.634969
0.9394989
0.8492706
0.8456239
0.8935181
1.025025
0.9027236
0.9098588
0.81403
1.06595
0.9004511
0.8879982
1.038
1.099918
0.8187107
1.059236
0.9013995
1.054567
1.099224
0.9142341
0.9141572
0.8481671
0.8802009
0.9080195
0.8050766
0.9047195
0.9834338
1.047013
0.9565598
1.037318
0.9367216
0.8536827
0.8297271
0.7950189
0.9802398
0.9100881
0.8463104
1.00319
0.8605208
0.9734175
0.9691683
0.900594
1.022926
1.106417
0.9877871
0.9973511
1.056488
0.9122788
0.945808
1.024848
0.9902326
1.02211
1.042389
0.7837334
1.066658
0.9035613
1.019787
1.011343