-0.02134415
-0.9696215
-0.9644164
-0.9779143
-1.07357
-0.9227792
-0.8543581
-0.968443
-0.8666333
-0.9835194
-1.102804
-1.0733
-1.068624
-0.9281994
-0.8908691
-1.017867
-0.9769482
-0.940615
-1.016447
-0.9266685
-1.105098
-1.088768
-0.9679599
-1.0874
-0.9282798
-0.7849339
-0.9451814
-1.09786
-0.9211361
-0.9700289
-1.058427
-0.8949726
-0.8556344
-0.9831097
-0.9559501
-1.097985
-0.9963973
-1.064773
-0.8730416
-0.9081236
-0.7602612
-0.8384373
-0.9497029
-0.9555426
-1.007754
-0.8867659
-0.9958362
-0.9704095
-1.038361
-0.8663726
-0.9079764
-0.8395464
-0.9280883
-0.8822792
-0.911257
-0.9591785
-1.015659
-0.948789
-0.7873634
-0.8490993
-0.8524691
-0.8933893
-0.9609512
-0.8530111
-0.7884956
-0.8757146
-0.8513478
-0.9748628
-0.9489109
-0.9033136
-0.8020193
-0.7949386
-0.8177697
-0.9028092
-0.7390187
-0.8050644
-0.8695218
-0.8392558
-0.8061542
-0.9073006
-0.87453
-0.7453942
-0.754383
-0.785174
-0.7116946
-0.981445
-0.8218167
-0.8426122
-0.8937863
-0.6721032
-0.7009228
-0.9578771
-0.788167
-0.8682456
-0.9090069
-0.7055565
-0.696317
-0.9081403
-0.7249075
-0.7826162
-0.7352729
-0.9046725
-0.7749043
-0.8677946
-0.7549945
-0.8417744
-0.8421069
-0.9070618
-0.8979734
-0.7236862
-0.7750457
-0.7407441
-0.7153988
-0.8504348
-0.6951841
-0.8912555
-0.5470836
-0.9401301
-0.9045598
-0.7576681
-0.7153559
-0.8203939
-0.7131904
-0.9039316
-0.8133516
-0.8808114
-0.7823862
-0.7136821
-0.7505072
-0.889766
-0.8455847
-0.6208873
-0.6224046
-0.8221328
-0.643683
-0.8343703
-0.7746325
-0.7780616
-0.6206363
-0.6954928
-0.6932301
-0.8901886
-0.7134165
-0.5450448
-0.7250928
-0.7309094
-0.7823099
-0.7584557
-0.6148787
-0.565983
-0.7129832
-0.7593757
-0.6794749
-0.698921
-0.671871
-0.632335
-0.677272
-0.8041968
-0.6301497
-0.6404395
-0.7573718
-0.5919185
-0.7539156
-0.5820051
-0.6644629
-0.6613741
-0.6075375
-0.7708585
-0.6376073
-0.6644884
-0.6691507
-0.5213152
-0.4760871
-0.5987568
-0.77962
-0.5232186
-0.6676571
-0.6900632
-0.5544682
-0.8157815
-0.7780212
-0.6149154
-0.7017408
-0.6555418
-0.7154616
-0.7040395
-0.5756268
-0.7981433
-0.6027901
-0.6692317
-0.7286246
-0.5675366
-0.5031603
-0.5398124
-0.5967648
-0.6803236
-0.6028224
-0.6866129
-0.7192025
-0.5909082
-0.6210777
-0.5867832
-0.5277984
-0.5167828
-0.6110447
-0.5291404
-0.6151653
-0.504295
-0.6611836
-0.4699667
-0.5591113
-0.6522968
-0.629562
-0.5144416
-0.6512895
-0.5332833
-0.6138597
-0.4398633
-0.4821162
-0.7186756
-0.6501244
-0.6429001
-0.6001611
-0.6166402
-0.5297504
-0.4599905
-0.4354829
-0.687934
-0.6915522
-0.5548283
-0.5961661
-0.5318586
-0.3732752
-0.6220394
-0.5726635
-0.3992116
-0.4836551
-0.4028081
-0.4931162
-0.3789487
-0.6460535
-0.5028634
-0.5584748
-0.4425578
-0.4594725
-0.488858
-0.3974041
-0.5266948
-0.6016932
-0.5364008
-0.5014269
-0.4034888
-0.497666
-0.37826
-0.6854245
-0.5382492
-0.5421315
-0.4127983
-0.3753818
-0.5102842
-0.4225779
-0.4841746
-0.3564549
-0.4818369
-0.3252392
-0.5087078
-0.4467054
-0.5210976
-0.5888091
-0.4331979
-0.4387518
-0.5007206
-0.4981338
-0.5218933
-0.3514719
-0.3703512
-0.468873
-0.4883088
-0.3694915
-0.5586556
-0.3803059
-0.4816462
-0.3733538
-0.4191659
-0.4749459
-0.430481
-0.4743829
-0.5321037
-0.3409353
-0.2811303
-0.4258795
-0.3479614
-0.5324057
-0.3092781
-0.4165479
-0.6510047
-0.3298823
-0.4929268
-0.4181346
-0.2989084
-0.4775103
-0.2840578
-0.2855654
-0.3829012
-0.4053329
-0.2772787
-0.351355
-0.5786303
-0.1967405
-0.3379679
-0.2670624
-0.3228019
-0.416811
-0.4583584
-0.3353338
-0.358176
-0.3338486
-0.2911566
-0.4410952
-0.3034706
-0.3709262
-0.3019177
-0.3477986
-0.4509363
-0.3190352
-0.2716353
-0.326137
-0.4265281
-0.3858491
-0.3484226
-0.5115568
-0.4283297
-0.2900495
-0.3503336
-0.3042674
-0.3603813
-0.2863119
-0.3323006
-0.2983697
-0.403581
-0.3798543
-0.2781112
-0.2001379
-0.3303764
-0.3726572
-0.3159319
-0.3860681
-0.2748119
-0.269741
-0.4272517
-0.3679033
-0.2890886
-0.2722236
-0.2020455
-0.4875177
-0.05564668
-0.06246971
-0.2061917
-0.1927314
-0.2959573
-0.3048792
-0.2701297
-0.3118778
-0.4034251
-0.2522474
-0.235914
-0.3222099
-0.3621912
-0.1819535
-0.2962438
-0.2071558
-0.2554317
-0.2955177
-0.2332408
-0.3729004
-0.2699276
-0.3795446
-0.3992319
-0.2108782
-0.263708
-0.09147581
-0.3518587
-0.2868215
-0.3631333
-0.3509676
-0.1875493
-0.3342158
-0.3624713
-0.222831
-0.2215089
-0.1993878
-0.3067316
-0.273109
-0.2639164
-0.3930221
-0.2691138
-0.2151293
-0.2199349
-0.143292
-0.3578783
-0.1876322
-0.1161868
-0.1348554
-0.1634996
-0.1544191
-0.1970057
-0.199774
-0.2254821
-0.1125009
-0.3146185
-0.1642578
-0.1620334
-0.1751982
-0.1172853
-0.07853626
-0.08729786
-0.303758
-0.3914721
-0.2188311
-0.2396791
0.0496811
-0.1897845
-0.1775446
-0.1244547
-0.2222252
-0.0641522
-0.2094506
-0.1367613
-0.1311749
-0.04347406
-0.08190906
-0.1146597
-0.03838111
-0.03940763
-0.1207833
-0.08289055
-0.2418792
-0.3447685
-0.1205972
-0.2553549
0.06795879
-0.07949232
-0.2210925
-0.118906
-0.1551177
-0.1671654
-0.2340577
-0.1568291
-0.03642451
-0.02691943
-0.159002
-0.1299219
-0.08656941
-0.1452373
-0.1969485
-0.03992641
-0.156635
-0.0455866
-0.08408604
-0.09062944
-0.1969375
-0.01237065
0.0149348
0.01171297
-0.01577228
-0.1049687
-0.04706224
-0.001127516
-0.02641452
-0.1776307
-0.08818458
0.04620294
-0.1014609
-0.0361177
-0.0847218
-0.1059525
-0.06076594
-0.002678375
-0.07652362
-0.02519074
-0.1007882
-0.1111354
0.05536152
0.09746564
0.02307152
-0.003458329
-0.1015252
-0.1051128
0.04956725
-0.05138688
-0.08218571
0.02068985
-0.1523198
0.1758954
-0.03744708
-0.04153093
0.01099747
-0.02498704
0.08133724
-0.1143431
-0.05481888
0.07763521
-0.04108034
0.0621151
-0.01415978
0.02102746
-0.02401271
-0.1451522
0.01776176
0.02558631
0.0986643
-0.08727693
-0.04325307
0.07086364
0.003781979
0.05155474
0.04157078
0.0359674
0.03358026
-0.1000656
-0.02328316
0.1802813
0.01518853
-0.02522239
0.2768423
0.07010789
0.02637848
0.00374336
0.147029
-0.03676292
0.1638033
0.1244454
0.08035603
0.1728263
0.07113015
-0.02039515
-0.007632811
0.1952955
0.146438
0.09711516
0.09790084
5.3072e-05
0.05020354
0.05376026
0.1086393
0.1064953
0.07525073
0.1337373
0.2679012
0.07705585
0.1464358
0.08012889
0.01119137
0.1803804
0.04989146
0.1514689
0.2135758
0.199656
0.06997005
0.08105741
0.1415846
0.1392942
0.1039709
0.2273614
0.05950428
-0.05713493
0.1637421
0.1129636
0.1566494
0.1741589
0.2069785
0.1687
0.1863841
0.08955291
0.09630649
0.1920792
0.106777
0.1408688
0.2444632
0.2358038
0.1513076
0.1742816
0.2255597
0.2894307
0.07041179
-0.02746648
0.1161967
0.08644464
0.2003825
0.2997343
0.3068408
0.2578337
0.05390782
0.2115547
0.2410653
0.2745831
0.2330059
0.137188
0.255787
0.06870383
0.2177291
0.2012619
0.3078025
0.1780927
0.1009301
0.1912765
0.2636976
0.2014746
0.3229239
0.1916828
0.2697799
0.281018
0.2118671
0.2340589
0.1870006
0.2161141
0.2887433
0.1878468
0.2659585
0.07269028
0.248442
0.1861053
0.1665205
0.2374463
0.1949527
0.2752593
0.2801295
0.2192601
0.1293365
0.2726286
0.3583783
0.04930979
0.1073154
0.4548626
0.289864
0.04176791
0.2074019
0.4042005
0.2773072
0.2744433
0.340674
0.2960878
0.333843
0.3118722
0.3143311
0.2421063
0.2782277
0.2419309
0.3308034
0.3300288
0.3522709
0.3209533
0.3203587
0.3838491
0.3481358
0.3279124
0.2395951
0.2653091
0.2937285
0.2255005
0.3119323
0.3203943
0.3089124
0.1977243
0.3520848
0.4224871
0.262188
0.3144891
0.3741984
0.2540428
0.451165
0.3243373
0.1830614
0.3430163
0.4505917
0.4335627
0.3334628
0.2080026
0.3914907
0.2349887
0.3964935
0.2602199
0.340859
0.3057255
0.3513057
0.4563462
0.4853244
0.3893973
0.5489314
0.4477931
0.4345526
0.3998325
0.3270697
0.5777184
0.2557882
0.416718
0.2343377
0.2777553
0.3286989
0.3837119
0.420608
0.3508767
0.4745016
0.3877304
0.4062033
0.2963274
0.4549353
0.3621014
0.4737423
0.3663343
0.6623825
0.4297726
0.5578267
0.3719331
0.3562773
0.4051561
0.4003246
0.486873
0.4111028
0.285218
0.3609083
0.4483289
0.5351089
0.4794867
0.588184
0.4062428
0.2924163
0.46578
0.4339605
0.4661707
0.510484
0.4983053
0.4041314
0.5099837
0.6063172
0.3655071
0.5167467
0.5720314
0.4620039
0.3969912
0.4136661
0.5902737
0.3368576
0.5484491
0.5195567
0.5617221
0.5188014
0.5531007
0.3541319
0.4419073
0.4361684
0.5950572
0.5708264
0.3920231
0.5493451
0.4433033
0.6225662
0.6350897
0.4798389
0.5410325
0.4373915
0.6061448
0.5458146
0.4967974
0.428068
0.5262583
0.4750508
0.5662023
0.5190175
0.5386715
0.5113953
0.5882358
0.617863
0.4795298
0.6425997
0.7030425
0.5136823
0.568406
0.4478648
0.6325516
0.5071337
0.5890518
0.4569855
0.4825835
0.691942
0.5194528
0.5077877
0.5859907
0.6477065
0.5450136
0.5451926
0.465695
0.4272471
0.6048998
0.5561118
0.5034756
0.655495
0.5944816
0.6255481
0.6264966
0.5446476
0.5948405
0.5537073
0.6552262
0.732744
0.5966507
0.7051926
0.6315453
0.5467035
0.5170961
0.658984
0.749912
0.5819984
0.6089028
0.5730226
0.6521462
0.4346153
0.5300459
0.7017567
0.5037686
0.7060658
0.6056342
0.7451612
0.7271526
0.6335374
0.7036076
0.7445606
0.6123727
0.7386694
0.5777611
0.5464205
0.6249712
0.6937356
0.5417343
0.5965326
0.8628403
0.5519892
0.6675581
0.644241
0.8688292
0.7195586
0.6428266
0.6608054
0.7673869
0.6860749
0.7065877
0.7296349
0.6598789
0.6657542
0.6354764
0.7820139
0.7578889
0.7055491
0.6187726
0.6939163
0.635445
0.6710809
0.7185813
0.7908661
0.7679952
0.7112143
0.80179
0.704895
0.6300302
0.7723313
0.5904232
0.8167894
0.7045503
0.7532087
0.7540967
0.6660443
0.7414786
0.7061439
0.6875596
0.7492698
0.7589005
0.7684737
0.8413293
0.6720027
0.7285425
0.6974881
0.6748346
0.8139871
0.8735599
0.8640108
0.6823083
0.8538341
0.9128078
0.8035793
0.8436637
0.7325382
0.7602392
0.7953664
0.7717095
0.8130142
0.9037757
0.7879242
0.7423672
0.9453508
0.7503439
0.8222903
0.8000392
0.8305393
0.8042085
0.7708329
0.7842043
0.8152618
0.8878339
0.7786459
0.760367
0.8261854
0.8757523
0.9738546
0.875612
0.7752892
0.7361602
0.9368921
0.9051886
0.8831328
0.906261
0.8431379
0.958838
0.8885673
0.9137377
0.9488424
0.6502014
0.9278114
0.8721848
0.8788366
0.7959929
0.8035645
0.8307322
0.8772954
1.000725
0.9309882
0.8667722
0.8398903
0.8088585
0.8007822
0.9318872
0.8273622
0.8363476
0.841085
0.6439132
0.9253448
0.8447906
0.8418199
0.8846023
1.040676
0.9011279
0.884149
0.8072982
1.064274
0.8790896
0.8929204
1.05294
1.096343
0.7855365
1.023306
0.9033436
1.045013
1.086135
0.920639
0.9094865
0.8572827
0.8688782
0.895906
0.8086826
0.9212154
1.01329
1.044109
0.9556298
1.039653
0.9430943
0.874306
0.8625245
0.8119883
0.962886
0.9227511
0.8464469
1.026802
0.8333716
0.9706307
0.9649075
0.9061429
1.029315
1.132578
0.9831365
0.978679
1.065844
0.9170796
0.9780986
1.027231
1.005017
1.005127
1.020456
0.7850838
1.041632
0.8826774
1.020972
1.030229