-0.01418369
-0.9498929
-0.9585515
-0.9889761
-1.064615
-0.9268239
-0.8857852
-0.9588963
-0.8689638
-0.9901157
-1.090167
-1.060288
-1.093693
-0.9535436
-0.9230625
-1.031395
-0.9774179
-0.9518786
-1.018787
-0.9312235
-1.101667
-1.113501
-0.9613881
-1.092353
-0.9554504
-0.8002846
-0.949308
-1.091537
-0.902758
-0.9564963
-1.046391
-0.8978292
-0.8500714
-0.9709519
-0.9701697
-1.06841
-0.9975543
-1.065403
-0.8631771
-0.9059765
-0.7527164
-0.8549545
-0.9399619
-0.9483159
-0.9972937
-0.8923738
-1.002361
-0.9620137
-1.050527
-0.8956703
-0.8962127
-0.8285264
-0.929941
-0.8928008
-0.9249265
-0.9561681
-1.034748
-0.9263695
-0.8174408
-0.8479094
-0.8678101
-0.9061671
-0.9829789
-0.8389125
-0.7928189
-0.8822941
-0.849808
-0.956763
-0.9222456
-0.8912682
-0.7802878
-0.7840558
-0.7981045
-0.9033401
-0.7422671
-0.7828837
-0.8891122
-0.8439401
-0.8059756
-0.9043535
-0.8876447
-0.7780503
-0.7755865
-0.7871144
-0.6876185
-0.9458922
-0.8240039
-0.8290348
-0.8860993
-0.6712738
-0.6926648
-0.958209
-0.7910963
-0.8615936
-0.9133348
-0.7044327
-0.6982086
-0.92184
-0.7236208
-0.7569575
-0.7303256
-0.9169773
-0.7507379
-0.8550111
-0.7602649
-0.8490087
-0.841819
-0.8605141
-0.9153301
-0.7469882
-0.8089879
-0.7583575
-0.7181257
-0.8579005
-0.6957482
-0.8840231
-0.5691285
-0.9471621
-0.8878144
-0.7746011
-0.6979293
-0.8197012
-0.6793694
-0.8814456
-0.8022458
-0.9034363
-0.795685
-0.7227055
-0.7538565
-0.8771039
-0.8521683
-0.6220473
-0.628689
-0.8524313
-0.6323829
-0.8595765
-0.7934945
-0.8029582
-0.6072283
-0.7154583
-0.6903873
-0.8755187
-0.7003003
-0.5558661
-0.7532004
-0.7111363
-0.753206
-0.7530275
-0.6389407
-0.5782309
-0.7174505
-0.7692423
-0.6861841
-0.7010017
-0.6524381
-0.6265118
-0.6765974
-0.806724
-0.6441723
-0.6324452
-0.7499364
-0.5852321
-0.7559596
-0.5862157
-0.6655401
-0.6610308
-0.6215183
-0.7433257
-0.6311105
-0.6838188
-0.6516483
-0.5259971
-0.460737
-0.5890005
-0.7786894
-0.5134474
-0.663204
-0.6954559
-0.5836198
-0.8150441
-0.7715874
-0.6189796
-0.7173921
-0.6647783
-0.7204896
-0.7027762
-0.5739487
-0.7926502
-0.609115
-0.6471612
-0.7170965
-0.5780197
-0.5150439
-0.5491646
-0.5962792
-0.6743639
-0.628922
-0.6700789
-0.707564
-0.5741016
-0.6348162
-0.5892575
-0.548155
-0.5208631
-0.6117881
-0.5335815
-0.6131887
-0.5180482
-0.6467087
-0.4763861
-0.5724948
-0.6736286
-0.6055056
-0.5295005
-0.6464054
-0.5558537
-0.5918036
-0.4287736
-0.4782907
-0.7194361
-0.651538
-0.6683466
-0.6063142
-0.6115335
-0.5497559
-0.4426755
-0.43693
-0.700318
-0.6976577
-0.5247369
-0.5940875
-0.493664
-0.3728399
-0.6371846
-0.5629798
-0.3918548
-0.5075076
-0.4126783
-0.4713022
-0.3976484
-0.6623553
-0.4823584
-0.5527536
-0.412604
-0.444581
-0.4702695
-0.402238
-0.5132827
-0.6085935
-0.5305866
-0.4935136
-0.4250899
-0.502547
-0.4032673
-0.6697173
-0.5308251
-0.5513705
-0.4143741
-0.3670127
-0.4951902
-0.44379
-0.5010678
-0.3389628
-0.4835921
-0.3167373
-0.5141282
-0.4472817
-0.5023842
-0.587805
-0.4233993
-0.4458076
-0.4972055
-0.5120391
-0.511002
-0.3640826
-0.3562266
-0.4345807
-0.4746852
-0.3778157
-0.5672837
-0.409372
-0.4986767
-0.3771664
-0.4075912
-0.4761992
-0.4401899
-0.4833742
-0.5164584
-0.3421405
-0.2855038
-0.4059141
-0.337918
-0.5162562
-0.2953458
-0.3976958
-0.6213478
-0.3311435
-0.4956242
-0.4387807
-0.3059816
-0.4773297
-0.2739752
-0.2839685
-0.3607882
-0.4200077
-0.2649041
-0.3382596
-0.5770959
-0.1694211
-0.3433014
-0.2911271
-0.2934941
-0.4303375
-0.4546337
-0.3103915
-0.3634453
-0.3443971
-0.3168107
-0.4308604
-0.309766
-0.3358277
-0.3337026
-0.3909426
-0.4545997
-0.3124321
-0.2612924
-0.3127992
-0.4530889
-0.3879183
-0.371845
-0.5081471
-0.422784
-0.3287198
-0.3590462
-0.2977802
-0.3344833
-0.2930921
-0.3606354
-0.3034687
-0.4253359
-0.3394631
-0.2853475
-0.186184
-0.3398386
-0.3722336
-0.3240605
-0.3835145
-0.2732605
-0.2712621
-0.4248746
-0.364823
-0.2857257
-0.2631083
-0.2240218
-0.4728972
-0.04156262
-0.05011776
-0.2238597
-0.2003402
-0.2839861
-0.3172923
-0.2758052
-0.3161777
-0.3817958
-0.250371
-0.2526219
-0.3196679
-0.3673272
-0.1543929
-0.2756891
-0.223529
-0.2545882
-0.3162436
-0.2489833
-0.376798
-0.2666046
-0.3730763
-0.4071639
-0.2257181
-0.2482035
-0.07310147
-0.3265093
-0.3100039
-0.3489821
-0.3387894
-0.1876781
-0.2998175
-0.3532157
-0.2453511
-0.2374118
-0.1851499
-0.3101685
-0.2713085
-0.2679783
-0.3959627
-0.2546929
-0.2067197
-0.2089322
-0.14261
-0.3657436
-0.1854151
-0.0987726
-0.1555262
-0.1791495
-0.1517916
-0.1921449
-0.209115
-0.1844557
-0.1131853
-0.3009449
-0.1725938
-0.1582078
-0.1888868
-0.1157658
-0.08701651
-0.09305329
-0.3173652
-0.3892831
-0.1967818
-0.2350123
0.04338609
-0.2150094
-0.1824727
-0.1417687
-0.2309399
-0.06112928
-0.2123208
-0.1661157
-0.1571625
-0.07522955
-0.08142421
-0.1001292
-0.032016
-0.06186416
-0.1203855
-0.08403158
-0.2386356
-0.3432662
-0.1216721
-0.2456219
0.07102913
-0.06947392
-0.2312134
-0.1226186
-0.1256742
-0.1881814
-0.24762
-0.1486183
-0.04046095
-0.006635603
-0.1721503
-0.123791
-0.1161198
-0.1577919
-0.1981444
-0.06445354
-0.1692743
-0.04892195
-0.09203405
-0.1037801
-0.1777032
-0.02515286
0.02389348
0.01706561
-0.02185221
-0.1135261
-0.05029884
0.013434
-0.01934223
-0.1447492
-0.08742271
0.04895055
-0.08142001
-0.05788486
-0.08316522
-0.1016609
-0.04474629
0.001207276
-0.07888776
-0.02657193
-0.09635981
-0.1129199
0.04961182
0.1155012
0.01648673
0.02305189
-0.08938575
-0.1038356
0.04086749
-0.06340501
-0.06738275
0.01286905
-0.1482139
0.1757441
-0.03893093
-0.06358676
-0.01364224
-0.02626916
0.09348534
-0.1125788
-0.04379455
0.07252046
-0.03734146
0.07344195
-0.03500452
0.009609934
-0.03900378
-0.1336749
0.009175578
0.02037884
0.1134207
-0.07319197
-0.03397303
0.05889238
-0.009455449
0.06688017
0.03226203
0.03628945
0.02163518
-0.1015057
-0.03221065
0.1705387
0.03942836
-0.02659188
0.2895606
0.02978536
0.02114841
-0.01502545
0.1363285
-0.03009733
0.1466209
0.1122658
0.0859651
0.1858337
0.09285798
-0.03076258
-0.005437251
0.1889356
0.1408146
0.1108065
0.1032892
-0.02037224
0.04468414
0.05999116
0.1276866
0.09702674
0.09422584
0.1169494
0.2505097
0.08529186
0.121466
0.07647483
0.01680756
0.172287
0.05924299
0.1324827
0.2119236
0.2092129
0.05650755
0.07872324
0.160845
0.1365984
0.09112071
0.1976736
0.03539209
-0.0358382
0.1334674
0.1069167
0.1878353
0.150682
0.2243556
0.1698972
0.2062737
0.08858829
0.09857439
0.1662341
0.1181991
0.1493523
0.2366164
0.2398171
0.1486733
0.1867705
0.2124482
0.2870346
0.09041159
-0.0141407
0.1244496
0.07658867
0.1952086
0.294455
0.3149056
0.2816834
0.05044448
0.2066635
0.2279264
0.2747187
0.2375339
0.1308812
0.2385197
0.05289319
0.1925155
0.1910647
0.3211733
0.1857608
0.0932104
0.2012623
0.265963
0.1652148
0.3146458
0.2063889
0.2752783
0.3034044
0.2017607
0.2464439
0.1515791
0.2320883
0.3246187
0.1906108
0.2910516
0.09904887
0.2291791
0.2030828
0.1764597
0.2415502
0.1873267
0.3078795
0.2845961
0.1967689
0.1485158
0.2637136
0.3255791
0.06867585
0.1499907
0.4386594
0.285508
0.03832484
0.2095736
0.4243676
0.267045
0.2681303
0.3293178
0.3099844
0.3353452
0.2981456
0.3067081
0.2392444
0.2773957
0.2445388
0.321074
0.3312831
0.3597447
0.3097747
0.2897525
0.3799752
0.328981
0.3423063
0.2654233
0.2724383
0.319339
0.2281852
0.3090367
0.3093526
0.3216706
0.1971253
0.3723545
0.4223209
0.2678056
0.3047095
0.3890466
0.2692443
0.4545904
0.3221346
0.1972965
0.3705826
0.4659993
0.4428969
0.3227027
0.2188167
0.3798025
0.2338445
0.3882829
0.2499268
0.323988
0.2872739
0.3524001
0.4647385
0.4778858
0.3666382
0.5501864
0.4522759
0.4387847
0.4022826
0.3096461
0.543607
0.2431864
0.4005189
0.2442446
0.2618573
0.3355142
0.3721155
0.4365196
0.3533082
0.4727404
0.3835231
0.396362
0.2942699
0.4552636
0.368778
0.4445622
0.356696
0.6365038
0.4035565
0.5573505
0.3696038
0.3588768
0.3810342
0.4121574
0.5027209
0.4186384
0.2771014
0.3405755
0.4583662
0.5453067
0.4756363
0.609698
0.4079721
0.30767
0.4696374
0.4295547
0.4621124
0.5188589
0.503597
0.3990262
0.498505
0.5902535
0.381289
0.5078766
0.5598756
0.4612207
0.3867197
0.4277936
0.5589051
0.3190674
0.5653383
0.5103067
0.573105
0.5006803
0.5417401
0.3623559
0.4496996
0.4482196
0.5896935
0.5585053
0.420292
0.5515795
0.4130487
0.618473
0.623146
0.4948638
0.5506489
0.4283579
0.5990301
0.5338554
0.5100061
0.4174487
0.5048327
0.473512
0.555033
0.5276182
0.5546567
0.5347691
0.573174
0.633881
0.4704112
0.6540204
0.70699
0.5069594
0.5885757
0.4403446
0.6250995
0.5233616
0.5834481
0.4550487
0.4646244
0.7035209
0.5087541
0.5206297
0.6016639
0.6256847
0.5318358
0.524487
0.4513071
0.4267703
0.6023862
0.5594258
0.5011954
0.6529305
0.6096138
0.6372509
0.6153584
0.5288265
0.5728126
0.5880573
0.671781
0.7335098
0.5908875
0.6995588
0.6495877
0.55756
0.5040993
0.644083
0.7240596
0.5954938
0.6221778
0.6011272
0.6814635
0.4242737
0.5409955
0.681361
0.5094698
0.7184339
0.585955
0.7499396
0.7139535
0.629805
0.6978985
0.7515665
0.6318745
0.7478379
0.5765776
0.5621276
0.6096481
0.680848
0.5523007
0.5821004
0.8525354
0.5734496
0.6827785
0.6643371
0.8611973
0.7043844
0.636615
0.6399658
0.7491434
0.6907325
0.6990879
0.754474
0.6615873
0.668803
0.6452388
0.8014255
0.7658799
0.7146649
0.6046176
0.7016926
0.6381801
0.6774644
0.7427431
0.7875977
0.7878964
0.6902477
0.7879671
0.7049623
0.6481414
0.7940543
0.6046838
0.8404647
0.7058836
0.7442851
0.7438347
0.6597643
0.7403758
0.7088205
0.6754919
0.7319642
0.7653818
0.7877495
0.8296412
0.668938
0.7065467
0.7183025
0.6537557
0.8170473
0.8552853
0.8607516
0.6877213
0.8318196
0.9029023
0.7817784
0.8417216
0.7383109
0.7611912
0.8013505
0.7728437
0.8251161
0.9047938
0.7801598
0.7349993
0.9510244
0.7613265
0.8343209
0.80258
0.8231657
0.810187
0.7391035
0.7527394
0.8069509
0.875808
0.7757703
0.7482446
0.7945278
0.8820408
0.9708275
0.8882905
0.7684062
0.754164
0.9186186
0.8958036
0.8785458
0.9038123
0.8467894
0.9665654
0.8830111
0.8937818
0.9357934
0.6728002
0.9520091
0.8594165
0.8651377
0.7837297
0.8192335
0.8451644
0.8813129
0.995711
0.9475374
0.8566555
0.8553767
0.8171269
0.79586
0.9230049
0.8381763
0.8327784
0.8494413
0.637835
0.9294953
0.8416612
0.8241813
0.878424
1.05361
0.875062
0.8825834
0.8249321
1.086056
0.8721572
0.8835872
1.032337
1.112934
0.8072671
1.051259
0.9154254
1.057496
1.048624
0.9034677
0.9104524
0.8479862
0.9018501
0.9018733
0.8053378
0.9007907
0.9998799
1.055024
0.9565914
1.026511
0.9491942
0.8552756
0.8553629
0.7678575
0.9585059
0.9341052
0.8525824
1.007697
0.8239225
0.9936711
0.9586516
0.9185026
1.040941
1.101517
0.9690896
1.017792
1.091804
0.9241466
0.9603491
1.008108
1.025475
1.018421
1.021126
0.7957529
1.051232
0.8806435
1.014411
1.021991