-0.002569343
-0.9446898
-0.955091
-0.9629839
-1.076547
-0.9346646
-0.8696182
-0.950197
-0.866709
-1.000793
-1.110375
-1.061429
-1.064021
-0.9426954
-0.8896205
-1.020064
-0.9811605
-0.9290247
-1.01716
-0.939183
-1.119593
-1.095875
-0.9795739
-1.083571
-0.9330997
-0.7640984
-0.9443947
-1.0869
-0.9178883
-0.9864128
-1.0619
-0.9126848
-0.8649511
-0.9799256
-0.9641995
-1.064869
-1.01106
-1.072479
-0.8765112
-0.9052342
-0.7448653
-0.8519301
-0.9410297
-0.9416427
-1.011865
-0.8860836
-1.007142
-0.9571835
-1.032975
-0.8706094
-0.9076809
-0.8265285
-0.925829
-0.8810858
-0.9264513
-0.9547163
-1.012166
-0.9374478
-0.8051783
-0.8494706
-0.8438762
-0.905827
-0.9689078
-0.8582423
-0.776793
-0.8811404
-0.8489405
-0.9600333
-0.9253504
-0.8873633
-0.7973451
-0.8090813
-0.8023864
-0.9016221
-0.735395
-0.7705624
-0.8752495
-0.8447091
-0.8129999
-0.8872222
-0.8737988
-0.7514103
-0.7694866
-0.7747299
-0.7087637
-0.9393607
-0.7974537
-0.8275046
-0.8997426
-0.6525138
-0.6731557
-0.9672129
-0.7734633
-0.8607356
-0.9047156
-0.6994814
-0.7008974
-0.910153
-0.7328108
-0.7750252
-0.7397446
-0.9141365
-0.7693951
-0.881745
-0.7442763
-0.8510269
-0.8313967
-0.8974981
-0.8850419
-0.7185701
-0.7927833
-0.7304921
-0.7108989
-0.8567034
-0.6892115
-0.904413
-0.5572484
-0.9498305
-0.8849291
-0.758464
-0.7184327
-0.8330538
-0.6877484
-0.8816434
-0.8041501
-0.8830381
-0.7948656
-0.7208852
-0.7158905
-0.8897438
-0.8215249
-0.6561268
-0.6324566
-0.845501
-0.6361446
-0.861583
-0.7904458
-0.789825
-0.6131548
-0.7069143
-0.7130408
-0.8897598
-0.7150324
-0.5389454
-0.7330315
-0.7246448
-0.7545585
-0.7591953
-0.6326848
-0.5723674
-0.7068799
-0.7252279
-0.688585
-0.6858522
-0.6559032
-0.624313
-0.6875633
-0.8249507
-0.6495287
-0.6544164
-0.7666841
-0.5984961
-0.7392441
-0.5914213
-0.6704398
-0.6791837
-0.6159861
-0.7368355
-0.637055
-0.6642172
-0.6518417
-0.5219024
-0.4803774
-0.5974404
-0.7847164
-0.5093392
-0.6645135
-0.6954248
-0.5563207
-0.8119157
-0.7656109
-0.5961464
-0.7017942
-0.6482975
-0.7243979
-0.6945002
-0.5870838
-0.7844183
-0.6221047
-0.6618376
-0.7104396
-0.569329
-0.4999029
-0.5418073
-0.5912668
-0.6641592
-0.6357209
-0.6848342
-0.7231273
-0.5903035
-0.615122
-0.5989227
-0.5312217
-0.5324425
-0.6094192
-0.5442049
-0.616473
-0.5028539
-0.6609668
-0.4797836
-0.5626305
-0.6760991
-0.6317779
-0.5295735
-0.6673489
-0.5463566
-0.6095588
-0.4463413
-0.4779148
-0.7324085
-0.6598953
-0.6396528
-0.6124519
-0.5956585
-0.5300078
-0.4531739
-0.4337827
-0.7050948
-0.6803596
-0.5355347
-0.5841694
-0.493469
-0.375279
-0.6312748
-0.5503265
-0.3992482
-0.4963087
-0.4091416
-0.471983
-0.3833289
-0.6498445
-0.4901585
-0.554337
-0.4137194
-0.4510259
-0.4827303
-0.4016253
-0.514868
-0.5970211
-0.5288862
-0.5078713
-0.415106
-0.5048491
-0.3974906
-0.6720548
-0.5177797
-0.5611591
-0.4103553
-0.3673484
-0.4786758
-0.443356
-0.5052066
-0.3539894
-0.4827269
-0.3285194
-0.5057753
-0.4417475
-0.5347043
-0.5848162
-0.4336611
-0.4310425
-0.4782061
-0.5028936
-0.4984631
-0.3579282
-0.3441024
-0.4511084
-0.48056
-0.374161
-0.546385
-0.3889943
-0.4891904
-0.3803333
-0.4080186
-0.4726968
-0.4259548
-0.4748825
-0.5227182
-0.3713073
-0.280098
-0.4136202
-0.3501316
-0.5307186
-0.3110094
-0.4372843
-0.6498064
-0.3236051
-0.4870174
-0.419904
-0.3045065
-0.4979371
-0.2865507
-0.2921271
-0.3589013
-0.4086318
-0.289985
-0.3355154
-0.5654998
-0.2079867
-0.3483309
-0.288438
-0.3043803
-0.3920009
-0.4406804
-0.3132045
-0.3501299
-0.3345957
-0.2781589
-0.430547
-0.3171592
-0.3477908
-0.3091207
-0.3768478
-0.4567969
-0.3262632
-0.2753376
-0.3205509
-0.430935
-0.4089189
-0.359214
-0.5145049
-0.4416306
-0.2987645
-0.3644405
-0.299516
-0.3354503
-0.3000824
-0.3546464
-0.2926127
-0.3956166
-0.3530653
-0.286046
-0.2036242
-0.3241785
-0.3607715
-0.3064785
-0.3790712
-0.2679248
-0.2441067
-0.4167394
-0.3659716
-0.2951944
-0.2646335
-0.2263369
-0.4920155
-0.05950734
-0.07273594
-0.2082837
-0.2110083
-0.3021832
-0.3073404
-0.2601712
-0.3067361
-0.403771
-0.2572544
-0.2432243
-0.3338471
-0.3537691
-0.1844984
-0.2864335
-0.2076078
-0.2600553
-0.3088075
-0.2305395
-0.356523
-0.2725258
-0.3672527
-0.4016845
-0.2296113
-0.2415477
-0.09093039
-0.3499173
-0.3031876
-0.345571
-0.3462791
-0.1994612
-0.3032866
-0.3572712
-0.2512311
-0.2080106
-0.1957036
-0.2966948
-0.2733068
-0.2787109
-0.4152523
-0.2508369
-0.2204728
-0.2092747
-0.127103
-0.365963
-0.1949027
-0.1066963
-0.1497588
-0.1679498
-0.1638365
-0.2014208
-0.1991873
-0.2257859
-0.125525
-0.2986395
-0.1608268
-0.1671426
-0.1648134
-0.1192386
-0.1002944
-0.08029225
-0.321355
-0.3917177
-0.1921132
-0.2423284
0.05223719
-0.2089997
-0.17649
-0.124193
-0.2182086
-0.08246845
-0.1840382
-0.1559917
-0.137518
-0.06115118
-0.07234393
-0.1187727
-0.03806744
-0.05630851
-0.1113094
-0.1058701
-0.2396043
-0.3435981
-0.1424619
-0.2343581
0.07018517
-0.07174945
-0.2107241
-0.1290428
-0.1533011
-0.1846786
-0.2497907
-0.1471762
-0.05109235
-0.005151351
-0.171584
-0.1281162
-0.08598099
-0.1659133
-0.1978879
-0.05795884
-0.1695755
-0.0289569
-0.08488999
-0.1058818
-0.1760669
-0.03260318
0.005254438
0.00402921
-0.03616574
-0.130821
-0.0553452
0.009300349
-0.01276347
-0.159598
-0.07650802
0.04414147
-0.09672554
-0.05360859
-0.05837182
-0.09963928
-0.03951018
0.008289445
-0.08684803
-0.03260282
-0.09828035
-0.1199186
0.0429743
0.1272074
0.01047582
0.01710007
-0.1056082
-0.1136684
0.04706709
-0.06051097
-0.07376152
-0.009884569
-0.1611301
0.1777331
-0.05450961
-0.04054134
0.003745826
-0.01758792
0.1003525
-0.1144836
-0.04770475
0.05983067
-0.03778675
0.06888135
-0.0465503
0.03725909
-0.03613645
-0.1461482
0.02955536
0.01351964
0.08547908
-0.06609667
-0.03207845
0.07510181
0.0233228
0.06278105
0.0462019
0.04606915
0.02181741
-0.08731962
-0.03210333
0.1748073
0.02875653
-0.00400641
0.2888005
0.03633314
0.0314726
0.001427329
0.1376205
-0.03451548
0.1410882
0.1145849
0.06044993
0.1640212
0.07886893
-0.03664423
0.005993218
0.1941233
0.1272491
0.1051436
0.096796
-0.03118592
0.05473969
0.07014435
0.09549657
0.101465
0.06967328
0.1270442
0.2654173
0.09971934
0.1323687
0.07562774
0.03717997
0.1697367
0.05638416
0.1486851
0.1892268
0.1996852
0.05865634
0.08235058
0.1471127
0.1381017
0.09280998
0.2179771
0.04905357
-0.0354994
0.1444808
0.1224035
0.1773216
0.1542544
0.2263703
0.1842698
0.1977153
0.09732396
0.107859
0.1896217
0.09827153
0.159794
0.236552
0.2353248
0.1416353
0.1784404
0.1997039
0.2915607
0.08796845
-0.0242083
0.133821
0.08013914
0.2072471
0.2831231
0.3089364
0.2704745
0.04332922
0.1902061
0.2414607
0.2891728
0.2442732
0.1309231
0.2690364
0.05033328
0.1726898
0.1771167
0.3023178
0.1801482
0.103427
0.1801494
0.2526748
0.1903868
0.310473
0.1924682
0.2835702
0.3071937
0.1957331
0.2488862
0.1679942
0.228965
0.3002124
0.189621
0.278439
0.07640203
0.2453761
0.1921326
0.1814768
0.2316291
0.1871407
0.2991252
0.2804443
0.2031727
0.1305745
0.2840644
0.335615
0.05099453
0.1261173
0.427211
0.2952658
0.04168414
0.2213935
0.4329187
0.2735934
0.2775405
0.3375023
0.3089891
0.3140477
0.3149566
0.2980955
0.2484405
0.2880571
0.2581968
0.3350144
0.3339928
0.3702781
0.3253929
0.3104783
0.3858294
0.3450625
0.3250465
0.2655004
0.2684569
0.3066126
0.241953
0.3314237
0.3081269
0.3265713
0.2122225
0.3735916
0.4111847
0.2474549
0.3090389
0.3876946
0.2766226
0.4532248
0.3296775
0.2036228
0.3443575
0.4534097
0.4356138
0.3518469
0.1920995
0.3831902
0.2407951
0.4203102
0.2546157
0.3179545
0.2961044
0.3531475
0.4551212
0.4775243
0.3851847
0.5570386
0.4436125
0.4171886
0.4022304
0.3151611
0.5663285
0.2382902
0.3866091
0.2397363
0.2620898
0.3375959
0.398772
0.417122
0.3426819
0.4775046
0.3794953
0.396952
0.3096489
0.4572158
0.379942
0.4463688
0.3722977
0.6532142
0.4088188
0.5361353
0.3652866
0.3485301
0.3832643
0.3882056
0.5101964
0.4187894
0.2949747
0.3617823
0.4600627
0.5218119
0.4599187
0.6116763
0.4019726
0.3181946
0.4528731
0.4292963
0.4671951
0.5225483
0.5028343
0.3999941
0.49931
0.6011482
0.3784538
0.4998318
0.5532862
0.4640388
0.4110862
0.4223878
0.5637549
0.3603565
0.5582526
0.5278464
0.5650921
0.5089002
0.5514422
0.3591073
0.438045
0.4237723
0.5774152
0.5521707
0.3920185
0.5373924
0.4417426
0.6336167
0.6166363
0.4874117
0.5320916
0.4144523
0.612714
0.5469155
0.5060994
0.423489
0.5227324
0.4780467
0.5595889
0.5247726
0.5426761
0.5452288
0.5866358
0.612398
0.4742892
0.6426124
0.6887367
0.5283019
0.5866746
0.4407029
0.6304326
0.5210584
0.569024
0.4543148
0.4772544
0.683302
0.5033454
0.526245
0.5926451
0.649666
0.5668379
0.5492815
0.472976
0.4383733
0.6022023
0.5702725
0.4943263
0.6580906
0.6219849
0.6305211
0.6423776
0.5320297
0.582761
0.5693059
0.6610909
0.7443881
0.584691
0.7054687
0.6422009
0.5333137
0.4965727
0.6564154
0.7327338
0.5979415
0.6354424
0.5912952
0.660685
0.419742
0.5482337
0.671036
0.5211373
0.7158268
0.5873307
0.7602629
0.7342241
0.6308675
0.7002761
0.7508945
0.6359381
0.748142
0.5820573
0.560266
0.6067651
0.6909033
0.5420065
0.6007812
0.8566434
0.5632834
0.6830442
0.6623289
0.844955
0.7123293
0.6303774
0.6418957
0.7772662
0.7034943
0.7113543
0.7354011
0.6438704
0.6536436
0.65723
0.7942746
0.7619242
0.7270912
0.6103222
0.6821493
0.6331576
0.6583593
0.7395166
0.8014887
0.7859478
0.7064272
0.806168
0.7005575
0.6416964
0.8010483
0.6085084
0.8243017
0.7014239
0.7480606
0.7486887
0.671664
0.7367675
0.6902246
0.6688049
0.7168355
0.7732028
0.790793
0.8265228
0.6701555
0.7174206
0.7079104
0.6572465
0.8258443
0.8625149
0.8715629
0.6927202
0.8310215
0.909643
0.7848317
0.8459336
0.7395868
0.7668878
0.8191582
0.7582302
0.8152076
0.9062688
0.7891454
0.7428029
0.9389988
0.745796
0.822967
0.8105724
0.8400976
0.8052605
0.754227
0.7403648
0.8209802
0.8666765
0.7732387
0.7529907
0.8196569
0.8803243
0.9600771
0.8846302
0.8018389
0.7126099
0.9336011
0.9238935
0.8970191
0.9028453
0.8508292
0.9670405
0.8935666
0.9007834
0.9307216
0.6598576
0.9604132
0.877056
0.8563646
0.7813309
0.8011782
0.8400615
0.8854758
0.9903074
0.9463332
0.8542026
0.8437411
0.7956871
0.770909
0.9089546
0.8369366
0.8543495
0.8443576
0.6322462
0.9341794
0.8440631
0.8356081
0.9043561
1.027733
0.879094
0.8938812
0.8370956
1.081517
0.883493
0.9052762
1.019987
1.104525
0.8102162
1.03306
0.8875589
1.047538
1.071284
0.9106737
0.904988
0.863438
0.8858481
0.896842
0.8096129
0.8896625
0.9811342
1.042835
0.9640392
1.03249
0.9489461
0.8504627
0.8475473
0.8086661
0.9554945
0.9202215
0.8377795
1.025828
0.8300213
0.9787543
0.9565552
0.8910679
1.042599
1.115807
0.9823632
0.983623
1.072345
0.9196252
0.9685214
1.027551
1.008175
1.024546
1.01797
0.7946136
1.060283
0.9067395
1.00508
1.009011