0.122347
-0.9721024
-1.012429
-0.7792552
-0.9070454
-1.052576
-0.986424
-0.8633673
-1.059139
-0.9976484
-1.0433
-1.08044
-0.9846635
-1.005858
-0.8340954
-1.037416
-0.8303426
-0.9243583
-0.969338
-0.9969056
-0.8508883
-0.9227326
-1.027719
-0.8468929
-1.062976
-0.9069082
-0.7885759
-1.037032
-0.8927581
-0.8533185
-0.9116712
-0.9011066
-0.9598105
-0.8551376
-0.8013
-1.178472
-1.00742
-0.940161
-0.9156282
-0.9033562
-1.065361
-0.8390608
-0.7443664
-0.996447
-0.9432727
-0.8239897
-0.8818857
-0.8984128
-0.9104666
-0.750254
-0.7948708
-0.9443352
-0.8388133
-0.847678
-0.8535577
-0.7676385
-0.9243074
-0.8511038
-0.9428252
-0.8066697
-0.8923555
-0.9448702
-0.7965949
-0.8370113
-0.9331422
-1.075133
-1.028426
-0.7626372
-0.7783865
-0.7776748
-0.8405767
-0.7097953
-0.9112988
-0.7697312
-0.9157913
-0.8441958
-0.8191593
-0.9068257
-0.9091701
-0.7866379
-0.704222
-0.8858938
-0.7886832
-0.8658446
-0.8113605
-0.8753918
-0.8874256
-0.8126677
-0.7943925
-0.7636128
-0.8827746
-0.8379453
-0.8267467
-0.8183793
-0.8206457
-0.9487162
-0.6441389
-0.65911
-0.8783011
-0.6599017
-0.7353279
-0.8763393
-0.9101619
-0.8209709
-0.8322689
-0.7307067
-0.7611491
-0.6868835
-0.754783
-0.9073147
-0.8352588
-0.8124385
-0.6835979
-0.7744816
-0.8073866
-0.6465854
-0.7211342
-0.7531606
-0.8749465
-0.6453131
-0.847149
-0.7667136
-0.7569651
-0.7516436
-0.7307959
-0.8273667
-0.6899589
-0.6952664
-0.7976818
-0.7415324
-0.7193479
-0.7414363
-0.8100283
-0.7594176
-0.7079299
-0.5782763
-0.8086578
-0.719743
-0.652222
-0.8138384
-0.7469056
-0.7164476
-0.8297556
-0.7265036
-0.67489
-0.7731852
-0.8020444
-0.6161537
-0.7209034
-0.6790679
-0.7160709
-0.6148958
-0.6071841
-0.749899
-0.5923461
-0.7443638
-0.6624681
-0.6687663
-0.7942379
-0.6957353
-0.6574462
-0.7441819
-0.6252205
-0.7637135
-0.6861318
-0.7210713
-0.6971633
-0.7216533
-0.6827835
-0.6847624
-0.7497126
-0.5368656
-0.7168326
-0.6824134
-0.5545268
-0.6223631
-0.5121387
-0.6871538
-0.5900063
-0.7963234
-0.5364133
-0.5916678
-0.5496883
-0.6410775
-0.5566559
-0.4935119
-0.7729733
-0.6202561
-0.5489618
-0.5181844
-0.7230715
-0.5547059
-0.6174199
-0.6823469
-0.6854038
-0.7756105
-0.6294799
-0.595819
-0.6253096
-0.6958395
-0.6889173
-0.4569029
-0.6834289
-0.6297979
-0.6273682
-0.6294489
-0.5412344
-0.716863
-0.5687951
-0.6256908
-0.5920708
-0.5612608
-0.7055082
-0.5928008
-0.6884595
-0.5792813
-0.6293123
-0.5059227
-0.519953
-0.5191107
-0.6012615
-0.5216484
-0.7070055
-0.6113263
-0.4998283
-0.5783579
-0.6173259
-0.6490597
-0.5218661
-0.4370381
-0.6485854
-0.4230637
-0.3563433
-0.3481525
-0.4527489
-0.6947378
-0.633769
-0.3458636
-0.4217664
-0.5026241
-0.5730099
-0.5350919
-0.6368715
-0.7083714
-0.5269372
-0.5217305
-0.4705571
-0.40266
-0.4232865
-0.604136
-0.5155182
-0.3290512
-0.5880156
-0.4010381
-0.3581875
-0.5128643
-0.6254852
-0.3714361
-0.4396239
-0.3980752
-0.4777645
-0.4407827
-0.3548572
-0.4773451
-0.6050618
-0.517289
-0.4651004
-0.5821938
-0.2431635
-0.5539966
-0.4556076
-0.4845318
-0.3631528
-0.2361406
-0.3348194
-0.4391577
-0.4525371
-0.4193427
-0.3094319
-0.5612555
-0.3903397
-0.4194753
-0.4308976
-0.5099051
-0.2376829
-0.3742044
-0.2644595
-0.4831201
-0.4847372
-0.5624398
-0.3630519
-0.4310757
-0.3841848
-0.2799384
-0.3523479
-0.4340861
-0.4363933
-0.4826759
-0.3673327
-0.3805802
-0.4572166
-0.4859406
-0.3735456
-0.4150343
-0.461868
-0.4667632
-0.2289131
-0.4620369
-0.4023826
-0.3116093
-0.3824753
-0.3563162
-0.3127608
-0.2425797
-0.2630241
-0.1013171
-0.4576547
-0.3768317
-0.3593342
-0.4273084
-0.4745671
-0.4324887
-0.3981396
-0.1892797
-0.1913095
-0.2291615
-0.3972029
-0.4407412
-0.4857593
-0.3542124
-0.3824445
-0.2618748
-0.4434119
-0.2664997
-0.3935097
-0.2972202
-0.4204088
-0.2901408
-0.1921745
-0.2664503
-0.1367479
-0.185436
-0.2061429
-0.3446953
-0.4976876
-0.2559699
-0.3032548
-0.3166128
-0.2011876
-0.4079584
-0.2714091
-0.261931
-0.1308666
-0.07179721
-0.3099178
-0.4299951
-0.2861185
-0.1297125
-0.3525725
-0.3807807
-0.480773
-0.2218818
-0.3210234
-0.3401305
-0.3017581
-0.4097352
-0.3435905
-0.3198218
-0.1740792
-0.2355989
-0.4377894
-0.3342934
-0.03991484
-0.2254817
-0.2340442
-0.2032643
-0.2955903
-0.2675621
-0.2859521
-0.2788572
-0.2471961
-0.2402471
-0.3375596
-0.2195323
-0.2887336
-0.2192363
-0.1258018
-0.1917138
-0.06820028
-0.2919634
-0.2835779
-0.1819074
-0.1283108
-0.1759284
-0.2154976
-0.1104737
-0.2372373
-0.2641389
-0.1627864
-0.1354702
-0.2425829
-0.2358092
-0.2689261
-0.2441782
-0.1535563
-0.2367593
-0.2552478
-0.2227083
-0.2889677
-0.059739
-0.2477382
-0.2077925
-0.1919959
-0.1659485
-0.1254253
-0.1885139
-0.1094221
-0.002389386
-0.1753653
-0.1725589
-0.1687253
-0.1183302
-0.1625763
-0.002486726
-0.2446213
-0.2041035
-0.2032631
-0.07819078
-0.1709961
-0.170111
-0.1378162
-0.0684203
0.04777387
-0.2329904
-0.2014832
-0.1821834
-0.2900769
-0.09940121
-0.141271
-0.2574579
-0.1162437
-0.07494311
-0.1240311
-0.01482934
-0.04106692
-0.1476038
-0.01681494
-0.1429057
0.01560535
-0.05170398
0.05269325
-0.1186593
-0.1619695
-0.1269917
0.05250235
0.01809847
-0.09987231
-0.04893304
-0.1792159
0.002226789
0.04445069
-0.0554629
-0.01779808
-0.07908095
0.05330492
-0.08200471
-0.1276593
0.104032
-0.1289221
-0.1085138
-0.1286171
-0.1338024
0.05848367
0.01005278
0.03898036
-0.1529697
0.01273044
-0.09678753
0.01900733
-0.156304
-0.1081871
-0.09506508
-0.05139246
-0.08433934
0.05680016
-0.03135106
-0.07967841
-0.02609952
-0.05588937
-0.04062976
0.006721393
-0.1579048
-0.01429023
0.1152761
0.01847369
-0.0568421
-0.07162946
0.131683
-0.0236302
0.1197642
-0.2203136
-0.2279386
-0.05564664
-0.00866458
0.08178689
0.04281578
-0.07761363
-0.05698358
-0.1079713
0.0392485
-0.1255356
0.004660254
-0.005929589
0.1679718
0.08738531
-0.105213
0.002995922
0.1066293
-0.1618022
0.00872427
0.03679336
0.05747453
0.1245564
-0.1403815
0.1059954
-0.07800469
-0.01434737
0.006428454
0.004721702
-0.1319809
0.1310166
0.04805393
-0.07056118
-0.0663322
0.2956992
-0.03630809
0.009026694
0.02760946
0.1218811
0.2348861
0.005397691
0.03709092
-0.05629129
0.02939555
-0.06126147
0.1510854
0.07711446
0.1133443
0.1421627
0.1347264
0.1592561
0.21614
0.224154
-0.09795059
0.2209444
0.1635963
0.3339739
0.187808
0.4011378
0.1722791
0.1199002
0.0900129
0.250499
0.1509496
0.1231486
0.1838122
0.02992759
-0.01616559
0.05369537
0.1540546
0.1207417
0.08636165
0.124656
0.122137
0.09638153
0.1738807
0.2319878
0.1929435
0.15577
0.04507334
0.1275639
0.01197956
0.08613682
0.1945122
0.1315354
0.06665049
0.124246
0.13382
-0.02119563
0.1664532
0.2571346
0.2306047
0.1811179
0.2745954
0.2886762
0.2333222
0.2455058
0.1777774
0.2317452
0.1375784
0.05294114
0.2514283
0.1229452
0.3195806
0.1719384
0.1530351
0.3215585
0.2513964
0.2320223
0.3521604
0.3230415
0.1522696
0.2526353
0.1086552
0.07893754
0.2537974
0.298423
0.113226
0.1116427
0.1501151
0.2222006
0.1865532
0.1182408
0.1791727
0.3073232
0.04972221
0.3136913
0.294224
0.2346541
0.3177048
0.1958412
0.1362239
0.2919859
0.2150497
0.1320389
0.219396
0.1216433
0.3646615
0.3590624
0.2316154
0.3392027
0.3918851
0.3362793
0.4456416
0.3195756
0.23127
0.371896
0.3474834
0.1846476
0.2338847
0.3500194
0.3318689
0.3197068
0.2676398
0.3722077
0.2496216
0.276281
0.3374807
0.2588472
0.2742047
0.3001562
0.2075354
0.427854
0.3768481
0.3504607
0.5002575
0.2605194
0.4041278
0.1933064
0.3768193
0.3682832
0.2969303
0.3855498
0.3674006
0.217256
0.3106902
0.3077345
0.3618917
0.3787528
0.2887331
0.3510071
0.3891458
0.315068
0.4354932
0.5304759
0.4597464
0.1647254
0.3380746
0.417935
0.5080709
0.2657922
0.4592024
0.242554
0.4662941
0.264121
0.2994075
0.4727659
0.4444268
0.5242356
0.4153494
0.4286528
0.4030969
0.3550866
0.4708093
0.3674584
0.4686268
0.4032132
0.4516921
0.5312025
0.4526361
0.4389055
0.4093738
0.4583769
0.399365
0.5012649
0.411897
0.3652659
0.4371076
0.3953206
0.4983058
0.4735517
0.4472849
0.4286223
0.3970147
0.5095667
0.4768193
0.4235777
0.5466307
0.53791
0.5474372
0.4681786
0.5237704
0.556918
0.5227791
0.6576482
0.5728533
0.5017363
0.4450704
0.5916906
0.5124635
0.5769535
0.5788124
0.4786089
0.3324017
0.3684971
0.4148395
0.5097175
0.5520925
0.5442352
0.4819844
0.4924637
0.5264822
0.5189637
0.5015217
0.5195847
0.4836426
0.3596475
0.4786851
0.5299977
0.4899185
0.5842351
0.5282134
0.5683582
0.629083
0.5364609
0.541884
0.3827282
0.5988094
0.507856
0.6045328
0.5505726
0.3954321
0.5921535
0.5491366
0.6058892
0.5715743
0.3649561
0.596163
0.546299
0.5953484
0.6920127
0.6031679
0.6233795
0.6382876
0.6736892
0.5194687
0.7190045
0.5241367
0.566903
0.4502381
0.7170768
0.5274593
0.5990458
0.557015
0.5136946
0.5407051
0.6138747
0.7125306
0.6542238
0.6714937
0.4735811
0.4093218
0.5919682
0.5427264
0.5634948
0.6709101
0.6110094
0.7006547
0.4759752
0.5047647
0.6899226
0.6482146
0.6310342
0.5517745
0.5054301
0.483586
0.7059972
0.8078707
0.626383
0.6656305
0.7097033
0.6799259
0.6066701
0.6848531
0.606121
0.7132617
0.7231528
0.6520877
0.6402955
0.6059143
0.4505967
0.6707849
0.6861754
0.67967
0.7316443
0.6381604
0.5839407
0.6908386
0.5796206
0.8285665
0.5473768
0.7144984
0.7646024
0.6921924
0.790874
0.6387795
0.5596434
0.8256931
0.7000111
0.7202437
0.6141196
0.673083
0.9519381
0.6163368
0.6063627
0.7597777
0.6704111
0.7685954
0.7223324
0.7802019
0.7122756
0.7007417
0.7302363
0.7910482
0.6225179
0.86313
0.7785099
0.6772648
0.6399853
0.7639744
0.6358408
0.8456886
0.6762859
0.6919205
0.8489105
0.7689627
0.8729346
0.8693917
0.7566706
0.65893
0.7580788
0.7301056
0.7576552
0.7411296
0.6883646
0.6989453
0.9377492
0.7338106
0.6608461
0.6623675
0.8161207
0.8699893
0.8054716
0.813301
0.7362899
0.7429905
0.7790504
0.8536514
0.7835316
0.7922175
0.8631294
0.8375776
0.984312
0.6277954
0.7568097
0.6744044
0.7736833
0.8330646
0.8381304
0.7911585
0.802862
0.9326092
0.8132711
0.783185
0.741533
0.7722205
0.8084098
0.8002692
0.8481831
0.8377409
1.008185
0.8080855
1.045497
0.7592699
0.7786644
0.6022355
0.6964665
0.8731114
0.7922528
0.8776192
0.7598612
0.8633682
0.9087447
0.9539615
0.8232337
0.8408804
1.122903
0.6884154
0.8835281
0.9504229
0.8690668
0.8612936
0.9026209
0.9227
0.8266525
0.9839165
0.8007097
0.85415
0.8511874
0.9555883
0.9725678
0.8803642
0.7794012
0.9282172
0.9137823
0.9109465
0.8492793
0.9744917
0.9978156
0.9680595
0.9608955
0.7751731
0.93454
0.9125844
1.003885
0.9644528
0.923388
0.8480866
0.977112
0.936689
0.8020678
0.8846799
0.7971054
0.9541836
0.8068162
0.9356021
1.062835
1.030423
1.008189
0.9333581
0.9100862
1.024089
1.05325
1.101837
0.9962899
1.009154
0.9175045
0.8939175
0.8668053
1.068977
0.9058013
0.8071851
0.933962
0.8753197
1.069598
0.9540875
0.9683129
0.9626056
0.92587
0.9052146
1.002223