0.03138413
-0.9612822
-1.026819
-0.9584559
-1.042915
-0.950103
-0.9817334
-1.022548
-1.133621
-1.010899
-0.9426289
-0.9300432
-1.01375
-0.9521278
-0.9494978
-0.9318417
-0.9322405
-0.869264
-1.005017
-0.951723
-1.016893
-0.9489034
-0.8534887
-0.9103999
-1.084413
-0.8842322
-0.9022733
-0.9493587
-1.023364
-0.9363483
-0.9073836
-0.902676
-0.8759117
-1.01746
-0.8751145
-0.8884609
-0.9026888
-0.8299081
-0.9270544
-0.9205384
-0.6786426
-0.7584797
-0.878706
-0.9066477
-1.002765
-0.7993608
-0.974617
-0.9307902
-0.9441271
-0.9223554
-0.8308851
-1.025624
-1.036272
-0.6735129
-0.747594
-0.7930014
-0.8655878
-0.9843778
-0.8684623
-0.8259287
-0.7157495
-0.8452837
-0.9674344
-0.9463937
-0.8930653
-0.8246158
-0.9464631
-0.8283792
-0.8380317
-0.8188403
-0.7994709
-0.6313108
-0.7315665
-1.000478
-0.9882886
-0.8482442
-0.7870028
-1.029764
-0.7490546
-0.8478278
-0.8152513
-0.8632147
-0.9100057
-0.8414472
-0.830226
-0.8214599
-0.6537389
-0.8979563
-0.7803962
-0.9255735
-0.8459028
-0.8292688
-0.7198297
-0.88472
-0.7288925
-0.7139126
-0.7238488
-0.8572193
-0.7345093
-0.8318074
-0.7941838
-0.7620053
-0.7757393
-0.9131301
-0.8999284
-0.9302766
-0.7302682
-0.7186721
-0.9059742
-0.6981403
-0.8767483
-0.7897799
-0.7905933
-0.7160116
-0.6845897
-0.7870364
-0.6760152
-0.699036
-0.8548768
-0.74218
-0.827751
-0.7452184
-0.8741031
-0.8096893
-0.7262674
-0.6037709
-0.7219468
-0.9228786
-0.710392
-0.7131487
-0.7036197
-0.5709839
-0.7525714
-0.8205557
-0.7448148
-0.7876811
-0.6953106
-0.5199727
-0.5446936
-0.7135671
-0.7590528
-0.6393975
-0.7649201
-0.808876
-0.7764391
-0.7240104
-0.6133696
-0.7145441
-0.6619742
-0.6697047
-0.6804731
-0.7002516
-0.7025562
-0.6303783
-0.7165333
-0.6239885
-0.7614933
-0.6493615
-0.5949309
-0.5729922
-0.6427202
-0.5798247
-0.5523186
-0.6067333
-0.6482107
-0.6549963
-0.6325474
-0.675537
-0.8400204
-0.5849961
-0.6465862
-0.6083435
-0.6790495
-0.7049602
-0.6128078
-0.7603907
-0.6709414
-0.7612518
-0.6467757
-0.8183204
-0.5027775
-0.6769702
-0.5989652
-0.6856956
-0.5789155
-0.571065
-0.5201056
-0.64713
-0.6933025
-0.5867874
-0.685585
-0.5774676
-0.6352381
-0.6988725
-0.670689
-0.5320383
-0.559325
-0.5403258
-0.5051018
-0.4961312
-0.6242908
-0.579326
-0.6695449
-0.5454507
-0.6374007
-0.724762
-0.6369408
-0.7653154
-0.4751623
-0.4939236
-0.5421405
-0.574487
-0.5744066
-0.5164457
-0.6390321
-0.6099712
-0.5323243
-0.5521222
-0.5693797
-0.6505485
-0.3770446
-0.5355031
-0.5781753
-0.5389874
-0.5997953
-0.527318
-0.5658789
-0.7301014
-0.4949756
-0.5137018
-0.5472212
-0.5660733
-0.5297507
-0.4723768
-0.6699416
-0.5266909
-0.7208963
-0.4980237
-0.5253588
-0.6725405
-0.644184
-0.5155538
-0.5014359
-0.4957288
-0.5938602
-0.5992416
-0.4671576
-0.4952149
-0.5420481
-0.3963096
-0.4073826
-0.5297717
-0.6627356
-0.494882
-0.5260104
-0.4675923
-0.4705486
-0.6544417
-0.5243183
-0.4794915
-0.4619652
-0.5281352
-0.602777
-0.4908152
-0.2811119
-0.4376261
-0.4222156
-0.4820867
-0.4948722
-0.3919299
-0.3846318
-0.3315213
-0.4077642
-0.6252125
-0.5870418
-0.4106721
-0.4264299
-0.5072734
-0.4134441
-0.3878543
-0.54057
-0.4072711
-0.5316226
-0.3606287
-0.5056766
-0.5828816
-0.323835
-0.4750766
-0.3337416
-0.4698656
-0.2792037
-0.4359179
-0.5464122
-0.3412539
-0.3290044
-0.4341325
-0.4519127
-0.5391489
-0.340802
-0.3633115
-0.3764882
-0.4573008
-0.4129158
-0.4811361
-0.41694
-0.4447734
-0.3315795
-0.513333
-0.4698191
-0.4191622
-0.2864882
-0.5002378
-0.3828034
-0.4742011
-0.415073
-0.3293893
-0.4340995
-0.5158895
-0.231913
-0.3562835
-0.319442
-0.2992781
-0.4330039
-0.3669755
-0.3195982
-0.4925146
-0.5018201
-0.1743458
-0.2826891
-0.2874437
-0.2817599
-0.3552116
-0.3573429
-0.3089198
-0.1729546
-0.4000604
-0.4730058
-0.2257873
-0.2936268
-0.3097053
-0.2994816
-0.3812281
-0.3952692
-0.4077521
-0.3131186
-0.2750717
-0.3023581
-0.2317862
-0.2368268
-0.3508517
-0.3273235
-0.3512673
-0.3720809
-0.2378871
-0.2344216
-0.244145
-0.2013395
-0.2842184
-0.3401292
-0.2998349
-0.2642952
-0.2224928
-0.2614422
-0.4022248
-0.2887312
-0.1761756
-0.2845779
-0.3268966
-0.231005
-0.4351772
-0.1765173
-0.2434254
-0.2204331
-0.3721268
-0.437378
-0.241663
-0.237936
-0.2699488
-0.298788
-0.2645799
-0.05180586
-0.135178
-0.4262007
-0.29335
-0.3876096
-0.2748041
-0.0997856
-0.1973298
-0.2839397
-0.2239636
-0.2131655
-0.1265425
-0.1920878
-0.2034614
-0.3704738
-0.3709752
-0.3093335
-0.3245545
-0.2025764
-0.2275829
-0.109915
-0.05948997
-0.2543833
-0.331336
-0.1279154
-0.171789
-0.1461712
-0.1507584
-0.1393772
-0.1098187
-0.1932805
-0.08996563
-0.132834
-0.1549022
-0.1546326
-0.1513153
-0.1821168
-0.1387395
-0.01324447
-0.1997216
-0.1322089
-0.3010538
-0.2111719
-0.1658713
-0.150832
-0.0513555
-0.1269116
-0.1576552
-0.06863297
-0.06543808
-0.1105786
-0.06605889
-0.2346053
-0.05669766
-0.1033867
0.01954916
-0.1164464
-0.1071653
-0.17997
-0.07932868
-0.0874494
-0.1737844
-0.2953137
-0.1735669
-0.2229733
-0.1841741
-0.2360315
-0.2621524
-0.08238833
-0.02539591
0.01915192
-0.1333305
-0.194456
-0.05546218
-0.08509678
0.02448009
0.02654722
-0.1198584
-0.009192333
-0.09447135
-0.08565618
-0.1219091
-0.1756747
-0.04642886
-0.03888722
-0.1088914
-0.1392366
0.02353745
-0.1304781
-0.06669482
-0.05164373
-0.1147761
0.08354112
-0.1149051
0.04266281
-0.05352301
-0.1563685
-0.06156717
-0.1031969
-0.005939667
-0.09992151
0.06355564
-0.05033052
-0.093385
-0.03064202
-0.1434246
0.07869314
-0.02277736
0.1330569
-0.08414467
-0.06843845
-0.01604138
0.06208132
-0.04165309
0.01860568
0.07448435
-0.1131438
-0.09538569
0.02792175
-0.01004671
-0.08896798
-0.1948855
0.05593879
-0.0245195
-0.0878325
0.0802919
-0.007747027
0.2153295
0.1557027
-0.118841
0.06308459
-0.1055095
0.1200551
-0.01606668
0.08767043
0.1112062
0.06812857
0.2196684
0.1526295
-0.05248541
0.006786503
-0.07815479
-0.003407768
0.1188005
0.2088777
0.06173154
-0.08581622
-0.06009307
0.1537761
0.09563035
0.1261071
0.01263356
0.001474354
0.2059147
0.07390485
0.1428901
0.03279286
-0.04302358
-0.02366582
0.2459408
-0.1049303
0.05708472
0.1257504
0.02916559
0.1434108
-0.03992779
0.2273318
0.05459558
0.1175672
0.136248
0.01411627
0.1425225
0.04648604
-0.0193079
0.1598304
0.1887734
0.1121038
0.108359
0.1709725
0.255744
0.1820925
0.1459408
0.08505375
0.1708081
-0.003541121
0.1683951
0.06886989
-0.05291642
0.09177331
0.2037762
0.09914487
0.1381899
0.1000067
0.1019239
0.1652271
0.1296029
0.0632785
-0.001871049
0.1076448
0.1687573
0.1735948
0.3024896
0.2445777
0.1449083
0.2248632
0.2087935
0.1276547
0.1852288
0.1237389
0.150552
0.2357119
0.1303458
0.2339043
0.1340323
0.1941222
0.2234112
0.03471068
0.235379
0.2637599
0.3172635
0.2757066
0.3221574
0.1248241
0.326744
0.1350877
0.3000608
0.09551478
0.299118
0.199438
0.3343731
0.2899728
0.1938159
0.2420234
0.2651956
0.3478636
0.3232228
0.3235823
0.1898924
0.2979339
0.2217098
-0.02432829
0.1924718
0.170236
0.2215037
0.2734325
0.3296388
0.2637392
0.3332597
0.2482657
0.3445024
0.2534131
0.204349
0.09069601
0.3591639
0.1721105
0.4223774
0.2854506
0.1953555
0.3215572
0.2212119
0.324051
0.3918715
0.3233077
0.3378594
0.3799677
0.3777104
0.2122965
0.1407855
0.281388
0.116539
0.2218119
0.291649
0.3346432
0.2816712
0.3385778
0.2718766
0.2339715
0.3062201
0.2741796
0.2605211
0.4343035
0.1654934
0.3182255
0.3341763
0.3182131
0.3806558
0.2291872
0.3721666
0.2418168
0.3054112
0.2559631
0.3555466
0.2333852
0.3226581
0.2676541
0.4349908
0.4773813
0.357501
0.4010283
0.3818632
0.5305586
0.2144611
0.2800986
0.3404485
0.4065033
0.3734912
0.3371736
0.3892001
0.2725994
0.3429408
0.3921542
0.4072639
0.378068
0.6078979
0.3838202
0.3386764
0.380398
0.4505263
0.359757
0.5255153
0.3852933
0.5007271
0.2812152
0.3807605
0.4114345
0.3382021
0.3972
0.2855599
0.3079962
0.3213525
0.4411711
0.4359127
0.5778327
0.484794
0.5390473
0.3063735
0.3619351
0.4782888
0.4008181
0.4089603
0.4869131
0.5205991
0.4339993
0.598021
0.36325
0.4389944
0.4436368
0.3267783
0.5056612
0.397016
0.5830527
0.5592265
0.322782
0.2771874
0.5310818
0.4907497
0.402528
0.5188567
0.6069746
0.4614793
0.4086141
0.5477142
0.5521841
0.3914489
0.5121357
0.5538615
0.3498867
0.5320995
0.6735632
0.46714
0.5084123
0.531642
0.6747204
0.4762997
0.3335623
0.6182106
0.6314946
0.6115997
0.5216264
0.7170272
0.5312874
0.4624181
0.5811563
0.6001002
0.4868884
0.5361865
0.407405
0.5012493
0.5975682
0.6120842
0.5150004
0.551421
0.5074075
0.644296
0.5975303
0.6100768
0.5830438
0.5007229
0.5628793
0.5709804
0.4550372
0.4747119
0.404776
0.4719428
0.7245986
0.5588804
0.5177284
0.6032792
0.6257623
0.6514608
0.5713806
0.5727426
0.6503961
0.5325231
0.4798586
0.6610803
0.4856094
0.5227692
0.45143
0.6036782
0.6069989
0.6153701
0.5214755
0.6271883
0.70311
0.675721
0.6370583
0.6397194
0.5301686
0.7175358
0.6879297
0.5233641
0.6560379
0.5727655
0.7366233
0.6204891
0.6656205
0.7298494
0.6942316
0.6348116
0.6789849
0.5768505
0.5405977
0.6396623
0.7285381
0.7298783
0.6556919
0.7090707
0.592925
0.6648279
0.6802966
0.5680523
0.6646067
0.5109357
0.7391433
0.7302246
0.7677068
0.7636618
0.786878
0.7138648
0.5517117
0.7684418
0.6449176
0.7538938
0.7216887
0.7197577
0.647548
0.567711
0.5098593
0.688222
0.7145133
0.7758809
0.7382221
0.7893931
0.6559526
0.6958454
0.7757616
0.7020988
0.6450966
0.6848399
0.7898674
0.7919897
0.6218935
0.7874108
0.7423472
0.6495991
0.6541697
0.8358695
0.7149699
0.8128025
0.9017269
0.6806384
0.698138
0.7570115
0.7258243
0.5913434
0.8634002
0.7201664
0.6937215
0.7200409
0.9615218
0.7635481
0.7314639
0.8248134
0.7707657
0.7132482
0.8774784
0.7862346
0.7713461
0.6231364
0.6460946
0.8297862
0.8096323
0.8734638
0.8188949
0.7609092
0.8594636
0.9303239
0.8141532
0.7122642
0.9141484
0.7970452
0.6917247
0.8695067
0.6239892
0.7892627
0.7409866
0.7948897
0.7922793
0.7976057
0.7988254
0.8628411
0.7712014
0.7954373
0.8926795
0.7460071
0.8622151
0.7814775
0.9001428
0.8967294
1.030992
0.9536397
0.8201684
0.8907948
0.8730963
0.8940006
0.7873934
0.9502424
0.9821506
0.8360651
0.9072947
0.7641618
0.7523381
0.6887276
0.8985517
0.753601
0.9404466
0.9175589
0.9111865
0.8925498
0.976403
0.8766829
0.8639378
0.9983644
0.8526085
1.016547
1.007096
0.7497066
0.9208075
1.000467
0.852081
0.8400678
0.783598
0.852704
1.014941
0.7707928
0.8920707
0.8685413
0.6989915
0.9070856
0.9512298
0.9230356
1.10169
1.028945
0.9385267
1.009854
0.8812096
1.013209
0.9705421
0.9012122
1.001648
0.9929759
0.9619701
0.9703733
0.8011312
1.012867
0.8140951
1.023264
0.9077776
0.9955541
0.8523853
0.9807174
0.9858329
0.9121579
0.9044542
1.06227
0.9907565
1.031767
1.004611
1.020124
0.9015169
1.054046
0.9429693
1.06691
1.012202
0.9096252
1.013195
1.077231
0.9519953
0.8931856
0.8439605