0.1365787
-0.978825
-1.004289
-0.7631896
-0.907999
-1.059091
-0.9977786
-0.8547373
-1.06894
-0.9967562
-1.034645
-1.057796
-0.9943302
-1.019165
-0.8384957
-1.038567
-0.8161837
-0.921634
-0.9702246
-1.007163
-0.8488705
-0.9428173
-1.020817
-0.857665
-1.081659
-0.8911621
-0.7704972
-1.032135
-0.9008259
-0.8528338
-0.9117685
-0.9000802
-0.9652097
-0.8647823
-0.812126
-1.168937
-1.002904
-0.936032
-0.9273681
-0.9023776
-1.08069
-0.8684258
-0.7431456
-0.9924956
-0.9368295
-0.8322087
-0.8787479
-0.8819167
-0.9163723
-0.7565336
-0.8201642
-0.9215813
-0.8337361
-0.8504543
-0.8529044
-0.737955
-0.9101061
-0.8292707
-0.9366437
-0.8015198
-0.889264
-0.9452592
-0.8217561
-0.8439597
-0.9177835
-1.054687
-1.032374
-0.7706945
-0.779872
-0.7932129
-0.8258317
-0.6921332
-0.9053924
-0.7734312
-0.8873727
-0.8172686
-0.830269
-0.9102615
-0.9139068
-0.7877437
-0.7041154
-0.9079331
-0.8040022
-0.8690447
-0.8062985
-0.8649397
-0.8912269
-0.795881
-0.7802683
-0.7794491
-0.8690233
-0.8533336
-0.8263325
-0.8034522
-0.8376011
-0.9433472
-0.6657112
-0.6838264
-0.8804793
-0.6769613
-0.7206275
-0.8889497
-0.9051719
-0.8380438
-0.814905
-0.7159948
-0.7593864
-0.67472
-0.7475695
-0.894608
-0.838207
-0.7944153
-0.6767689
-0.7624904
-0.8154485
-0.6695723
-0.731876
-0.7464821
-0.8849757
-0.6536248
-0.8450787
-0.7559873
-0.7741296
-0.7547026
-0.7143242
-0.8479859
-0.6706363
-0.6662177
-0.8038605
-0.740643
-0.7435195
-0.7533932
-0.7949886
-0.7657021
-0.7190736
-0.5784985
-0.8020678
-0.752319
-0.6562395
-0.831559
-0.7493843
-0.699389
-0.8336608
-0.754848
-0.6627745
-0.7654241
-0.8079591
-0.6366846
-0.7224362
-0.6539039
-0.7149528
-0.5984091
-0.6002698
-0.7654997
-0.5794606
-0.7453579
-0.6421183
-0.6908376
-0.8116864
-0.6989853
-0.6493368
-0.7495535
-0.6221289
-0.7832566
-0.6909525
-0.6914281
-0.6875038
-0.7242151
-0.6572095
-0.6855509
-0.7406752
-0.5376729
-0.7141191
-0.6510128
-0.5487324
-0.627315
-0.5081543
-0.6881252
-0.608852
-0.7945151
-0.5530256
-0.6174407
-0.5539531
-0.6460177
-0.5661886
-0.5126298
-0.7570935
-0.6173192
-0.5542415
-0.5096737
-0.725725
-0.5406592
-0.6116985
-0.6692084
-0.6882885
-0.756172
-0.6231346
-0.6051933
-0.5928551
-0.6792432
-0.6944753
-0.4592027
-0.6904419
-0.6189575
-0.640091
-0.6352227
-0.5365689
-0.7399251
-0.5841959
-0.6389936
-0.6031439
-0.5605287
-0.6834045
-0.6120229
-0.6874525
-0.5948743
-0.6372673
-0.5256651
-0.5273615
-0.5182092
-0.613659
-0.5374794
-0.6895855
-0.6166578
-0.5010671
-0.5608472
-0.628349
-0.6429634
-0.5227233
-0.4287709
-0.648202
-0.4125316
-0.3820992
-0.3548085
-0.464351
-0.7078984
-0.6400789
-0.340986
-0.4318643
-0.5140487
-0.5484105
-0.5166756
-0.6399634
-0.6834566
-0.5373908
-0.5098919
-0.4707079
-0.4059891
-0.4347769
-0.6120568
-0.508123
-0.3490154
-0.577527
-0.4088677
-0.3685034
-0.5358806
-0.6111623
-0.377433
-0.4377199
-0.3977231
-0.4851131
-0.4566927
-0.3449568
-0.4374295
-0.6361555
-0.4965792
-0.4877604
-0.5534291
-0.2400271
-0.5550326
-0.4511949
-0.4858955
-0.3479769
-0.241859
-0.3523376
-0.4253131
-0.4516372
-0.3801666
-0.3024773
-0.5487628
-0.3805588
-0.4211284
-0.429897
-0.5122183
-0.2319873
-0.3795543
-0.2599551
-0.4613796
-0.474965
-0.5701055
-0.3562995
-0.4364703
-0.3988657
-0.2947519
-0.3336707
-0.4138735
-0.4244037
-0.4938888
-0.3758615
-0.3680054
-0.4581126
-0.4670422
-0.3696097
-0.3982021
-0.4591369
-0.4674619
-0.261939
-0.4213453
-0.3958391
-0.3145537
-0.3652526
-0.3599396
-0.3268654
-0.2334188
-0.2527417
-0.08490103
-0.4597021
-0.3699788
-0.3214248
-0.4245325
-0.4478676
-0.4313665
-0.3919826
-0.2079916
-0.2038417
-0.2378811
-0.397412
-0.4383379
-0.4861553
-0.3670239
-0.3919428
-0.2609249
-0.4480338
-0.2641103
-0.3831906
-0.3105404
-0.4321815
-0.2894132
-0.2022144
-0.2437859
-0.1096462
-0.1839776
-0.2060278
-0.3483518
-0.4973241
-0.2431737
-0.3042322
-0.3155881
-0.2186665
-0.3930022
-0.2645237
-0.2302145
-0.1261277
-0.07113153
-0.2944984
-0.3970828
-0.2919066
-0.1070166
-0.352055
-0.3839924
-0.4876695
-0.1966319
-0.3414231
-0.3447594
-0.2925897
-0.4142599
-0.3414332
-0.303724
-0.1853956
-0.2135088
-0.4357354
-0.3098636
-0.0541271
-0.2375171
-0.2179281
-0.2088771
-0.2772714
-0.2902238
-0.3059076
-0.2733039
-0.2448927
-0.2251272
-0.3357576
-0.2179969
-0.2889376
-0.207512
-0.1043402
-0.1732304
-0.05101455
-0.2915749
-0.2828599
-0.1558424
-0.1160278
-0.1874742
-0.2151262
-0.1155475
-0.2404046
-0.2703388
-0.1532901
-0.1311535
-0.2434305
-0.2339939
-0.2553015
-0.2544724
-0.1866035
-0.2126699
-0.2707706
-0.2067388
-0.3121078
-0.06085228
-0.246103
-0.188781
-0.1812563
-0.1662584
-0.118782
-0.1727118
-0.1012204
-0.01336912
-0.1723963
-0.1833684
-0.1507725
-0.1378216
-0.1553181
-0.005307979
-0.2572006
-0.1967126
-0.19946
-0.07764919
-0.1620859
-0.1406828
-0.1577203
-0.09225714
0.03910877
-0.2337276
-0.2168365
-0.1720395
-0.2823555
-0.07671449
-0.1328525
-0.250869
-0.1110981
-0.07341005
-0.1181617
-0.01947982
-0.03808044
-0.1569412
-0.008386127
-0.1647375
0.02805981
-0.05201303
0.02345112
-0.1491618
-0.160703
-0.1245113
0.06732995
0.005753868
-0.08139862
-0.05695977
-0.1763521
-0.008102719
0.01468549
-0.05836187
-0.02303503
-0.05862812
0.05806453
-0.07587516
-0.1410271
0.0784101
-0.1401091
-0.09607358
-0.1075611
-0.1494319
0.05267277
0.005616854
0.03729271
-0.1380651
-0.009970529
-0.08799181
0.005332865
-0.1332174
-0.1287026
-0.107297
-0.03594274
-0.0820198
0.06610488
-0.05252458
-0.08881534
-0.007983761
-0.03769732
-0.03861626
0.001697142
-0.1507127
-0.03107276
0.1395972
0.01038119
-0.04653527
-0.07390494
0.121024
-0.01701389
0.1272881
-0.2193485
-0.2338609
-0.06672659
0.003942084
0.05989952
0.03952981
-0.08196549
-0.05130967
-0.1084819
0.05311077
-0.117311
0.01208161
-0.004689241
0.1573259
0.08368232
-0.103163
0.009078742
0.1350433
-0.1481113
-0.003188879
0.06447318
0.05384461
0.08795497
-0.1354984
0.0966132
-0.06540669
-0.03078072
-0.01791202
0.007947625
-0.1335335
0.1341407
0.03527539
-0.08212691
-0.06595788
0.2936033
-0.02424307
0.006016539
0.03695472
0.1296639
0.2270768
-0.00647851
0.02465494
-0.05666758
0.03385562
-0.08271128
0.1513362
0.06779763
0.1348566
0.1141374
0.1501925
0.1436201
0.1931276
0.2241932
-0.08053885
0.2328184
0.1912769
0.3578674
0.161303
0.4069326
0.1764965
0.1064386
0.08664646
0.2495123
0.1672
0.134159
0.1891342
0.04941747
-0.001395494
0.07662991
0.1520068
0.138756
0.111324
0.1133253
0.1146717
0.1118923
0.1999869
0.2363323
0.1761989
0.1705754
0.04876298
0.1199891
0.02119419
0.08339253
0.2096992
0.1225423
0.085118
0.140371
0.1168925
-0.005500247
0.1794576
0.2468936
0.2206125
0.1985681
0.2782224
0.2874668
0.237797
0.224624
0.1730643
0.2254119
0.1113308
0.05500931
0.2620633
0.1253446
0.3044471
0.1344747
0.1408917
0.2964257
0.2416503
0.2161307
0.3209093
0.3436989
0.1455308
0.2508093
0.1118587
0.08456994
0.2417996
0.316087
0.1199871
0.1110234
0.1569428
0.2253809
0.1767844
0.1437015
0.1950221
0.3513656
0.04715087
0.3127634
0.3038777
0.2370145
0.3173286
0.1921124
0.1541887
0.2910836
0.215884
0.1300416
0.2109997
0.1363598
0.3411625
0.3697277
0.2225345
0.3353196
0.3702532
0.3571909
0.4450093
0.3153323
0.2402132
0.373954
0.3353121
0.1752181
0.233819
0.3286545
0.3284187
0.2972376
0.2773875
0.3749097
0.2700563
0.2657723
0.3031457
0.2637667
0.2656828
0.2967304
0.2267115
0.4438293
0.3612285
0.3464213
0.46799
0.2811302
0.4193971
0.1791039
0.3682537
0.3655937
0.3051338
0.3865377
0.3496742
0.2302905
0.3308623
0.3176655
0.3783291
0.3864359
0.2776009
0.3315132
0.3814503
0.2987668
0.4500594
0.5381708
0.4652431
0.1726655
0.3487298
0.4425714
0.5048561
0.2792451
0.4539725
0.2370784
0.4716119
0.2768281
0.300059
0.4710754
0.4391374
0.5415853
0.4182732
0.4058371
0.3942601
0.3869996
0.4944453
0.3681367
0.4773249
0.4014957
0.4451117
0.5089202
0.44864
0.4432986
0.4220235
0.4600251
0.3923587
0.5052642
0.3919545
0.3458479
0.4381851
0.4013662
0.494449
0.4668084
0.4649258
0.4249968
0.4092569
0.5238857
0.4836613
0.4314502
0.5446601
0.5265163
0.5472901
0.4793659
0.5243268
0.5789832
0.5189024
0.6668589
0.5781601
0.5208658
0.4366622
0.5985285
0.5148598
0.5667116
0.5794322
0.5006189
0.3480897
0.3780669
0.4258571
0.5128856
0.5376524
0.5309455
0.476658
0.490808
0.513067
0.5145802
0.4891713
0.5220176
0.4986615
0.3633114
0.4915805
0.5381994
0.4906632
0.5993546
0.5157247
0.5688671
0.6244216
0.516254
0.5409883
0.3650545
0.5680564
0.5123235
0.5692041
0.5480341
0.3911036
0.5928736
0.5573893
0.608784
0.5802017
0.3720458
0.5874602
0.5545861
0.5768708
0.6969265
0.628714
0.6288562
0.6153077
0.6720603
0.524151
0.7302584
0.548843
0.5699737
0.4474522
0.7391289
0.5332966
0.6002166
0.555827
0.4938585
0.560452
0.6124432
0.7175883
0.6542765
0.6629156
0.4739302
0.3911344
0.5783585
0.532236
0.5497019
0.6752825
0.6173301
0.7262582
0.4728482
0.5262859
0.7011833
0.665986
0.6366564
0.5351038
0.4857839
0.4622082
0.7165432
0.822658
0.6148874
0.666926
0.7195762
0.6828879
0.6054474
0.6776588
0.6041305
0.7048749
0.7064045
0.6395974
0.6501456
0.6040717
0.4296383
0.6782157
0.7013191
0.6912841
0.7160774
0.6501992
0.5999924
0.6803706
0.5828392
0.8489183
0.5366052
0.7273787
0.7844814
0.6824877
0.7901112
0.6495227
0.5676903
0.8158299
0.7030512
0.6962454
0.6176676
0.6575804
0.9484186
0.6083617
0.5944081
0.7712526
0.7002177
0.7891804
0.7100072
0.7958931
0.6824199
0.6917477
0.7364758
0.781352
0.6019399
0.8685109
0.7560225
0.676714
0.6450715
0.7661808
0.6343913
0.8430313
0.6679953
0.6787348
0.8522405
0.7727926
0.8847332
0.8764872
0.7623202
0.6564375
0.7413788
0.7373214
0.7625651
0.7246051
0.7126305
0.7038688
0.9248189
0.7211668
0.6564372
0.6602439
0.8019965
0.8569076
0.8016969
0.8170321
0.7274409
0.7634599
0.7633303
0.8371444
0.792042
0.7754871
0.8774171
0.8585246
0.9840772
0.6399867
0.7725833
0.7132301
0.7632444
0.8179011
0.837097
0.8077972
0.8162399
0.9530151
0.8241374
0.7803286
0.7540494
0.7832186
0.8082246
0.7896504
0.876161
0.854339
0.9847881
0.8253114
1.025059
0.7580505
0.7481019
0.59699
0.7051971
0.8711398
0.7905521
0.8671506
0.751725
0.8260125
0.8788412
0.9208043
0.8144915
0.8441743
1.119962
0.6997749
0.8686492
0.9628775
0.8914754
0.8522318
0.8798453
0.9318841
0.8352696
0.9665687
0.8087381
0.8661565
0.8632776
0.9320109
0.9946954
0.8496626
0.7880031
0.9383315
0.9141982
0.911304
0.8521903
0.97198
1.02823
0.9608283
0.9592563
0.7892623
0.9245191
0.9097305
1.007466
0.965535
0.9312594
0.8373624
0.9515571
0.9434106
0.8228532
0.9101059
0.8241294
0.9862015
0.8102774
0.9442518
1.055739
1.031553
1.001089
0.9474897
0.9076405
1.034524
1.047307
1.101871
1.00559
1.003526
0.9246191
0.8954309
0.8775579
1.070443
0.9003083
0.8097368
0.9211131
0.8780685
1.079649
0.9710474
0.9695457
0.9648742
0.9160465
0.906189
0.9924143