-0.05163037
-1.094694
-0.9779039
-1.004742
-0.9073001
-0.9387605
-0.8992396
-0.9200131
-0.9625631
-1.137417
-0.9472471
-0.9181184
-0.9876211
-0.9948058
-0.8717701
-1.03736
-0.9960802
-0.7616422
-0.9890499
-1.024555
-0.981876
-0.7882514
-0.9174042
-1.006035
-0.871379
-0.9084552
-0.9876169
-0.9429932
-0.9362739
-0.937579
-0.7770923
-0.9140757
-0.8216458
-1.011114
-0.9541586
-0.8616871
-0.9638054
-0.9189438
-0.9773471
-0.8663064
-0.863081
-0.9460577
-0.9327738
-1.079837
-0.993796
-1.012607
-0.9739528
-1.058596
-0.946189
-0.8850016
-0.8981262
-0.9422664
-1.020994
-0.8748931
-0.9133603
-0.9880255
-0.8254728
-0.790652
-0.9120104
-0.9305024
-0.8852533
-0.8872319
-1.034855
-0.9978792
-0.7846964
-0.8412722
-0.8549362
-0.9025805
-0.7112777
-0.9356573
-0.9089658
-0.95724
-0.9192456
-0.9611919
-0.9775123
-0.8199308
-0.907474
-0.8789969
-0.7138781
-0.8190417
-0.7719654
-0.8582204
-0.8316295
-0.9404041
-0.9443279
-1.010121
-0.8535618
-0.7497002
-0.7993633
-0.7936565
-0.8933431
-0.9524033
-0.727507
-0.9153394
-0.75485
-0.9068214
-0.7726241
-0.7749907
-0.9155194
-0.7740359
-0.8475564
-0.7593699
-0.8067424
-0.7916256
-0.7391588
-0.7558093
-0.8458568
-0.5928473
-0.7421941
-0.7964731
-0.8945641
-0.8321834
-0.8268214
-0.8044953
-0.5520897
-0.824208
-0.7719161
-0.7547595
-0.7779802
-0.6454381
-0.8837132
-0.6971605
-0.910543
-0.6903898
-0.684471
-0.7999983
-0.7914929
-0.7791772
-0.7663016
-0.8617164
-0.8208039
-0.7426937
-0.8492233
-0.6221695
-0.7048655
-0.8236362
-0.7907989
-0.6852859
-0.733449
-0.8089697
-0.6998769
-0.7451698
-0.7252214
-0.4969419
-0.8177979
-0.6419424
-0.7382731
-0.4621237
-0.6374028
-0.6563523
-0.6998589
-0.6188023
-0.6558214
-0.636976
-0.7009526
-0.7525677
-0.679144
-0.6966515
-0.5847018
-0.7838419
-0.7368649
-0.6463463
-0.5735696
-0.6052757
-0.6076191
-0.6990425
-0.7126542
-0.6898824
-0.7027048
-0.6388403
-0.5905047
-0.6685671
-0.6050407
-0.4871568
-0.7540705
-0.5935748
-0.7782094
-0.6057804
-0.7866589
-0.5988058
-0.5402258
-0.5966582
-0.6361771
-0.5737872
-0.5954022
-0.6104467
-0.7237334
-0.6609592
-0.5827348
-0.558451
-0.7376162
-0.6308599
-0.7353989
-0.5636309
-0.6167309
-0.6230847
-0.5554919
-0.6397824
-0.649474
-0.4735203
-0.5624662
-0.7746881
-0.6260732
-0.5937074
-0.6406316
-0.6273589
-0.5754464
-0.4102031
-0.5950475
-0.4012356
-0.5081432
-0.567419
-0.4925527
-0.4910943
-0.6148308
-0.5944695
-0.5643968
-0.6845491
-0.4885554
-0.6498804
-0.5709645
-0.5481712
-0.6766476
-0.691338
-0.406945
-0.6252496
-0.5665726
-0.3867365
-0.4883971
-0.5821042
-0.5734758
-0.3772205
-0.5999831
-0.4943565
-0.5744523
-0.6207415
-0.5030496
-0.487556
-0.5445016
-0.4767844
-0.5163196
-0.4618092
-0.5358027
-0.5835856
-0.438765
-0.5744181
-0.6245412
-0.5119934
-0.5891119
-0.6430621
-0.5527353
-0.3659957
-0.6430794
-0.3538337
-0.5371544
-0.5544255
-0.5039853
-0.4540645
-0.4847204
-0.3871499
-0.3546878
-0.4754386
-0.6045643
-0.4394161
-0.4959654
-0.5510961
-0.3870728
-0.4108998
-0.4358055
-0.4961112
-0.412909
-0.3477768
-0.4534238
-0.3859003
-0.2940662
-0.3516355
-0.4347626
-0.4559351
-0.3714771
-0.5176001
-0.460837
-0.4163512
-0.3485722
-0.4609406
-0.5241797
-0.3148935
-0.4792894
-0.5034695
-0.2821778
-0.5822929
-0.4550823
-0.3545402
-0.4474916
-0.3914555
-0.4163751
-0.3848883
-0.4139326
-0.551939
-0.3511533
-0.4273314
-0.5971825
-0.5184273
-0.3822317
-0.4936448
-0.4906024
-0.4594574
-0.3595575
-0.2772779
-0.434647
-0.4434347
-0.4784859
-0.5872426
-0.3880051
-0.3812328
-0.3459631
-0.4548968
-0.4637373
-0.3244726
-0.4249164
-0.42165
-0.4545533
-0.359369
-0.3466284
-0.2485838
-0.3693572
-0.3860292
-0.4485073
-0.3817983
-0.4261178
-0.3097942
-0.3784712
-0.4137603
-0.3420061
-0.3684435
-0.3719906
-0.1910483
-0.172364
-0.1799766
-0.3398646
-0.3766814
-0.3566815
-0.3237055
-0.3020161
-0.30289
-0.4009988
-0.3476824
-0.2772316
-0.2562669
-0.3438554
-0.2656695
-0.2610234
-0.191469
-0.2841852
-0.275696
-0.2088343
-0.3616038
-0.2509585
-0.2034427
-0.3672963
-0.1842236
-0.3654929
-0.2269357
-0.3181459
-0.2543674
-0.2026505
-0.2658955
-0.364097
-0.4069299
-0.4252815
-0.2458201
-0.2183588
-0.2124889
-0.2843001
-0.3647006
-0.1236349
-0.3520076
-0.2605477
-0.2274796
-0.1601421
-0.3458089
-0.1507722
-0.1456612
-0.2887614
-0.4128506
-0.392183
-0.1324967
-0.20335
-0.1878672
-0.2015929
-0.164817
-0.3488374
-0.320127
-0.3367473
-0.3090449
-0.3283871
-0.1367857
-0.2774913
-0.230311
-0.1326489
-0.2405095
-0.3061857
-0.03148164
-0.05438748
-0.3474301
-0.362347
-0.2052126
-0.232012
-0.1458081
-0.01285967
-0.1836554
-0.1165089
-0.3003054
-0.1537902
-0.2536377
-0.1626895
-0.1100516
-0.1556688
-0.3036172
-0.1907576
-0.182597
-0.1154513
-0.1787025
-0.1115689
-0.2307402
-0.05510928
-0.3695902
-0.1285577
-0.03362066
-0.1791238
-0.04598794
-0.2023169
-0.1840857
-0.07784454
-0.1311436
-0.1430228
-0.2312818
-0.06085519
-0.2358087
-0.1076528
-0.2485345
-0.1970608
-0.1728659
-0.1446337
-0.05753822
-0.1515416
-0.06658152
-0.3109708
-0.2577479
-0.1222551
-0.0546427
-0.216203
-0.04836209
-0.01211636
-0.2432694
0.0299319
-0.1967898
0.003744391
-0.02757577
0.02896009
-0.2969308
-0.07040857
-0.07915024
-0.1481188
-0.05829158
-0.1487397
0.04990781
-0.11428
-0.1568735
-0.06458403
-0.02019252
-0.007664329
-0.09066981
-0.12148
-0.08941365
-0.05759028
0.02220003
-0.1821322
-0.04546082
-0.002785019
-0.03154462
-0.0630501
-0.04687484
0.03021322
0.04698075
-0.05093982
-0.07209867
0.006087634
-0.1807567
-0.02643192
0.0497505
-0.1502047
0.08719924
0.0475621
0.01996644
-0.1522001
-0.07003577
0.03313731
-0.2004686
-0.002017466
0.01794952
-0.1097562
-0.006721778
0.1280812
-0.007479137
-0.05802168
0.1059337
-0.009887934
0.02710865
0.02068602
-0.01525538
0.0286469
-0.03737776
0.01189184
0.01360038
0.07834379
0.1135051
0.01839603
0.06530665
0.01685052
0.06312506
0.1067007
-0.07990968
0.1304611
0.01892852
0.0331816
0.1452421
0.03070899
-0.08214841
-0.06242683
0.05076828
-0.02372217
0.2155175
0.1271536
0.08339255
0.1751215
0.1515155
0.04391611
-0.06268006
0.1091454
0.1433866
0.05253619
0.1091075
0.09820134
0.01008151
0.1394812
0.01519142
0.113068
-0.01897536
0.1964089
0.01970754
0.2558462
0.1807932
0.1220777
0.01787263
0.1595869
0.2295786
0.1243745
0.04749467
0.09464314
-0.02939975
0.1108605
0.145798
0.1011761
0.07243549
0.1429676
0.2354962
0.1819703
0.02780357
0.1222889
0.13503
0.2240404
0.1584809
0.3014155
0.1239471
0.1517385
0.05251291
0.1853306
0.1543529
0.1763711
0.1554527
0.1833406
0.1596865
0.1387879
0.02820655
0.07317599
0.2334163
0.3143129
0.1192086
0.1309197
0.2962085
0.1552452
0.1454958
0.1726754
0.1237064
0.2188662
0.05135064
0.2019469
0.257987
0.1232537
0.3403985
0.1986916
0.1798462
0.1183211
0.02258227
0.3207523
0.2331452
0.1501679
0.1976243
0.2109062
0.3401029
0.2510489
0.1794647
0.07563738
0.1783142
0.2517288
0.217133
0.09897072
0.1279698
0.251596
0.1318579
0.3196601
0.1962095
0.2359436
0.3714847
0.2441596
0.2733055
0.1689757
0.1437282
0.2938636
0.2716379
0.09414364
0.03640631
0.28553
0.3188797
0.2386502
0.1868205
0.2320913
0.2811409
0.1427101
0.1974613
0.250529
0.2653417
0.2526547
0.3962637
0.2447773
0.3746502
0.1189723
0.3133901
0.3099894
0.245054
0.405575
0.3219822
0.2827271
0.3930687
0.3848752
0.4228231
0.3578472
0.3080201
0.2954953
0.3881146
0.3372777
0.1517471
0.3303182
0.4231996
0.3703891
0.4242959
0.4130288
0.2340614
0.3752694
0.2788409
0.2362415
0.4041669
0.4409438
0.4132192
0.2867413
0.3943301
0.2723018
0.5049719
0.5806712
0.5343399
0.4025013
0.5351114
0.3420822
0.3766751
0.3116111
0.3339139
0.4261311
0.5361536
0.3450523
0.363043
0.4776456
0.3334747
0.2359357
0.2228705
0.3400253
0.3034093
0.3316063
0.2871732
0.4714816
0.3993387
0.2778428
0.3966022
0.3791358
0.4945564
0.381986
0.3714882
0.3324166
0.4442882
0.3494174
0.4426732
0.3705972
0.4053145
0.3249358
0.3376887
0.4895994
0.4025154
0.4268048
0.4191477
0.4373829
0.3928843
0.2299008
0.4037922
0.3308235
0.5774679
0.4917309
0.4944909
0.3608355
0.5642511
0.5174704
0.5099414
0.4450243
0.4362221
0.4647672
0.4006494
0.4418979
0.427588
0.4510672
0.3825761
0.4510818
0.4097099
0.447771
0.3810232
0.5049474
0.4391663
0.4513448
0.5545609
0.5656505
0.6026151
0.5496283
0.5642563
0.5613265
0.5440676
0.6081779
0.6060595
0.5246783
0.5197669
0.6172938
0.5912483
0.44284
0.5526501
0.5395429
0.5238361
0.505669
0.4624427
0.6130122
0.4292873
0.5185154
0.465182
0.5768487
0.5426926
0.5286606
0.5191581
0.5435701
0.4857423
0.4708114
0.5712234
0.4091043
0.5167764
0.6253884
0.6447922
0.607774
0.5662132
0.6735857
0.4322298
0.5616416
0.6124407
0.5121472
0.5875919
0.5318038
0.5312383
0.446592
0.7378099
0.6053812
0.5816862
0.484799
0.4910652
0.5962567
0.5426833
0.5746263
0.6817689
0.5668421
0.5672931
0.4591917
0.6499298
0.5398225
0.4295991
0.4812877
0.5558557
0.6378509
0.6373259
0.6236092
0.7305946
0.733096
0.666846
0.7131086
0.5252696
0.5728311
0.676828
0.5780541
0.642858
0.6251909
0.6917727
0.4321259
0.6673813
0.6997909
0.8577151
0.7052984
0.6947869
0.7049173
0.7423437
0.8294852
0.6750384
0.6234507
0.6639585
0.6778938
0.7603507
0.677719
0.6060283
0.7575442
0.6936995
0.6781925
0.6258053
0.6993981
0.7011667
0.6206056
0.7889506
0.5944661
0.6754546
0.5806095
0.6320632
0.8064861
0.723248
0.7322029
0.7654467
0.7832208
0.785388
0.680644
0.6943595
0.7473842
0.6026803
0.87131
0.7049489
0.7431014
0.792733
0.6468454
0.7134428
0.6502805
0.799947
0.6953589
0.609669
0.6226158
0.7692991
0.6953777
0.8578351
0.8450085
0.6966831
0.6946575
0.7926373
0.8030987
0.5955758
0.7820058
0.6756205
0.6807757
0.7595815
0.7098883
0.7222487
0.700047
0.7725716
0.7974071
0.6969391
0.8265177
0.8700057
0.9343225
0.8526645
0.7274447
0.8338989
0.6679358
0.7271047
0.7334662
0.73393
0.9141663
0.8088652
0.8656975
0.671535
0.8069804
0.8188349
0.8429102
0.7482932
0.8519132
0.7128716
0.8296016
0.7244975
0.8059739
0.8217949
0.8079129
0.7668399
0.7871166
0.9038916
0.8346255
0.9728486
0.8686274
0.9021692
0.8327892
0.8503528
0.7590251
0.9700856
0.914522
0.856546
0.8345483
1.050172
0.8173509
0.9288152
0.9463153
0.8830928
0.8174833
0.8916548
0.7525122
0.8556174
0.7180552
0.925361
0.9749542
0.7886623
0.9353344
0.7831806
0.8883838
0.9829266
0.8415245
0.9493242
0.8280907
0.8684362
0.753962
0.9003987
0.9789625
0.9709034
0.9664656
0.9207868
0.7842959
1.117116
0.9586739
0.8661534
0.9367256
0.8452918
0.9176218
0.9312713
0.9786926
0.9379129
1.032525
0.9038129
0.9110556
0.7865362
0.9325714
1.029432
0.9475386
1.040713
0.9438607
1.059151
0.8289039
0.8600808
0.9800558
0.9212334
0.9598142
0.7478563
0.9031833
1.041091
0.9229867
0.8065712
1.022059
0.9740273
1.036827
0.9262346
0.9876483
1.144841
0.9548909
1.125145
0.9952571
0.9460886
0.9948887
0.9183539
1.043754
1.080923
0.8755881