-0.006957295
-0.9721515
-0.956642
-0.9613533
-1.064849
-0.9343218
-0.8618206
-0.9469088
-0.8830052
-1.000006
-1.104034
-1.075128
-1.076759
-0.9573358
-0.8829061
-1.003337
-0.9884684
-0.9417779
-1.014974
-0.9232905
-1.113162
-1.08395
-0.9844924
-1.09486
-0.9453646
-0.7925151
-0.9586316
-1.088098
-0.9122254
-0.9710587
-1.043788
-0.9039312
-0.8397167
-0.9716287
-0.9465199
-1.061611
-1.002164
-1.072035
-0.8560558
-0.8891614
-0.774103
-0.8575357
-0.9584707
-0.9379157
-1.014607
-0.8844423
-0.9962212
-0.9614647
-1.022988
-0.8797985
-0.9364717
-0.8144279
-0.9267956
-0.9071307
-0.9146905
-0.9440175
-1.024352
-0.9458561
-0.799304
-0.8467893
-0.8360335
-0.9151262
-0.9836747
-0.8362115
-0.7892942
-0.8851799
-0.8534681
-0.9498549
-0.933754
-0.8747433
-0.7914248
-0.7967645
-0.8000647
-0.9084434
-0.740372
-0.8006005
-0.8693301
-0.8392213
-0.8005538
-0.8946816
-0.8786959
-0.7624963
-0.7630982
-0.7687486
-0.717862
-0.9427471
-0.7972791
-0.8383835
-0.8684129
-0.6857944
-0.708948
-0.9508046
-0.8126471
-0.8392661
-0.9128124
-0.6926663
-0.6829298
-0.90588
-0.7186697
-0.7754192
-0.7604176
-0.9327861
-0.7633064
-0.8702071
-0.7534854
-0.8398795
-0.84556
-0.8934914
-0.8939213
-0.7393492
-0.7948536
-0.752904
-0.7257599
-0.8600549
-0.6964068
-0.9162724
-0.5534314
-0.9541587
-0.9047076
-0.7676171
-0.7165476
-0.8253973
-0.7073542
-0.8885005
-0.8054815
-0.8839233
-0.7810995
-0.6995134
-0.7509469
-0.9107789
-0.8433756
-0.6488908
-0.6375321
-0.8145791
-0.614889
-0.8409919
-0.7955864
-0.7896827
-0.6214546
-0.717669
-0.6911179
-0.9013097
-0.7107716
-0.536394
-0.7333112
-0.7172435
-0.759104
-0.7689561
-0.6232257
-0.5624138
-0.7075352
-0.728562
-0.67184
-0.7019379
-0.6711619
-0.6205057
-0.7023502
-0.819852
-0.6605798
-0.6480938
-0.7535859
-0.5958353
-0.7439246
-0.6028883
-0.6623881
-0.6615974
-0.6235159
-0.7547964
-0.6147134
-0.6652711
-0.653388
-0.5219645
-0.4778775
-0.6012619
-0.7853227
-0.5106191
-0.6715344
-0.6933841
-0.5822719
-0.7923944
-0.7654812
-0.6102125
-0.7148605
-0.6422104
-0.7450374
-0.7064219
-0.5954551
-0.7909275
-0.6222938
-0.6554317
-0.711331
-0.5591707
-0.4787231
-0.5312196
-0.5865801
-0.6669158
-0.632952
-0.680482
-0.7089916
-0.5940267
-0.6064446
-0.6011372
-0.5512006
-0.5379537
-0.6155379
-0.5353896
-0.6151815
-0.5101818
-0.6502235
-0.4835425
-0.5547012
-0.6631258
-0.6054585
-0.5373768
-0.6630709
-0.5347947
-0.5978726
-0.4350392
-0.4653042
-0.7237956
-0.6602735
-0.6499073
-0.6016258
-0.5906244
-0.5365113
-0.4235613
-0.4394382
-0.7071706
-0.6903486
-0.5337856
-0.5764629
-0.5057326
-0.3820019
-0.6235551
-0.568571
-0.3820131
-0.4872407
-0.3998405
-0.4634579
-0.404556
-0.6503503
-0.5070843
-0.57102
-0.4349641
-0.4459637
-0.4812207
-0.3993228
-0.5191461
-0.5815063
-0.5502411
-0.511815
-0.3963706
-0.4917784
-0.3744132
-0.7010471
-0.5328984
-0.5561562
-0.4173773
-0.3814684
-0.5029668
-0.433367
-0.5030449
-0.3634848
-0.4828846
-0.3177883
-0.5222027
-0.4394118
-0.5212001
-0.592332
-0.4320759
-0.4312822
-0.4969984
-0.5143879
-0.5093314
-0.3679186
-0.3529983
-0.4655274
-0.4872935
-0.3736206
-0.5641598
-0.402661
-0.4897031
-0.3692958
-0.4166175
-0.467728
-0.4309672
-0.4826169
-0.5152559
-0.3450368
-0.2859763
-0.4074659
-0.3607654
-0.5409246
-0.3042434
-0.4298312
-0.6339206
-0.3127619
-0.5076466
-0.423126
-0.3239772
-0.479394
-0.2677748
-0.2953005
-0.3471977
-0.4017317
-0.2849549
-0.3470946
-0.5707876
-0.1821372
-0.3292094
-0.26973
-0.3041142
-0.3922454
-0.4355051
-0.3262141
-0.333299
-0.3611781
-0.2802568
-0.4540841
-0.3103591
-0.3504303
-0.3245343
-0.3720924
-0.4585292
-0.3135575
-0.2966782
-0.3184158
-0.4341328
-0.3831707
-0.3751064
-0.5055945
-0.4252822
-0.305325
-0.3593022
-0.2965049
-0.3436651
-0.2982805
-0.3498991
-0.3118829
-0.4076634
-0.3328842
-0.2845474
-0.1898392
-0.327351
-0.3761083
-0.3153757
-0.4042026
-0.2818834
-0.2598506
-0.4152407
-0.3820447
-0.2912835
-0.2588097
-0.1995348
-0.4788294
-0.0491037
-0.0756346
-0.2248044
-0.2197861
-0.3072118
-0.3165477
-0.2578261
-0.315242
-0.4076878
-0.2537755
-0.225519
-0.3285972
-0.3666212
-0.1754422
-0.2950213
-0.2365991
-0.2671645
-0.3231955
-0.2605423
-0.3580832
-0.2807322
-0.3800019
-0.4100772
-0.2152801
-0.2502645
-0.09245292
-0.3275352
-0.3153722
-0.346497
-0.3187084
-0.182654
-0.3138233
-0.3589293
-0.2491365
-0.215224
-0.1910846
-0.307251
-0.2550736
-0.2701699
-0.4003817
-0.2469961
-0.219539
-0.2031107
-0.1210294
-0.3583572
-0.1933101
-0.09458287
-0.1632801
-0.1745346
-0.1524054
-0.1905975
-0.1865197
-0.1904497
-0.1193548
-0.2865171
-0.173045
-0.1533344
-0.1832278
-0.1131976
-0.08601474
-0.09794898
-0.3111341
-0.3745729
-0.1973294
-0.2561528
0.01950215
-0.2110661
-0.1593499
-0.1160183
-0.212976
-0.07545019
-0.203456
-0.1574628
-0.1538196
-0.06348847
-0.07080266
-0.1052639
-0.03550035
-0.06113165
-0.1194801
-0.08732955
-0.2544529
-0.344153
-0.1301524
-0.2353492
0.04683603
-0.09563139
-0.2292848
-0.1307042
-0.1318094
-0.176483
-0.2540525
-0.1375077
-0.06667913
-0.0164658
-0.1545492
-0.1365988
-0.08347728
-0.1446987
-0.1811081
-0.05647654
-0.1509963
-0.01867736
-0.07434484
-0.09293386
-0.1808069
-0.01565795
0.0136687
-0.007646793
-0.0427314
-0.1317528
-0.05326345
0.003068839
-0.02753155
-0.1519737
-0.08339687
0.05756989
-0.08190526
-0.02034802
-0.07720846
-0.1120759
-0.03996945
0.02141189
-0.07563926
-0.03788606
-0.09540166
-0.08214928
0.05005003
0.08978615
0.03008772
-0.006428421
-0.09275016
-0.1186609
0.06512005
-0.07285355
-0.06493092
0.003969586
-0.1706197
0.1777467
-0.04804365
-0.05004858
0.01791769
-0.03222446
0.1050639
-0.1135999
-0.02898067
0.07343627
-0.04260996
0.09088721
-0.04039066
0.0205758
-0.03860279
-0.1382935
0.03186825
0.02495619
0.09244308
-0.07796855
-0.02495203
0.08770896
0.01154728
0.08093954
0.05393692
0.03585722
0.01307092
-0.08901082
-0.03069504
0.1702462
0.0172907
-0.02951526
0.2815407
0.047948
0.03349603
-0.02063573
0.1329637
-0.01955936
0.1686111
0.1047698
0.09692644
0.1596709
0.06847771
-0.04183961
0.009947849
0.1839171
0.1312938
0.11739
0.09358158
-0.01929042
0.05672837
0.05970164
0.1044856
0.1074476
0.0852922
0.1382968
0.2814487
0.1078994
0.1229577
0.08382496
0.02172859
0.1801031
0.05462623
0.1488016
0.2206466
0.1815501
0.06745418
0.07033876
0.1612857
0.1512938
0.1066429
0.2055096
0.06433304
-0.06570521
0.1470046
0.1175235
0.1782268
0.146684
0.2374916
0.1711083
0.2117476
0.1174929
0.101729
0.1956902
0.09324161
0.1696381
0.2101914
0.2164856
0.1407536
0.1694305
0.2227777
0.276571
0.09205441
-0.01685634
0.1312001
0.07270912
0.1963793
0.3041336
0.3188555
0.2632619
0.0507734
0.2204796
0.2289437
0.2669015
0.2294258
0.1326045
0.2588078
0.07948717
0.1889701
0.1927034
0.313194
0.1697265
0.08326218
0.2020626
0.2645985
0.1863215
0.2991472
0.2009281
0.2784011
0.2942162
0.2008469
0.2490687
0.184053
0.2339581
0.3009326
0.1859336
0.3041877
0.1216746
0.2263959
0.2002867
0.1574474
0.2552962
0.1822321
0.3022114
0.2755247
0.2291935
0.1338581
0.2696612
0.3123338
0.06506984
0.1074056
0.4329187
0.2959906
0.03461551
0.1779952
0.3883081
0.2559087
0.2612263
0.3359587
0.314162
0.315494
0.3160383
0.3114347
0.2530816
0.2964597
0.2357406
0.3359722
0.3373863
0.3888312
0.3173311
0.3116285
0.3808756
0.303236
0.3340722
0.2437483
0.291427
0.286895
0.214559
0.3175708
0.3271599
0.3138819
0.1884785
0.3875595
0.4261647
0.2477017
0.316867
0.3681514
0.2548293
0.4313499
0.3367915
0.1881576
0.3420609
0.4684023
0.4356504
0.3219633
0.2150254
0.3854871
0.2480703
0.3870761
0.2487032
0.3236729
0.3050481
0.3487067
0.459834
0.4796509
0.382948
0.542443
0.4426799
0.42562
0.3985578
0.3149329
0.5514895
0.2633541
0.3955226
0.2540143
0.2607009
0.3175214
0.3937816
0.426725
0.3425112
0.4589028
0.3858948
0.426868
0.2947222
0.465627
0.3778806
0.459
0.3572654
0.6503649
0.4097686
0.5457959
0.3674534
0.3472784
0.380057
0.3844215
0.5150562
0.4091617
0.282125
0.3566324
0.4591194
0.5320341
0.461571
0.6245493
0.3815117
0.3119009
0.4651693
0.4351402
0.4823486
0.5258949
0.5024132
0.4024348
0.5052063
0.6124394
0.3719655
0.5078243
0.5563556
0.4604117
0.4028141
0.4232372
0.5500713
0.3676098
0.5685993
0.526242
0.5789511
0.5117316
0.5444736
0.3696472
0.4320236
0.4279388
0.5786714
0.5435124
0.3902088
0.5334373
0.4438678
0.6304794
0.6231996
0.4608496
0.5502829
0.4509151
0.6161735
0.5476839
0.5142449
0.4399157
0.5200236
0.4711903
0.5661818
0.5288052
0.5465488
0.5344454
0.5923923
0.6045545
0.458871
0.6662678
0.7221995
0.533215
0.5930775
0.422583
0.6356372
0.515087
0.5726664
0.4653351
0.477196
0.6919595
0.5133384
0.5047079
0.5960648
0.6250083
0.5438286
0.5582957
0.4531751
0.4143368
0.6133722
0.5695682
0.4893078
0.6582772
0.609017
0.6330306
0.6238553
0.5154842
0.6031751
0.5595365
0.6407638
0.7454
0.577285
0.7109378
0.6360953
0.5483408
0.5178161
0.6451409
0.7450584
0.6037981
0.6208788
0.6060967
0.6716572
0.4225451
0.5312725
0.683193
0.5075737
0.7178402
0.6027348
0.7405848
0.7311507
0.6430584
0.7109604
0.7491916
0.6269107
0.7500094
0.563401
0.5513184
0.615032
0.6776792
0.5350901
0.5922694
0.8564275
0.5459693
0.6917505
0.6730737
0.8478927
0.6978473
0.6330737
0.633609
0.7690228
0.6884991
0.7278092
0.7524185
0.6205215
0.6448926
0.656076
0.8145111
0.7691249
0.7092454
0.5986857
0.6806015
0.6493358
0.684309
0.7354653
0.8003358
0.7887037
0.707079
0.7945917
0.7138226
0.639129
0.7835289
0.6170514
0.8084173
0.7178067
0.7559338
0.7372195
0.6604485
0.7405388
0.7299999
0.6904538
0.74141
0.7546235
0.7719863
0.8290464
0.6643843
0.7126485
0.716849
0.6625397
0.8087038
0.8560131
0.8612633
0.6888587
0.8472245
0.9181209
0.803343
0.8344894
0.7103132
0.7712395
0.8127692
0.7508029
0.8322548
0.8902837
0.784466
0.7120976
0.9328455
0.7563924
0.8214373
0.7794747
0.8200955
0.8259723
0.7475408
0.7663524
0.8159593
0.8869679
0.7813718
0.7630005
0.8223933
0.8760453
0.9703029
0.8853205
0.7797791
0.7359502
0.925951
0.9027126
0.8810755
0.9059055
0.8407741
0.9534663
0.8937168
0.9116377
0.9296629
0.6515657
0.9581862
0.8743487
0.8810428
0.7863026
0.8007182
0.8281239
0.8597606
0.984493
0.9342877
0.8512087
0.8456121
0.7894009
0.7813893
0.9538032
0.8307855
0.8327536
0.8500516
0.6423315
0.9396094
0.8619278
0.8320682
0.8745001
1.049728
0.8977963
0.9047961
0.8152089
1.069058
0.8844486
0.8941017
1.02949
1.091205
0.7927357
1.022514
0.9056166
1.051132
1.063139
0.9118092
0.8809838
0.8608458
0.8914236
0.9127389
0.8205049
0.9132836
0.9863798
1.045699
0.9636817
1.038029
0.9507977
0.8689967
0.8484799
0.7897182
0.9560958
0.9231915
0.839658
1.031253
0.8431341
1.015475
0.964464
0.9019793
1.036203
1.116227
0.9672475
0.9820808
1.075867
0.9081303
0.9532731
1.035013
1.025603
1.027691
1.020052
0.7867763
1.041296
0.9044927
1.023946
1.019291