0.1407511
-0.9597293
-1.021166
-0.7713291
-0.8949127
-1.03557
-1.013185
-0.8735937
-1.065256
-1.005968
-1.015922
-1.065996
-0.983557
-1.006452
-0.8421191
-1.022407
-0.8418872
-0.9193297
-0.990791
-1.029469
-0.8282153
-0.9176084
-1.008639
-0.8706021
-1.07599
-0.9426821
-0.7930466
-1.03305
-0.9095683
-0.8668151
-0.9111322
-0.899167
-0.9663332
-0.8809512
-0.7845451
-1.16148
-0.9985893
-0.9396372
-0.9156394
-0.8947217
-1.072844
-0.8358542
-0.7644373
-0.9752432
-0.9454136
-0.8407254
-0.8705098
-0.9036461
-0.9132097
-0.755102
-0.7946149
-0.9595436
-0.8404282
-0.8437288
-0.8333739
-0.7601256
-0.9217373
-0.8499826
-0.9640748
-0.8039384
-0.8827663
-0.9400995
-0.8086176
-0.8556976
-0.9236845
-1.06413
-1.042387
-0.7668413
-0.7749476
-0.8011877
-0.8346987
-0.7151771
-0.9164541
-0.7853465
-0.8859591
-0.8432587
-0.8115141
-0.9204804
-0.8990711
-0.7663832
-0.689952
-0.9131735
-0.8070679
-0.8701077
-0.8013587
-0.8567259
-0.900622
-0.8004833
-0.7739059
-0.7666235
-0.874838
-0.8426875
-0.8471696
-0.7807501
-0.8478031
-0.9698649
-0.6730968
-0.6599747
-0.868106
-0.6749961
-0.7285068
-0.8768047
-0.90609
-0.8299617
-0.8222598
-0.7262377
-0.7511762
-0.6750778
-0.7648959
-0.9058306
-0.8311747
-0.803584
-0.6682127
-0.7729076
-0.7959398
-0.648364
-0.7445508
-0.7366865
-0.8772477
-0.6552936
-0.8677789
-0.7609815
-0.7508674
-0.7418507
-0.7223242
-0.839417
-0.6897817
-0.6856432
-0.7976665
-0.7238486
-0.7169565
-0.7459556
-0.8103144
-0.7533422
-0.7076782
-0.5792915
-0.8129257
-0.7332949
-0.6692692
-0.830998
-0.7599313
-0.709141
-0.84092
-0.7453674
-0.6762109
-0.7717796
-0.8174977
-0.6322128
-0.7457452
-0.6687287
-0.7272338
-0.5945535
-0.6544635
-0.7501085
-0.5915724
-0.7496374
-0.6619896
-0.6831071
-0.8250882
-0.6986388
-0.6460714
-0.748996
-0.6320501
-0.7644836
-0.6987612
-0.6946964
-0.6856379
-0.7140081
-0.6594251
-0.6834535
-0.7307528
-0.5464382
-0.6876311
-0.653193
-0.5398968
-0.6041602
-0.5067358
-0.6923077
-0.5758577
-0.8003195
-0.5456866
-0.5873434
-0.5536219
-0.6589873
-0.5614715
-0.5139739
-0.7760098
-0.6205419
-0.549723
-0.5189812
-0.7193436
-0.5523049
-0.6089001
-0.6833805
-0.6799564
-0.7768259
-0.641362
-0.5990746
-0.5992755
-0.6616853
-0.7047918
-0.4658678
-0.673218
-0.6250755
-0.6194306
-0.611331
-0.5212698
-0.7472525
-0.587152
-0.6428219
-0.5920793
-0.5711196
-0.6939737
-0.5987311
-0.7051149
-0.5867246
-0.6312667
-0.512535
-0.5160949
-0.5263256
-0.5911011
-0.542699
-0.6874194
-0.6298657
-0.4950061
-0.5554649
-0.6229687
-0.6452705
-0.5190769
-0.4125453
-0.6304691
-0.4148168
-0.3742616
-0.3507962
-0.4601562
-0.7003505
-0.6426402
-0.3363588
-0.4314002
-0.5217194
-0.5433054
-0.5385828
-0.6282837
-0.6901983
-0.52774
-0.5226708
-0.4780534
-0.3963786
-0.4299509
-0.5815092
-0.5162594
-0.334617
-0.5878638
-0.4178923
-0.3639569
-0.4969629
-0.6253476
-0.3671203
-0.4509142
-0.3915952
-0.4741781
-0.4629384
-0.3582496
-0.455593
-0.5989645
-0.5216502
-0.468214
-0.5614016
-0.21537
-0.5445751
-0.4477408
-0.4895452
-0.3449684
-0.2590699
-0.3431184
-0.445028
-0.4460431
-0.4001099
-0.2964725
-0.5599616
-0.3682965
-0.4288523
-0.426989
-0.5299384
-0.2397158
-0.3953636
-0.2714242
-0.4850411
-0.4842705
-0.5726134
-0.3692195
-0.434272
-0.3784677
-0.2828911
-0.3177668
-0.4106799
-0.4356868
-0.4973461
-0.368864
-0.3834404
-0.4524705
-0.481677
-0.3788918
-0.4076018
-0.4678015
-0.4721287
-0.227941
-0.4504841
-0.4253254
-0.3109003
-0.3851145
-0.3501862
-0.3169584
-0.2325404
-0.2762794
-0.08398766
-0.4594749
-0.3692385
-0.3486123
-0.4360026
-0.4769503
-0.4210487
-0.390975
-0.2062058
-0.1972176
-0.2305653
-0.4012871
-0.4789248
-0.481233
-0.3565341
-0.3773963
-0.2510994
-0.4226113
-0.2714319
-0.3937473
-0.3134896
-0.4298301
-0.2872948
-0.1866994
-0.254352
-0.116073
-0.1904062
-0.2124225
-0.3667262
-0.4859051
-0.2459398
-0.3047219
-0.3378562
-0.184553
-0.4105839
-0.2647483
-0.2544571
-0.1136081
-0.06177584
-0.309422
-0.4069021
-0.2859385
-0.1338834
-0.3560065
-0.3768323
-0.4671448
-0.2036549
-0.3133993
-0.3279963
-0.28843
-0.4418352
-0.3405109
-0.3178295
-0.1806758
-0.2224072
-0.4438666
-0.3191624
-0.04452956
-0.2145399
-0.2360445
-0.2110164
-0.283631
-0.2885999
-0.3202011
-0.2621792
-0.2468463
-0.2212968
-0.3358951
-0.2114453
-0.2716375
-0.1908078
-0.1141459
-0.1821879
-0.06703994
-0.2874622
-0.2810121
-0.1766212
-0.113356
-0.1810643
-0.2140212
-0.125462
-0.2609307
-0.2586738
-0.1756942
-0.1382613
-0.2502915
-0.2388461
-0.2699998
-0.2407443
-0.1766921
-0.2392397
-0.2532821
-0.2207353
-0.3016919
-0.04820315
-0.2506724
-0.1993723
-0.1815149
-0.1371253
-0.118884
-0.1678578
-0.0916885
-0.01031075
-0.1850872
-0.175503
-0.1665703
-0.1314748
-0.1465632
-0.001741717
-0.2671484
-0.2051381
-0.1981806
-0.08642639
-0.1626733
-0.1550561
-0.1669024
-0.06401246
0.02895681
-0.2293944
-0.1935824
-0.1793171
-0.2745249
-0.09228365
-0.1323202
-0.2927582
-0.09466295
-0.06076689
-0.1104506
-0.009839576
-0.02602179
-0.1338598
-0.02432533
-0.1584212
0.007990006
-0.05036418
0.02178617
-0.127592
-0.1671426
-0.1334419
0.05371119
0.008106842
-0.102127
-0.03819596
-0.1581942
-0.00016185
0.0432143
-0.06959818
-0.02252039
-0.07286297
0.04615352
-0.08454841
-0.1369052
0.09905124
-0.1346166
-0.08330935
-0.1320554
-0.13983
0.0608815
0.009767967
0.0244274
-0.1215342
0.0008209027
-0.08045156
0.02460342
-0.1575001
-0.1075237
-0.08504385
-0.03204552
-0.1096674
0.05240615
-0.04270415
-0.08841394
-0.02179914
-0.06523544
-0.02484697
-0.002964133
-0.1321293
-0.02593548
0.130549
0.006573106
-0.06934016
-0.05738355
0.112371
-0.03134986
0.1400693
-0.2307671
-0.2130053
-0.05264359
-0.04335299
0.0555718
0.02051145
-0.0928964
-0.06086358
-0.1132303
0.03874324
-0.1453415
0.02671586
-0.006868002
0.1523652
0.09942613
-0.1011949
0.01552857
0.1219153
-0.1719395
-0.0008570173
0.05255834
0.03416523
0.1005771
-0.127293
0.1130737
-0.06347772
-0.001377818
0.0009930128
-0.01905581
-0.1387816
0.1319699
0.04111622
-0.06473202
-0.07418486
0.3027131
-0.0459581
0.002988822
0.026793
0.1168367
0.2248642
-0.01924901
0.03198524
-0.0596962
0.0214724
-0.07340165
0.1533032
0.05494802
0.1103867
0.1203273
0.140758
0.1309821
0.2114406
0.2245046
-0.09621458
0.2293389
0.1772607
0.3309033
0.1890692
0.3849502
0.1726541
0.1083529
0.1071721
0.2598703
0.1591685
0.1342784
0.1696549
0.02154412
-0.01017006
0.06844699
0.1491037
0.1326032
0.08488238
0.1278713
0.1338844
0.1023205
0.1930973
0.2256204
0.1906496
0.1581264
0.0816713
0.1215168
0.01016652
0.09231622
0.1939357
0.1191386
0.07848755
0.1258353
0.1285172
-0.0237014
0.1655867
0.2533831
0.2306862
0.1950564
0.2464104
0.2938806
0.2250639
0.2285674
0.1736947
0.2237314
0.1287412
0.06109723
0.238661
0.1260417
0.2987227
0.1450722
0.1327801
0.3203824
0.2398576
0.235512
0.3337769
0.3319314
0.1554902
0.2733366
0.1129768
0.09745741
0.2264544
0.2868745
0.1307202
0.11354
0.1605354
0.2236971
0.1844381
0.1227153
0.1635739
0.3275704
0.04650778
0.3005296
0.3040821
0.22133
0.3332479
0.2036176
0.1718164
0.3018169
0.2201087
0.1264345
0.1999499
0.1054961
0.3619396
0.3593281
0.2276768
0.3479255
0.3944451
0.3537796
0.4313842
0.287897
0.2279635
0.3778295
0.3316449
0.1614366
0.2260052
0.33676
0.3140684
0.3131207
0.2730805
0.3601373
0.241325
0.2632394
0.3226807
0.243397
0.2679714
0.3005379
0.2015243
0.4356989
0.3648863
0.3585227
0.4893203
0.2481635
0.3959619
0.2007558
0.3998591
0.3843203
0.307774
0.3998729
0.3456729
0.2116423
0.3356232
0.3000503
0.3717588
0.38503
0.2866696
0.3537251
0.3821454
0.3082981
0.4559769
0.5480338
0.4427332
0.1688176
0.3564011
0.4244306
0.5329821
0.2704576
0.4764977
0.2592085
0.4820163
0.2642407
0.2940539
0.462588
0.4418558
0.5227772
0.3982696
0.4035688
0.4026692
0.3877304
0.4987908
0.3413013
0.4742889
0.392431
0.4337447
0.5156744
0.4510621
0.4651365
0.4282831
0.4628751
0.4048936
0.5000571
0.4304929
0.3478391
0.4027204
0.3755319
0.5133507
0.4643486
0.4437787
0.4073781
0.3977248
0.5085058
0.4731591
0.4306914
0.5386707
0.5143465
0.5548265
0.498945
0.5120436
0.5729739
0.5285298
0.672116
0.5689705
0.5058522
0.4243586
0.5822059
0.4881809
0.5632117
0.569251
0.4764622
0.3431491
0.36038
0.4099787
0.4882366
0.5634878
0.5050922
0.5007282
0.5077416
0.5063743
0.5025547
0.4822619
0.5307685
0.487791
0.3791788
0.4977816
0.5255448
0.4909394
0.5893646
0.5053032
0.5577302
0.638679
0.5296519
0.5526895
0.3592378
0.5593903
0.5187447
0.5846754
0.5408013
0.4196426
0.5767221
0.5542736
0.6061087
0.6004199
0.3699711
0.5897245
0.5666799
0.5830872
0.7041202
0.6130794
0.6233313
0.6352347
0.6711775
0.5272007
0.7316949
0.5396148
0.5835112
0.4540941
0.7390414
0.5274843
0.5871744
0.5627428
0.5036947
0.5755879
0.6230395
0.7300553
0.6791813
0.6637428
0.4548847
0.385136
0.5971122
0.5463618
0.5556342
0.6838513
0.6225978
0.7232279
0.4767065
0.5428479
0.683883
0.6454274
0.6224391
0.5539956
0.5120419
0.4751281
0.7156583
0.8162506
0.6308652
0.6600389
0.7095069
0.6811131
0.5931795
0.6706179
0.6254628
0.689622
0.7241908
0.6514958
0.6502851
0.6137131
0.4335941
0.6726922
0.6882313
0.6852695
0.7103514
0.6416844
0.5977936
0.6857694
0.5907716
0.8426139
0.5403756
0.7327661
0.7763217
0.7030144
0.7999473
0.6395475
0.5482362
0.8428066
0.6923149
0.694852
0.6422091
0.6529324
0.954318
0.615839
0.6148771
0.7485469
0.685541
0.7688481
0.7186548
0.7785004
0.6893172
0.6912996
0.7477247
0.787136
0.6026576
0.8679943
0.7695416
0.6806355
0.6524109
0.7439931
0.6400891
0.8363226
0.65752
0.6997902
0.849683
0.7598266
0.8790987
0.8727284
0.7731706
0.6596341
0.7388109
0.727836
0.7487862
0.725498
0.6814607
0.7162127
0.9417298
0.7263547
0.640636
0.657083
0.8043239
0.8471664
0.8139099
0.8328423
0.7174516
0.7607311
0.7788325
0.8748915
0.8021094
0.7626463
0.8686085
0.8287908
0.9660029
0.6247161
0.7512391
0.6922982
0.7682021
0.8402368
0.8256096
0.8044848
0.7906987
0.9404056
0.8161417
0.7604043
0.769114
0.7943255
0.7914884
0.7750387
0.8688602
0.8710657
1.006138
0.819281
1.037828
0.752258
0.774099
0.5913419
0.7027645
0.85849
0.7941509
0.8624615
0.7595093
0.8622918
0.9083965
0.9334424
0.8248863
0.8425927
1.134189
0.6897925
0.8903245
0.9450654
0.8606011
0.8704065
0.8824818
0.9484708
0.8382418
0.9868469
0.8032534
0.8707433
0.850471
0.9374604
0.9803516
0.8793726
0.7826006
0.9264732
0.9171552
0.9031076
0.8393607
0.9739094
1.003727
0.9717341
0.9495845
0.7835989
0.9396337
0.9252348
1.016171
0.962286
0.9274414
0.8472128
0.9632616
0.9438054
0.8139924
0.900875
0.8136684
0.9751984
0.8065118
0.9681775
1.053039
1.021136
1.004638
0.9508962
0.900104
1.058583
1.042395
1.109948
0.9733427
1.00248
0.9365561
0.8980948
0.8788366
1.078889
0.9168945
0.7935939
0.9397241
0.8884598
1.065417
0.9678913
0.9720371
0.9609118
0.9299625
0.8946821
1.029064