0.04110318
-0.9625834
-1.014399
-0.9580101
-1.062152
-0.9415121
-1.005919
-1.018091
-1.13207
-0.9954069
-0.9490249
-0.9547034
-1.010296
-0.954519
-0.9166121
-0.9387833
-0.9456043
-0.8582475
-1.007491
-0.9578881
-1.008234
-0.9634711
-0.8553807
-0.8884299
-1.108642
-0.850035
-0.9141179
-0.9525557
-1.025065
-0.9342537
-0.930521
-0.9168472
-0.8930751
-1.002926
-0.8722653
-0.9028892
-0.9074201
-0.8308413
-0.9445811
-0.9188837
-0.6677945
-0.7650743
-0.8863276
-0.8922444
-0.9833202
-0.7992135
-0.9770408
-0.9540249
-0.9206248
-0.9142026
-0.8338687
-1.024398
-1.021059
-0.7074788
-0.7631433
-0.7876588
-0.8804258
-0.9906037
-0.8711879
-0.8267311
-0.7118467
-0.8111525
-0.9419377
-0.9483644
-0.8805686
-0.8328864
-0.940311
-0.8341781
-0.8410568
-0.8101796
-0.8098901
-0.6431343
-0.7522186
-0.9862989
-1.010967
-0.8566888
-0.7843982
-1.042379
-0.7132327
-0.8543534
-0.8230222
-0.8352015
-0.8932106
-0.8590298
-0.8089662
-0.8044464
-0.6609606
-0.8997886
-0.7788767
-0.9125988
-0.8572285
-0.822769
-0.7354167
-0.8978666
-0.7532278
-0.7142627
-0.7105176
-0.8553502
-0.7269446
-0.8264732
-0.8185543
-0.7440764
-0.7889292
-0.9181057
-0.9145379
-0.9166953
-0.7386611
-0.7183016
-0.8920748
-0.713493
-0.883972
-0.8069906
-0.7863496
-0.7202114
-0.696889
-0.7719821
-0.6663612
-0.7222861
-0.8668096
-0.7408467
-0.8136542
-0.7263637
-0.8586522
-0.8168008
-0.707742
-0.6176034
-0.7312034
-0.9314561
-0.7261668
-0.7184562
-0.7003287
-0.5613456
-0.7595912
-0.8362771
-0.7394195
-0.7794989
-0.7032112
-0.5078151
-0.5408353
-0.7083505
-0.7651292
-0.6679072
-0.74414
-0.8027051
-0.7636455
-0.7367827
-0.6108142
-0.7023382
-0.6432822
-0.6583179
-0.6928056
-0.6940878
-0.7183151
-0.6496964
-0.7241005
-0.6282247
-0.7620084
-0.6443099
-0.6058097
-0.5767918
-0.6168845
-0.59218
-0.5564414
-0.6086838
-0.6611925
-0.6665229
-0.6321099
-0.6552264
-0.8372014
-0.582232
-0.6592701
-0.6169178
-0.658846
-0.6714809
-0.6091292
-0.7606033
-0.6688607
-0.7593949
-0.6678868
-0.8242514
-0.5224502
-0.6757647
-0.5836369
-0.6979017
-0.5819484
-0.566014
-0.4928308
-0.6299646
-0.6734073
-0.590948
-0.6764735
-0.5718322
-0.6514247
-0.6955459
-0.6839128
-0.5287288
-0.5563279
-0.5489682
-0.505657
-0.4927061
-0.6332801
-0.580049
-0.6733556
-0.5230619
-0.6301959
-0.7269229
-0.6412721
-0.7706309
-0.4861856
-0.4686774
-0.568367
-0.5766305
-0.5850172
-0.4998965
-0.629783
-0.5988235
-0.5458113
-0.5467866
-0.5508372
-0.6804361
-0.3671811
-0.5555642
-0.5825584
-0.5374995
-0.6086963
-0.5330493
-0.5762958
-0.7401136
-0.4925607
-0.499209
-0.5419978
-0.5708762
-0.5236138
-0.4730674
-0.680916
-0.5406025
-0.7020137
-0.492229
-0.5404268
-0.6540715
-0.6371118
-0.5211282
-0.4937004
-0.5040428
-0.6268339
-0.598339
-0.4690806
-0.470417
-0.5240829
-0.4020054
-0.4191119
-0.5117599
-0.6561433
-0.4869405
-0.5176001
-0.4511733
-0.4609658
-0.6430332
-0.5248709
-0.4729127
-0.4532829
-0.529519
-0.61624
-0.5149565
-0.2649124
-0.4238325
-0.4408863
-0.5029407
-0.4812156
-0.3995024
-0.3797737
-0.3161416
-0.4037897
-0.6280173
-0.5695735
-0.3872492
-0.4134471
-0.5155823
-0.3883297
-0.3768202
-0.5308378
-0.3988433
-0.5381065
-0.3704363
-0.5144334
-0.5803123
-0.3101949
-0.4401994
-0.3478244
-0.4591641
-0.2689413
-0.4569626
-0.5683487
-0.3617182
-0.3464934
-0.4170752
-0.4331292
-0.5281725
-0.3081175
-0.3586103
-0.4056974
-0.4746758
-0.4237981
-0.4888272
-0.4019973
-0.4342192
-0.3230376
-0.4935153
-0.4598545
-0.4261438
-0.2977354
-0.5142682
-0.3738551
-0.4597466
-0.4319152
-0.3343877
-0.4328985
-0.5025445
-0.2036982
-0.3459851
-0.3393875
-0.3033276
-0.4236695
-0.3835038
-0.3280232
-0.4972625
-0.4982795
-0.1914569
-0.2785253
-0.2932524
-0.2750074
-0.3617379
-0.335119
-0.3171038
-0.189265
-0.3860457
-0.4581675
-0.2512675
-0.3025842
-0.3364909
-0.3108263
-0.3810599
-0.386652
-0.4206449
-0.3121345
-0.2721255
-0.3091466
-0.2240228
-0.2314955
-0.3421762
-0.3305183
-0.3459371
-0.3797203
-0.2549915
-0.2384564
-0.2170568
-0.2326201
-0.2782095
-0.3325526
-0.276796
-0.2670964
-0.2280398
-0.2656612
-0.3939499
-0.2913596
-0.175168
-0.2746654
-0.3392414
-0.2393113
-0.4018802
-0.1630756
-0.2369851
-0.2118521
-0.3733144
-0.4286183
-0.2564582
-0.2477125
-0.2600325
-0.2948101
-0.233047
-0.0911388
-0.1324456
-0.4319376
-0.2994845
-0.3550526
-0.260134
-0.1314733
-0.1952511
-0.264914
-0.2280456
-0.216527
-0.1192627
-0.1859852
-0.1975595
-0.3812857
-0.3682239
-0.3241728
-0.317824
-0.1967683
-0.2479928
-0.1022839
-0.05947206
-0.25858
-0.3207819
-0.1317675
-0.1931786
-0.1263999
-0.152679
-0.1545278
-0.09271066
-0.16881
-0.0986935
-0.1399282
-0.15098
-0.1411354
-0.1283926
-0.195227
-0.1270652
-0.02586905
-0.2193761
-0.1365721
-0.3029685
-0.2174444
-0.1684952
-0.1504285
-0.03426515
-0.1305146
-0.1684258
-0.0565032
-0.07936547
-0.1057592
-0.06855467
-0.2163806
-0.04902451
-0.1064555
0.002343531
-0.129761
-0.1004129
-0.1595768
-0.08413222
-0.1014585
-0.1717235
-0.3064782
-0.1769978
-0.229836
-0.1883077
-0.2345912
-0.2361463
-0.07237823
-0.03489322
0.01275352
-0.1402788
-0.1763086
-0.06350502
-0.07830069
-0.0006983396
0.04047376
-0.1386947
-0.005930259
-0.08006653
-0.09080744
-0.1014583
-0.1538909
-0.01777938
-0.02182631
-0.1230108
-0.1505042
0.01692401
-0.1479661
-0.06515882
-0.0698986
-0.1133985
0.07357719
-0.1074882
0.0164736
-0.07160816
-0.1493994
-0.06763725
-0.08498457
-0.02221047
-0.08898736
0.0755569
-0.03471016
-0.08365008
-0.03316298
-0.1380895
0.07538744
-0.03053787
0.1247915
-0.1078416
-0.06338173
-0.03959618
0.07451696
-0.05001075
0.0321695
0.08223564
-0.1087047
-0.1059321
0.02766809
-0.01011375
-0.09876586
-0.1684973
0.08405371
-0.02080828
-0.06469337
0.09449147
0.002846736
0.2395848
0.1710672
-0.1200245
0.05011039
-0.08994168
0.1048937
-0.02045299
0.09432106
0.1365175
0.06721681
0.2088453
0.1384042
-0.05081432
-0.000684906
-0.09231613
-0.0150593
0.105837
0.2001882
0.05686065
-0.08181522
-0.06458617
0.1595667
0.08602596
0.1404002
0.02111516
-0.005806546
0.1945566
0.09855702
0.1540605
0.01103389
-0.03322126
-0.02163296
0.2682066
-0.09287702
0.06534102
0.1226034
0.03063876
0.1195998
-0.04421657
0.2189082
0.03288569
0.1032992
0.1206706
0.02134222
0.1288805
0.04885122
-0.02123832
0.1670323
0.197136
0.1374279
0.1178195
0.1559444
0.2652748
0.1979531
0.1371411
0.0746426
0.1532255
-0.002706302
0.1607681
0.09027992
-0.07121096
0.100921
0.2111383
0.07787696
0.1175761
0.1278341
0.101704
0.1657407
0.1372169
0.08020899
0.00108836
0.1517714
0.1687978
0.1629889
0.3109974
0.2625291
0.1626408
0.2169339
0.2164081
0.1289376
0.175177
0.09970528
0.1402649
0.2507171
0.1345689
0.2544411
0.1239811
0.2008512
0.2186165
0.03563164
0.2552388
0.2494538
0.3194373
0.2790369
0.3474114
0.1031351
0.2932683
0.136392
0.3021401
0.1170297
0.3107769
0.1898723
0.3175185
0.2932606
0.1979321
0.2496793
0.2649855
0.3419356
0.3309115
0.3182911
0.1791726
0.2957567
0.2332686
-0.01821737
0.2186827
0.1738802
0.2137934
0.2741263
0.3154025
0.2580096
0.362089
0.2556142
0.3252681
0.2620527
0.1958333
0.09104039
0.3630319
0.1277328
0.4352447
0.295239
0.2021845
0.3237569
0.2317489
0.2931176
0.4051585
0.3259722
0.3288824
0.4024337
0.3973831
0.2087943
0.1250089
0.2867489
0.1155243
0.2391259
0.2932862
0.3540079
0.2715602
0.3282394
0.2620084
0.212829
0.3051202
0.2804973
0.2449569
0.4359726
0.1537546
0.3193523
0.3184902
0.307265
0.380642
0.21056
0.3818162
0.2752744
0.3039382
0.2349756
0.3471167
0.2334772
0.3163246
0.2765919
0.4230417
0.468898
0.339102
0.4395059
0.3803182
0.515843
0.2327338
0.3097557
0.3194659
0.3899548
0.3784235
0.3693239
0.3694974
0.2761662
0.3365656
0.4169173
0.4051847
0.386724
0.6057453
0.3700159
0.3531883
0.379339
0.4540071
0.3683847
0.5342593
0.3654288
0.486825
0.2949839
0.3898739
0.430732
0.3592291
0.4020718
0.2893702
0.2997489
0.3324693
0.4117411
0.4481407
0.5707012
0.4978756
0.5152421
0.2816638
0.3680909
0.4738703
0.4025014
0.3989907
0.487538
0.5214348
0.4492797
0.5851801
0.3909884
0.4540745
0.4417551
0.2981182
0.510934
0.3915588
0.5887694
0.5718266
0.3177643
0.2778054
0.5372693
0.4841351
0.3902034
0.5126095
0.5912175
0.4810606
0.4269983
0.5432301
0.5738989
0.3774549
0.5090907
0.5830412
0.3471107
0.5695781
0.6625351
0.4551876
0.5119108
0.5199595
0.6531249
0.4818292
0.3513004
0.6269019
0.6085011
0.6382826
0.5258123
0.7430287
0.5254559
0.4814955
0.5794911
0.5797732
0.4806281
0.5476561
0.4199415
0.5071707
0.5878471
0.6088891
0.5297064
0.5640129
0.524646
0.6328693
0.6070581
0.6143817
0.5841547
0.4929055
0.5700156
0.5560959
0.4608085
0.5096374
0.4057128
0.4778646
0.7410086
0.5660342
0.5170087
0.5877049
0.6334567
0.6211297
0.5598925
0.5733334
0.6637845
0.5231699
0.4831451
0.686206
0.4986206
0.5264423
0.4446848
0.6034736
0.5899041
0.6097795
0.5166659
0.6297043
0.7077228
0.6657036
0.6430672
0.6258886
0.5303706
0.7242541
0.687777
0.5338337
0.6407187
0.5762245
0.7279298
0.604038
0.6813175
0.7472185
0.698593
0.6045144
0.681244
0.5507945
0.5260395
0.6647158
0.7181027
0.7377752
0.6623383
0.7462251
0.5965444
0.6971106
0.6688055
0.5843005
0.6791399
0.5345656
0.7186097
0.73723
0.7339257
0.7532688
0.7696682
0.6880541
0.5607593
0.7444751
0.6588724
0.7385327
0.7261097
0.7379398
0.6698864
0.5735976
0.4981288
0.6770026
0.7139086
0.7700322
0.7437702
0.7813841
0.675804
0.6869336
0.8063414
0.7013708
0.6624055
0.6934457
0.8142476
0.7624875
0.6163514
0.8051579
0.7372673
0.6400269
0.6491302
0.8237855
0.714116
0.799154
0.9124605
0.6850251
0.7176095
0.7542898
0.7499989
0.59276
0.8643286
0.6876132
0.6873806
0.7261048
0.941681
0.7489218
0.7385143
0.8063628
0.787138
0.7213993
0.8708867
0.7998884
0.7635856
0.6154499
0.6535535
0.8036343
0.7976984
0.8941589
0.7934572
0.768564
0.8501522
0.9318554
0.8069713
0.7069218
0.9151234
0.8003908
0.6877583
0.8786987
0.6413339
0.7778492
0.7554878
0.7796373
0.7837524
0.7844321
0.8050942
0.8631168
0.7474193
0.8072358
0.880285
0.7636171
0.8464541
0.7909868
0.8857803
0.8760861
1.037902
0.9689178
0.8150651
0.8889365
0.8542075
0.8913286
0.786991
0.9349214
0.9634718
0.838628
0.8904923
0.734488
0.7626653
0.691625
0.8950907
0.7551276
0.9570031
0.965262
0.8953944
0.903091
0.9948884
0.8587855
0.8671412
1.017111
0.8595889
1.020331
1.00407
0.7580375
0.9282754
1.000007
0.8673832
0.8181562
0.7802741
0.8697647
1.017965
0.7765232
0.8880305
0.8700286
0.7131317
0.8995565
0.9339468
0.9134534
1.109974
1.023496
0.9546608
0.9745233
0.9002974
1.014868
0.9634801
0.8987955
1.002573
0.9910641
0.9645855
0.9630107
0.8086012
0.9993464
0.8071387
1.037497
0.9189121
1.002066
0.8383085
0.9624852
0.9760248
0.8841577
0.9150428
1.063114
1.011872
1.029839
1.006338
1.001826
0.9188131
1.063867
0.9425765
1.072186
1.001238
0.9040146
1.00699
1.091351
0.9387503
0.897946
0.8543553