0.1273748
-0.975529
-1.021096
-0.7761346
-0.8932122
-1.061426
-1.018219
-0.8729318
-1.079635
-0.9977144
-1.041693
-1.066417
-0.9942436
-0.9997395
-0.8439584
-1.017335
-0.8481107
-0.9101851
-0.9867882
-1.012762
-0.8465271
-0.9195949
-0.9997696
-0.8448535
-1.079227
-0.9185313
-0.7821675
-1.041758
-0.8844615
-0.8595193
-0.9164458
-0.8938123
-0.992875
-0.8648724
-0.8035637
-1.166055
-1.00208
-0.919055
-0.9280923
-0.9052069
-1.066553
-0.8525175
-0.7454831
-1.002255
-0.9587258
-0.8347503
-0.8629507
-0.8952812
-0.8896929
-0.7421958
-0.8063671
-0.9463997
-0.8454526
-0.864352
-0.838153
-0.7440667
-0.930082
-0.8344627
-0.9404244
-0.8077395
-0.878561
-0.9455904
-0.8172251
-0.8286349
-0.9154327
-1.062651
-1.032566
-0.747204
-0.7780763
-0.7805709
-0.8228508
-0.7183944
-0.9226957
-0.7770197
-0.9114483
-0.8579808
-0.8071548
-0.9107473
-0.9035589
-0.7956378
-0.6962403
-0.9188813
-0.7900568
-0.8782044
-0.8209796
-0.8598121
-0.9218939
-0.8098239
-0.7779484
-0.7513287
-0.8749782
-0.8621224
-0.8161663
-0.7995993
-0.8649544
-0.9691555
-0.6860885
-0.6602401
-0.8792751
-0.6663523
-0.7143116
-0.8803263
-0.9056162
-0.8399221
-0.8088142
-0.7145755
-0.7604287
-0.6881564
-0.7632074
-0.8919731
-0.8271392
-0.8267296
-0.6694534
-0.7512432
-0.7860343
-0.6721389
-0.7206498
-0.7494707
-0.8700366
-0.636668
-0.848267
-0.7412596
-0.7686132
-0.7270262
-0.6976476
-0.8153686
-0.6972482
-0.6552174
-0.8002945
-0.7284143
-0.7199173
-0.7489937
-0.8319595
-0.7596652
-0.7141857
-0.5729783
-0.8107989
-0.7325751
-0.6641407
-0.8220662
-0.760235
-0.7016958
-0.8245869
-0.7500515
-0.6653077
-0.781956
-0.8024083
-0.6258091
-0.7284755
-0.6642808
-0.7024396
-0.5824567
-0.6270673
-0.7561576
-0.5814823
-0.7413878
-0.6625366
-0.6601307
-0.8144217
-0.6896872
-0.6617456
-0.7462225
-0.6174206
-0.7881515
-0.675228
-0.6890819
-0.6702892
-0.722504
-0.6623197
-0.6809435
-0.7379525
-0.5677562
-0.7106959
-0.6519273
-0.5690758
-0.6170359
-0.5051262
-0.698376
-0.5881096
-0.7995569
-0.5449839
-0.5782957
-0.571775
-0.6572754
-0.5697698
-0.5012468
-0.791005
-0.6321486
-0.5256671
-0.5290739
-0.699221
-0.5431117
-0.6144113
-0.6713438
-0.6871682
-0.7689315
-0.6348043
-0.5804741
-0.6118011
-0.6786027
-0.6791904
-0.4835361
-0.6879595
-0.6315841
-0.6375071
-0.6083107
-0.5323956
-0.7288643
-0.5731635
-0.6234567
-0.6116264
-0.581341
-0.6932537
-0.5928021
-0.692335
-0.5806645
-0.6231755
-0.5135035
-0.5153419
-0.5230302
-0.5936918
-0.5363089
-0.6765999
-0.6104012
-0.5125267
-0.5663928
-0.6310164
-0.6383477
-0.5462967
-0.4277879
-0.6240038
-0.4272006
-0.3737786
-0.348573
-0.4551114
-0.7299429
-0.6574867
-0.3500786
-0.4299909
-0.5239687
-0.5755975
-0.5249478
-0.6364165
-0.6871588
-0.5399956
-0.5252935
-0.4572082
-0.3957909
-0.4414901
-0.5994265
-0.5137983
-0.3428532
-0.5872077
-0.4228066
-0.3424355
-0.4957288
-0.6012119
-0.3659143
-0.4264578
-0.391198
-0.4845317
-0.468644
-0.3719466
-0.4560144
-0.6227367
-0.5165503
-0.4800268
-0.5632171
-0.2379139
-0.5542155
-0.4476726
-0.4923507
-0.3498195
-0.2541871
-0.3443755
-0.4255862
-0.4412167
-0.4152785
-0.2945064
-0.5586496
-0.3729074
-0.4373998
-0.4254118
-0.5163311
-0.2315314
-0.3817834
-0.2645951
-0.4610325
-0.4630135
-0.5491957
-0.3563318
-0.4467631
-0.3686675
-0.2921631
-0.3363726
-0.407918
-0.4272155
-0.4933554
-0.3715685
-0.381992
-0.4377161
-0.4626883
-0.3841926
-0.4129654
-0.4590493
-0.4845724
-0.2308139
-0.4475378
-0.4083065
-0.310171
-0.3760795
-0.3521841
-0.306738
-0.2350432
-0.2890492
-0.0911674
-0.4624577
-0.3643507
-0.331981
-0.4386674
-0.4816819
-0.419609
-0.3865114
-0.1854364
-0.2263337
-0.2261929
-0.4032753
-0.4820462
-0.4802437
-0.3657532
-0.3817235
-0.2433993
-0.4204106
-0.2618458
-0.3700129
-0.293576
-0.4332805
-0.2889369
-0.1917799
-0.2755246
-0.08589202
-0.1794197
-0.1954121
-0.3550291
-0.4997099
-0.2516198
-0.3023586
-0.3449688
-0.2086193
-0.3898383
-0.2594092
-0.2517386
-0.1081903
-0.07146618
-0.2931329
-0.4062141
-0.2842435
-0.1195911
-0.352853
-0.4027378
-0.4711011
-0.2130004
-0.3267517
-0.3338998
-0.2814801
-0.4076684
-0.3319768
-0.300167
-0.1888483
-0.2314771
-0.4410846
-0.3178253
-0.0602871
-0.2184632
-0.2246027
-0.2117816
-0.2851999
-0.2917471
-0.3033789
-0.252557
-0.2443824
-0.2383373
-0.3196524
-0.2277216
-0.2886316
-0.2050815
-0.1194494
-0.1881684
-0.06449756
-0.3041949
-0.3080089
-0.1645515
-0.1009546
-0.1700153
-0.2284778
-0.09406137
-0.2565556
-0.2743877
-0.1655811
-0.1423486
-0.2482593
-0.2420795
-0.2692873
-0.2502959
-0.1896105
-0.2238227
-0.2658933
-0.2398024
-0.2885789
-0.07541437
-0.2623479
-0.1984815
-0.1906505
-0.1719356
-0.1162162
-0.1794963
-0.1175383
-0.005142223
-0.1831598
-0.1775494
-0.1670255
-0.1430563
-0.1619544
0.007926886
-0.2598979
-0.2162177
-0.2004553
-0.0884182
-0.1723224
-0.1540397
-0.1547417
-0.06368299
0.03841759
-0.2398481
-0.2069
-0.1941161
-0.2771817
-0.06837033
-0.1412312
-0.2789259
-0.1327911
-0.05712319
-0.1065031
-0.02253473
-0.03906753
-0.1651878
-0.02675738
-0.1471962
0.03195496
-0.03118921
0.05377603
-0.1351093
-0.1650866
-0.1406625
0.05024845
0.01890747
-0.1026725
-0.03903963
-0.1612336
-0.01260978
0.04194107
-0.0552536
-0.02667118
-0.06288449
0.05224254
-0.0778105
-0.1311678
0.09346715
-0.1247589
-0.0865463
-0.1225813
-0.1487082
0.04675492
0.0002534018
0.04251553
-0.1407169
0.014491
-0.1106869
0.01288117
-0.1424005
-0.111818
-0.1147684
-0.04814184
-0.09860379
0.05669273
-0.06753707
-0.09138484
-0.02222532
-0.03595607
-0.02899071
0.01943654
-0.1347669
-0.03706454
0.1197246
-0.0002306716
-0.06970478
-0.05983058
0.1299728
-0.02335414
0.1282368
-0.2079926
-0.2249207
-0.04956227
-0.027943
0.06153263
0.02957992
-0.07457567
-0.0701269
-0.1182316
0.04205955
-0.1330073
-0.002055207
0.004803703
0.1442922
0.09888225
-0.1007079
-0.004167833
0.1321211
-0.1636627
0.01243532
0.02639194
0.04176527
0.09160502
-0.1276915
0.08917185
-0.06863972
-0.01548516
-0.01702059
-0.01909802
-0.131807
0.1215116
0.04417185
-0.07909951
-0.07659071
0.2883411
-0.03085623
0.01397507
0.03126461
0.1166446
0.2293584
-0.0147578
0.03831979
-0.06090682
0.02953619
-0.08261328
0.1498291
0.0568637
0.1214838
0.1192248
0.1471323
0.1450278
0.221044
0.234074
-0.1034625
0.2311284
0.1729838
0.3421208
0.1941351
0.3947426
0.1717328
0.1048245
0.07386385
0.2563921
0.1704434
0.1347357
0.1477409
0.02597711
0.004619356
0.07152641
0.1518478
0.1421682
0.07995392
0.1270858
0.1161448
0.08641821
0.1976499
0.2211447
0.1952335
0.1561107
0.06765305
0.1124991
0.008372942
0.08415875
0.1860486
0.1158351
0.07204451
0.1185791
0.1174065
0.02120514
0.1721631
0.2531521
0.2243438
0.2114668
0.2680012
0.2943675
0.2217146
0.266397
0.1742431
0.2355072
0.1125095
0.05005857
0.2346528
0.1075292
0.2804055
0.1484568
0.1435726
0.3078191
0.2441639
0.2162372
0.3345273
0.3380164
0.147359
0.2634069
0.1079734
0.1084153
0.243566
0.2840805
0.116309
0.1358586
0.1581761
0.197692
0.1702982
0.1257351
0.186938
0.334299
0.04826592
0.3209382
0.3012736
0.2180216
0.3325635
0.1891863
0.1386459
0.2887968
0.2370883
0.1352447
0.192569
0.1213853
0.3526634
0.3681873
0.2255802
0.3566278
0.3851593
0.3403206
0.4391668
0.3097819
0.2463388
0.3604541
0.3548993
0.1726691
0.2105247
0.3204073
0.3329827
0.307982
0.2868419
0.369718
0.2513341
0.2724487
0.3142213
0.249259
0.2452695
0.3108685
0.2128256
0.4493174
0.357352
0.3272966
0.4990167
0.2696989
0.4145385
0.1846516
0.3934132
0.3529463
0.3234554
0.3919829
0.3569256
0.2004917
0.2984998
0.3145445
0.3734394
0.3934515
0.2909703
0.3326112
0.3686291
0.3034745
0.4621327
0.5523154
0.4617474
0.1615512
0.34409
0.4177011
0.5204621
0.2782428
0.4554552
0.2491961
0.4546301
0.2581399
0.2919559
0.45872
0.42218
0.516905
0.4007277
0.4114323
0.4011419
0.3739869
0.4956102
0.3835622
0.4811345
0.4089771
0.4440358
0.5282864
0.4270142
0.4290488
0.425907
0.472731
0.3942508
0.5365735
0.4226119
0.3599586
0.4158189
0.3951769
0.4793502
0.4568914
0.4718353
0.4189264
0.3997721
0.4969148
0.4821268
0.4008223
0.5235084
0.5370985
0.5478836
0.4817146
0.5051113
0.5749743
0.5080175
0.6440167
0.5774185
0.5107557
0.4278127
0.5715018
0.500596
0.5733224
0.5788531
0.4777937
0.3531182
0.3618195
0.4159559
0.4927705
0.565684
0.5368662
0.4803084
0.48674
0.5038625
0.5106878
0.4865349
0.5483685
0.5011538
0.3901542
0.4726256
0.5361286
0.5000009
0.5919596
0.5141326
0.5583055
0.6238865
0.5326654
0.5414519
0.3785453
0.5628346
0.5159219
0.5806216
0.5262605
0.3939852
0.5792197
0.544892
0.6050088
0.5887071
0.371241
0.5885703
0.5451354
0.6063506
0.6824217
0.6027388
0.6194668
0.6360766
0.6789423
0.5141752
0.7226478
0.5273986
0.5990358
0.463976
0.7371503
0.5405907
0.5924378
0.5473249
0.5025579
0.556
0.628705
0.7053165
0.6645471
0.6535825
0.4683365
0.3781101
0.5956733
0.5441932
0.5678531
0.6755691
0.6106089
0.6976678
0.4704996
0.5374533
0.6883979
0.6384192
0.632295
0.5558069
0.5088187
0.4733398
0.7139826
0.7894651
0.6188395
0.6475294
0.7257481
0.6887067
0.5919362
0.6703412
0.5955002
0.719864
0.7212775
0.6313208
0.65271
0.6093494
0.4306489
0.6772423
0.6922633
0.6868879
0.7192349
0.6598737
0.5968629
0.6963914
0.5803152
0.8394833
0.537616
0.7275775
0.7905661
0.6830942
0.7866661
0.6230282
0.5549947
0.8068714
0.694309
0.6941812
0.6150666
0.6600257
0.9574344
0.5994378
0.6072965
0.7721718
0.6781426
0.7807054
0.7182826
0.7969385
0.6916518
0.6935856
0.7526515
0.7749049
0.6103259
0.8627247
0.7497472
0.6794428
0.6515955
0.7558835
0.6228623
0.8343745
0.6821052
0.6978583
0.8513294
0.7456571
0.8909738
0.8580945
0.7704315
0.6657614
0.7504318
0.7201725
0.7779764
0.7394663
0.6886255
0.7061279
0.9413514
0.7241102
0.645367
0.6509041
0.8116127
0.8520818
0.8236935
0.8063001
0.7331193
0.7549211
0.7672746
0.8616978
0.7975201
0.7901263
0.8624325
0.8403524
0.984852
0.6351629
0.7755404
0.6865433
0.7564843
0.8492681
0.8519779
0.8117667
0.8063277
0.9329742
0.8281835
0.7751288
0.7770284
0.7915941
0.8207024
0.7800044
0.8808042
0.8468924
0.9924831
0.8397437
1.041689
0.7589384
0.7437996
0.5870598
0.6869702
0.8567703
0.7918218
0.8544843
0.764072
0.8479629
0.8976673
0.9410489
0.818975
0.8565509
1.132675
0.6861923
0.888834
0.939001
0.8634036
0.8671242
0.8920866
0.9143278
0.8745409
0.9812495
0.7988502
0.8711873
0.849648
0.9399604
0.9835313
0.8694325
0.7826507
0.9129296
0.9180719
0.9109598
0.8452654
0.9646464
1.004393
0.9663014
0.9502639
0.772313
0.9242062
0.9182852
0.9973869
0.9529245
0.943403
0.845196
0.9655275
0.9381068
0.8457724
0.8970926
0.817148
0.9750814
0.8060579
0.9511009
1.061144
1.027127
1.009743
0.9325971
0.926476
1.056765
1.047512
1.088984
0.9623311
1.016642
0.9233031
0.8997234
0.8921429
1.057483
0.8973809
0.815293
0.9469469
0.8826143
1.061765
0.9723042
0.9627118
0.9752441
0.9350679
0.905686
1.013346