0.04282352
-0.9517069
-1.030581
-0.941327
-1.067299
-0.9534467
-0.9922961
-1.010626
-1.118578
-1.001003
-0.9558928
-0.9460677
-1.013097
-0.9556346
-0.938792
-0.9389807
-0.926364
-0.8623211
-1.02162
-0.9433339
-1.024264
-0.9615853
-0.8443195
-0.9095017
-1.115094
-0.8572806
-0.9106477
-0.9703031
-1.053293
-0.9409139
-0.9181305
-0.9174348
-0.8941863
-0.9959157
-0.8668178
-0.8902272
-0.8964946
-0.831383
-0.9375942
-0.9251357
-0.6596493
-0.7586633
-0.8548632
-0.8855356
-0.9860429
-0.7861764
-0.9636816
-0.9426927
-0.9318074
-0.9137356
-0.8282949
-1.02441
-1.024023
-0.6769994
-0.7627789
-0.7631148
-0.8632893
-0.9956586
-0.8831274
-0.8390177
-0.6983749
-0.824793
-0.9365831
-0.9655119
-0.8710753
-0.8266003
-0.9371548
-0.8185602
-0.8319266
-0.8033771
-0.8271584
-0.6534987
-0.7505334
-0.9662574
-1.002655
-0.8490897
-0.7947792
-1.019385
-0.7300225
-0.8347424
-0.831623
-0.8605588
-0.8925867
-0.8681667
-0.8182911
-0.8172741
-0.6435995
-0.90283
-0.7917116
-0.9166907
-0.8416604
-0.8048602
-0.7419239
-0.8832582
-0.7516014
-0.7089446
-0.7099592
-0.8438091
-0.7308
-0.8395517
-0.8068279
-0.753387
-0.8061335
-0.9164791
-0.8870688
-0.9390329
-0.7380537
-0.7433619
-0.9078348
-0.7073309
-0.8739157
-0.7827348
-0.8053983
-0.7149165
-0.6771795
-0.7771073
-0.6830519
-0.7233908
-0.8766302
-0.7324753
-0.812654
-0.7375437
-0.8673537
-0.8326939
-0.7299909
-0.5945224
-0.7082724
-0.9124966
-0.7295183
-0.720398
-0.6956601
-0.5800825
-0.7486091
-0.8208976
-0.7514528
-0.7654471
-0.7011951
-0.4907013
-0.5578826
-0.710637
-0.7644358
-0.6545121
-0.7718911
-0.7984871
-0.7969428
-0.750231
-0.606826
-0.6917949
-0.6582831
-0.6847781
-0.7015077
-0.6991862
-0.7073137
-0.639161
-0.7178058
-0.6433157
-0.7598924
-0.6404914
-0.5934147
-0.5670365
-0.6383858
-0.5751343
-0.5431781
-0.602405
-0.6506363
-0.6512506
-0.6277591
-0.6546616
-0.8253433
-0.5838919
-0.6389034
-0.6273796
-0.6950455
-0.6905603
-0.6157883
-0.77712
-0.682772
-0.7525156
-0.6396017
-0.8319486
-0.5126586
-0.6766349
-0.5880263
-0.6903372
-0.5879317
-0.5634726
-0.5210307
-0.6245686
-0.6626799
-0.608792
-0.6719004
-0.5589379
-0.6337365
-0.6960788
-0.682182
-0.5403054
-0.5751323
-0.5584566
-0.5030725
-0.5017377
-0.6189595
-0.5738228
-0.6593909
-0.5413794
-0.6428105
-0.7285441
-0.6342735
-0.7706277
-0.4858502
-0.4752397
-0.5584974
-0.5772122
-0.5567528
-0.5098432
-0.6388802
-0.5925083
-0.540114
-0.5474412
-0.5577329
-0.6767917
-0.378514
-0.5428651
-0.5753425
-0.5446458
-0.6043103
-0.5279787
-0.5533793
-0.7226695
-0.5090099
-0.5316875
-0.5611449
-0.5734383
-0.5280258
-0.4550547
-0.6740682
-0.5429094
-0.720708
-0.5047353
-0.5246418
-0.6510967
-0.6548532
-0.5108347
-0.4873238
-0.4913833
-0.623784
-0.5951472
-0.4632684
-0.484377
-0.5385446
-0.40088
-0.4231158
-0.519035
-0.6602764
-0.4851787
-0.5264447
-0.4772584
-0.4470246
-0.6595169
-0.5214916
-0.4772744
-0.4454395
-0.5232653
-0.6027052
-0.5001729
-0.2805306
-0.4265144
-0.4276939
-0.4815064
-0.4995194
-0.427941
-0.3787667
-0.3265243
-0.4013212
-0.6458008
-0.581981
-0.3957388
-0.4259758
-0.4998937
-0.3930759
-0.3766149
-0.5380015
-0.3983107
-0.5126669
-0.3658542
-0.5055973
-0.5901364
-0.3312965
-0.4496703
-0.3448828
-0.4776571
-0.2777294
-0.4285817
-0.5363468
-0.3592527
-0.3293771
-0.4351456
-0.4233204
-0.5312372
-0.3292183
-0.3522297
-0.4113497
-0.4700937
-0.4192868
-0.4881762
-0.4241974
-0.439882
-0.3273584
-0.4905732
-0.4867782
-0.4333997
-0.2844489
-0.4988733
-0.3973099
-0.4547772
-0.4329643
-0.3367118
-0.4415659
-0.5164642
-0.2463755
-0.3431336
-0.3174021
-0.2926552
-0.4296675
-0.380179
-0.3203819
-0.5059975
-0.5146387
-0.2075633
-0.2588718
-0.2766779
-0.2930903
-0.3305177
-0.3610901
-0.2954559
-0.1976578
-0.3904717
-0.4605712
-0.2322664
-0.3212274
-0.3326668
-0.3111978
-0.3694034
-0.3915885
-0.4043946
-0.297016
-0.2868021
-0.3159815
-0.2028599
-0.2458003
-0.3463837
-0.3223425
-0.3413443
-0.3701303
-0.2476063
-0.2411909
-0.2434813
-0.2177041
-0.2538609
-0.3173636
-0.292735
-0.2675074
-0.2515354
-0.2824685
-0.3881319
-0.2982934
-0.1647618
-0.2558113
-0.3389747
-0.2427641
-0.4194602
-0.1605379
-0.2527862
-0.227251
-0.3714116
-0.407282
-0.2635464
-0.2462706
-0.2573919
-0.3027203
-0.2287693
-0.06441435
-0.126557
-0.4297781
-0.2951851
-0.3698136
-0.2600451
-0.1184402
-0.1864156
-0.281179
-0.2073605
-0.2258455
-0.1373404
-0.1956836
-0.2309481
-0.3773583
-0.3742227
-0.3128013
-0.3310178
-0.197564
-0.2231172
-0.09247217
-0.06240497
-0.237303
-0.3447803
-0.1182092
-0.1723709
-0.1278897
-0.1436753
-0.1441196
-0.0821987
-0.1687554
-0.08697116
-0.1376926
-0.1259873
-0.1580841
-0.1437034
-0.1879655
-0.1336144
-0.02447156
-0.2131504
-0.1384019
-0.2996719
-0.2124367
-0.1714241
-0.1519219
-0.05058746
-0.1350848
-0.1681445
-0.05886139
-0.05485862
-0.1195188
-0.07039864
-0.2375082
-0.06509198
-0.09144029
0.02235812
-0.1229084
-0.1164509
-0.1573327
-0.07508311
-0.07291837
-0.1808886
-0.3034544
-0.1777249
-0.2429178
-0.1802294
-0.2412832
-0.2519452
-0.08492851
-0.05180229
0.01486707
-0.1521302
-0.1827422
-0.06685393
-0.0900168
0.03097099
0.01962593
-0.115508
-0.004583284
-0.0801638
-0.09944453
-0.1216297
-0.1645322
-0.04936415
-0.03340649
-0.1315813
-0.1657584
0.01335256
-0.1474502
-0.08178824
-0.04116643
-0.09442284
0.0579655
-0.1031963
0.0276287
-0.05515895
-0.1692485
-0.0784481
-0.08517516
-0.0003586166
-0.09362535
0.0611763
-0.06652106
-0.08769194
-0.0303454
-0.1350425
0.06510119
-0.0356919
0.1247537
-0.08970243
-0.08367526
-0.01211283
0.04791532
-0.02982287
0.02305508
0.1039047
-0.1056211
-0.1067771
0.03227303
-0.01324655
-0.09643386
-0.1859409
0.07778504
-0.0116704
-0.07875578
0.08540213
0.01610377
0.2171829
0.1700887
-0.1225739
0.0435063
-0.07766454
0.1134357
-0.02053522
0.0877012
0.1175459
0.0729656
0.2072623
0.1170178
-0.03742894
0.01124645
-0.09955618
-0.04339993
0.1156787
0.2271349
0.07528309
-0.1077129
-0.04968788
0.1736315
0.07084982
0.1249621
0.02548824
-0.01204751
0.1981337
0.09724741
0.150104
0.01546676
-0.01809907
0.002250831
0.2446131
-0.09656417
0.06085323
0.1280196
0.02074977
0.1254126
-0.03203224
0.2295944
0.02410363
0.07965164
0.1310412
-0.0005531341
0.1273867
0.05201357
0.006830148
0.1581455
0.2101585
0.1220154
0.1043348
0.148679
0.2590418
0.1830209
0.1442914
0.08004075
0.1699747
-0.000286287
0.1362452
0.06089709
-0.07353678
0.09109942
0.2202935
0.07641338
0.13604
0.1059912
0.09455809
0.159695
0.1409624
0.08840228
0.02712979
0.1235298
0.1701152
0.1791411
0.3091456
0.259722
0.1468243
0.266731
0.2078914
0.1345811
0.1642788
0.1301188
0.1288258
0.2415585
0.1371245
0.2556702
0.1368164
0.2034316
0.2304724
0.02232989
0.2322227
0.2592711
0.3346446
0.2685119
0.3375853
0.08672363
0.2960863
0.1604121
0.2924482
0.08119499
0.3088517
0.2036084
0.3255531
0.2831751
0.2023319
0.2345831
0.2543221
0.3371466
0.3239298
0.32773
0.1891498
0.2920805
0.2361873
-0.03433118
0.1940278
0.1773884
0.2062876
0.2755616
0.3069901
0.2702842
0.3249688
0.2365083
0.3574986
0.2558477
0.2021187
0.09267267
0.345037
0.1535018
0.4403918
0.2730787
0.190046
0.320208
0.214941
0.3098314
0.378578
0.32923
0.3298472
0.4064527
0.3963092
0.1979596
0.1050226
0.2671573
0.1056174
0.2336213
0.3028894
0.3401861
0.283025
0.3400526
0.2540313
0.2500266
0.3097481
0.2639643
0.2462772
0.4368344
0.158067
0.3248318
0.3490852
0.3066436
0.3755656
0.200082
0.3700137
0.2599247
0.3155072
0.2636999
0.3357741
0.2416532
0.3191369
0.2657582
0.4517717
0.4858864
0.3644408
0.4038137
0.3839086
0.5156847
0.2342568
0.3184345
0.3334673
0.3838689
0.3608431
0.3473419
0.3799105
0.2674612
0.3407583
0.3885011
0.4242464
0.3695463
0.5930368
0.3728616
0.3594992
0.3757575
0.426038
0.3672251
0.5241297
0.4041094
0.503051
0.3004538
0.3862108
0.4551512
0.3253889
0.3985979
0.2909383
0.3080547
0.337964
0.4259435
0.4467116
0.5558331
0.494989
0.5161858
0.2666615
0.3645408
0.4864938
0.395562
0.3911943
0.4818679
0.5356274
0.4401604
0.5946063
0.3801877
0.4521124
0.4166481
0.3231668
0.4917476
0.3922825
0.5809564
0.5884245
0.3428538
0.2549848
0.5212416
0.4962384
0.3916881
0.513321
0.6114851
0.4702254
0.4124962
0.5406857
0.5779141
0.3893727
0.5007542
0.5815267
0.3488322
0.5443489
0.685785
0.4632701
0.5010604
0.5287794
0.6635867
0.486294
0.3446224
0.6171664
0.6132317
0.6295343
0.5361835
0.7251644
0.5275846
0.4941893
0.5640825
0.5710043
0.4826087
0.5319647
0.4111008
0.4866945
0.5897158
0.5984842
0.5131906
0.571952
0.5277836
0.649705
0.6070849
0.5995982
0.5746263
0.4997917
0.5620648
0.5621424
0.4377954
0.4911609
0.4035029
0.4671882
0.7381571
0.5900773
0.5227253
0.6004912
0.6196082
0.6420346
0.5597412
0.5486729
0.6714391
0.5430301
0.4776291
0.6812403
0.4859711
0.5190642
0.4504336
0.6217294
0.575498
0.6103795
0.5232852
0.6241537
0.7092842
0.6812355
0.6509849
0.652595
0.5290762
0.7085854
0.7003271
0.5383057
0.6532901
0.5856287
0.7369685
0.5980522
0.6911288
0.7485691
0.6914929
0.640627
0.6907696
0.588617
0.52212
0.6490972
0.7151122
0.7421333
0.6578506
0.711677
0.6012727
0.6784244
0.6698326
0.564404
0.6548287
0.5304798
0.724114
0.7353861
0.7610332
0.7518561
0.7924828
0.7189094
0.5489485
0.7516194
0.646086
0.7485616
0.740038
0.7276062
0.6605152
0.5869325
0.514063
0.6732036
0.720752
0.7668839
0.7454202
0.7945365
0.6651825
0.675219
0.8148558
0.7190764
0.6471609
0.6872781
0.7934048
0.7974823
0.6275462
0.8018516
0.7304997
0.651952
0.6565349
0.8262363
0.7021223
0.82721
0.9044644
0.6721119
0.7127948
0.7764727
0.7711737
0.5698825
0.8427677
0.6993315
0.6809986
0.726215
0.9539002
0.7466773
0.737685
0.8157753
0.7768138
0.6965043
0.8741169
0.7977529
0.7722944
0.6038883
0.6564729
0.8059194
0.791823
0.8832959
0.7906381
0.7726425
0.8584413
0.9414669
0.8163382
0.7012612
0.8894217
0.8018071
0.715491
0.8711862
0.6333265
0.7849938
0.7393978
0.7787703
0.7734659
0.8062642
0.8080232
0.8485874
0.7695429
0.7934213
0.8637938
0.7517469
0.8444651
0.7817964
0.8795384
0.8758027
1.032519
0.9559675
0.8345996
0.885876
0.8948743
0.8879053
0.8197405
0.9581073
0.976529
0.83747
0.9304815
0.749732
0.7763194
0.689468
0.8925931
0.757781
0.92341
0.9232104
0.9066733
0.8951311
0.9900549
0.8685262
0.8628456
1.01266
0.8603807
1.040629
0.9886218
0.7691865
0.9372381
0.9878609
0.8609109
0.8311961
0.7707482
0.8445093
1.02129
0.7843213
0.8642678
0.8486825
0.7144893
0.897551
0.9460676
0.9090914
1.119667
1.024246
0.9464914
0.979113
0.9017736
1.006341
0.9555405
0.8982938
0.98137
0.9900199
0.9746304
0.9566433
0.8140124
1.0003
0.8225329
1.028411
0.916614
1.019578
0.844944
0.9553135
0.9772135
0.8956835
0.907493
1.076239
0.9958903
1.026706
0.9959967
1.01801
0.8971172
1.063942
0.9343474
1.071007
1.005958
0.9209608
1.038752
1.093145
0.930038
0.9119372
0.833287