-0.03182279
-1.02807
-0.9703276
-1.011773
-0.9587273
-0.9595592
-1.056868
-1.113868
-0.9399014
-0.9969151
-1.011394
-1.061977
-1.019734
-0.8672233
-0.9287778
-1.071675
-0.8769403
-0.9202878
-0.9081947
-0.9300319
-0.9523149
-0.9809708
-0.9718201
-1.108481
-0.8876687
-1.095743
-0.9466357
-1.008868
-0.9381555
-0.9292398
-0.9550643
-0.9662334
-0.9608189
-0.9905324
-0.9632146
-0.8878274
-0.9087226
-1.159143
-0.9542158
-0.9537446
-1.019687
-0.9070384
-0.8299154
-0.7918213
-0.9528367
-0.973852
-0.880951
-0.9383612
-1.029494
-0.8542714
-0.9530426
-0.7841075
-0.9109992
-0.9860374
-0.8372325
-1.034653
-0.8978922
-0.8296251
-0.8800111
-0.9880141
-1.072871
-0.9065545
-1.051638
-0.7993528
-0.9565651
-0.8013336
-0.7383478
-0.8613191
-0.7633019
-0.8759246
-0.8903109
-0.8988471
-1.01008
-0.9743895
-0.7116057
-0.9072025
-0.8665567
-0.7281537
-0.8692015
-0.8639239
-0.6903789
-0.9478261
-0.9185909
-0.858999
-0.8797825
-0.9773733
-0.7264474
-0.8717856
-0.8690304
-0.9858957
-0.7748336
-0.7344229
-0.874924
-0.7024786
-0.611704
-0.8327448
-0.7633058
-0.8142833
-0.7462742
-0.8634347
-0.7249508
-0.9364642
-0.65174
-0.8221555
-0.8343917
-0.7887317
-0.747568
-0.7627094
-0.8963489
-0.7595119
-0.8236311
-0.7464561
-0.792879
-0.7576297
-0.7981453
-0.7937835
-0.7622877
-0.6574265
-0.7684449
-0.7580599
-0.7046905
-0.8592576
-0.7864318
-0.6698939
-0.8176275
-0.7080736
-0.5977247
-0.7492977
-0.7827546
-0.7187194
-0.7953141
-0.7817922
-0.8154129
-0.7090905
-0.6379591
-0.7415496
-0.782039
-0.5981961
-0.7882068
-0.6035224
-0.6546963
-0.8101075
-0.6588072
-0.8561342
-0.7685466
-0.6190263
-0.7471118
-0.6258676
-0.8069743
-0.8156882
-0.6728418
-0.8562078
-0.7874467
-0.6029255
-0.6297646
-0.6113529
-0.6120259
-0.7444009
-0.6437025
-0.659223
-0.8094964
-0.6083359
-0.7444214
-0.6557676
-0.6441737
-0.64346
-0.740859
-0.6941168
-0.5548704
-0.6677465
-0.6637842
-0.6750933
-0.6692599
-0.6141088
-0.6666229
-0.6921882
-0.6949796
-0.7359706
-0.7221323
-0.6398363
-0.6995708
-0.6370409
-0.6364705
-0.7734119
-0.6815554
-0.5679182
-0.6805405
-0.5440646
-0.5844821
-0.6479588
-0.6076071
-0.4402591
-0.5290721
-0.5494016
-0.5934509
-0.6384123
-0.5270986
-0.5078432
-0.6790443
-0.6694956
-0.6588251
-0.5785715
-0.5624874
-0.5121556
-0.7185161
-0.5490411
-0.6780986
-0.6356032
-0.5499883
-0.703921
-0.5434927
-0.4631577
-0.5706336
-0.6269816
-0.5728752
-0.6233003
-0.5342096
-0.5868638
-0.5601687
-0.6063597
-0.5626263
-0.5241277
-0.4445167
-0.5565526
-0.5979466
-0.6225914
-0.473419
-0.3304413
-0.6122108
-0.5036817
-0.6216806
-0.6488013
-0.2665304
-0.5150058
-0.5744349
-0.6601494
-0.6815954
-0.4331122
-0.4054914
-0.4998651
-0.4783495
-0.4980321
-0.6411814
-0.486863
-0.6365697
-0.5813418
-0.4359184
-0.4999947
-0.4819147
-0.4727717
-0.4342862
-0.4852724
-0.609051
-0.4926756
-0.4367476
-0.4701571
-0.4954429
-0.4912586
-0.4591546
-0.3124022
-0.6117809
-0.4991231
-0.3643978
-0.4756914
-0.5386783
-0.453904
-0.6020058
-0.4455502
-0.4828205
-0.3982795
-0.3550479
-0.4245765
-0.4169448
-0.4971869
-0.4759986
-0.3913842
-0.3617142
-0.5647693
-0.5107589
-0.4256471
-0.3730055
-0.4306564
-0.4028717
-0.5390437
-0.3485688
-0.4722713
-0.3297154
-0.504429
-0.6380464
-0.2739029
-0.3185871
-0.3060611
-0.5788163
-0.3021932
-0.5050677
-0.3406115
-0.3281528
-0.4263742
-0.3637821
-0.4685614
-0.356595
-0.5059467
-0.3823731
-0.4544856
-0.4244228
-0.474736
-0.588183
-0.4586608
-0.3681017
-0.4051093
-0.4027064
-0.47008
-0.3851493
-0.3084166
-0.480515
-0.2689023
-0.3598871
-0.2110536
-0.2673455
-0.3890005
-0.5699825
-0.3735836
-0.3468481
-0.4341864
-0.3980965
-0.3642474
-0.3691434
-0.545086
-0.2725993
-0.3077013
-0.3579109
-0.4443053
-0.3736124
-0.3528896
-0.3974015
-0.280556
-0.3134201
-0.3453296
-0.2794923
-0.2637049
-0.272377
-0.3737274
-0.3341114
-0.390121
-0.2971662
-0.2820831
-0.2211832
-0.3565776
-0.3460358
-0.4560003
-0.3442741
-0.3871691
-0.2813826
-0.2587308
-0.1836954
-0.2725857
-0.198462
-0.3586238
-0.1740329
-0.3511566
-0.4965809
-0.3069311
-0.2481853
-0.2459784
-0.3007571
-0.2230464
-0.3211461
-0.3123108
-0.3617127
-0.311779
-0.2780645
-0.2166908
-0.2462451
-0.3299481
-0.3830661
-0.3160586
-0.1558848
-0.3368281
-0.2476435
-0.2115425
-0.2519349
-0.2921094
-0.2396457
-0.2365072
-0.2103605
-0.3267444
-0.228446
-0.1117344
-0.2494378
-0.2206445
-0.2083261
-0.06963946
-0.2176193
-0.3548399
-0.1973594
-0.3851682
-0.1182574
-0.05678761
-0.1804142
-0.1929606
-0.1982676
-0.187233
-0.1047949
-0.2678889
-0.0740711
-0.1367389
-0.1916891
-0.02176473
-0.2155607
-0.2555261
-0.1160596
-0.1774018
-0.1306788
-0.1351533
-0.2289256
-0.09740957
-0.1590001
-0.237422
-0.2538416
-0.196996
-0.1092
-0.2279735
-0.217311
-0.1332472
-0.1250635
-0.2050617
-0.1838328
-0.2846001
-0.2267398
-0.2345671
-0.311448
-0.1211979
-0.02839765
-0.2496578
-0.195345
-0.07515874
-0.06851002
-0.2712184
-0.1688677
-0.1806314
-0.01127292
-0.1973157
-0.147234
-0.006765666
-0.2091161
-0.1400841
-0.2298563
-0.1648244
0.04238342
0.09283997
0.03235142
-0.06583826
-0.18223
-0.09722122
-0.03401425
-0.1341243
-0.1271198
-0.2077998
-0.07111765
-0.002157958
-0.164804
-0.2607528
-0.06316168
-0.06029622
-0.03258716
-0.1174634
-0.1379325
-0.1371119
0.05165192
-0.07813376
-0.001685227
-0.1122663
-0.1157286
0.01318005
-0.0005503412
-0.05417682
0.02547074
-0.1282435
0.08008524
-0.1095552
-0.07827857
-0.1515106
-0.1766191
0.02706047
0.1565576
-0.1359364
-0.05658682
-0.1004615
0.0007872539
0.09207189
0.01972706
-0.002170577
-0.05195075
0.07703061
0.008790642
0.0166881
-0.09820177
-0.008536115
-0.07037556
-0.01562741
0.01679422
0.1528781
0.005852745
-0.2169587
0.1145327
0.01490346
-0.06175166
-0.08123141
-0.01760922
0.1464997
-0.1175957
0.006026324
0.1740478
-0.02121949
0.08357407
0.1513273
-0.09394074
0.0247902
-0.01177865
0.09518977
0.05321585
0.1125488
0.06610524
-0.03841064
-0.03604801
-0.02860297
0.1448756
0.08257996
-0.006201868
-0.004138382
0.1531166
0.05014705
-0.01505502
0.07196778
0.04890511
0.02184373
0.1452536
0.03790682
0.06966389
0.006318622
0.06806146
0.02502454
0.06323052
0.08173769
0.1882095
-0.03096016
0.2217809
0.02544949
0.1067124
0.2595258
0.1271158
0.06138764
-0.1116218
0.2284548
0.06764105
0.1128049
0.06697363
0.1501602
0.1414015
0.1976323
0.1122831
0.1944716
0.170503
0.1630343
0.1595721
0.1507276
0.2453972
0.2516304
0.1908394
0.2464199
0.05646521
0.1803874
0.185226
0.2656872
-0.03584881
0.1123273
0.1891645
0.1721844
0.04812928
0.09509235
0.1469793
0.164938
0.1530154
0.1006267
0.1429837
0.1775209
0.2529337
0.2000039
0.1001457
0.2706958
0.1496185
0.1770533
0.2734656
0.1217837
0.3229578
0.2412252
0.2096534
0.01348295
0.1522331
0.1603651
0.08926575
0.2911926
0.0453802
0.1636747
0.2140985
0.1130145
0.2346311
0.2266883
0.220887
0.1870861
0.3004216
0.2176203
0.24084
0.3411098
-0.1175715
0.2520801
0.07667537
0.3162624
0.2915714
0.2636302
0.276877
0.2933724
0.3480178
0.169374
0.2928939
0.3914716
0.295671
0.1134501
0.2396311
0.2888822
0.2903537
0.1326034
0.3048949
0.2234049
0.1310928
0.1638918
0.1693153
0.3163425
0.2911907
0.3050543
0.2054089
0.1803215
0.2811756
0.1170416
0.2478082
0.362852
0.2796238
0.3959876
0.2650541
0.257322
0.4453168
0.3723267
0.3389822
0.2143272
0.3487225
0.3997678
0.3999761
0.2842875
0.3876067
0.3215333
0.4210389
0.4663497
0.1294971
0.3264677
0.3982016
0.2836875
0.117788
0.5181574
0.1534003
0.3739753
0.2671637
0.3027523
0.3334998
0.3449093
0.3594698
0.3259155
0.3605104
0.3195939
0.4461551
0.2991489
0.2614591
0.2519845
0.4903392
0.3826203
0.3836545
0.3409615
0.4746417
0.2979036
0.3327524
0.3010921
0.3993681
0.4138815
0.4279541
0.3609287
0.4070082
0.4206867
0.3297644
0.1488037
0.4179804
0.2866096
0.399804
0.3302117
0.3554491
0.5381084
0.3569704
0.4351861
0.3406345
0.4401958
0.377299
0.2839073
0.2955533
0.3455736
0.2628338
0.3005632
0.5015361
0.423151
0.4780278
0.4429236
0.3564245
0.5030787
0.4385034
0.3728483
0.4233024
0.6118027
0.3280074
0.6539363
0.4581649
0.4595725
0.5305817
0.5078705
0.4820708
0.4298151
0.3854623
0.2661416
0.5115771
0.3539875
0.4495219
0.4288685
0.5717133
0.3794799
0.5146037
0.637987
0.5108453
0.4723704
0.5494595
0.5531366
0.6128878
0.5404655
0.549674
0.5601063
0.5199847
0.2926867
0.5050674
0.3536104
0.5089053
0.5345744
0.6032246
0.436916
0.4617386
0.6055121
0.6958627
0.4445268
0.4462107
0.5499767
0.5728577
0.6683924
0.5589961
0.7136083
0.5601601
0.4707604
0.5796489
0.5561406
0.4530092
0.4644059
0.6337611
0.5231056
0.5512632
0.5104397
0.6070158
0.7106958
0.6185145
0.4598303
0.5117371
0.4708445
0.6303404
0.5852736
0.5004256
0.5948158
0.7295347
0.5928008
0.4553384
0.7481638
0.6460494
0.494419
0.5195167
0.4500373
0.6448951
0.6141877
0.6556459
0.6134377
0.6869379
0.6266563
0.4076102
0.6027364
0.6628277
0.7973653
0.7046279
0.7033993
0.711611
0.7264914
0.6148953
0.6191379
0.5988904
0.6941472
0.6323539
0.5956106
0.6573745
0.6920319
0.4448931
0.6149839
0.6008111
0.4971845
0.6943739
0.667384
0.6764074
0.6306532
0.5451139
0.5000179
0.6843743
0.6787766
0.8154621
0.56683
0.6631438
0.5434127
0.5895974
0.7569422
0.7021967
0.6859915
0.6542839
0.7166609
0.6693259
0.6028892
0.6072628
0.6673337
0.6632173
0.8266217
0.5608796
0.7933537
0.6373567
0.6362541
0.5802227
0.536578
0.6404026
0.764922
0.7522488
0.7748586
0.5821977
0.7500429
0.6905146
0.6707132
0.7334832
0.6133403
0.5656375
0.8548962
0.6998659
0.7521082
0.5537555
0.7571232
0.6595617
0.6672148
0.6814835
0.8507579
0.7991182
0.7306087
0.8538784
0.7925958
0.7531066
0.7557205
0.9446976
0.6917742
0.7485935
0.6856226
0.6832975
0.7728245
0.7720509
0.6993108
0.7371663
0.6954035
0.722765
0.8153434
0.8325354
0.6482331
0.9276782
0.8017258
0.7323033
0.5824473
0.7742757
0.7236342
0.7278795
0.8869851
0.7171015
0.7166888
0.9268627
0.7901453
0.6915052
0.8780455
0.6786101
0.8636191
0.958225
0.9383779
0.8632665
0.9038649
0.780558
0.8267534
0.9173435
0.858637
0.8975249
0.8733997
0.8517451
0.8048504
0.824478
0.856572
0.9467646
0.9406496
0.7778788
0.7852185
0.79132
0.7976902
0.8442172
0.8381596
0.7129239
0.8783618
0.8228801
0.9357157
0.9762058
0.9720902
0.9781972
0.8591323
0.8867475
0.8338619
0.8627297
0.8271227
1.017899
0.8861122
0.9012288
1.053618
0.9650025
0.8328295
0.8698557
1.044643
0.9172941
0.9796611
0.9023502
0.6934653
0.8925867
0.8725984
0.9460947
1.002198
0.9864144
1.074139
1.049035
0.9384895
0.9517326
0.97933
0.8307616
0.8735345
1.024345
0.9922925
0.9007865
0.872513
0.9430954
0.9630323
0.8949246
0.9934727
1.052377
0.9402886
1.087618
1.123501
0.8910454
0.8974701
1.0461
1.049426
0.8735876
0.8764058
0.9457806
0.8209898
0.9976202
1.022883
0.9330429
0.8649713
1.06635
0.8864091
0.8781562
1.13487
1.041303
1.046363
1.166118
0.8456881
0.9740172
0.9556436
0.9704499