-0.03459062
-1.042139
-0.9667278
-1.027805
-0.9486518
-0.9597384
-1.039965
-1.094473
-0.9314224
-0.9773609
-1.014686
-1.057412
-1.021726
-0.8760139
-0.9202489
-1.060993
-0.8936206
-0.9084129
-0.9029681
-0.9257421
-0.9635541
-0.9911085
-0.9539094
-1.08565
-0.8871376
-1.098317
-0.9623875
-1.003104
-0.9581108
-0.9037596
-0.9679653
-0.9710592
-0.9580334
-0.9840359
-0.9537808
-0.8480333
-0.8996046
-1.139109
-0.9513658
-0.953617
-1.018553
-0.9278509
-0.8324128
-0.7927178
-0.9547981
-0.964697
-0.8684597
-0.9231967
-1.029602
-0.853732
-0.9280124
-0.7962724
-0.9078318
-0.9977893
-0.8529683
-1.034909
-0.9047925
-0.8472537
-0.8959653
-0.9844069
-1.057138
-0.9063087
-1.055648
-0.7943597
-0.9530057
-0.8167772
-0.7264778
-0.8294622
-0.7529282
-0.878017
-0.8692947
-0.9071162
-1.01002
-0.9811673
-0.7182087
-0.9259186
-0.8599972
-0.7184166
-0.8691815
-0.8523005
-0.6781322
-0.9691544
-0.9346874
-0.8483892
-0.8819021
-0.990828
-0.6991464
-0.8709186
-0.8673888
-1.003551
-0.7668131
-0.7311089
-0.8837675
-0.6805301
-0.6047244
-0.8428962
-0.7606167
-0.8059853
-0.7623788
-0.8541523
-0.7140722
-0.9529261
-0.6521489
-0.8047316
-0.8440722
-0.7759362
-0.7293575
-0.7689213
-0.8801159
-0.7428252
-0.8154964
-0.7415405
-0.7967578
-0.7783226
-0.8008238
-0.7980037
-0.7892413
-0.6386922
-0.7643479
-0.7468834
-0.6876012
-0.8667948
-0.7669758
-0.6813895
-0.8101901
-0.7040673
-0.5919177
-0.7821133
-0.8171988
-0.7315101
-0.7755566
-0.7808454
-0.8370755
-0.7072378
-0.6704098
-0.7509756
-0.7941706
-0.5886447
-0.7876366
-0.5897549
-0.6422726
-0.8011162
-0.6583236
-0.8395869
-0.7547824
-0.6133319
-0.7317568
-0.6163106
-0.8232255
-0.8295566
-0.6813251
-0.8546789
-0.797025
-0.6002733
-0.6093311
-0.6320376
-0.6322618
-0.7432799
-0.6479912
-0.6548675
-0.8130394
-0.5927388
-0.7771116
-0.644021
-0.6512596
-0.624948
-0.7438258
-0.6925006
-0.5679142
-0.6566787
-0.6749599
-0.6957222
-0.6603599
-0.6143136
-0.6550621
-0.6521748
-0.6848512
-0.7420877
-0.7274926
-0.6445718
-0.6922378
-0.6344318
-0.64058
-0.770079
-0.679898
-0.5726058
-0.6708285
-0.5579678
-0.5979503
-0.6622832
-0.628585
-0.4535336
-0.5755391
-0.5544902
-0.5981137
-0.62545
-0.517785
-0.4875761
-0.6620887
-0.6566094
-0.6595476
-0.5810071
-0.5734331
-0.4930068
-0.7327322
-0.5474435
-0.6728579
-0.6377929
-0.5297851
-0.7394361
-0.5456739
-0.4706875
-0.566545
-0.6460423
-0.5701809
-0.6293274
-0.5279329
-0.5927937
-0.5389281
-0.6017174
-0.5584161
-0.5220451
-0.4434648
-0.5831321
-0.5959145
-0.6339766
-0.445395
-0.3437176
-0.6022809
-0.4996518
-0.6158538
-0.6211856
-0.2541658
-0.5212573
-0.5918821
-0.6548868
-0.684782
-0.4171947
-0.4141393
-0.5025158
-0.4611895
-0.4756898
-0.6512087
-0.4553769
-0.6179379
-0.5709071
-0.449007
-0.5012024
-0.5048866
-0.4628714
-0.4193552
-0.4917645
-0.5963052
-0.4936993
-0.4570037
-0.4704867
-0.5221617
-0.510949
-0.443562
-0.2999378
-0.6243157
-0.5022816
-0.3557872
-0.4826785
-0.5388446
-0.4272754
-0.604409
-0.4284435
-0.4736645
-0.4104349
-0.3496297
-0.4387188
-0.4101968
-0.5053479
-0.4377988
-0.3849722
-0.3493763
-0.5503581
-0.4933075
-0.4061481
-0.3737858
-0.4376708
-0.3997785
-0.5279725
-0.3566174
-0.4601445
-0.3454096
-0.4820898
-0.6282935
-0.2895617
-0.3143605
-0.2832871
-0.5738415
-0.3198634
-0.4953986
-0.3428102
-0.3355964
-0.4116408
-0.3343497
-0.4637456
-0.3315842
-0.4881544
-0.3612393
-0.470715
-0.4410862
-0.4952196
-0.6058427
-0.4666312
-0.3669289
-0.4148992
-0.3982416
-0.4719133
-0.3889918
-0.3262436
-0.462611
-0.2590205
-0.3648491
-0.2236436
-0.2645257
-0.3828238
-0.5525259
-0.3667491
-0.3478825
-0.4379902
-0.3805686
-0.33559
-0.3758196
-0.5285179
-0.2821745
-0.315075
-0.3659233
-0.4356794
-0.3716905
-0.3332158
-0.3977448
-0.2839364
-0.3104774
-0.3353998
-0.2802256
-0.2702216
-0.2808237
-0.3664385
-0.3452811
-0.3875392
-0.2978688
-0.2845252
-0.2136587
-0.3374109
-0.3599321
-0.4525848
-0.3465018
-0.3807303
-0.2568755
-0.2515243
-0.2009832
-0.2746792
-0.1896223
-0.3629262
-0.1987757
-0.3443556
-0.5003411
-0.3117499
-0.2678586
-0.2454231
-0.3118872
-0.2293369
-0.3339361
-0.3199757
-0.3444904
-0.3386062
-0.2657784
-0.2102968
-0.2540055
-0.3427075
-0.3636633
-0.326652
-0.1723998
-0.3200184
-0.2205006
-0.2286508
-0.2509997
-0.2608211
-0.2499503
-0.2305865
-0.2067109
-0.300368
-0.2293177
-0.1029435
-0.2314531
-0.2572192
-0.1955245
-0.07589961
-0.210308
-0.3692769
-0.2235237
-0.3562629
-0.1110129
-0.05987779
-0.1897605
-0.1715351
-0.2175644
-0.1784785
-0.105273
-0.2648649
-0.08241317
-0.1357801
-0.2013791
-0.03736847
-0.1906243
-0.2169205
-0.1109064
-0.178973
-0.1185719
-0.118661
-0.2304701
-0.1081597
-0.1687809
-0.2412768
-0.2647267
-0.2068653
-0.09402145
-0.2120862
-0.2079706
-0.1152308
-0.1371436
-0.1962111
-0.1918166
-0.2577308
-0.2487911
-0.2498169
-0.3097631
-0.1092191
-0.04898827
-0.2424163
-0.2136627
-0.07657724
-0.07575272
-0.2770034
-0.1346084
-0.1990587
0.005160049
-0.1847614
-0.1319532
-0.03329165
-0.2232708
-0.1253786
-0.2145144
-0.1660258
0.03828431
0.08675787
0.03748703
-0.05653864
-0.1812826
-0.08387954
-0.01010397
-0.114167
-0.1284076
-0.2145567
-0.05985338
-0.002152669
-0.1723631
-0.2646263
-0.0752535
-0.04354027
-0.05235919
-0.1157108
-0.1569998
-0.09701947
0.03570363
-0.07426281
-0.004375653
-0.1072063
-0.1221923
0.02668874
-0.006427543
-0.05648965
0.02016478
-0.1238561
0.09250875
-0.1011431
-0.1021416
-0.1741568
-0.1700315
0.005495785
0.1589131
-0.1204742
-0.05515239
-0.0995009
-0.003729558
0.09855765
0.0401452
-0.01035693
-0.04382508
0.08934932
0.006459322
0.01112587
-0.08922904
0.02464363
-0.05816409
-0.00858632
0.02507352
0.1535627
-0.01560771
-0.2333677
0.10423
0.02303259
-0.06417279
-0.09833227
-0.0301528
0.1682978
-0.1135067
0.01548622
0.1801625
-0.004646604
0.07321744
0.14341
-0.08868286
0.01694416
-0.001780226
0.09553219
0.06042882
0.08733827
0.08217206
-0.05311528
-0.01238896
-0.022551
0.1423071
0.08051818
0.003963504
-0.02655322
0.1266088
0.04589409
-0.02924887
0.08111003
0.05243419
0.02778636
0.1435785
0.05110274
0.07019473
0.0178342
0.06411739
0.01634718
0.05157959
0.06945238
0.1985435
-0.03948708
0.2070032
0.04858643
0.1449592
0.2507685
0.1307036
0.06726383
-0.09339072
0.2142595
0.0771756
0.1066786
0.06991228
0.1432098
0.1151199
0.1914483
0.08248469
0.182193
0.1829711
0.176272
0.163443
0.1296086
0.2591774
0.2426156
0.2016805
0.2447098
0.04719999
0.1976563
0.1730185
0.2520304
-0.018682
0.09470845
0.1905198
0.1568718
0.03198163
0.09019312
0.1698265
0.1638997
0.1450896
0.1024768
0.1436939
0.1950519
0.2681226
0.1957126
0.09946023
0.2577085
0.1288016
0.1795572
0.288495
0.1201921
0.3287104
0.2268281
0.199121
0.0258428
0.1319118
0.1657403
0.08606189
0.2790026
0.0717186
0.1503696
0.2117889
0.1137108
0.2376209
0.2275286
0.2028147
0.1868471
0.3117535
0.2238616
0.241374
0.3314017
-0.1191563
0.2293876
0.08045467
0.3272595
0.2894596
0.2818189
0.2626889
0.2689282
0.3477121
0.1733876
0.2723329
0.3999175
0.2939951
0.1023035
0.2232712
0.2864413
0.3105193
0.1436033
0.2860092
0.238681
0.1518085
0.1630651
0.1510242
0.3216862
0.2967325
0.3206925
0.19307
0.1835874
0.2620625
0.1169064
0.2459411
0.3720969
0.2796843
0.4023526
0.2432092
0.2890037
0.4406258
0.3511304
0.3216069
0.2077614
0.3569865
0.3738457
0.4059117
0.2982897
0.4009611
0.3038545
0.4145993
0.4602697
0.1556828
0.3275364
0.3955702
0.2636515
0.1508172
0.5233291
0.1640303
0.4048832
0.2661267
0.3239943
0.3326461
0.3576697
0.389757
0.3142918
0.3424325
0.3515708
0.4652221
0.2939431
0.2640489
0.2477678
0.4660443
0.3963973
0.4026273
0.3220089
0.4814783
0.2679843
0.3464049
0.2930882
0.3811404
0.426361
0.4293443
0.3755234
0.3990687
0.428185
0.3444727
0.1519244
0.4190754
0.2987255
0.3970308
0.336398
0.389766
0.5592741
0.3485563
0.4349599
0.3370734
0.4219541
0.3952273
0.2720834
0.2841139
0.3235814
0.2496171
0.329021
0.5120048
0.4022825
0.4347316
0.438073
0.3623392
0.5259331
0.4547673
0.3662862
0.4356637
0.6028961
0.3370311
0.657191
0.4633553
0.4368722
0.5165278
0.5287989
0.4831294
0.4216278
0.3936772
0.2900365
0.5124049
0.33638
0.4608456
0.4202167
0.5656306
0.3764617
0.5063225
0.6179583
0.5180852
0.4449944
0.5679168
0.5496045
0.6036903
0.5410774
0.5657017
0.5565953
0.5319225
0.2874311
0.4973371
0.3568735
0.4999292
0.5368029
0.6074524
0.450458
0.4616528
0.5827316
0.6990874
0.44713
0.4490662
0.5171091
0.5820935
0.6509723
0.5482111
0.7311724
0.5477767
0.4884018
0.5945055
0.5364252
0.4614096
0.4492853
0.6312553
0.5246616
0.5655993
0.5161437
0.5901564
0.7458646
0.6292901
0.4819866
0.4874994
0.4783491
0.6167181
0.56901
0.5158457
0.6270487
0.7279826
0.5760388
0.4358068
0.7616933
0.6147009
0.5102763
0.5353782
0.4521052
0.6517924
0.6252474
0.6411784
0.6061484
0.6790707
0.6227764
0.4066875
0.6040763
0.6654102
0.7875013
0.7027744
0.6843093
0.7255714
0.7387643
0.6072733
0.6241715
0.5823326
0.6983907
0.6462092
0.6041826
0.6586551
0.6999643
0.4486524
0.6355277
0.6194293
0.5005906
0.7066615
0.6496919
0.6714373
0.6507625
0.5527968
0.511007
0.6885195
0.6782227
0.8335654
0.5858261
0.6753231
0.55735
0.5786066
0.7274199
0.6827438
0.6572077
0.651101
0.7121445
0.6566471
0.5921243
0.5829631
0.6625655
0.6739889
0.8190388
0.5560029
0.7937119
0.641117
0.6211523
0.5922411
0.503136
0.6417822
0.7597581
0.7597082
0.7640054
0.594418
0.7513631
0.6749486
0.6660694
0.7557941
0.6240038
0.6029896
0.8682387
0.6963882
0.7600026
0.5638831
0.7546793
0.6242503
0.6848003
0.6443723
0.8280586
0.8189194
0.7346999
0.8261633
0.7948549
0.7411064
0.7690127
0.9360847
0.6912771
0.7513495
0.6929798
0.6924936
0.7956901
0.7663726
0.6946222
0.7593417
0.6983504
0.714453
0.8143388
0.860861
0.659062
0.9202158
0.7984252
0.7187861
0.5882097
0.7649708
0.7102591
0.7365476
0.8739665
0.6928553
0.7322766
0.9308275
0.7981369
0.7268295
0.8933949
0.6657511
0.8723898
0.959336
0.9452079
0.8564793
0.9054103
0.7783503
0.8567233
0.9235773
0.8676032
0.9218001
0.8634908
0.8431301
0.8146199
0.7926316
0.8678216
0.9409545
0.9472244
0.7808967
0.7860791
0.78697
0.7899743
0.8457581
0.8074942
0.6949819
0.8762461
0.8065058
0.9395058
0.9850733
0.9719927
0.9725324
0.8671608
0.8880071
0.851104
0.8511726
0.8130742
1.02211
0.8791404
0.9043179
1.057131
0.9817585
0.8524537
0.8648752
1.0401
0.922821
0.9948871
0.8931116
0.7127141
0.8991432
0.8778946
0.9505272
1.000789
0.9952362
1.068535
1.060036
0.9346212
0.9334948
0.9780102
0.829244
0.849485
1.018337
0.9842698
0.8728572
0.86442
0.935002
0.9747359
0.894342
1.000177
1.048707
0.9196987
1.07032
1.115426
0.8810426
0.9045196
1.056074
1.056761
0.8840117
0.8834503
0.9545314
0.8310775
1.013647
1.004459
0.9336121
0.8656391
1.063135
0.8842375
0.8962871
1.138706
1.035782
1.040856
1.174358
0.8622998
0.9719258
0.9798725
0.9605124