0.1268771
-0.9564956
-1.004735
-0.7555993
-0.9006101
-1.062276
-0.9995664
-0.8732503
-1.081904
-1.008501
-1.033548
-1.069998
-0.9921889
-0.9849286
-0.8283552
-1.036668
-0.8301091
-0.9033472
-0.9847835
-0.9986324
-0.8590996
-0.9185406
-1.030199
-0.8464801
-1.076456
-0.9265585
-0.7938923
-1.039151
-0.9012656
-0.8548709
-0.9235959
-0.8967431
-0.9649101
-0.8572346
-0.8069006
-1.173235
-0.9970725
-0.9249142
-0.9082815
-0.8954916
-1.060432
-0.8481631
-0.7484668
-1.003276
-0.9454137
-0.8264757
-0.8869771
-0.8844483
-0.9105715
-0.7385971
-0.813161
-0.9518118
-0.8391034
-0.8708446
-0.8568957
-0.740563
-0.9244935
-0.8390444
-0.9314936
-0.8014309
-0.8881484
-0.9336842
-0.8066355
-0.8386857
-0.9330586
-1.063659
-1.02174
-0.756654
-0.7636685
-0.7916036
-0.8470369
-0.7153369
-0.9076502
-0.7598732
-0.9067269
-0.8700848
-0.8261946
-0.9246898
-0.8924281
-0.7850454
-0.6970526
-0.9148648
-0.7936308
-0.8689099
-0.8017958
-0.8450166
-0.8930036
-0.8132523
-0.7764901
-0.7580458
-0.8869727
-0.8565263
-0.8113399
-0.8158561
-0.8354822
-0.9443913
-0.6673338
-0.6769188
-0.874949
-0.6873245
-0.6944306
-0.8651314
-0.9119073
-0.8056279
-0.8138826
-0.7246859
-0.7497728
-0.6982683
-0.7522287
-0.8995807
-0.8400711
-0.8234722
-0.6745671
-0.7713402
-0.805679
-0.6550501
-0.7388819
-0.7641248
-0.8944709
-0.652005
-0.8579787
-0.7567575
-0.7411668
-0.742336
-0.7221244
-0.821362
-0.6866653
-0.6948492
-0.8038586
-0.725115
-0.7137284
-0.7533052
-0.8111945
-0.7651167
-0.7081305
-0.5836419
-0.8159809
-0.7289441
-0.65886
-0.8250338
-0.7491019
-0.711996
-0.8211984
-0.7265594
-0.6763928
-0.7753209
-0.7929081
-0.6365994
-0.7215464
-0.6664501
-0.7141059
-0.5974968
-0.6163398
-0.7615882
-0.5998085
-0.754608
-0.6746841
-0.6721049
-0.8108646
-0.6834259
-0.671312
-0.7358632
-0.6275652
-0.7524982
-0.6806464
-0.7018758
-0.7045423
-0.7244885
-0.6578234
-0.6729617
-0.7366187
-0.5384823
-0.6954796
-0.6307729
-0.5658598
-0.631358
-0.5330277
-0.7017329
-0.5933487
-0.7998757
-0.5415607
-0.6147418
-0.574897
-0.6610298
-0.5586561
-0.4997046
-0.7757135
-0.6307834
-0.5381281
-0.5396939
-0.717169
-0.545216
-0.6032545
-0.688884
-0.6774749
-0.7665907
-0.6258392
-0.5958882
-0.5905461
-0.6950284
-0.6970007
-0.4982938
-0.6788908
-0.6372631
-0.6333488
-0.6204771
-0.5372579
-0.7377202
-0.5611159
-0.6411453
-0.5980109
-0.5759944
-0.6944555
-0.5920769
-0.6903259
-0.588967
-0.6463153
-0.522236
-0.5306233
-0.5113685
-0.595225
-0.526428
-0.6854745
-0.6091762
-0.4929629
-0.5629469
-0.6363607
-0.6253589
-0.5334591
-0.4279396
-0.6443557
-0.4244018
-0.3724407
-0.3476378
-0.4848354
-0.7057817
-0.652941
-0.3294439
-0.4412908
-0.5125446
-0.5684431
-0.5043287
-0.6313147
-0.6894776
-0.5270032
-0.498241
-0.4716097
-0.40675
-0.4322687
-0.6063474
-0.5086684
-0.3308429
-0.5883895
-0.4143604
-0.3742679
-0.5480698
-0.6323921
-0.3848919
-0.4233418
-0.3803054
-0.4712361
-0.4645726
-0.3764694
-0.4561852
-0.629974
-0.5216703
-0.4625862
-0.5521402
-0.2418193
-0.5645347
-0.4454923
-0.4903824
-0.3515855
-0.2428504
-0.3378895
-0.4143985
-0.4588425
-0.3927934
-0.2909262
-0.5684432
-0.3878716
-0.431871
-0.4148951
-0.506099
-0.2261679
-0.3829265
-0.2785083
-0.4618484
-0.456699
-0.5448636
-0.3567357
-0.4605203
-0.3726278
-0.296685
-0.3368966
-0.4171849
-0.4211195
-0.5087007
-0.361916
-0.3653505
-0.4385451
-0.4801012
-0.3778824
-0.3996141
-0.4587861
-0.4489095
-0.2389127
-0.4361422
-0.399173
-0.3228047
-0.3634993
-0.3653474
-0.3301405
-0.2481848
-0.284273
-0.08405317
-0.4498413
-0.3612523
-0.3434898
-0.4309932
-0.4675085
-0.4290112
-0.3866152
-0.1788201
-0.193708
-0.2322238
-0.3937793
-0.4587525
-0.487117
-0.3695776
-0.3945116
-0.2643671
-0.4270956
-0.2455169
-0.374996
-0.3138007
-0.430257
-0.3010329
-0.181581
-0.2770207
-0.1323914
-0.1811121
-0.1900068
-0.3562326
-0.4868948
-0.2580975
-0.3174277
-0.3120748
-0.2021956
-0.3954252
-0.2507258
-0.2495459
-0.114253
-0.06223521
-0.304162
-0.4079772
-0.2672632
-0.1396544
-0.3554053
-0.3834862
-0.4679872
-0.1985726
-0.3255272
-0.346936
-0.2872515
-0.4121368
-0.3516518
-0.2985482
-0.1979644
-0.2235466
-0.4301723
-0.3281056
-0.03529899
-0.2171403
-0.23827
-0.2135581
-0.2888192
-0.27234
-0.3002055
-0.2771488
-0.2394182
-0.2234956
-0.334067
-0.2351071
-0.3010157
-0.2161506
-0.09707067
-0.1843998
-0.07083706
-0.2946012
-0.2872687
-0.1836514
-0.1296518
-0.1828039
-0.2219942
-0.1111676
-0.2388576
-0.2797053
-0.1708099
-0.1281805
-0.2246224
-0.2349344
-0.2908408
-0.2438276
-0.1814839
-0.2253011
-0.2699487
-0.2157772
-0.3135756
-0.04010584
-0.2441261
-0.1985227
-0.1736574
-0.1891209
-0.1182734
-0.1783597
-0.11007
0.00601635
-0.1838954
-0.1649341
-0.1629595
-0.1181889
-0.1420709
0.01424767
-0.2385487
-0.2126598
-0.1931735
-0.07670538
-0.1581826
-0.1687174
-0.1692238
-0.07124257
0.04340142
-0.2438686
-0.1869064
-0.1967175
-0.2601652
-0.06478571
-0.1524935
-0.250699
-0.1129548
-0.04915513
-0.1244149
-0.02608318
-0.01738641
-0.161054
-0.006301019
-0.1459382
0.02860746
-0.05833612
0.0476798
-0.1379352
-0.1724433
-0.1212172
0.03398835
0.004744523
-0.08746358
-0.0587956
-0.1643908
0.006393802
0.05950408
-0.06108866
-0.01619326
-0.07416157
0.05548664
-0.08871704
-0.1393755
0.09951092
-0.1281102
-0.1127788
-0.1120082
-0.1492014
0.04006699
-0.0004225895
0.04572994
-0.1274828
0.008690742
-0.08780339
0.0008282682
-0.163906
-0.1176229
-0.1131115
-0.04287159
-0.09294059
0.06296996
-0.05305395
-0.07163733
-0.0184261
-0.05896557
-0.02769086
0.0188912
-0.1360436
-0.02017817
0.1215433
0.01021745
-0.05927635
-0.05672145
0.1247773
-0.02788195
0.1238034
-0.2166925
-0.2242996
-0.04884723
-0.01113975
0.07563073
0.03646526
-0.07534904
-0.06963018
-0.09106074
0.04372562
-0.1335262
0.004324023
-0.003757992
0.1465623
0.07596916
-0.08244017
0.003060427
0.1198341
-0.1428787
-0.01936751
0.03575914
0.05419474
0.1250408
-0.1341129
0.09927139
-0.06710659
0.001373846
-0.0008144888
0.02517423
-0.1387897
0.1353022
0.037706
-0.06777028
-0.06436601
0.2912022
-0.04895938
-0.001004263
0.0507963
0.1202389
0.2374433
-0.01514584
0.02415763
-0.0438718
0.01529999
-0.07298949
0.1637574
0.05975912
0.1126895
0.1245441
0.1151953
0.1325611
0.1936337
0.1994449
-0.09346808
0.2231609
0.1944485
0.326506
0.1709089
0.3932065
0.1574026
0.1040509
0.0817737
0.2502432
0.1564883
0.1219218
0.1710668
0.05232081
-0.0003421297
0.06808826
0.166912
0.1202006
0.08377163
0.1434183
0.1324708
0.1005492
0.1920294
0.2392225
0.2008209
0.149109
0.05911277
0.1115798
0.01638044
0.09830699
0.2015847
0.1221052
0.07613735
0.1318087
0.1485012
-0.01525243
0.1785897
0.2438338
0.2053627
0.1992403
0.2572791
0.3010348
0.2254024
0.2359315
0.1729452
0.2306268
0.1255721
0.05792877
0.2348751
0.128443
0.2804909
0.1421695
0.1290057
0.3181003
0.2415255
0.2090144
0.347487
0.3408274
0.1271724
0.2688633
0.1109507
0.08415939
0.2147746
0.295977
0.1186597
0.120477
0.1585325
0.2102399
0.184006
0.1146497
0.1781603
0.3286572
0.06116729
0.3309148
0.3043697
0.2117112
0.3290377
0.1854918
0.1436443
0.301239
0.2120848
0.1244978
0.1968239
0.1250933
0.3537477
0.3743978
0.2248018
0.3529552
0.391755
0.3520367
0.4179867
0.301474
0.2444982
0.3680184
0.3655214
0.1642324
0.2291541
0.3265312
0.3232503
0.3118229
0.2838106
0.3544758
0.2521837
0.2614531
0.3227948
0.2505274
0.2629761
0.3094085
0.2155058
0.4318418
0.3871055
0.3136669
0.4829093
0.246757
0.4132566
0.1960036
0.3830317
0.3660435
0.3062386
0.3855777
0.3477567
0.2076951
0.3357151
0.3238723
0.345949
0.3858655
0.2839288
0.3621051
0.3761198
0.3041369
0.4525661
0.5416595
0.4559223
0.1572046
0.3473645
0.3903388
0.5261005
0.2824641
0.458107
0.2399502
0.4736646
0.2681542
0.2937087
0.4712396
0.4413682
0.5292787
0.4068592
0.394282
0.4078869
0.3580024
0.4775432
0.3610522
0.4612298
0.4219605
0.4365064
0.5238029
0.4569087
0.4540286
0.4015801
0.4461113
0.406924
0.5263737
0.4006229
0.3456081
0.4316586
0.391718
0.4889231
0.4641995
0.4597411
0.4115018
0.3855914
0.505561
0.470088
0.4333233
0.5422768
0.541976
0.5556242
0.47959
0.4988081
0.5597465
0.510588
0.6417843
0.5650529
0.5002594
0.4474393
0.573783
0.5189749
0.5886641
0.5632418
0.4760494
0.3379957
0.3727817
0.4315361
0.5119964
0.5428104
0.5226743
0.4683546
0.512344
0.5033304
0.5197899
0.4906304
0.5222468
0.5017562
0.392427
0.4993799
0.5207899
0.5149583
0.5726023
0.5110762
0.5643828
0.6160238
0.520209
0.5304218
0.3621422
0.552538
0.5029405
0.5924088
0.536753
0.3967662
0.6012586
0.5496372
0.6000992
0.5881347
0.3671531
0.5880025
0.5546108
0.5987931
0.6880807
0.6129527
0.6430017
0.6422789
0.6794635
0.4952927
0.7124457
0.5182703
0.566458
0.4478169
0.7207819
0.5329302
0.5848603
0.5471001
0.489472
0.5588005
0.6269349
0.7374991
0.6551444
0.6593342
0.4738529
0.378377
0.5910666
0.5641855
0.5445114
0.6759472
0.6116949
0.7230682
0.470927
0.5229211
0.6815018
0.6525129
0.6293986
0.5493036
0.4953576
0.4701573
0.7101961
0.8039526
0.6085277
0.6701621
0.718674
0.6946865
0.6119464
0.6704083
0.6159108
0.7089997
0.7229782
0.6397911
0.6454019
0.6082025
0.4236123
0.6744627
0.6956455
0.6902499
0.7091201
0.6488182
0.5844545
0.7199531
0.5856286
0.8322167
0.5474438
0.7350443
0.7810628
0.7035875
0.7797595
0.646121
0.564558
0.814352
0.6940905
0.6822328
0.6155633
0.6678694
0.9434913
0.6219528
0.6142088
0.7640402
0.6894077
0.7805926
0.6992967
0.7945504
0.6953225
0.6795772
0.7634849
0.7881144
0.5912487
0.8775632
0.7581737
0.6737683
0.6405351
0.7646182
0.6173163
0.8186666
0.6776029
0.7052142
0.8528489
0.775276
0.8891553
0.8541342
0.7580197
0.6636034
0.7402044
0.7461931
0.7586735
0.7286026
0.7186835
0.7172738
0.9142152
0.7359994
0.6660057
0.6550026
0.7955607
0.8350057
0.8251027
0.8406329
0.7377671
0.7626785
0.7790305
0.8653637
0.7908952
0.7825537
0.8632627
0.8382255
0.9986882
0.6345739
0.7730863
0.6745504
0.7533408
0.8232435
0.831479
0.8013946
0.817206
0.9422117
0.815964
0.7695012
0.7498831
0.7869847
0.8012447
0.7893512
0.8683886
0.8743464
0.9895768
0.8158218
1.032469
0.7461531
0.748452
0.6033358
0.6909322
0.8482638
0.7930701
0.8729104
0.7534607
0.8546967
0.9199445
0.9362598
0.8115821
0.8391923
1.116207
0.6867534
0.8868838
0.9687009
0.8695427
0.8660467
0.8994677
0.9528226
0.8307176
0.9641283
0.7829676
0.869888
0.8604255
0.9451434
0.9954358
0.8506647
0.7887672
0.9293013
0.9198558
0.9099597
0.8620543
0.9684485
1.00214
0.957425
0.9753533
0.7806518
0.9284395
0.926959
0.9933303
0.9678708
0.9407755
0.8569173
0.972953
0.9300815
0.8141981
0.8816359
0.8134091
0.9696618
0.8015241
0.9457606
1.050585
1.025723
0.9907908
0.9365743
0.9113243
1.05381
1.029506
1.077874
1.002218
1.020511
0.923461
0.9025223
0.8991553
1.076238
0.9082224
0.8139474
0.9314701
0.8866753
1.056279
0.9642199
0.9532112
0.9729172
0.933456
0.91034
1.015001