-0.03814671
-1.114749
-0.9800786
-1.035089
-0.936088
-0.9307423
-0.8704145
-0.9146162
-0.9870694
-1.138374
-0.9418756
-0.9252409
-0.9925442
-0.9654659
-0.8826707
-1.042988
-1.007769
-0.7582137
-0.994619
-1.028046
-0.9802778
-0.7857144
-0.9041551
-0.9949094
-0.8759975
-0.9255938
-0.9895275
-0.9308892
-0.9362431
-0.9315361
-0.7840314
-0.8928588
-0.8274724
-1.015966
-0.9511887
-0.8716225
-0.9727735
-0.9071286
-0.9767751
-0.8862286
-0.8610443
-0.957709
-0.9369412
-1.072952
-0.9765846
-1.001637
-0.9712944
-1.056436
-0.9385698
-0.8905653
-0.9263822
-0.9669994
-1.007278
-0.8884371
-0.9141699
-0.9833672
-0.8152619
-0.7978621
-0.9291506
-0.9290532
-0.8743684
-0.9079336
-1.045085
-1.006112
-0.7923257
-0.8603874
-0.8401428
-0.8850356
-0.7136203
-0.9598382
-0.8956777
-0.9679666
-0.9304035
-0.9558888
-0.9803836
-0.8286459
-0.8957218
-0.8805295
-0.7140691
-0.8383207
-0.7776453
-0.8863231
-0.8101384
-0.9197563
-0.9758337
-0.999088
-0.810476
-0.7622557
-0.7883041
-0.7843855
-0.8983107
-0.9532987
-0.731839
-0.9199418
-0.7821848
-0.8911004
-0.7812071
-0.7626998
-0.9253601
-0.7767134
-0.8315896
-0.763854
-0.8072904
-0.8043325
-0.7371207
-0.7600916
-0.8364151
-0.5618712
-0.7579318
-0.8006735
-0.9032753
-0.8145325
-0.8130939
-0.7768335
-0.5521403
-0.8209501
-0.7997732
-0.7518587
-0.7620515
-0.6603239
-0.884474
-0.6936314
-0.9070156
-0.6813991
-0.681507
-0.7967035
-0.7820623
-0.8008805
-0.7507232
-0.8646532
-0.8223081
-0.7511871
-0.816159
-0.6156035
-0.7004017
-0.8064098
-0.7801378
-0.6982783
-0.7542659
-0.8054057
-0.6919944
-0.7463274
-0.739038
-0.4794458
-0.8121612
-0.6592463
-0.7356762
-0.4559571
-0.6354514
-0.6526191
-0.7098845
-0.6234591
-0.6600418
-0.6418646
-0.7077808
-0.7719612
-0.6548969
-0.6979819
-0.5860204
-0.79084
-0.7329796
-0.6267887
-0.5915487
-0.5922327
-0.6022806
-0.7088871
-0.7283796
-0.6899186
-0.6916431
-0.6510664
-0.5960968
-0.6751831
-0.6101062
-0.4890138
-0.7598279
-0.5551286
-0.78516
-0.5899675
-0.7864519
-0.6026231
-0.5640844
-0.6131928
-0.6420779
-0.5651924
-0.6061461
-0.6027993
-0.7246985
-0.6598878
-0.5735098
-0.5512453
-0.7748543
-0.6374486
-0.7474643
-0.5612777
-0.5871773
-0.6211347
-0.5484943
-0.6107209
-0.6587012
-0.4837622
-0.5532794
-0.7806989
-0.6199517
-0.6117428
-0.6543207
-0.65164
-0.5523854
-0.4260334
-0.6048109
-0.4071123
-0.5177297
-0.5649789
-0.4927464
-0.4926552
-0.6303332
-0.5854373
-0.5567775
-0.6862799
-0.4827513
-0.6382333
-0.5841171
-0.5407326
-0.6580977
-0.6881132
-0.4130834
-0.616174
-0.5864059
-0.3623358
-0.4937204
-0.5881218
-0.567806
-0.3885623
-0.6249388
-0.4935258
-0.5745339
-0.6204913
-0.4864589
-0.4934371
-0.5337319
-0.4549332
-0.5168305
-0.4557031
-0.5457387
-0.5628906
-0.4300168
-0.5770527
-0.5958551
-0.5140507
-0.5798461
-0.6453912
-0.5437954
-0.3482536
-0.6498165
-0.3514963
-0.5400549
-0.5587991
-0.5071273
-0.4594431
-0.4743399
-0.4097449
-0.3637189
-0.4891231
-0.6067373
-0.455641
-0.4830655
-0.5527061
-0.3886688
-0.397115
-0.4212824
-0.4865477
-0.4179044
-0.3447422
-0.4745538
-0.4238222
-0.3045422
-0.3576303
-0.4404648
-0.4611009
-0.3738571
-0.5040023
-0.4321655
-0.4130836
-0.3628516
-0.462993
-0.5251567
-0.3317864
-0.4673564
-0.5183949
-0.3019712
-0.5630934
-0.445266
-0.3627456
-0.4452837
-0.3990649
-0.4233747
-0.3856374
-0.4122366
-0.5345594
-0.353153
-0.4314931
-0.5788371
-0.51695
-0.3909204
-0.4890354
-0.4918855
-0.4343481
-0.3424411
-0.281962
-0.4329652
-0.4657933
-0.492897
-0.5798086
-0.3744387
-0.3890905
-0.3312994
-0.4520162
-0.4562106
-0.32089
-0.4199284
-0.4269618
-0.450656
-0.3787214
-0.359149
-0.2539546
-0.3683894
-0.371779
-0.4234284
-0.3741537
-0.4180213
-0.2804959
-0.3813272
-0.3988694
-0.3574244
-0.349282
-0.35887
-0.1805833
-0.1738399
-0.2008049
-0.360486
-0.3857629
-0.3411582
-0.3294673
-0.3232768
-0.3078838
-0.4040885
-0.3622193
-0.2679767
-0.2626477
-0.3378852
-0.2516989
-0.2473368
-0.1964309
-0.2808698
-0.2774914
-0.2245191
-0.3690753
-0.2553309
-0.2037571
-0.3791098
-0.1740459
-0.3526211
-0.2183144
-0.3005254
-0.2639347
-0.1948363
-0.2875703
-0.3507281
-0.4041301
-0.4357297
-0.269763
-0.2215487
-0.2005125
-0.3104275
-0.3757807
-0.126843
-0.3446844
-0.2938163
-0.2141951
-0.1592523
-0.3443576
-0.1378947
-0.1403606
-0.2832764
-0.4126631
-0.4095498
-0.1217794
-0.1709079
-0.2024895
-0.2034244
-0.1668057
-0.3617626
-0.3078903
-0.3276188
-0.3094514
-0.3191312
-0.1598272
-0.2859066
-0.2191977
-0.1493651
-0.2431485
-0.3052314
-0.02280441
-0.06007399
-0.3703213
-0.3449781
-0.2088077
-0.233528
-0.1724949
-0.02497148
-0.1974261
-0.144676
-0.2810342
-0.1629525
-0.2629587
-0.1888086
-0.09529787
-0.1720434
-0.2889255
-0.1961057
-0.1724471
-0.1358724
-0.1704029
-0.09882598
-0.2015835
-0.01500117
-0.3670988
-0.1658673
-0.03578373
-0.1656925
-0.05737978
-0.2168693
-0.1817839
-0.08046114
-0.1279253
-0.1436048
-0.228119
-0.06043496
-0.2348545
-0.1061828
-0.2497861
-0.1903425
-0.153486
-0.141306
-0.03204468
-0.1568658
-0.0751347
-0.3115494
-0.253411
-0.1210475
-0.08748327
-0.2135255
-0.05655345
-0.04233379
-0.2129068
0.02702343
-0.2262135
0.004006859
-0.02831409
0.01680399
-0.3067951
-0.06734574
-0.0601907
-0.1463687
-0.04050159
-0.1342367
0.06210196
-0.1336816
-0.152529
-0.02662301
-0.02261366
-0.02921194
-0.08875648
-0.1292093
-0.0920968
-0.06737281
0.03558346
-0.1754011
-0.04980915
0.0002821445
-0.03411668
-0.07029017
-0.06364238
0.04975554
0.05140489
-0.06074217
-0.08665856
0.01342115
-0.1858108
-0.03010188
0.04567964
-0.1085341
0.08817733
0.02490668
0.02289237
-0.1509997
-0.1044797
0.009197224
-0.1997593
-0.04764012
-0.004105357
-0.1143251
-0.00896657
0.1484178
0.01094324
-0.06010757
0.09895017
-0.001746456
0.02169897
0.01199101
0.007427469
0.03020086
-0.02104203
0.01783144
0.01153765
0.0763045
0.130799
-0.001015648
0.04229343
0.03079266
0.06815626
0.1111321
-0.07807605
0.1577334
0.04702123
0.03083153
0.1410945
0.02409648
-0.08843081
-0.07740152
0.04843004
-0.03199623
0.2143448
0.1433824
0.08131482
0.1674056
0.1471999
0.04861853
-0.03569198
0.09353158
0.1334077
0.03707557
0.08953583
0.08990233
0.005831508
0.129616
0.03818172
0.1344624
-0.005309241
0.1950083
0.03179605
0.261007
0.157555
0.1077141
0.002122921
0.1663205
0.211206
0.1108859
0.05777287
0.09766475
-0.01030815
0.1149374
0.1683154
0.09123185
0.09450414
0.1632393
0.2546999
0.192285
0.02975993
0.1147845
0.1480243
0.2473376
0.1423663
0.3172583
0.1187636
0.1593839
0.05906722
0.1873655
0.1741359
0.169043
0.1574867
0.1723373
0.161239
0.1426743
0.008992958
0.08915049
0.2279888
0.2944527
0.1271674
0.1336927
0.282479
0.1478731
0.1386977
0.1742903
0.1097533
0.2376426
0.06343057
0.2136124
0.261438
0.1086879
0.3414421
0.2026089
0.1585725
0.1319447
0.04014674
0.3189367
0.2392839
0.1313157
0.1968055
0.200512
0.3429605
0.2387941
0.1476792
0.06168772
0.1781419
0.249397
0.217298
0.09237336
0.157772
0.2354384
0.1446027
0.3231998
0.1980399
0.2497025
0.3583451
0.2633549
0.2610448
0.1554549
0.1370426
0.306282
0.2794971
0.09240084
0.02758097
0.30432
0.3339501
0.2414517
0.1769043
0.2402368
0.2868167
0.1246597
0.2057549
0.2552107
0.2648903
0.2411052
0.3915292
0.2508949
0.3649666
0.1333205
0.3046262
0.3280608
0.2409055
0.4220023
0.3127221
0.268152
0.3756018
0.3928774
0.4093755
0.3488527
0.3088423
0.2991585
0.4229524
0.3149942
0.1585967
0.3359982
0.4068109
0.3997907
0.430235
0.4016272
0.2481288
0.3808189
0.2729623
0.2202483
0.4324507
0.4126715
0.3988217
0.2979578
0.4000878
0.2663963
0.5041927
0.596216
0.5356637
0.3999315
0.5353718
0.3624318
0.3774797
0.3388411
0.3461003
0.4510212
0.5430388
0.3225676
0.3811002
0.4948882
0.343197
0.2392362
0.2527302
0.3528876
0.3061362
0.3265139
0.2719903
0.4670802
0.3980191
0.2507397
0.411099
0.3783279
0.5069174
0.359388
0.3603858
0.3416439
0.4436656
0.3350152
0.4517416
0.352919
0.4086366
0.3158666
0.3377747
0.4865774
0.3835405
0.4379428
0.4278171
0.4533275
0.3953611
0.24009
0.3764008
0.3219378
0.5775415
0.4678307
0.4978094
0.366779
0.5691893
0.5381423
0.5109908
0.4440082
0.438088
0.446874
0.4179411
0.4575044
0.4363251
0.4466216
0.3709922
0.4557384
0.4136541
0.4281833
0.3788335
0.4980626
0.4423062
0.4618839
0.5569373
0.5753398
0.60707
0.5666753
0.554519
0.5386181
0.5510601
0.6267333
0.6216904
0.5076403
0.5158685
0.6318884
0.5822335
0.4529053
0.5362526
0.5475158
0.5407705
0.4993677
0.4544972
0.6160814
0.4110051
0.515714
0.4568451
0.5895953
0.5069333
0.5489311
0.5023236
0.5359586
0.4638884
0.4712594
0.5551069
0.4313887
0.5031546
0.6404666
0.636098
0.5957726
0.549828
0.6670718
0.4359944
0.576486
0.6083851
0.5099009
0.626984
0.5231355
0.527439
0.4339781
0.754375
0.6058591
0.5802033
0.4746262
0.4844691
0.5895788
0.5410114
0.5849024
0.6601005
0.5727858
0.5582133
0.4426837
0.6403961
0.543656
0.440288
0.4917562
0.5505977
0.6347043
0.6235794
0.6076261
0.6994449
0.7284821
0.6596885
0.7216258
0.5232966
0.560266
0.6691001
0.6010659
0.6350481
0.6460911
0.6762946
0.4594656
0.6637527
0.6808787
0.832383
0.7155696
0.6767796
0.6802549
0.7475106
0.8397451
0.6806924
0.6125214
0.6788929
0.6878856
0.7403086
0.6673755
0.6025448
0.7614131
0.6855801
0.6714653
0.6207055
0.6705924
0.6877437
0.6469945
0.780384
0.6135696
0.6770989
0.5990157
0.6131937
0.7904864
0.7562534
0.7223623
0.7634869
0.8016208
0.7927953
0.684359
0.6809502
0.769476
0.6124791
0.8766449
0.6841389
0.7436746
0.80838
0.6612556
0.721463
0.6538246
0.7861218
0.692079
0.6091856
0.6403596
0.7791542
0.6887546
0.8617704
0.8383621
0.7234452
0.6916572
0.8009261
0.7971001
0.6001598
0.8087385
0.6664654
0.6983991
0.7834632
0.7101522
0.7233584
0.7132115
0.7702884
0.76523
0.6941875
0.8363651
0.895376
0.9429612
0.8635241
0.7195917
0.8368737
0.6811687
0.7338376
0.7564909
0.7268837
0.9050042
0.8190545
0.876062
0.65879
0.8193087
0.7997139
0.8256043
0.7643892
0.8557026
0.7045366
0.808075
0.702455
0.8203601
0.817966
0.8122243
0.7589154
0.7842018
0.8930749
0.8181466
0.9746651
0.8303157
0.8949848
0.819581
0.8287228
0.7462425
0.959115
0.8931928
0.8794839
0.8195714
1.080332
0.7962873
0.9456562
0.9511982
0.8888166
0.8277211
0.895435
0.7705452
0.8584406
0.7194165
0.9282337
1.006095
0.7797707
0.9341256
0.7735466
0.9002749
0.9951907
0.8390525
0.9450408
0.8442427
0.8814309
0.7423301
0.8758304
0.9702966
0.9913505
0.9698542
0.9219223
0.7578075
1.100997
0.9424727
0.8643339
0.9453423
0.8622889
0.9222508
0.934792
0.9692519
0.9426328
1.037563
0.8866964
0.8977402
0.80798
0.9130383
1.02903
0.934027
1.028277
0.9538495
1.029699
0.8449017
0.8652769
0.9789571
0.9098627
0.9793184
0.7451719
0.8979582
1.038076
0.9349889
0.8271433
1.019022
0.9580111
1.02189
0.9381872
1.018567
1.156628
0.9734493
1.117733
0.984089
0.9464484
1.016186
0.930033
1.057371
1.087005
0.8753359