-0.0203074
-0.964053
-0.9617695
-0.9795705
-1.062833
-0.9346706
-0.8550256
-0.953681
-0.8601577
-1.008207
-1.116001
-1.07233
-1.067843
-0.9419863
-0.8982934
-1.004199
-0.9766099
-0.9569002
-1.014578
-0.9281681
-1.104187
-1.093985
-0.9707403
-1.095124
-0.9452614
-0.7922094
-0.9496611
-1.092517
-0.8933755
-0.9658215
-1.011827
-0.9269141
-0.8514422
-0.9752351
-0.9696539
-1.05138
-0.9877675
-1.085851
-0.8889216
-0.9034114
-0.7565402
-0.8419835
-0.9539152
-0.9569023
-1.011029
-0.8754825
-0.9998042
-0.9697049
-1.026724
-0.8471837
-0.8885113
-0.8117667
-0.9367387
-0.8830927
-0.9394014
-0.9597584
-1.010145
-0.9456422
-0.7984895
-0.851566
-0.8320384
-0.9079936
-0.971389
-0.8533902
-0.7888939
-0.8722416
-0.8629437
-0.9520398
-0.91901
-0.87823
-0.7982396
-0.8041628
-0.8042382
-0.9071319
-0.7307106
-0.8029293
-0.8747225
-0.8523111
-0.8059607
-0.8865542
-0.8784758
-0.7519996
-0.7570471
-0.7862779
-0.6960683
-0.9559125
-0.8080649
-0.8230433
-0.8764529
-0.6612518
-0.7007854
-0.9520208
-0.7916943
-0.8538604
-0.9142699
-0.6942442
-0.6990772
-0.9037086
-0.7202743
-0.7747527
-0.7498784
-0.917004
-0.7789335
-0.8690546
-0.7571627
-0.8567243
-0.8416116
-0.8927833
-0.9143991
-0.7447898
-0.7943337
-0.7366942
-0.7157698
-0.8440729
-0.693978
-0.8806425
-0.565391
-0.9317457
-0.8936075
-0.7715883
-0.7103662
-0.8293193
-0.7221923
-0.9041126
-0.7928345
-0.8803767
-0.78986
-0.7218013
-0.7541403
-0.8795538
-0.8583864
-0.640693
-0.6321074
-0.8320583
-0.6055895
-0.8550351
-0.7868789
-0.777575
-0.6131279
-0.7134591
-0.707499
-0.8877507
-0.7120272
-0.5590355
-0.7516289
-0.7303587
-0.7610918
-0.7440578
-0.6223434
-0.5614134
-0.7008056
-0.7409204
-0.6735742
-0.7086401
-0.6575143
-0.6183101
-0.6715671
-0.820714
-0.6285645
-0.6617776
-0.7543046
-0.595856
-0.7393495
-0.60417
-0.6648766
-0.6484777
-0.6242191
-0.7432113
-0.6158348
-0.649685
-0.6676401
-0.5144198
-0.4672377
-0.6080156
-0.7827166
-0.5164455
-0.6688325
-0.6809342
-0.5806435
-0.8109338
-0.7777874
-0.605079
-0.7252268
-0.6240465
-0.725618
-0.6994873
-0.5918179
-0.7879029
-0.5880858
-0.654455
-0.7359009
-0.5526689
-0.4946322
-0.5409051
-0.5857091
-0.6663558
-0.6182319
-0.6840061
-0.7067213
-0.5817614
-0.6249795
-0.600008
-0.5327847
-0.5100865
-0.6197418
-0.5374021
-0.6144256
-0.5191457
-0.6504914
-0.4816009
-0.5620702
-0.6500835
-0.6154413
-0.5184094
-0.6430314
-0.5522638
-0.6049018
-0.4408797
-0.476634
-0.7408793
-0.6382861
-0.6481595
-0.6051996
-0.6104108
-0.5389683
-0.4327583
-0.432891
-0.6941446
-0.6931643
-0.5407763
-0.5844038
-0.4927292
-0.3795016
-0.5891767
-0.5661153
-0.4042934
-0.5045634
-0.4075707
-0.4686775
-0.369596
-0.6636919
-0.4895336
-0.5415765
-0.4221654
-0.4524928
-0.4854738
-0.3903347
-0.4996882
-0.6113882
-0.5400887
-0.5089651
-0.3966633
-0.4830761
-0.3908776
-0.6790792
-0.5606513
-0.560292
-0.4027417
-0.3532549
-0.4938633
-0.4452598
-0.5006891
-0.3456107
-0.4598922
-0.3150174
-0.5231894
-0.4464502
-0.5317035
-0.58061
-0.4184268
-0.4296002
-0.4854382
-0.4996259
-0.5163689
-0.3719666
-0.3603886
-0.4524113
-0.4797346
-0.3581586
-0.5586531
-0.4031876
-0.4847277
-0.3937917
-0.420743
-0.4811149
-0.4405138
-0.4845798
-0.4986183
-0.3567017
-0.2582994
-0.4142641
-0.3428033
-0.5266274
-0.3080409
-0.4046697
-0.6238765
-0.3310427
-0.5060874
-0.4052495
-0.3042542
-0.4791052
-0.3052942
-0.2759374
-0.3842261
-0.428909
-0.2599326
-0.3484405
-0.5777429
-0.1909768
-0.3223235
-0.2579663
-0.2972143
-0.4056153
-0.4594664
-0.3102285
-0.327615
-0.3299099
-0.26809
-0.4425108
-0.3151855
-0.3412485
-0.3318936
-0.36655
-0.4665116
-0.3173148
-0.2659703
-0.3138916
-0.4599032
-0.3741104
-0.3461928
-0.5098073
-0.4305095
-0.3035553
-0.3454034
-0.2861352
-0.3249435
-0.3033707
-0.3422211
-0.3286116
-0.4166936
-0.3442166
-0.2968192
-0.1882222
-0.3319909
-0.3573414
-0.3104045
-0.3830987
-0.2693142
-0.2615741
-0.4162511
-0.388891
-0.2862244
-0.2615327
-0.2074549
-0.5163586
-0.05762546
-0.06347448
-0.2043038
-0.2003436
-0.3073599
-0.2999973
-0.2662446
-0.330667
-0.3898688
-0.2491271
-0.251133
-0.3364621
-0.3726558
-0.1604743
-0.269416
-0.208005
-0.251305
-0.3140059
-0.237375
-0.3694553
-0.2634832
-0.386142
-0.3978627
-0.2135396
-0.2589541
-0.0930026
-0.3262045
-0.3091694
-0.3636325
-0.3430517
-0.183683
-0.3175266
-0.3629241
-0.2413557
-0.2069688
-0.1729253
-0.2968718
-0.2671985
-0.2535398
-0.3964918
-0.2427363
-0.2035134
-0.2108398
-0.1350161
-0.3584343
-0.2016224
-0.09579117
-0.1588937
-0.1816344
-0.1520752
-0.1892767
-0.1942587
-0.2097185
-0.1226832
-0.3065057
-0.1677808
-0.1528511
-0.192064
-0.1016626
-0.0833909
-0.09445844
-0.3042594
-0.3845446
-0.1873006
-0.2500634
0.03746115
-0.2067989
-0.1785194
-0.1195084
-0.2226305
-0.05059073
-0.1825885
-0.1661004
-0.1319056
-0.05365281
-0.0738612
-0.105775
-0.03195951
-0.05862314
-0.1120213
-0.09391998
-0.2507882
-0.3411932
-0.1582414
-0.255722
0.0675769
-0.1001098
-0.2387028
-0.1297572
-0.151506
-0.1812818
-0.252058
-0.1501156
-0.02440818
-0.01994841
-0.1752366
-0.1339769
-0.104385
-0.1653021
-0.1854439
-0.07435641
-0.1684883
-0.02703046
-0.09691613
-0.1058573
-0.1911085
-0.02098
0.01216856
0.008611436
-0.02522419
-0.1310655
-0.06761295
-0.004372007
-0.006124088
-0.1664151
-0.07512675
0.0489899
-0.0837363
-0.03209663
-0.08170621
-0.09744462
-0.05026874
0.01844176
-0.0820867
-0.04517031
-0.09229502
-0.0979303
0.06178542
0.1098578
0.01733152
0.01546551
-0.09163773
-0.143914
0.02981745
-0.05548
-0.07347193
-0.004354136
-0.1783283
0.1837568
-0.02649994
-0.03893453
0.01762381
-0.03210441
0.112203
-0.09474292
-0.05480806
0.07402827
-0.05075428
0.08167653
-0.01863525
0.009637284
-0.02214772
-0.1378897
0.02143909
0.04163881
0.0919555
-0.09095303
-0.03615285
0.07064026
0.005922447
0.05685028
0.05315992
0.01265427
0.02568557
-0.07821595
-0.03325404
0.19111
0.01124932
-0.01140692
0.2896201
0.03941637
0.03442804
-0.01847756
0.1224215
-0.04793023
0.1483798
0.1032276
0.1031228
0.1832565
0.060382
-0.02645025
0.02125407
0.1927524
0.1429212
0.1086199
0.1040849
-0.005510825
0.0545036
0.05469317
0.09992865
0.1059206
0.08201418
0.1327442
0.2365307
0.07672559
0.1260106
0.07931859
0.01214041
0.1816063
0.05390375
0.1407289
0.2219807
0.2106343
0.07615806
0.07141506
0.171738
0.1467959
0.1071291
0.2151686
0.04169279
-0.05700495
0.1664656
0.1241577
0.1904025
0.1607516
0.2142025
0.1734927
0.2149173
0.08621023
0.1235568
0.1935736
0.09579815
0.1675619
0.246458
0.2431308
0.1627084
0.1984686
0.2017289
0.303012
0.06744209
-0.003384678
0.1243069
0.07753359
0.2199707
0.2993196
0.3099251
0.2724286
0.05260509
0.205037
0.2276141
0.2820824
0.225185
0.1487088
0.2640193
0.04905064
0.1934868
0.188921
0.3230991
0.1749727
0.1133669
0.20281
0.2526494
0.1867113
0.2923154
0.2062713
0.2907225
0.3102477
0.2083311
0.2346558
0.1742534
0.2373152
0.3109764
0.1798606
0.2628605
0.08699325
0.2336887
0.180008
0.1622238
0.2268114
0.226924
0.304025
0.278167
0.206908
0.1498188
0.2743033
0.330771
0.06198415
0.1206749
0.4556221
0.2902881
0.04487822
0.2063751
0.4096278
0.2856531
0.250416
0.3365462
0.321021
0.3105483
0.2969325
0.3158246
0.2547743
0.286945
0.2416423
0.3228226
0.3385931
0.3662868
0.3253909
0.3182408
0.3916799
0.3321572
0.3317718
0.260619
0.2916188
0.2856016
0.2267173
0.2999189
0.3063205
0.3269796
0.1968034
0.3711358
0.4184651
0.2569675
0.2993176
0.384071
0.2792559
0.452449
0.3241032
0.1987988
0.3442227
0.46486
0.4242889
0.3231367
0.2019253
0.4026052
0.2479196
0.4006974
0.2540915
0.3329747
0.299733
0.3599621
0.4496455
0.5055674
0.3720169
0.5286441
0.4589095
0.4312538
0.3854421
0.324516
0.5527536
0.2594889
0.4225953
0.2574595
0.276126
0.3273926
0.3919108
0.4407858
0.347715
0.4693434
0.3889771
0.4269039
0.3027245
0.4739999
0.3857853
0.4370212
0.3785771
0.6350326
0.4247462
0.561236
0.373175
0.3559614
0.4010036
0.4001328
0.5257812
0.4059407
0.2905567
0.3328165
0.4446202
0.5365747
0.4588215
0.632963
0.3810627
0.3148042
0.4761419
0.4240558
0.4617456
0.5092677
0.5098243
0.4031631
0.4987421
0.5966559
0.4060266
0.4951887
0.5714409
0.4714511
0.400288
0.4286866
0.5934342
0.3530318
0.5643507
0.5189436
0.5748491
0.5021862
0.5488267
0.3649669
0.4464301
0.4250167
0.5865415
0.5718508
0.3908255
0.5546956
0.4347145
0.6368913
0.6252412
0.4784269
0.5432369
0.4185659
0.5949165
0.5499612
0.51477
0.4455939
0.511753
0.4572826
0.5600667
0.5187923
0.5309094
0.5485547
0.5833735
0.628232
0.4636573
0.6621802
0.6895961
0.52013
0.5765616
0.4091361
0.627119
0.527739
0.5947631
0.4741551
0.4856018
0.6966469
0.5281532
0.5252424
0.5895143
0.6377937
0.552249
0.5416677
0.4458869
0.4062904
0.5892125
0.5619847
0.4826743
0.6646589
0.6219702
0.6170166
0.6100685
0.5399138
0.5766897
0.5731186
0.6451614
0.7302873
0.5938546
0.703938
0.64048
0.5623495
0.5062882
0.6261533
0.7350496
0.6063607
0.6257972
0.5882379
0.6762957
0.4353163
0.5398962
0.7030075
0.4951701
0.7245912
0.5970694
0.7627121
0.7215176
0.6255222
0.6920876
0.7459025
0.6343048
0.7518251
0.5711624
0.5480191
0.6402149
0.6851792
0.5351281
0.5934671
0.8588679
0.5574341
0.6690656
0.6645075
0.8489934
0.7156324
0.6357233
0.656055
0.7534755
0.6844231
0.7157462
0.7297907
0.6521266
0.6545284
0.6488568
0.770125
0.7727358
0.7310651
0.6008052
0.6945437
0.6364193
0.6670687
0.7453345
0.7878274
0.7899051
0.708958
0.7941536
0.7069483
0.6554796
0.769869
0.5915765
0.8169671
0.706398
0.7544909
0.736812
0.6660013
0.7366596
0.7147262
0.664909
0.7425788
0.7657923
0.7673142
0.8116527
0.6669646
0.7204979
0.6982297
0.6512291
0.7997199
0.8658558
0.8740537
0.7067276
0.8509948
0.8902449
0.8077963
0.8401863
0.7404628
0.7749987
0.8182989
0.7699431
0.8202381
0.891358
0.7989161
0.7418163
0.9439938
0.7461057
0.8342655
0.7804309
0.8410665
0.8166936
0.7466006
0.7803938
0.8050229
0.8701241
0.7681276
0.7602307
0.8045019
0.8846842
0.9687048
0.8948694
0.7756677
0.7425033
0.9087515
0.9114759
0.8747976
0.9039572
0.8518573
0.9582098
0.9000157
0.9117136
0.9151767
0.6437644
0.9544686
0.8705864
0.8741324
0.7728798
0.8199241
0.8382111
0.8704231
0.9723253
0.9392025
0.8753659
0.8441109
0.7985342
0.7790913
0.9204869
0.8343434
0.8274841
0.8549452
0.6442927
0.9317149
0.851623
0.8319865
0.8693214
1.048266
0.8970558
0.8943835
0.8221916
1.069627
0.9003914
0.9109448
1.027168
1.101483
0.793161
1.017606
0.8949916
1.0497
1.083972
0.898442
0.909498
0.8294857
0.8753757
0.896523
0.8300842
0.8929983
0.9895366
1.05252
0.9689217
1.038121
0.9358989
0.8547658
0.8532238
0.791174
0.9301457
0.9050049
0.8160559
1.027798
0.8269117
0.9807571
0.9613186
0.8959713
1.030166
1.110233
0.9684851
0.9965331
1.062359
0.9263995
0.9765348
1.032562
1.030716
1.012192
1.014228
0.7756091
1.047125
0.8893044
1.028693
1.027702