-0.01448657
-1.032573
-0.9691032
-1.037331
-0.9531159
-0.9398558
-1.056496
-1.08421
-0.937512
-1.005814
-1.022463
-1.04745
-1.022775
-0.8784922
-0.930671
-1.084804
-0.9019884
-0.9269178
-0.90414
-0.9289731
-0.9535917
-0.9702553
-0.9891584
-1.0848
-0.9145851
-1.09413
-0.9447444
-1.002929
-0.9495861
-0.921567
-0.9786118
-0.9942925
-0.9503451
-0.996946
-0.9499951
-0.8510529
-0.9177013
-1.166019
-0.9303304
-0.9351944
-1.01782
-0.895713
-0.845795
-0.7938569
-0.9520033
-0.9647804
-0.8691084
-0.9205018
-1.030022
-0.8589609
-0.9393121
-0.794153
-0.9083713
-0.9705856
-0.8614131
-1.02855
-0.8894515
-0.8284508
-0.8797289
-1.009671
-1.061361
-0.9128871
-1.037346
-0.7934854
-0.9591462
-0.824893
-0.7376283
-0.8410991
-0.7553508
-0.8841982
-0.8842853
-0.904555
-1.021044
-0.9855091
-0.7094778
-0.9162584
-0.8655113
-0.7117658
-0.8494663
-0.8520649
-0.6865478
-0.9475262
-0.9144955
-0.856268
-0.8785893
-1.010059
-0.7149096
-0.8585608
-0.8550104
-0.9799433
-0.765945
-0.7263385
-0.8723815
-0.6827023
-0.6262616
-0.8337569
-0.7502737
-0.8101731
-0.7662819
-0.8548626
-0.7152037
-0.9286217
-0.649137
-0.8051149
-0.8250514
-0.801599
-0.7529457
-0.7610686
-0.8868719
-0.7332697
-0.8179271
-0.7464481
-0.807711
-0.7941735
-0.8143686
-0.7814127
-0.7789676
-0.6251223
-0.7547094
-0.758774
-0.6960695
-0.8477554
-0.7783323
-0.671505
-0.8146274
-0.7216747
-0.5731346
-0.7522875
-0.794718
-0.7055702
-0.7909639
-0.7813121
-0.8314844
-0.7031961
-0.6555332
-0.7658114
-0.7941831
-0.5812662
-0.7742233
-0.5809331
-0.6558933
-0.7846684
-0.6747861
-0.8443663
-0.7504886
-0.6124212
-0.7366469
-0.6152682
-0.8182913
-0.8086731
-0.6605187
-0.8320956
-0.7869888
-0.5933295
-0.5883655
-0.6095985
-0.6073484
-0.7384044
-0.6583534
-0.6516132
-0.8309501
-0.6110789
-0.7553187
-0.6549748
-0.6738332
-0.6591332
-0.7509877
-0.6863779
-0.5556073
-0.6811176
-0.6564162
-0.7021923
-0.6722017
-0.594058
-0.6521731
-0.6752479
-0.6769859
-0.7457522
-0.726043
-0.6530806
-0.688616
-0.6410423
-0.6612116
-0.7562247
-0.6637947
-0.5662258
-0.6706975
-0.5510262
-0.5842482
-0.6261402
-0.6253981
-0.4533594
-0.5798866
-0.5478091
-0.5708068
-0.6315119
-0.541525
-0.5130585
-0.664159
-0.6499339
-0.6759608
-0.5697471
-0.5790289
-0.504492
-0.7191973
-0.5365398
-0.6724778
-0.6456655
-0.5338819
-0.7333512
-0.5412749
-0.4711927
-0.5766745
-0.631546
-0.5700882
-0.6057616
-0.538631
-0.5822843
-0.5471313
-0.5904449
-0.5384987
-0.5216475
-0.4353491
-0.5538935
-0.6071675
-0.6196874
-0.4535647
-0.344353
-0.6100227
-0.5093205
-0.5838895
-0.6133969
-0.26921
-0.5048532
-0.5643112
-0.6569619
-0.676864
-0.4301965
-0.4096654
-0.4813281
-0.4656956
-0.5078402
-0.6316551
-0.4649868
-0.6335032
-0.5681432
-0.4520818
-0.5048799
-0.49991
-0.4778814
-0.4577576
-0.5112258
-0.5866681
-0.5007004
-0.4491704
-0.4684379
-0.5161639
-0.4878098
-0.4573656
-0.3027028
-0.604265
-0.5241237
-0.3586829
-0.4639514
-0.5229234
-0.4242521
-0.6137516
-0.4294442
-0.4894377
-0.4129994
-0.3426218
-0.4343952
-0.4182437
-0.4938076
-0.4639532
-0.3554665
-0.3412567
-0.5451134
-0.4943271
-0.4016596
-0.3562842
-0.4288914
-0.4104133
-0.5216249
-0.3685896
-0.4669367
-0.3397452
-0.5044643
-0.6267134
-0.2758508
-0.3072845
-0.2892972
-0.5746547
-0.3151954
-0.5107979
-0.3256232
-0.3356864
-0.4059359
-0.3381373
-0.4702169
-0.3450215
-0.4874352
-0.3577808
-0.4480925
-0.4158635
-0.4710302
-0.6079148
-0.457559
-0.3669206
-0.4212679
-0.3977524
-0.4772923
-0.3883734
-0.3257274
-0.4903787
-0.247038
-0.3551694
-0.2060126
-0.2601705
-0.3682473
-0.5482532
-0.4008206
-0.3439527
-0.441594
-0.4026109
-0.3563307
-0.3899309
-0.5286623
-0.2759464
-0.3209357
-0.3787592
-0.4400945
-0.3869788
-0.3535749
-0.4179428
-0.2633016
-0.3304095
-0.34214
-0.2736667
-0.2718048
-0.3026464
-0.3708732
-0.3381765
-0.3904261
-0.28718
-0.2822973
-0.2248776
-0.3415372
-0.3506191
-0.486024
-0.3699841
-0.3863727
-0.2708492
-0.2522288
-0.2131918
-0.2582312
-0.1667112
-0.3660676
-0.1812869
-0.3607229
-0.4849818
-0.3247037
-0.2600659
-0.2366606
-0.3260564
-0.2049724
-0.3258853
-0.3394107
-0.3473587
-0.3038992
-0.2795238
-0.2256444
-0.2576712
-0.3482368
-0.3656284
-0.3293877
-0.1899393
-0.3384577
-0.2492142
-0.184465
-0.2643716
-0.2707786
-0.2574299
-0.2182224
-0.2069155
-0.3211083
-0.2404561
-0.1089793
-0.2562311
-0.2502677
-0.2076888
-0.0677743
-0.1995989
-0.3377906
-0.2017586
-0.3672963
-0.1188824
-0.06261181
-0.1939401
-0.1753668
-0.1994104
-0.1874808
-0.09589497
-0.2521111
-0.06224004
-0.1196593
-0.1838898
-0.04084833
-0.1842028
-0.2303369
-0.09706903
-0.1627019
-0.1156264
-0.1276372
-0.2273978
-0.1250585
-0.1594705
-0.2302569
-0.2629827
-0.1836601
-0.1137935
-0.2212889
-0.200038
-0.1012721
-0.1270882
-0.2090423
-0.1978248
-0.2549908
-0.2491422
-0.239461
-0.3100689
-0.09974871
-0.03728136
-0.2256848
-0.1923389
-0.0844861
-0.09258435
-0.2907876
-0.1425953
-0.1980092
-0.001529266
-0.1605101
-0.1061581
0.008712146
-0.2070558
-0.1310932
-0.2294941
-0.1663281
0.05560894
0.09179689
0.04401781
-0.05815711
-0.1673554
-0.08390449
-0.0010739
-0.1411204
-0.1083398
-0.1848966
-0.05815371
-0.006676141
-0.1752706
-0.2797208
-0.0616177
-0.03380811
-0.016864
-0.1149579
-0.153157
-0.1376135
0.05713313
-0.07720449
0.004192336
-0.1084167
-0.127584
0.03942915
-0.001975876
-0.04943627
0.02913366
-0.1479554
0.08106866
-0.1122753
-0.1114969
-0.1704343
-0.1624713
0.03015359
0.154741
-0.1202743
-0.05693251
-0.09039743
-0.02209534
0.08144439
0.0306245
-0.003232635
-0.04309736
0.106192
0.01313844
0.004484962
-0.1023778
-0.006422323
-0.07519153
-0.03155282
0.02396234
0.1542035
-0.01360918
-0.2376741
0.1018701
0.0204852
-0.07195183
-0.07593239
-0.01748442
0.1355984
-0.1024481
-0.005052958
0.1758127
-0.01705108
0.08533849
0.1623219
-0.109283
0.03271428
0.003743749
0.08847142
0.05981086
0.09810595
0.07874406
-0.03280128
-0.02346589
-0.01439825
0.1417942
0.05883399
0.007414111
-0.02157871
0.1452135
0.05065931
-0.05060664
0.06675281
0.05147907
0.02573061
0.1163835
0.02795302
0.08161217
0.01493295
0.03963609
0.02094355
0.0462601
0.07243969
0.2059503
-0.03391383
0.1948385
0.03619408
0.1085752
0.248354
0.1035271
0.08277419
-0.1027894
0.2202447
0.08277643
0.1133888
0.05796379
0.1410851
0.1415048
0.1921273
0.100975
0.1779615
0.1935152
0.1647804
0.1785397
0.1121095
0.2529284
0.249565
0.1887711
0.2644252
0.04276665
0.1985665
0.1587269
0.2565039
-0.04512128
0.101897
0.203789
0.148923
0.04726309
0.09341423
0.1603477
0.1391726
0.1668866
0.1098265
0.1503031
0.1848282
0.2660387
0.1957953
0.1031347
0.2409755
0.1336759
0.1898148
0.2827463
0.1171854
0.3186055
0.2293924
0.2055803
0.03392438
0.1209523
0.1388738
0.08948676
0.2799978
0.05020399
0.1580578
0.224061
0.1252036
0.2527687
0.2415875
0.2247264
0.1778965
0.3242133
0.2322073
0.2323283
0.3521506
-0.1115887
0.2336599
0.07059402
0.314747
0.2783223
0.2636217
0.2816544
0.2894573
0.3528531
0.1826169
0.2809309
0.3816613
0.2997935
0.1264415
0.2547116
0.2907646
0.306409
0.1400205
0.3185486
0.2145839
0.1512028
0.1611707
0.1460319
0.3308674
0.3131815
0.3000544
0.2046778
0.2008981
0.291479
0.1027233
0.2494508
0.3765925
0.3069937
0.4031721
0.2564064
0.2919674
0.4363215
0.3527499
0.3138258
0.2126889
0.3492146
0.3832127
0.4208547
0.2856994
0.3860039
0.3255788
0.4224677
0.457637
0.1469784
0.3173347
0.4011775
0.2993777
0.1501206
0.5312755
0.1732964
0.407577
0.2692922
0.3121256
0.3453245
0.3514383
0.4036279
0.3344713
0.3494834
0.3338995
0.4622898
0.3193912
0.259012
0.2492184
0.4688642
0.3966831
0.3796193
0.3408777
0.4760325
0.2873559
0.3598746
0.3185065
0.3980365
0.3900063
0.4035985
0.3783273
0.3920884
0.4316189
0.333047
0.1546602
0.4162576
0.3041969
0.3918576
0.3320441
0.3661338
0.5354286
0.362158
0.4250056
0.3376985
0.4289184
0.3857868
0.2767688
0.2834257
0.3413127
0.2657852
0.317213
0.5169046
0.4197822
0.4389201
0.4370349
0.3660477
0.5083604
0.4475017
0.3496525
0.4422196
0.5927635
0.3329994
0.6520993
0.4650436
0.4638107
0.53051
0.5269801
0.4817298
0.390165
0.3838401
0.2798512
0.5121244
0.369665
0.4583157
0.4281667
0.5562383
0.3776716
0.5135656
0.6274957
0.5140678
0.4550926
0.5794048
0.5439507
0.6132184
0.5492289
0.567654
0.5750551
0.5265801
0.2808782
0.5324191
0.3515585
0.5104029
0.5285586
0.5975458
0.462148
0.4325424
0.5831163
0.6958875
0.4230314
0.455361
0.5407567
0.5985707
0.663905
0.572587
0.7295229
0.5604864
0.4777593
0.5752777
0.538584
0.4566246
0.4612174
0.6385162
0.5256396
0.5675382
0.5161509
0.6163118
0.7345581
0.6082325
0.4811292
0.5020949
0.4813169
0.6050111
0.5957135
0.5151687
0.6282846
0.7379985
0.5708088
0.4675766
0.7709108
0.6120348
0.5170184
0.5314569
0.4473678
0.6413585
0.6463965
0.6475231
0.6045439
0.6809266
0.6340124
0.4293318
0.5860394
0.6471908
0.7521733
0.7034513
0.6739685
0.7236132
0.7261847
0.608691
0.6334935
0.5894743
0.6817392
0.6349158
0.6172554
0.6453713
0.6859429
0.447843
0.6310627
0.6047728
0.4955772
0.6938481
0.6684156
0.661589
0.6142404
0.5480827
0.4934877
0.6974623
0.6847761
0.8254174
0.5771252
0.6727118
0.5518248
0.6036854
0.7584005
0.673325
0.6588812
0.6588937
0.6968958
0.6509387
0.5987621
0.6009027
0.650788
0.6599911
0.8192168
0.5446551
0.7893279
0.6516656
0.6378013
0.6004031
0.5086904
0.6382569
0.784059
0.7596407
0.7885243
0.5906084
0.7411877
0.685961
0.6820998
0.7436065
0.6304999
0.5697312
0.8692312
0.6841566
0.7524673
0.5649183
0.7562305
0.6554658
0.6831352
0.6683673
0.8328503
0.8109929
0.7499231
0.8349863
0.7936166
0.7585846
0.7631589
0.9517366
0.6854232
0.7457151
0.6612305
0.6925885
0.7674238
0.7606512
0.6972989
0.7358289
0.6896077
0.707321
0.8192276
0.8290837
0.6687987
0.9352586
0.7785791
0.7144086
0.5832311
0.7573939
0.7302394
0.73171
0.8889815
0.6992073
0.7217849
0.8988434
0.7770239
0.7036798
0.8778069
0.6597144
0.8765511
0.9636792
0.9445439
0.8583126
0.8974557
0.7969746
0.8354958
0.9282024
0.8344456
0.9272673
0.8716055
0.8507365
0.8263576
0.8131096
0.879395
0.946127
0.9408824
0.7833058
0.7751526
0.8023511
0.7852354
0.8370366
0.8209296
0.7078629
0.885812
0.7997152
0.9441751
0.9944798
0.9624594
0.9600869
0.8611191
0.874839
0.8470871
0.8557098
0.819581
1.020575
0.8974648
0.9188064
1.041813
0.9628464
0.8356134
0.8964658
1.041448
0.9341979
0.9953609
0.898152
0.703582
0.8943857
0.873871
0.9469979
0.9877939
0.9846635
1.06876
1.042537
0.9592627
0.9421892
0.9577082
0.8547609
0.8756749
1.015885
1.004093
0.9058412
0.8790699
0.9377841
0.9740551
0.8924805
1.01342
1.057378
0.9301053
1.092316
1.129395
0.8973488
0.8814468
1.05153
1.059256
0.8825211
0.8943417
0.9460755
0.818478
0.9799533
1.000961
0.9386123
0.8719715
1.058205
0.9030242
0.8776488
1.133378
1.029839
1.042451
1.189776
0.8531856
0.9663892
0.9753706
0.972169