0.1238503
-0.9637805
-1.016914
-0.7737469
-0.9137561
-1.056991
-0.9939278
-0.8537836
-1.046973
-1.022864
-1.040113
-1.067484
-0.9871707
-1.010784
-0.8435294
-1.038446
-0.8334706
-0.9119604
-0.9802398
-1.005643
-0.8361222
-0.935932
-1.024973
-0.8532423
-1.085607
-0.9228059
-0.7864702
-1.045646
-0.8969334
-0.859185
-0.9123436
-0.8940919
-0.9623671
-0.8683869
-0.7936129
-1.174397
-0.9955292
-0.9373469
-0.9129491
-0.9083753
-1.064779
-0.8659319
-0.7182616
-0.9925953
-0.9492527
-0.8373937
-0.8956069
-0.8983555
-0.9045032
-0.7567222
-0.7827052
-0.9298021
-0.8448591
-0.8503298
-0.8583328
-0.7718316
-0.9308048
-0.8178615
-0.9421756
-0.8123615
-0.8879997
-0.9434707
-0.8098201
-0.8313023
-0.9258405
-1.060502
-1.041134
-0.7644502
-0.7745963
-0.7908574
-0.8274853
-0.6953557
-0.9045143
-0.7719502
-0.8966467
-0.8575744
-0.8124876
-0.8933761
-0.9177142
-0.7957327
-0.7003067
-0.8923849
-0.804417
-0.879005
-0.801696
-0.8495072
-0.8901428
-0.8203176
-0.7904129
-0.7771309
-0.8618938
-0.8559888
-0.8093722
-0.8069659
-0.8339413
-0.959471
-0.6753372
-0.6799682
-0.8819325
-0.6627242
-0.7391246
-0.8771185
-0.9024427
-0.8352883
-0.8139869
-0.7238799
-0.7505061
-0.6678614
-0.7774733
-0.8879907
-0.8383327
-0.8176089
-0.6800217
-0.7623014
-0.7708702
-0.6609192
-0.723796
-0.7455829
-0.8967469
-0.6508189
-0.8545674
-0.7510983
-0.7562229
-0.7657562
-0.7020506
-0.8477637
-0.6899844
-0.6858533
-0.8102786
-0.7458047
-0.7316633
-0.7441437
-0.8138437
-0.7716463
-0.7241446
-0.5741612
-0.814023
-0.7258822
-0.669575
-0.78386
-0.7494217
-0.7132888
-0.8175242
-0.7331073
-0.6742512
-0.7779812
-0.8000431
-0.6194468
-0.7432837
-0.6455945
-0.7097515
-0.6038643
-0.6238044
-0.7612234
-0.5850556
-0.7512619
-0.6717394
-0.6724878
-0.8022105
-0.698043
-0.6522781
-0.75352
-0.641714
-0.7957077
-0.7092717
-0.6864846
-0.7033487
-0.7073894
-0.6729052
-0.6787973
-0.727966
-0.5596164
-0.7091448
-0.6693344
-0.5416318
-0.637809
-0.5143471
-0.7091336
-0.6114051
-0.8027947
-0.5385336
-0.6027711
-0.5615276
-0.6423864
-0.5612102
-0.5159745
-0.7629245
-0.6383927
-0.5460988
-0.5089787
-0.7279152
-0.5612244
-0.6074048
-0.6728756
-0.6976623
-0.7783342
-0.6294304
-0.6022222
-0.6036835
-0.6764899
-0.7149188
-0.4659486
-0.6647482
-0.6221636
-0.6262409
-0.6268018
-0.5107083
-0.7479633
-0.5905418
-0.6370751
-0.6229375
-0.566933
-0.6869118
-0.57899
-0.6805685
-0.5991006
-0.6326277
-0.5158425
-0.5199845
-0.5242429
-0.6007787
-0.5359903
-0.6951413
-0.6220137
-0.5111431
-0.5614632
-0.6330763
-0.62598
-0.5272548
-0.4374198
-0.630475
-0.4273173
-0.3866278
-0.3582566
-0.4675667
-0.7194008
-0.6346979
-0.3216892
-0.4432693
-0.5125264
-0.5646506
-0.5314186
-0.6206516
-0.7103084
-0.5284099
-0.5375382
-0.4733324
-0.3992692
-0.4309079
-0.5951573
-0.4872673
-0.3280118
-0.6047076
-0.422626
-0.3541921
-0.521467
-0.6288134
-0.3711429
-0.4159067
-0.3832259
-0.4573733
-0.4814671
-0.382615
-0.4454685
-0.622979
-0.5151539
-0.4740893
-0.5508898
-0.2245269
-0.5714695
-0.464503
-0.4967249
-0.3508025
-0.2558294
-0.3550204
-0.4326617
-0.4387184
-0.4024281
-0.3141847
-0.575167
-0.3892756
-0.4232435
-0.4095638
-0.5293557
-0.227607
-0.390083
-0.2733415
-0.4662737
-0.4647568
-0.5616716
-0.3727178
-0.4303424
-0.3785913
-0.2810034
-0.3255923
-0.4204237
-0.4141482
-0.4946805
-0.3581423
-0.3890547
-0.4445596
-0.4747447
-0.3842726
-0.4150461
-0.4520416
-0.4709184
-0.2535063
-0.4436738
-0.4152383
-0.2870411
-0.3677011
-0.3682709
-0.3160357
-0.2368105
-0.2739851
-0.1046865
-0.4756152
-0.3650773
-0.3455117
-0.4426062
-0.4773669
-0.4387289
-0.3714414
-0.2048005
-0.1943288
-0.2364031
-0.399098
-0.4654676
-0.4860472
-0.3487236
-0.3904668
-0.2745635
-0.4181517
-0.2463815
-0.3983467
-0.2931837
-0.4347813
-0.2645682
-0.1995059
-0.2691097
-0.1208969
-0.1791774
-0.1978304
-0.341171
-0.5093178
-0.2492722
-0.2976241
-0.3220678
-0.2183852
-0.4216104
-0.2598739
-0.2769482
-0.1312719
-0.05574576
-0.3019954
-0.3973943
-0.2791646
-0.1103861
-0.3440998
-0.3909865
-0.4705222
-0.2157251
-0.3306771
-0.3347634
-0.2847514
-0.4073695
-0.3341072
-0.3081561
-0.1884901
-0.232822
-0.4395062
-0.3150693
-0.04834596
-0.2343647
-0.2220071
-0.1931555
-0.2735994
-0.2778447
-0.3141141
-0.2597205
-0.2624497
-0.2260792
-0.3319166
-0.2239699
-0.2970158
-0.2429197
-0.1131649
-0.1789558
-0.0490576
-0.2836145
-0.2935607
-0.1718822
-0.1306052
-0.1806459
-0.2104573
-0.1187682
-0.2269566
-0.2655876
-0.1636447
-0.1287589
-0.2318397
-0.2487204
-0.2868918
-0.2331959
-0.1706065
-0.215783
-0.2423654
-0.2208768
-0.2934793
-0.08847451
-0.246918
-0.1925939
-0.2022111
-0.1739237
-0.1223935
-0.1702012
-0.1050412
-0.01914993
-0.1900335
-0.1735168
-0.1769266
-0.1378824
-0.1640696
0.01194347
-0.2519768
-0.1999607
-0.1989146
-0.08510196
-0.1675014
-0.1717361
-0.1676898
-0.08190531
0.03770558
-0.218768
-0.1954003
-0.1755483
-0.2656233
-0.06856944
-0.1253528
-0.2800076
-0.1161306
-0.06469504
-0.1186993
-0.01673653
-0.03259684
-0.1547093
-0.02034226
-0.145448
0.01624674
-0.04654562
0.03314941
-0.1192396
-0.1643952
-0.134616
0.06471202
-0.001102229
-0.08404365
-0.0563232
-0.1681967
0.0148694
0.05570728
-0.06828391
-0.01229114
-0.05935627
0.04533031
-0.0893143
-0.1553685
0.07920138
-0.1279655
-0.0902208
-0.1283576
-0.1492453
0.06442951
0.01412946
0.02787966
-0.1219465
0.01372928
-0.08949234
0.008084172
-0.1516895
-0.1075606
-0.09632522
-0.05164901
-0.09982429
0.05792736
-0.07344911
-0.08429839
-0.02428958
-0.03367878
-0.03706955
0.01085709
-0.1371544
-0.01150898
0.1306773
-0.004186065
-0.07890053
-0.04395264
0.1280322
-0.03505114
0.1222243
-0.2234922
-0.2338359
-0.06383644
-0.03859644
0.03944562
0.03808202
-0.06826701
-0.06324922
-0.1006237
0.05187558
-0.1407493
0.003944725
-0.01364511
0.1562004
0.07890255
-0.1041493
0.02499561
0.106457
-0.1650806
0.00167598
0.05049996
0.0536088
0.1081697
-0.1297686
0.09408161
-0.06485177
-0.02474114
-0.0135032
0.001915346
-0.1306661
0.1427264
0.04052468
-0.06538655
-0.06894221
0.2898103
-0.0254947
0.01539396
0.03781796
0.1221551
0.231313
-0.01914648
0.0443687
-0.0499316
0.02841655
-0.06259289
0.1409569
0.06516326
0.1062403
0.1267486
0.1407732
0.1348334
0.2170653
0.2102642
-0.07287792
0.2244487
0.1706861
0.3334251
0.1831225
0.4135242
0.1771456
0.1006071
0.0799339
0.2407905
0.1605252
0.1100279
0.1755051
0.03418793
0.006143716
0.06942859
0.1529709
0.1279736
0.08993954
0.123668
0.1379592
0.08658174
0.1931763
0.2334858
0.2035465
0.1408223
0.05068912
0.1284953
0.03319776
0.07710406
0.1934718
0.12293
0.06879241
0.1223774
0.1244805
-0.01141783
0.1733078
0.2539437
0.2533775
0.2134997
0.2736941
0.3022233
0.2267606
0.2436333
0.175754
0.2264583
0.1252567
0.04356187
0.2443525
0.1194504
0.2982217
0.1500687
0.1305962
0.3014225
0.2397296
0.2304266
0.321564
0.345632
0.1269304
0.2275013
0.1227752
0.07852119
0.2377965
0.2735517
0.129629
0.1077488
0.1548601
0.2140328
0.1939306
0.1065732
0.1912692
0.3441344
0.05348122
0.3033616
0.2989699
0.2368321
0.3505391
0.1762937
0.1544703
0.2899757
0.2019847
0.1192109
0.1958308
0.1290382
0.3431735
0.3766928
0.2355404
0.3549989
0.377914
0.3432019
0.435712
0.3175336
0.2451309
0.3887249
0.347019
0.1775323
0.2353928
0.3342391
0.3407787
0.3069917
0.2664264
0.3526137
0.2559272
0.2533392
0.3040331
0.2533617
0.2534493
0.2955162
0.1983247
0.4513184
0.3695843
0.3297221
0.4885614
0.2508501
0.4224405
0.1877063
0.4027031
0.3602095
0.3076468
0.3952262
0.3537491
0.228443
0.3379548
0.3121878
0.3593983
0.3673248
0.2817435
0.3535267
0.3608204
0.312202
0.4506052
0.5362375
0.4700429
0.1447499
0.3527088
0.4095871
0.5169968
0.2613947
0.4580818
0.2544105
0.4862813
0.278199
0.2931887
0.4668664
0.4405003
0.507077
0.4071037
0.4115241
0.4134265
0.3524455
0.4960215
0.380921
0.4669353
0.4068298
0.4312743
0.534421
0.4604696
0.4361547
0.4213792
0.457665
0.4181927
0.5079131
0.4027024
0.3732167
0.3998464
0.3755017
0.5002125
0.4714774
0.4742267
0.4277908
0.3930206
0.5119611
0.4717276
0.4373061
0.5246694
0.5363278
0.5457509
0.4774757
0.5231745
0.557617
0.521148
0.6496196
0.5781266
0.5019288
0.4268974
0.5899413
0.5198726
0.5817494
0.5693906
0.5023386
0.3509456
0.3692945
0.4140014
0.5148472
0.5546146
0.5464892
0.5086724
0.4956063
0.4960323
0.5066406
0.4984751
0.5312875
0.4917796
0.3747571
0.4817313
0.5235916
0.505142
0.5842568
0.5225671
0.558534
0.6432137
0.5185497
0.5407058
0.3593537
0.573521
0.5095936
0.6012133
0.5358509
0.4045576
0.5954174
0.5652983
0.598902
0.5757952
0.3716973
0.5937726
0.578982
0.6083663
0.709951
0.6161095
0.6242943
0.6305836
0.6750897
0.501276
0.6991382
0.5265353
0.5748238
0.464283
0.7129515
0.5453973
0.6091788
0.5447854
0.5128666
0.5747786
0.626004
0.7322497
0.6690527
0.6634971
0.4496757
0.3959122
0.6021893
0.524717
0.5639558
0.669946
0.594164
0.7204101
0.4780502
0.5180932
0.7000836
0.6537138
0.6214883
0.5211315
0.4957168
0.4617016
0.7007178
0.801852
0.6022989
0.6624787
0.7095813
0.6965817
0.6102545
0.6915818
0.6176896
0.7243898
0.7247132
0.6302566
0.6529526
0.6112719
0.4303248
0.6663789
0.7077585
0.7101881
0.7116618
0.6657097
0.6034232
0.6794773
0.5699452
0.834937
0.5455161
0.7490874
0.7772491
0.7067656
0.7892817
0.645513
0.5570522
0.8327575
0.6974658
0.7088773
0.5962106
0.6689471
0.9433152
0.6177681
0.6185204
0.7711207
0.6890417
0.7932351
0.7159754
0.7816438
0.7066856
0.67831
0.7319247
0.7820125
0.5905923
0.8620198
0.7593077
0.667065
0.6504156
0.7732784
0.620536
0.8216714
0.6746925
0.6964501
0.8389356
0.7736513
0.8986624
0.8855184
0.7857674
0.6738281
0.7427093
0.7315275
0.7608115
0.7518103
0.6846404
0.7005712
0.9340834
0.7220145
0.6548683
0.6569262
0.8247884
0.8361506
0.8077827
0.8082113
0.740655
0.7556873
0.788581
0.8604995
0.7838975
0.771872
0.8566843
0.8492424
0.9801595
0.6265833
0.7620401
0.6864585
0.7736227
0.8314371
0.8362762
0.8078637
0.7929028
0.957861
0.8359098
0.7814298
0.7573508
0.7758111
0.8124924
0.7941001
0.8702932
0.8437888
1.00439
0.8219061
1.018962
0.7580963
0.7690205
0.6003407
0.7131142
0.8625518
0.7615936
0.8497275
0.7768375
0.8408326
0.8949716
0.9384614
0.8327578
0.8401464
1.132219
0.6924198
0.876926
0.9610728
0.8729611
0.8662235
0.8734545
0.953791
0.8517217
0.9652653
0.7953904
0.8543945
0.8596621
0.9405191
0.9882934
0.845739
0.7740851
0.9384661
0.9120455
0.9213126
0.8429762
0.9615321
1.004212
0.9735404
0.9598178
0.7801478
0.9399507
0.9304231
1.017088
0.9460271
0.9360997
0.8694514
0.947556
0.9575462
0.8163573
0.9046917
0.8239139
0.9610678
0.7997202
0.956668
1.061004
1.047704
1.005607
0.9407628
0.9223168
1.046315
1.044668
1.090067
1.007043
0.9942569
0.9513279
0.8909292
0.8740912
1.076096
0.9140716
0.8028246
0.9281969
0.8761606
1.08244
0.968821
0.9646845
0.9532577
0.9307929
0.893958
1.022634