0.1254099
-0.9744963
-1.039997
-0.7843805
-0.8952322
-1.057434
-0.9952446
-0.8674836
-1.075174
-0.9967701
-1.041955
-1.065142
-0.9951005
-1.001763
-0.8379703
-1.040329
-0.8386148
-0.9176157
-0.9571165
-1.001813
-0.8465363
-0.9335439
-1.030661
-0.8388333
-1.087508
-0.9004205
-0.7795734
-1.031062
-0.874407
-0.8667849
-0.9165677
-0.8926904
-0.9722603
-0.8779433
-0.8017572
-1.187172
-1.012122
-0.9338954
-0.9173285
-0.9006414
-1.066693
-0.8495766
-0.743973
-0.9839434
-0.9376631
-0.8149494
-0.8774725
-0.8874592
-0.9026582
-0.741358
-0.8085679
-0.9503824
-0.8387691
-0.8583955
-0.8415588
-0.7518301
-0.9266389
-0.8278492
-0.9466265
-0.8153516
-0.8816738
-0.9352066
-0.8031739
-0.8567062
-0.9318779
-1.071121
-1.015849
-0.7598001
-0.7651449
-0.7925398
-0.8453748
-0.7152493
-0.918626
-0.7839982
-0.8995133
-0.8566866
-0.7963943
-0.8969404
-0.9068898
-0.7925346
-0.7076815
-0.9162269
-0.7910815
-0.8750036
-0.8021383
-0.8751038
-0.9003594
-0.8218127
-0.8013596
-0.7659227
-0.8551305
-0.8557923
-0.8179673
-0.8170244
-0.8554166
-0.9555534
-0.6557786
-0.6792597
-0.875942
-0.6643268
-0.7082504
-0.8707917
-0.9130572
-0.8249941
-0.8308383
-0.732066
-0.7629149
-0.6800084
-0.7702349
-0.9056322
-0.8396834
-0.8107634
-0.6790148
-0.7617573
-0.7976142
-0.6567686
-0.7256246
-0.7585938
-0.8810668
-0.660294
-0.8797199
-0.7558128
-0.7561389
-0.7445722
-0.7187762
-0.8358706
-0.6742509
-0.6774937
-0.8078459
-0.7229599
-0.7041934
-0.7358666
-0.8142315
-0.755035
-0.7100617
-0.5828326
-0.8154597
-0.7300115
-0.6570412
-0.8355796
-0.7479904
-0.7202731
-0.8287609
-0.7211047
-0.6775074
-0.761302
-0.7914501
-0.6270369
-0.7230285
-0.6726541
-0.6978555
-0.599352
-0.6346084
-0.7692923
-0.5802292
-0.7807569
-0.665056
-0.6802838
-0.8110047
-0.6932198
-0.661315
-0.7409139
-0.6227082
-0.7823861
-0.6818909
-0.7060751
-0.6896637
-0.7310603
-0.6756036
-0.6785917
-0.7451606
-0.5447998
-0.6987646
-0.652912
-0.5361655
-0.6243774
-0.5228685
-0.695791
-0.5983181
-0.7823981
-0.5399305
-0.6057447
-0.546265
-0.6517312
-0.5565355
-0.4915755
-0.7722691
-0.6148324
-0.5370465
-0.5121797
-0.7070111
-0.5516429
-0.6024746
-0.6921272
-0.6588582
-0.7896164
-0.629989
-0.5973245
-0.6125301
-0.7073384
-0.6824509
-0.4758584
-0.6732896
-0.6097636
-0.626978
-0.6209627
-0.5349993
-0.7370017
-0.5805099
-0.626206
-0.6002672
-0.5486477
-0.6799399
-0.5804382
-0.6929362
-0.562088
-0.6250746
-0.5282603
-0.5189325
-0.5220275
-0.5940499
-0.5364462
-0.6763892
-0.6176507
-0.4929775
-0.5652283
-0.634873
-0.6504606
-0.5228881
-0.417883
-0.6507405
-0.4374129
-0.3853677
-0.3528678
-0.432268
-0.7225538
-0.6569424
-0.3381759
-0.4375732
-0.516405
-0.5689118
-0.5209429
-0.6341546
-0.6967675
-0.5259172
-0.5170844
-0.4660034
-0.4023741
-0.4293657
-0.6058964
-0.5055997
-0.357185
-0.5702178
-0.4285158
-0.3718139
-0.4850268
-0.6214576
-0.3739653
-0.4353986
-0.3885879
-0.4609034
-0.4627149
-0.36491
-0.4509468
-0.6176711
-0.5180817
-0.4623084
-0.5634834
-0.2240812
-0.5513356
-0.4659794
-0.4781329
-0.3472164
-0.2506039
-0.3495134
-0.4447636
-0.4398183
-0.3989998
-0.2956236
-0.5491963
-0.3850324
-0.4262233
-0.431748
-0.5057161
-0.2412582
-0.3746889
-0.2578032
-0.4512518
-0.4734279
-0.5637962
-0.3537167
-0.4446632
-0.3898974
-0.2838083
-0.3261847
-0.4279122
-0.4231258
-0.4924454
-0.3625067
-0.3822869
-0.4483064
-0.4741519
-0.3717365
-0.4103654
-0.4540198
-0.4567998
-0.2516801
-0.4294108
-0.4034544
-0.304492
-0.3836164
-0.3462155
-0.3491613
-0.2434609
-0.2806606
-0.08204285
-0.4615416
-0.3544508
-0.3401844
-0.4573837
-0.4759601
-0.4305167
-0.3996297
-0.1671049
-0.2140645
-0.2447608
-0.3721246
-0.4708629
-0.4748795
-0.3731081
-0.3696728
-0.2480758
-0.4237696
-0.2580241
-0.3894548
-0.2883614
-0.4506197
-0.2873344
-0.203846
-0.2505479
-0.1180709
-0.1898553
-0.2013065
-0.353688
-0.4798763
-0.2602157
-0.3131257
-0.3264673
-0.2077259
-0.3954542
-0.2479357
-0.261134
-0.1279998
-0.05534404
-0.304836
-0.4222666
-0.2840699
-0.1266765
-0.3400713
-0.3842741
-0.4698913
-0.2149294
-0.3260556
-0.3633773
-0.2811191
-0.4221965
-0.3455936
-0.3311672
-0.1737241
-0.2222376
-0.4204479
-0.3153784
-0.04333837
-0.2213853
-0.243735
-0.2180681
-0.3112837
-0.2928063
-0.3230557
-0.2608286
-0.246608
-0.2362233
-0.340443
-0.2267603
-0.2828744
-0.2125072
-0.0974528
-0.1885689
-0.06854635
-0.3045038
-0.3015143
-0.179004
-0.1227303
-0.166086
-0.2178825
-0.1305777
-0.2625625
-0.2708749
-0.1742982
-0.1364835
-0.2371619
-0.2393218
-0.2817103
-0.2553472
-0.1882948
-0.1979565
-0.2533682
-0.2234952
-0.3078373
-0.06814468
-0.2692335
-0.2032567
-0.2047282
-0.163882
-0.1143869
-0.1675661
-0.1202409
0.005125475
-0.1805477
-0.1684416
-0.1578794
-0.1419754
-0.179727
0.00127775
-0.24785
-0.20775
-0.206212
-0.08151321
-0.1724619
-0.1614075
-0.1646068
-0.06369418
0.03451267
-0.2425426
-0.1805479
-0.1714677
-0.2618418
-0.06233923
-0.1312698
-0.2757027
-0.09912871
-0.04854144
-0.08988416
-0.01945753
-0.04536274
-0.1415385
-0.01551272
-0.1426406
0.02463318
-0.03958208
0.02082301
-0.145238
-0.1640389
-0.1276111
0.05314351
0.002598967
-0.1042787
-0.04230257
-0.1597081
-0.01975532
0.05040653
-0.05382143
-0.0005682046
-0.05748903
0.06603584
-0.07268885
-0.1366917
0.08265896
-0.1307643
-0.09253259
-0.1211864
-0.1423408
0.06199879
-0.0146777
0.02869252
-0.1249648
0.01902738
-0.07850325
0.01419818
-0.1427418
-0.1192637
-0.08537107
-0.05243485
-0.07723619
0.04763536
-0.06654172
-0.09153584
-0.0008422941
-0.04282114
-0.0255681
-0.006166403
-0.1582356
-0.01722115
0.1306382
0.005545028
-0.04867184
-0.06563642
0.1265351
-0.01458308
0.1454291
-0.2303632
-0.2219896
-0.06415657
-0.006920466
0.07416445
0.02342961
-0.05473545
-0.04835959
-0.1274428
0.03397211
-0.110588
0.003042922
-0.01047911
0.1498961
0.0935775
-0.1089773
0.002768287
0.1186171
-0.1562077
0.001500286
0.04975769
0.03584057
0.1072234
-0.1256962
0.1075982
-0.08172253
-0.01463696
-0.004393265
-0.0004783552
-0.1366247
0.124632
0.04375619
-0.07606106
-0.05636603
0.2968291
-0.03324596
0.007815416
0.03460149
0.1204238
0.2420278
-0.03079438
0.02464223
-0.06094546
0.01958133
-0.06809837
0.157674
0.08267844
0.1148108
0.1175085
0.1241242
0.1490697
0.2410051
0.2216777
-0.09830108
0.2159318
0.1834842
0.3401009
0.1679974
0.4037198
0.1667415
0.09794823
0.0799445
0.258706
0.1656482
0.1289181
0.1720994
0.0304687
-0.005677049
0.08168521
0.1421662
0.1356223
0.09151826
0.1356322
0.1130036
0.08925468
0.1749666
0.2123382
0.206892
0.150793
0.04572325
0.1012341
0.02869758
0.09762806
0.1857681
0.1245207
0.09098943
0.131741
0.1058128
0.005475466
0.185725
0.2597819
0.2382806
0.1899665
0.247282
0.2923793
0.2185477
0.2474634
0.1926067
0.2418899
0.1261577
0.04026998
0.2304867
0.1314524
0.3129404
0.1481934
0.1475245
0.312874
0.2403063
0.2024842
0.3300985
0.3196037
0.1376237
0.2692216
0.1134494
0.08137594
0.2388387
0.2883853
0.1261988
0.1198746
0.1727678
0.2313148
0.1865375
0.1278403
0.1768095
0.3479593
0.06494484
0.3227513
0.3046842
0.2142048
0.323538
0.1980839
0.1394678
0.3115121
0.2325361
0.1381962
0.1981036
0.1417268
0.340881
0.3543732
0.2475175
0.3496876
0.382463
0.3393255
0.4338474
0.3081438
0.2313922
0.3572589
0.3625557
0.1791427
0.2084171
0.3285292
0.3059038
0.3153343
0.2742665
0.3586797
0.2498348
0.2679834
0.3145062
0.228649
0.2689346
0.2907672
0.2270356
0.4627325
0.3672219
0.3262967
0.5010244
0.2603904
0.4211713
0.18199
0.3943914
0.3773953
0.3158038
0.3916049
0.3406028
0.2115725
0.33906
0.3240722
0.3682742
0.3786491
0.2861138
0.3483051
0.3817623
0.3083112
0.4492797
0.549515
0.4567717
0.159343
0.3539077
0.4177241
0.4957835
0.2591605
0.4632142
0.2553775
0.451081
0.2709479
0.2941114
0.4583071
0.4382431
0.5272299
0.3957933
0.4017004
0.3944715
0.3660799
0.4981888
0.3736111
0.4885654
0.3888187
0.4288797
0.5088917
0.4633571
0.4242784
0.4172655
0.4693115
0.4077249
0.5283982
0.4355075
0.3470825
0.4152558
0.3996797
0.4956688
0.4658108
0.4632026
0.4146285
0.3997334
0.5138253
0.4786676
0.4229401
0.5386025
0.535739
0.5552955
0.4892506
0.5094359
0.5859289
0.5137252
0.657132
0.5697487
0.5033775
0.4355315
0.5883204
0.50977
0.5803345
0.5760427
0.482603
0.3429862
0.3847897
0.4161062
0.5105856
0.564732
0.5196611
0.4719319
0.4895115
0.5289288
0.5229274
0.4796201
0.5328796
0.4890679
0.3817182
0.4926124
0.5338795
0.5082582
0.581645
0.5298642
0.5573054
0.6339116
0.5299564
0.5574844
0.3692184
0.5670854
0.5083961
0.5956424
0.5485441
0.4004568
0.5863715
0.5543198
0.5958533
0.5791428
0.3719906
0.5876447
0.5575758
0.6125219
0.7162688
0.6132364
0.6202452
0.6604069
0.6722075
0.4941709
0.7309914
0.559211
0.5824335
0.4594764
0.7312433
0.5506104
0.5889442
0.563038
0.4954296
0.5543701
0.6193982
0.7179886
0.6636775
0.6735404
0.4737663
0.3931316
0.5788089
0.5613027
0.5625945
0.6998123
0.6099152
0.713619
0.4721742
0.522949
0.6914408
0.6499459
0.6271886
0.5481524
0.4886612
0.45526
0.6917461
0.7979267
0.6442655
0.6576608
0.7306682
0.6831442
0.5823693
0.665497
0.5958324
0.7077509
0.7165388
0.6382524
0.6447121
0.6077636
0.4379324
0.6797644
0.6956428
0.6881507
0.7387033
0.6657874
0.5913692
0.6909403
0.5550436
0.8383192
0.5419396
0.7265012
0.7640379
0.6947545
0.7735829
0.6407349
0.5555833
0.8392236
0.6816003
0.683317
0.6222982
0.6558424
0.9615076
0.6331362
0.598141
0.773663
0.6684464
0.7842089
0.7224013
0.793575
0.700053
0.6914679
0.7371793
0.7816649
0.6147286
0.8822047
0.7459029
0.6467753
0.6597036
0.7705455
0.6306842
0.8410431
0.6646599
0.7056442
0.8580106
0.7575856
0.8740491
0.8674613
0.7600897
0.6513885
0.751018
0.7437024
0.7698782
0.7291309
0.7112628
0.7208299
0.9283576
0.7341198
0.6421728
0.6549973
0.8202965
0.8509126
0.8065977
0.8211411
0.734841
0.7380682
0.7614125
0.8576702
0.8081869
0.7859133
0.87291
0.8318724
0.9717367
0.6243322
0.7726227
0.7076992
0.7669352
0.8366133
0.8404202
0.8093419
0.8178303
0.9481294
0.8280471
0.7671753
0.7617109
0.7692957
0.8062989
0.7923924
0.8629222
0.8468854
0.9900325
0.8210799
1.02673
0.7636358
0.7723015
0.6129321
0.7127604
0.8550485
0.7799103
0.8575017
0.7859003
0.8326047
0.9052621
0.9415788
0.8251795
0.8470547
1.125608
0.6867227
0.8996298
0.9457054
0.8857844
0.8582032
0.8903473
0.9448815
0.8562982
0.9747507
0.7865115
0.8721743
0.8582079
0.9408047
0.9940028
0.8546717
0.7891121
0.9435326
0.9234657
0.9213209
0.8462391
0.9871331
0.9873573
0.9758252
0.9544519
0.7948888
0.9297129
0.9256369
0.9923637
0.950531
0.9251093
0.8610621
0.9671829
0.9464012
0.8052078
0.888813
0.815659
0.9773911
0.7943513
0.9413377
1.069092
1.026867
1.005756
0.9459537
0.9059362
1.05702
1.039245
1.08144
0.9913432
1.015567
0.9295842
0.8675638
0.8879142
1.069821
0.8955324
0.829692
0.9103858
0.8899496
1.0792
0.9690265
0.9689587
0.9721329
0.9216989
0.9119107
1.01831