0.03586602
-0.9537627
-1.026613
-0.9623504
-1.06166
-0.9436564
-0.9936056
-1.009894
-1.128327
-0.991636
-0.9539176
-0.9420142
-1.023081
-0.9470305
-0.9282471
-0.9442191
-0.9169463
-0.8525484
-1.009492
-0.955261
-1.028176
-0.9572937
-0.8517729
-0.9116843
-1.090012
-0.8661714
-0.9034571
-0.9616479
-1.021809
-0.9377974
-0.9388532
-0.9058204
-0.8706113
-0.9956436
-0.8621343
-0.8748346
-0.9013679
-0.8116124
-0.8987509
-0.9177385
-0.667897
-0.7403455
-0.8643811
-0.8878371
-0.9914696
-0.7971022
-0.9530001
-0.9335683
-0.9462939
-0.9429735
-0.8330629
-1.034606
-1.024172
-0.6861428
-0.7480465
-0.7936891
-0.8619601
-1.009738
-0.8620502
-0.834396
-0.7165642
-0.8365456
-0.9490673
-0.9572471
-0.9004691
-0.8289054
-0.9471848
-0.8139632
-0.8751892
-0.797365
-0.7980987
-0.6441543
-0.7388045
-0.9932327
-0.9812206
-0.8600777
-0.8038872
-1.038426
-0.7038449
-0.8364108
-0.8277946
-0.8569436
-0.8895954
-0.8600985
-0.8217462
-0.8020253
-0.6652591
-0.8943464
-0.7771734
-0.9257645
-0.8466941
-0.8263357
-0.7324817
-0.8852732
-0.7303649
-0.7170028
-0.6898556
-0.8221258
-0.7276663
-0.8297594
-0.8041634
-0.7334591
-0.7875394
-0.9040727
-0.8825893
-0.9290202
-0.7463078
-0.7167743
-0.8966386
-0.7038541
-0.8579066
-0.7944711
-0.7667167
-0.7127852
-0.7079648
-0.7922708
-0.6839939
-0.7186388
-0.8576563
-0.7339366
-0.7992914
-0.7285053
-0.8861709
-0.8331194
-0.7219384
-0.5914678
-0.7154482
-0.9197644
-0.7153321
-0.710839
-0.7170681
-0.5617931
-0.7515039
-0.8189424
-0.7471043
-0.7690011
-0.7048207
-0.5336959
-0.5474811
-0.6993954
-0.7620986
-0.6749396
-0.7786491
-0.794146
-0.7697658
-0.7342349
-0.6261777
-0.7117285
-0.6503835
-0.6632601
-0.7008947
-0.7098788
-0.7108211
-0.6471698
-0.7399451
-0.6467181
-0.755919
-0.6633833
-0.6004369
-0.5787693
-0.6342544
-0.5744834
-0.5505489
-0.6084623
-0.6591201
-0.6586781
-0.6213146
-0.6590013
-0.8296
-0.5802836
-0.6436279
-0.5934888
-0.6851175
-0.6969786
-0.5906476
-0.7621602
-0.6603733
-0.7755094
-0.6438394
-0.8379165
-0.5222622
-0.6510542
-0.6010798
-0.6933259
-0.5719529
-0.5660533
-0.5096402
-0.6462751
-0.681649
-0.5897588
-0.6656083
-0.5883239
-0.645932
-0.688678
-0.6707102
-0.542434
-0.571022
-0.5409992
-0.4877006
-0.4970975
-0.6143046
-0.5629879
-0.6601168
-0.5336786
-0.6458946
-0.7499879
-0.6241549
-0.7929331
-0.4661811
-0.4737908
-0.5592059
-0.5770953
-0.5747663
-0.5059597
-0.6408619
-0.6222019
-0.5413569
-0.5718121
-0.55958
-0.664986
-0.3899813
-0.553577
-0.5497493
-0.5326528
-0.5971822
-0.5236396
-0.5501434
-0.7079524
-0.5060262
-0.5143425
-0.566533
-0.5508368
-0.5198285
-0.4685407
-0.6820951
-0.5361027
-0.7033239
-0.4973995
-0.5339597
-0.6457726
-0.6522273
-0.5133854
-0.5036647
-0.4885744
-0.600483
-0.6042795
-0.4563073
-0.4773474
-0.5521085
-0.3850012
-0.4286537
-0.5257556
-0.657293
-0.4828807
-0.5243283
-0.4729654
-0.4667152
-0.6586254
-0.4935937
-0.4685255
-0.4346496
-0.5141366
-0.6055226
-0.523586
-0.2676767
-0.4348858
-0.4342656
-0.4981232
-0.4844216
-0.3924165
-0.3850547
-0.3295062
-0.4048478
-0.6338651
-0.585269
-0.398408
-0.4489402
-0.5263839
-0.3840954
-0.3859851
-0.5356432
-0.4117117
-0.517472
-0.3612583
-0.5172555
-0.599321
-0.3108848
-0.4485565
-0.3433658
-0.4651306
-0.29702
-0.4297126
-0.5508983
-0.3601184
-0.3206738
-0.441354
-0.4307178
-0.5158224
-0.3212759
-0.3789623
-0.3939558
-0.4714422
-0.4142973
-0.4735435
-0.4117224
-0.4440311
-0.3284197
-0.484664
-0.4928961
-0.4215776
-0.2871702
-0.5045111
-0.3876434
-0.4757835
-0.4327585
-0.3469623
-0.4418658
-0.5166262
-0.2486146
-0.3515479
-0.3178405
-0.2922719
-0.4244474
-0.3661228
-0.3171744
-0.5347211
-0.4896133
-0.2035677
-0.2835248
-0.2880098
-0.2769672
-0.3470627
-0.3484801
-0.3018595
-0.1945261
-0.4061008
-0.4870742
-0.2361476
-0.3287772
-0.3186711
-0.2996757
-0.3667304
-0.4159016
-0.4298681
-0.2977803
-0.2937221
-0.298896
-0.2129554
-0.2371427
-0.367897
-0.3207739
-0.3544563
-0.3768932
-0.2501389
-0.2228852
-0.2490643
-0.2079723
-0.2511487
-0.3304657
-0.2794558
-0.2784808
-0.2254087
-0.2828106
-0.3978782
-0.2911532
-0.1638495
-0.2572413
-0.3214381
-0.247278
-0.4280965
-0.1660601
-0.2210185
-0.2317814
-0.3750582
-0.3981726
-0.2284118
-0.2734177
-0.2613889
-0.2989272
-0.2285128
-0.08304904
-0.1444636
-0.4242078
-0.2876929
-0.3944627
-0.2762606
-0.1204233
-0.1996656
-0.2504171
-0.2535635
-0.2163544
-0.1425377
-0.182883
-0.2193978
-0.3695008
-0.3716985
-0.3377567
-0.3226267
-0.1871602
-0.2345534
-0.1228309
-0.06684456
-0.2487387
-0.3349284
-0.1226376
-0.1879002
-0.1398116
-0.1507504
-0.148107
-0.08990021
-0.1653082
-0.09757568
-0.1604342
-0.1365809
-0.1456442
-0.1508955
-0.2022875
-0.1520545
-0.007517853
-0.2055457
-0.1567229
-0.3136206
-0.2186781
-0.1584233
-0.1495185
-0.04732114
-0.1227002
-0.1785311
-0.05974096
-0.06136526
-0.1227037
-0.06161399
-0.2230709
-0.07064496
-0.1049351
0.01865598
-0.1200617
-0.08739452
-0.1677044
-0.08500067
-0.08162079
-0.168971
-0.2966588
-0.1791815
-0.2098171
-0.1939113
-0.2255519
-0.2447009
-0.09464791
-0.02056025
0.01164427
-0.1363803
-0.1882884
-0.06318317
-0.09810402
0.01208258
0.01871076
-0.1534178
0.01528808
-0.09282721
-0.1054459
-0.1235026
-0.1748256
-0.03152236
-0.04595358
-0.1086493
-0.1319725
0.02308763
-0.1456093
-0.06413583
-0.05232784
-0.09248174
0.05644839
-0.1286859
0.02581362
-0.04474519
-0.1472974
-0.07027873
-0.09474692
0.01481391
-0.08972614
0.0733892
-0.04946164
-0.08299687
-0.0162956
-0.1393238
0.07385224
-0.0269542
0.1156819
-0.09687456
-0.06286828
-0.02663992
0.05018079
-0.03966279
0.01220395
0.07327375
-0.1141617
-0.1112226
0.04261794
0.002576777
-0.06755127
-0.1721178
0.0760768
-0.02415048
-0.07753734
0.07147544
0.005353374
0.2298779
0.1654083
-0.1018861
0.04377821
-0.07816155
0.1107223
0.008320844
0.08475849
0.1071921
0.07164268
0.2065724
0.1301826
-0.06626435
0.01084537
-0.08863923
-0.002484467
0.1104562
0.2119056
0.05565947
-0.06973259
-0.06465567
0.1842436
0.07300522
0.1233185
0.02174015
-0.0108457
0.1961747
0.1006084
0.1489374
0.03151381
-0.03242299
-0.00957793
0.2573666
-0.09735429
0.07210926
0.1129463
0.03699317
0.1315204
-0.04948373
0.2086134
0.04169041
0.09911911
0.1489465
0.01890294
0.1498995
0.04607825
0.004100776
0.1566811
0.183812
0.1344397
0.1188022
0.1522838
0.2460035
0.2073899
0.1448924
0.06678432
0.1628296
0.02036516
0.1548936
0.07963425
-0.04509745
0.1049661
0.235721
0.08249385
0.1350528
0.09929791
0.09192448
0.1645106
0.1310731
0.06445128
0.009212537
0.1065001
0.165618
0.1616666
0.3059521
0.2467181
0.1624183
0.2326337
0.1921812
0.1248803
0.1936395
0.1176413
0.1577958
0.2612867
0.1389429
0.2253522
0.1546449
0.2004127
0.2144348
0.0352463
0.2418924
0.2577853
0.2994574
0.2600874
0.3612744
0.101946
0.3008792
0.1476138
0.3017714
0.09744418
0.2869419
0.1969407
0.3227058
0.269288
0.1968917
0.2442731
0.2677969
0.3375923
0.342889
0.304721
0.1918653
0.3049797
0.2186378
-0.03084974
0.1904246
0.1742974
0.1853686
0.284697
0.322881
0.2781994
0.3350225
0.2385058
0.3484555
0.2665685
0.1801338
0.09052174
0.3415034
0.1593235
0.4443105
0.2922907
0.1896748
0.3364569
0.226398
0.2957125
0.3894593
0.3486915
0.3308789
0.4007674
0.3712985
0.1928746
0.1283648
0.2779041
0.1076241
0.2361566
0.2861134
0.3498055
0.2829438
0.3532885
0.2403029
0.216469
0.3133443
0.2722395
0.2794988
0.4635032
0.1506537
0.3219982
0.3262718
0.3097274
0.3691598
0.2101801
0.3761737
0.2515
0.29275
0.2439055
0.3425626
0.2498307
0.328561
0.2793569
0.4490767
0.4567984
0.352789
0.4222451
0.3867758
0.5252511
0.2412222
0.3232639
0.3256805
0.3755434
0.3649734
0.3356156
0.3896283
0.2733134
0.3522794
0.3865267
0.4063873
0.3839814
0.5791458
0.3766582
0.3497208
0.3852575
0.4649536
0.3884376
0.5032057
0.383684
0.4933498
0.293822
0.4003326
0.431612
0.3310245
0.4104593
0.2831617
0.2897235
0.3117685
0.4111932
0.4271467
0.5874608
0.5129616
0.5352401
0.2724217
0.3607175
0.488637
0.4155777
0.4176511
0.480777
0.521863
0.4587491
0.5774273
0.3824965
0.4569109
0.437566
0.311135
0.5174311
0.3992666
0.5882293
0.5752593
0.3347602
0.2713032
0.5281031
0.4853633
0.3831399
0.5240243
0.5929149
0.4711796
0.4143541
0.5393153
0.5756979
0.3765118
0.5179781
0.5626612
0.3598222
0.5355936
0.6856833
0.4581731
0.4649737
0.5299891
0.6776376
0.4867985
0.329409
0.6133169
0.6165637
0.639609
0.5209909
0.7408922
0.5303945
0.5049951
0.5755371
0.5633776
0.4959899
0.5236934
0.4174913
0.4944572
0.5882065
0.6015646
0.5201612
0.5554022
0.5135656
0.6447404
0.6095906
0.5969587
0.5882701
0.491668
0.5635427
0.554369
0.4470176
0.5104121
0.4189612
0.4888674
0.7148623
0.61095
0.5119892
0.5832817
0.6486711
0.6493264
0.5769123
0.5600915
0.6545958
0.5354029
0.4839532
0.6730151
0.4908319
0.5394239
0.4595846
0.6229723
0.5926963
0.6224939
0.5229418
0.6208737
0.6981663
0.6657063
0.6313884
0.6407133
0.5382421
0.716072
0.6717871
0.5461187
0.6569663
0.566709
0.7582706
0.605355
0.6606711
0.7411716
0.7002081
0.6267485
0.6778791
0.5650452
0.5342937
0.6381476
0.7295057
0.7403326
0.6585272
0.7402064
0.6014819
0.6792182
0.6648436
0.572333
0.6442549
0.5270052
0.7272116
0.7264863
0.7634353
0.7634314
0.7789335
0.7273251
0.5486891
0.7706666
0.6382561
0.7401279
0.7432752
0.7101692
0.6465381
0.5839915
0.5011451
0.6885749
0.7210202
0.7723807
0.7336455
0.8003202
0.6723995
0.7024691
0.7811609
0.7078615
0.6252791
0.6994913
0.808504
0.7822929
0.6264098
0.7864723
0.7482714
0.6383665
0.6371672
0.8381788
0.7141816
0.7973156
0.8970685
0.6645991
0.6927943
0.7586085
0.73857
0.5879089
0.8416949
0.6932912
0.6983002
0.7259189
0.958011
0.7653847
0.745751
0.8209022
0.7871273
0.7138882
0.8566193
0.8002211
0.7903738
0.6216347
0.6530253
0.8122678
0.8009251
0.9004747
0.821715
0.7773424
0.8458427
0.930809
0.845688
0.6977936
0.9159688
0.7865411
0.6975536
0.881878
0.626234
0.7731885
0.7463316
0.7682915
0.7942951
0.7910693
0.8012927
0.8664822
0.7632128
0.8036884
0.8724955
0.7736034
0.8342718
0.8040179
0.8806214
0.887425
1.050758
0.9364693
0.8160317
0.8719639
0.8697916
0.8945714
0.7853003
0.9351863
0.9753424
0.8162119
0.9091638
0.7521616
0.7656916
0.7112347
0.9034471
0.7659329
0.9614222
0.9431426
0.8949808
0.9135802
0.9884908
0.8381768
0.8565173
1.009499
0.85967
1.044728
1.003406
0.7657414
0.9310964
1.007573
0.8589328
0.8352441
0.7743217
0.882669
1.001046
0.7578748
0.8796128
0.8454917
0.7109718
0.8957549
0.9369199
0.8987697
1.120188
1.022311
0.9317346
0.9867744
0.9000152
1.012831
0.9789352
0.912199
0.9887076
0.998301
0.9703099
0.9909202
0.8090596
1.011526
0.8359979
1.045037
0.9089735
1.001761
0.824774
0.9749548
0.9880368
0.8811411
0.9084749
1.061017
0.9995053
1.049446
1.018856
1.012669
0.8946058
1.066861
0.9683453
1.059016
1.005844
0.9070389
0.9987395
1.093006
0.9470519
0.9083331
0.8587828