-0.02070034
-0.9666188
-0.948121
-0.9924553
-1.057577
-0.9189208
-0.8725714
-0.9662426
-0.8647061
-0.9954982
-1.089157
-1.076611
-1.092172
-0.9460123
-0.8838007
-1.036565
-0.9739956
-0.9608545
-1.007836
-0.9399412
-1.112675
-1.089777
-0.9531132
-1.088629
-0.9473134
-0.7958998
-0.954133
-1.078521
-0.9214546
-0.9582744
-1.016909
-0.902737
-0.8397908
-0.953831
-0.981605
-1.063006
-0.9750507
-1.080546
-0.8626711
-0.8957288
-0.7381664
-0.8572669
-0.9574586
-0.9569445
-1.017405
-0.8844307
-0.9827893
-0.9668568
-1.051611
-0.8845445
-0.9150371
-0.8313923
-0.9171482
-0.8880097
-0.9283817
-0.9296574
-1.031052
-0.9497565
-0.7871145
-0.8424261
-0.8414807
-0.9175919
-1.001034
-0.8339631
-0.7781212
-0.9045931
-0.8619314
-0.9502598
-0.9289382
-0.8830891
-0.8003468
-0.7916748
-0.8088133
-0.9128715
-0.7203636
-0.803386
-0.8747906
-0.8434689
-0.8010179
-0.9076732
-0.8685164
-0.7386482
-0.7551241
-0.7852425
-0.7103491
-0.9456386
-0.8012196
-0.8324071
-0.889323
-0.6743058
-0.7038669
-0.9688448
-0.7818345
-0.8473532
-0.8910445
-0.6885578
-0.6780923
-0.8961138
-0.7248304
-0.7905531
-0.7565011
-0.9162305
-0.7814674
-0.8675577
-0.7528101
-0.8563258
-0.8438814
-0.8886677
-0.9188861
-0.7295794
-0.7827838
-0.7414465
-0.7202442
-0.8524971
-0.6911597
-0.9118282
-0.5627973
-0.953349
-0.914893
-0.7677625
-0.7178188
-0.833109
-0.7006706
-0.8851246
-0.8159675
-0.8827199
-0.7700564
-0.7029907
-0.7510683
-0.8763643
-0.8421584
-0.6430888
-0.634971
-0.8285895
-0.6432024
-0.8583193
-0.7878781
-0.7934459
-0.5841919
-0.7040643
-0.6982221
-0.8949854
-0.7187391
-0.5523812
-0.7519444
-0.7095512
-0.7650801
-0.7716407
-0.619984
-0.5630014
-0.7075248
-0.7550669
-0.6766113
-0.7010139
-0.6674197
-0.6118041
-0.6579632
-0.8166562
-0.6395556
-0.6533206
-0.7558493
-0.6023705
-0.7391572
-0.6072132
-0.6671268
-0.6700766
-0.6143198
-0.7564927
-0.6279117
-0.6579738
-0.6195915
-0.5187346
-0.4551099
-0.6087016
-0.7902245
-0.5138472
-0.6851862
-0.674914
-0.5583317
-0.8030319
-0.7873626
-0.6182429
-0.7087097
-0.6292006
-0.7266236
-0.7027227
-0.5870363
-0.7806371
-0.6166661
-0.6427539
-0.7034512
-0.5562411
-0.5027784
-0.5324621
-0.5814333
-0.6816413
-0.6232004
-0.6680309
-0.6967461
-0.6060582
-0.6044037
-0.6080951
-0.5181314
-0.5282492
-0.6209851
-0.544482
-0.6116036
-0.4995126
-0.6479747
-0.4699008
-0.5577514
-0.6643978
-0.6196064
-0.5183414
-0.6731598
-0.5526766
-0.6156696
-0.4310749
-0.4740925
-0.7047138
-0.6508427
-0.6426205
-0.6045996
-0.6054173
-0.5488513
-0.4516916
-0.4361287
-0.6886689
-0.6920589
-0.543377
-0.5882495
-0.5273866
-0.3633094
-0.6081928
-0.5584326
-0.3811032
-0.4953227
-0.399117
-0.4768384
-0.37937
-0.645179
-0.4779991
-0.561367
-0.4077677
-0.4458456
-0.4884007
-0.4011883
-0.5113636
-0.5879547
-0.5334056
-0.5184049
-0.4269564
-0.4998242
-0.3832357
-0.6824152
-0.5502609
-0.5400018
-0.4121625
-0.3662657
-0.4981679
-0.4553099
-0.4915994
-0.3699178
-0.4705869
-0.3083912
-0.5017067
-0.4451217
-0.512825
-0.5685578
-0.4252402
-0.4508265
-0.4887033
-0.5064982
-0.5275732
-0.3594358
-0.3506839
-0.4425269
-0.487503
-0.3638543
-0.5610424
-0.3998825
-0.4995463
-0.3848956
-0.3766416
-0.4900193
-0.4428178
-0.4782634
-0.4936931
-0.3543906
-0.2873189
-0.413384
-0.3578928
-0.5319986
-0.310375
-0.4099843
-0.6209892
-0.3168728
-0.4969771
-0.425324
-0.3156555
-0.4921674
-0.2916449
-0.2883203
-0.3378982
-0.4036445
-0.2691267
-0.3540182
-0.5693006
-0.1801148
-0.3489127
-0.2677927
-0.3013032
-0.4007022
-0.4572118
-0.3119088
-0.3538965
-0.3225563
-0.2824214
-0.438048
-0.31695
-0.3663723
-0.3338389
-0.3572441
-0.4796726
-0.3245992
-0.2664902
-0.3234902
-0.441332
-0.3886389
-0.3704352
-0.5196132
-0.4295321
-0.3141098
-0.3533272
-0.2880442
-0.3442052
-0.2848164
-0.339229
-0.3149363
-0.395516
-0.3603479
-0.2732289
-0.2053497
-0.3326889
-0.3701119
-0.3027985
-0.378157
-0.2682229
-0.2654309
-0.4181373
-0.394648
-0.2939151
-0.2684057
-0.2177382
-0.4892481
-0.04080514
-0.07970342
-0.2095337
-0.2180421
-0.31463
-0.3034962
-0.2580608
-0.3145874
-0.4110364
-0.2450569
-0.2428052
-0.3421001
-0.3700855
-0.162042
-0.2842972
-0.2236387
-0.2441139
-0.3132872
-0.2566236
-0.3607393
-0.2591739
-0.3826245
-0.4061383
-0.2093571
-0.2551295
-0.07326998
-0.3146809
-0.3051861
-0.3498796
-0.3474707
-0.1834307
-0.3252167
-0.3432367
-0.2350015
-0.2084506
-0.1933272
-0.316707
-0.2690906
-0.2709095
-0.3984257
-0.256375
-0.2200878
-0.1941743
-0.1442898
-0.3633179
-0.1871376
-0.1172755
-0.1707967
-0.163581
-0.1394777
-0.2263465
-0.1837876
-0.2090737
-0.1078493
-0.2902967
-0.1542782
-0.1629859
-0.1930154
-0.1026232
-0.08501348
-0.0659274
-0.3260075
-0.3786699
-0.2137907
-0.2238519
0.04215222
-0.1971924
-0.1861056
-0.1263604
-0.2062615
-0.06889458
-0.2144375
-0.1519614
-0.1300059
-0.05889168
-0.08996742
-0.1091998
-0.04642191
-0.0511017
-0.101954
-0.08567458
-0.2703163
-0.3584268
-0.13897
-0.2612821
0.04902538
-0.08553836
-0.2177747
-0.1213461
-0.1399171
-0.1740899
-0.2517935
-0.1509499
-0.02233314
-0.002392321
-0.1670809
-0.1254859
-0.08642403
-0.1609064
-0.1938352
-0.04804835
-0.1571224
-0.04802845
-0.08311765
-0.1264964
-0.2004952
-0.01868739
0.01373646
0.008101943
-0.04614562
-0.1209571
-0.0418762
0.003402241
-0.02890335
-0.1618522
-0.06790017
0.04123807
-0.08739718
-0.05145812
-0.07368274
-0.1227074
-0.04901497
0.03275457
-0.07665304
-0.0243043
-0.1189842
-0.1000563
0.0404488
0.1159143
0.008090531
-0.003845172
-0.09863428
-0.1308292
0.01761578
-0.06270084
-0.06946149
-0.002352731
-0.1646436
0.1697768
-0.05468738
-0.02763839
0.01122505
-0.02095774
0.09882022
-0.1118676
-0.05312389
0.09270767
-0.03001531
0.06592214
-0.02160153
0.02527856
-0.02627435
-0.1222208
0.02673576
0.04019588
0.08878399
-0.06506188
-0.03783915
0.06373892
0.009156332
0.0383377
0.03913581
0.05302122
0.0191549
-0.1052025
-0.04015907
0.1732895
0.006124302
-0.01258001
0.2864206
0.06014602
0.01964092
0.006223204
0.1204626
-0.01672146
0.1402502
0.1204675
0.08718979
0.168371
0.06112786
-0.02531783
0.01175461
0.1761573
0.1328943
0.08843728
0.09481853
-0.003979508
0.050583
0.05846468
0.1112546
0.09608484
0.09180361
0.1251369
0.2671282
0.0852946
0.1450813
0.07863111
0.02558828
0.1840691
0.05498848
0.1319373
0.2076846
0.2089448
0.07233396
0.08430253
0.1477478
0.1358568
0.1058348
0.2098387
0.04427938
-0.05212668
0.1374895
0.1210915
0.1676874
0.1388973
0.2054878
0.1858128
0.2101732
0.1000563
0.09388594
0.1986733
0.1163928
0.150033
0.2152674
0.244385
0.1601707
0.1910121
0.1970783
0.32075
0.09110344
-0.01414198
0.1329416
0.08554326
0.1913313
0.2823457
0.3266293
0.2607187
0.05817571
0.2039436
0.2161759
0.287389
0.2456571
0.1255034
0.2632747
0.05234452
0.1839743
0.184713
0.2978326
0.1856718
0.101619
0.2058011
0.2755845
0.1848881
0.3108882
0.2045047
0.2986135
0.3099164
0.1889081
0.2557211
0.1878272
0.2480691
0.2897578
0.1769012
0.2785338
0.07444288
0.232713
0.2007965
0.1736491
0.2366724
0.197067
0.3033843
0.283891
0.1911961
0.1292423
0.2815069
0.3164874
0.05377813
0.130913
0.4453979
0.2896247
0.06314017
0.2177632
0.4180217
0.2766012
0.2785015
0.3546813
0.3106581
0.3123657
0.303735
0.2972273
0.2458114
0.2950534
0.2446871
0.3329151
0.3355798
0.3653153
0.3230158
0.3056902
0.388876
0.3352499
0.3258728
0.2579129
0.2746826
0.2998937
0.2495335
0.3111055
0.3092088
0.3306125
0.1932848
0.3806453
0.41084
0.2550857
0.3025771
0.3945371
0.2713188
0.4548662
0.3181209
0.206814
0.3567263
0.4530601
0.4291442
0.3376804
0.217401
0.3908324
0.2261318
0.3943945
0.2671244
0.3184568
0.3181023
0.3625505
0.4472965
0.4940761
0.3801196
0.5367956
0.4603293
0.4415274
0.3931794
0.3193275
0.5495202
0.257303
0.4055581
0.2710862
0.2598719
0.3427015
0.3948624
0.4139507
0.3521371
0.4715931
0.3979472
0.3946152
0.3047924
0.4527271
0.3795549
0.4542815
0.3780091
0.6512874
0.402335
0.5415857
0.3578384
0.348188
0.3854266
0.3816817
0.4971116
0.4193004
0.2810862
0.3608171
0.4648943
0.5464953
0.4637117
0.6130754
0.4027746
0.3200585
0.4544489
0.4333647
0.4601205
0.5162793
0.5054408
0.3938331
0.4970828
0.5999685
0.3878182
0.5245925
0.552134
0.4315117
0.3875618
0.4163144
0.5688869
0.3403063
0.5631787
0.5292522
0.5888779
0.5258716
0.5533599
0.3666885
0.4377911
0.4274706
0.592641
0.5693079
0.3875914
0.5396965
0.4425889
0.6142957
0.621603
0.484084
0.5594565
0.4357443
0.5974437
0.5703048
0.5132393
0.4409393
0.501571
0.4809624
0.5610139
0.5121573
0.5389722
0.5391272
0.597151
0.6463512
0.4772011
0.6621897
0.7032412
0.5161481
0.5768657
0.4324635
0.6126398
0.5047012
0.5751178
0.4744576
0.5029286
0.6786883
0.5392536
0.5056061
0.5782248
0.6351621
0.5590092
0.5545406
0.4590534
0.4239237
0.6016332
0.5531299
0.4732391
0.6710575
0.5888685
0.6201653
0.6205642
0.52477
0.5850059
0.5760562
0.6495474
0.7371984
0.5721577
0.7025817
0.6348924
0.541192
0.5139875
0.6611661
0.735103
0.5840531
0.6204508
0.5925616
0.6521845
0.4335271
0.549299
0.6802144
0.5001772
0.7262823
0.6054901
0.7349804
0.7360316
0.639648
0.7013499
0.7502519
0.6275391
0.7625966
0.5693318
0.557308
0.6056598
0.6715872
0.5249318
0.5848068
0.8558808
0.5900154
0.6694372
0.6478275
0.8326304
0.7115454
0.6378465
0.6403222
0.7508376
0.7023896
0.7199747
0.7444137
0.6430673
0.6679098
0.6443548
0.7806713
0.7739787
0.7206614
0.6045475
0.704668
0.6570068
0.6765984
0.7255982
0.7876642
0.7755661
0.7088173
0.7852563
0.6949801
0.6477334
0.768136
0.5930011
0.8143985
0.72994
0.7267279
0.7446996
0.6691073
0.7383403
0.720121
0.6823618
0.7485577
0.7558935
0.7636568
0.8276264
0.670313
0.7256063
0.6950695
0.6750552
0.8295374
0.8514498
0.8839192
0.6859199
0.8482205
0.9092289
0.7783754
0.8394129
0.7400305
0.7858637
0.8174777
0.7648958
0.8070193
0.8859499
0.7896713
0.7242413
0.9482038
0.7525448
0.8288518
0.7873207
0.8361531
0.7952331
0.7661745
0.7727224
0.8065291
0.8826964
0.7862003
0.768236
0.8160214
0.8798087
0.9801854
0.8814057
0.7963253
0.7181296
0.9405137
0.904747
0.870383
0.8935211
0.8680378
0.9616673
0.8909796
0.8981635
0.9215572
0.6709518
0.9593354
0.8645926
0.8665463
0.7911309
0.8173594
0.8393567
0.888436
1.002045
0.9186505
0.8681029
0.8458097
0.8064732
0.7991857
0.9314259
0.8318925
0.8276255
0.8668625
0.637775
0.9148378
0.8518853
0.8528826
0.8606077
1.046925
0.8937609
0.8870002
0.8054105
1.053753
0.8802358
0.8919275
1.049715
1.10491
0.8039174
1.020118
0.9125784
1.059089
1.07805
0.9115255
0.8924808
0.8524304
0.8990311
0.9106569
0.7971862
0.8985583
0.9878369
1.062805
0.9587609
1.043439
0.9461182
0.8499988
0.8396575
0.7981126
0.9527686
0.9159627
0.8607553
1.020136
0.8192237
0.9702835
0.9690158
0.8859317
1.042056
1.10832
0.9670716
0.9798497
1.07379
0.9244344
0.966843
1.027098
1.016835
1.024654
1.033066
0.7809436
1.057822
0.8805629
1.027117
1.01507