-0.03792894
-1.083973
-0.973277
-1.04614
-0.9174663
-0.9342569
-0.8766237
-0.9147825
-0.9905537
-1.126123
-0.9401351
-0.9348293
-0.9699857
-0.9738516
-0.8871386
-1.033086
-1.001811
-0.7538704
-1.006143
-1.018524
-0.9603317
-0.7814555
-0.923523
-0.9873952
-0.873359
-0.9149713
-1.003882
-0.9399852
-0.9401565
-0.9294531
-0.7815805
-0.9321303
-0.8315923
-1.037074
-0.9408424
-0.8636447
-0.9612937
-0.9123111
-0.9774205
-0.8560355
-0.871811
-0.9563542
-0.9505958
-1.077011
-0.9779185
-1.011569
-0.9664046
-1.057094
-0.9442318
-0.8744498
-0.9216445
-0.9675393
-0.9910747
-0.8668533
-0.9199318
-0.9762643
-0.8362964
-0.810616
-0.9124588
-0.9314719
-0.8813588
-0.9082475
-1.036203
-0.9948198
-0.798191
-0.863322
-0.8307652
-0.9103276
-0.7178761
-0.9617393
-0.9084759
-0.9834382
-0.9104485
-0.9363423
-0.9566092
-0.8182317
-0.9062977
-0.8810528
-0.7170971
-0.8153252
-0.781195
-0.8773646
-0.8241202
-0.9329287
-0.9550881
-1.01182
-0.8419477
-0.7590306
-0.7843479
-0.8146545
-0.9226964
-0.933263
-0.7285279
-0.9219015
-0.7655711
-0.8972232
-0.7743686
-0.7519028
-0.9314901
-0.7768814
-0.8395468
-0.7498182
-0.7882436
-0.7988362
-0.726051
-0.7410433
-0.8289499
-0.5846223
-0.7329094
-0.7901603
-0.880854
-0.8163461
-0.8329224
-0.788075
-0.5612007
-0.8205372
-0.8006754
-0.7572807
-0.7881237
-0.6690844
-0.8624731
-0.6843432
-0.891534
-0.6847575
-0.6904872
-0.8053154
-0.7933162
-0.7905808
-0.7935085
-0.8570802
-0.8248373
-0.7456438
-0.8254709
-0.6096914
-0.7059952
-0.8051578
-0.7951057
-0.7007448
-0.7322179
-0.8077867
-0.6950332
-0.765892
-0.7515146
-0.4870342
-0.7930314
-0.64624
-0.7354143
-0.4748217
-0.6265176
-0.6486881
-0.7225562
-0.6151866
-0.6562399
-0.6516521
-0.7118161
-0.7410461
-0.6794931
-0.7034401
-0.580481
-0.7981761
-0.7197629
-0.649479
-0.5944415
-0.6026268
-0.6211552
-0.7073579
-0.7199655
-0.6837442
-0.6975916
-0.615059
-0.596908
-0.6835268
-0.6146948
-0.4931344
-0.7462113
-0.5795859
-0.7673934
-0.6318053
-0.7756382
-0.5853399
-0.5501161
-0.6172642
-0.6419491
-0.5777535
-0.599824
-0.6117414
-0.7228493
-0.6524946
-0.5832889
-0.5563512
-0.766604
-0.6301629
-0.7450686
-0.56262
-0.5923359
-0.616825
-0.5543576
-0.6483353
-0.6520795
-0.4711096
-0.5553594
-0.7754712
-0.6417725
-0.6303986
-0.6537984
-0.6592238
-0.5688058
-0.4164257
-0.6011958
-0.4110177
-0.5228287
-0.5809884
-0.5012168
-0.4977659
-0.6107254
-0.5999714
-0.5513647
-0.6751658
-0.4861504
-0.6451023
-0.5912205
-0.5398701
-0.6625394
-0.6717286
-0.4242749
-0.6372469
-0.5644704
-0.3845863
-0.4960118
-0.5902677
-0.5644421
-0.3820121
-0.6062126
-0.4803753
-0.5997762
-0.6289818
-0.5027331
-0.4884297
-0.5603606
-0.4570376
-0.5259579
-0.4710451
-0.561827
-0.592691
-0.4599569
-0.5793487
-0.5983344
-0.5049578
-0.5608635
-0.6468581
-0.5577427
-0.3600093
-0.6671791
-0.3617578
-0.5355947
-0.5433315
-0.4954852
-0.4586896
-0.4653304
-0.3782734
-0.3844731
-0.4815978
-0.6047875
-0.464818
-0.503137
-0.5573535
-0.4036638
-0.3947739
-0.4280084
-0.4856264
-0.4019279
-0.3318618
-0.4673926
-0.3973999
-0.2911428
-0.3443548
-0.4518447
-0.4781221
-0.3776229
-0.5172045
-0.4435099
-0.4276864
-0.3801306
-0.4739873
-0.5398063
-0.3029664
-0.4627459
-0.525675
-0.2777249
-0.5923402
-0.4591145
-0.3690245
-0.426843
-0.3697452
-0.4146424
-0.3859433
-0.4015033
-0.5419212
-0.3611215
-0.4332959
-0.5662621
-0.5342123
-0.3933838
-0.5207548
-0.477721
-0.46334
-0.348192
-0.2973123
-0.4436076
-0.4551448
-0.4894513
-0.5770947
-0.3805825
-0.3801185
-0.3585461
-0.4567818
-0.459636
-0.3451708
-0.4110454
-0.4224592
-0.4368588
-0.3673019
-0.3546834
-0.2527638
-0.3675342
-0.3704097
-0.4231887
-0.3542701
-0.4263018
-0.2771339
-0.3779096
-0.4211336
-0.3520203
-0.3458798
-0.3609384
-0.1935863
-0.1761314
-0.1836403
-0.3505063
-0.3837011
-0.3515885
-0.3286635
-0.3223632
-0.2776725
-0.3876141
-0.3799578
-0.3052186
-0.271708
-0.3510272
-0.2410622
-0.2310446
-0.2014163
-0.2810104
-0.2697176
-0.2230734
-0.3558239
-0.2630289
-0.2139578
-0.3856207
-0.1825869
-0.3635484
-0.2294505
-0.3159909
-0.2629073
-0.2019199
-0.3085897
-0.3336843
-0.3983773
-0.4136424
-0.2671466
-0.2136551
-0.2180498
-0.3040477
-0.3730708
-0.1125603
-0.369022
-0.2779048
-0.2430026
-0.165627
-0.3579242
-0.137014
-0.1491564
-0.2847661
-0.4406433
-0.3884246
-0.1249637
-0.1732667
-0.2046928
-0.2126988
-0.1544487
-0.3398619
-0.3364878
-0.3269359
-0.3135578
-0.3291978
-0.1549085
-0.2771899
-0.2569382
-0.1477855
-0.2295944
-0.3005551
-0.01732858
-0.03672282
-0.3337914
-0.3492739
-0.2040435
-0.2579159
-0.1568964
-0.007476933
-0.1908515
-0.1266958
-0.2766076
-0.1671476
-0.2454944
-0.1567902
-0.1020149
-0.1512142
-0.2944743
-0.2097566
-0.1841043
-0.1330545
-0.159377
-0.1212957
-0.2150475
-0.03598024
-0.3640185
-0.1154782
-0.0390666
-0.1519729
-0.05092402
-0.1835702
-0.2026997
-0.07488233
-0.1133595
-0.1531515
-0.2227952
-0.08273664
-0.2103523
-0.09639823
-0.2332654
-0.189825
-0.1669137
-0.1419662
-0.05170736
-0.1394855
-0.06978209
-0.3158857
-0.2452753
-0.09879848
-0.07562575
-0.2149562
-0.03775196
-0.0327131
-0.2431286
0.04202731
-0.2108654
-0.0004907556
-0.007532699
0.02380495
-0.2944093
-0.05883884
-0.05223237
-0.1537018
-0.03508821
-0.1228241
0.04671102
-0.1220529
-0.160332
-0.04537448
-0.0274647
-0.01751063
-0.0888525
-0.1303211
-0.06772006
-0.0557888
-0.006569478
-0.1532563
-0.0619015
0.004352754
-0.03680107
-0.05849521
-0.07199218
0.04647587
0.06101218
-0.04051354
-0.07618229
0.006041885
-0.1907227
-0.04197088
0.05562738
-0.1224127
0.09162247
0.03447581
0.03028819
-0.1392692
-0.1000059
0.02449157
-0.195412
-0.03173116
0.01193881
-0.1057566
0.000839456
0.1246348
-0.01933723
-0.05398444
0.09159714
-0.008203408
0.03156671
0.004385326
0.009621921
0.01770653
-0.02008211
0.004473386
-0.006676985
0.08282887
0.12646
0.003354333
0.03972064
0.003123301
0.06369667
0.1243248
-0.06827628
0.153213
0.03582228
0.02788233
0.1236457
0.02003972
-0.08904865
-0.06681812
0.05532542
-0.02755435
0.2200921
0.130389
0.08153014
0.1716429
0.1673849
0.03427627
-0.04962862
0.1496695
0.1319419
0.03542388
0.1120057
0.1124967
0.007146814
0.1353023
0.0345516
0.1266497
-0.02106529
0.208386
0.02534344
0.2494596
0.1531357
0.105262
0.01355009
0.1579618
0.2222393
0.12374
0.04049237
0.09965794
-0.02463001
0.1174329
0.1640406
0.1014223
0.07700837
0.1442657
0.2633973
0.1774528
0.03376326
0.1259225
0.138858
0.2352344
0.152577
0.3089066
0.1116981
0.1683236
0.04066155
0.1874421
0.1687832
0.1807967
0.1519969
0.1864524
0.1343569
0.1410795
0.01400422
0.07038371
0.2379343
0.304301
0.1285461
0.116414
0.2865337
0.1559955
0.1378105
0.1762932
0.1278519
0.2722168
0.07012182
0.2289222
0.2543932
0.1179036
0.3090214
0.2000681
0.1645155
0.1371664
0.0120158
0.3195569
0.2357437
0.1393709
0.1995721
0.1921126
0.352589
0.2379376
0.129376
0.07048331
0.1703022
0.239089
0.216982
0.1061017
0.1508204
0.2549746
0.1387049
0.2998911
0.2266179
0.2337657
0.3781218
0.2654202
0.2652552
0.1483345
0.1486565
0.2860504
0.2758187
0.09649775
0.02862983
0.2780903
0.3268833
0.2595857
0.1810466
0.2371185
0.2772122
0.1278828
0.205833
0.2484944
0.2639277
0.2568575
0.4070329
0.2486118
0.3835941
0.1333523
0.3072451
0.3264228
0.2419283
0.40713
0.3244297
0.2730952
0.3854559
0.3978387
0.4208949
0.3519798
0.3073119
0.2962718
0.3854712
0.31658
0.162329
0.3291284
0.4209962
0.3925752
0.4405715
0.4018222
0.2184467
0.3842212
0.2870649
0.2382061
0.4248473
0.4368663
0.3960166
0.2842673
0.390346
0.2745898
0.4841352
0.5784581
0.5482987
0.4034789
0.5581086
0.3712729
0.3872306
0.3157947
0.3348806
0.4474918
0.5523905
0.3134942
0.3756706
0.4927755
0.3422249
0.2213869
0.268607
0.3476555
0.2977914
0.3222821
0.2922402
0.461778
0.3784283
0.2502432
0.4019171
0.3881741
0.4903905
0.3604178
0.3397347
0.3233654
0.4506812
0.3599624
0.4409164
0.3578181
0.4176807
0.3082554
0.3108321
0.5000641
0.3771857
0.4341013
0.4192955
0.4369794
0.3893263
0.2470497
0.4049873
0.3123854
0.5766195
0.4907888
0.497165
0.3574185
0.5618523
0.5186875
0.4875591
0.4293095
0.4458564
0.4448004
0.4004929
0.4674585
0.4455865
0.4548702
0.3707783
0.4364036
0.4129627
0.4431701
0.3738797
0.4711097
0.4469663
0.4426025
0.5565263
0.5540013
0.6003418
0.5551297
0.5656545
0.5588508
0.5485137
0.6026133
0.6261005
0.5319346
0.5193781
0.6294399
0.5952189
0.4579992
0.5538794
0.5610445
0.5138286
0.4969291
0.4736975
0.6091733
0.4134862
0.515927
0.4694869
0.6007393
0.5190874
0.5473663
0.5237664
0.5415427
0.4642342
0.4618858
0.5495311
0.4140582
0.5014564
0.6414113
0.6563025
0.6046428
0.5779379
0.6598119
0.4296738
0.5833381
0.6082874
0.5160127
0.6075303
0.5609088
0.525547
0.4324747
0.7492104
0.6073701
0.5891992
0.4765492
0.4911274
0.5908804
0.5535541
0.5940487
0.6607856
0.5573611
0.5687613
0.4333843
0.6367741
0.549422
0.4337805
0.4765948
0.5345214
0.6149037
0.6186787
0.6205483
0.7045717
0.7301276
0.6578051
0.7182296
0.5248579
0.5455332
0.6884659
0.6121597
0.629247
0.633563
0.7045181
0.4320373
0.6739521
0.695612
0.8483324
0.7102757
0.6735609
0.6779929
0.7507237
0.8302134
0.6742579
0.6081419
0.6545193
0.6690585
0.7370605
0.6754461
0.6039614
0.7559514
0.7039676
0.6709389
0.6380679
0.6963717
0.6951419
0.6422096
0.7627606
0.6122251
0.6726217
0.6046952
0.6332838
0.8035354
0.7466035
0.7167109
0.7609443
0.8042825
0.8205716
0.6951914
0.6727766
0.7527211
0.6148209
0.8930054
0.6825698
0.7755309
0.7686348
0.6436548
0.7025724
0.657145
0.784706
0.7011053
0.624276
0.6502906
0.7775272
0.679353
0.8393042
0.8688086
0.718587
0.6790727
0.8133175
0.8026692
0.5767875
0.8119237
0.6936306
0.7076252
0.7772035
0.6977098
0.7400989
0.6924519
0.783904
0.7930059
0.6934255
0.8375762
0.8822527
0.9329726
0.8605823
0.7351235
0.8334588
0.6683885
0.7400393
0.7285304
0.7253765
0.9271307
0.8103417
0.871312
0.658531
0.814595
0.8095098
0.8316897
0.7609587
0.877022
0.7237423
0.8250299
0.7122357
0.7999987
0.7956518
0.8015741
0.7407529
0.7937673
0.903013
0.8374102
0.9525508
0.8386567
0.8772934
0.826057
0.8387472
0.736606
0.9815217
0.9153009
0.8711704
0.8373133
1.060401
0.8215214
0.9358685
0.9480368
0.8629107
0.8325327
0.8780848
0.7677373
0.8735411
0.7443589
0.9310714
1.001265
0.7909878
0.9523086
0.7824448
0.892794
0.9797939
0.8564823
0.9368438
0.8498996
0.8756725
0.7417337
0.8940968
0.9796315
0.9828948
0.9695633
0.9313525
0.7678148
1.093306
0.9662467
0.8585639
0.9405414
0.8509511
0.9188784
0.9272079
0.9992872
0.9363381
1.033088
0.8893747
0.9042485
0.8150455
0.9203159
1.027967
0.9465687
1.030833
0.9496762
1.032061
0.844695
0.8549747
0.9888981
0.9164834
0.9753186
0.7608344
0.9108199
1.040127
0.9433007
0.8322696
1.018811
0.9532098
1.021814
0.9280926
1.000819
1.145387
0.9517077
1.107416
1.000747
0.9449875
1.008471
0.924967
1.043098
1.087842
0.8775847