-0.03052086
-1.017781
-0.9766839
-1.03315
-0.9469038
-0.9581905
-1.055704
-1.085937
-0.9327497
-0.98844
-1.028064
-1.065499
-1.012243
-0.8851175
-0.9082214
-1.069791
-0.903436
-0.9359013
-0.8983511
-0.9084702
-0.9396388
-0.9809378
-0.9539627
-1.086854
-0.884752
-1.076811
-0.9470009
-1.010349
-0.9392923
-0.9327303
-0.9878986
-0.9539611
-0.9546988
-1.010302
-0.9514975
-0.8759618
-0.905462
-1.138493
-0.9233149
-0.9454275
-1.013064
-0.9157318
-0.8618367
-0.8084722
-0.9393849
-0.9821077
-0.8625345
-0.9122855
-1.034518
-0.8634482
-0.9320994
-0.8037511
-0.9323662
-0.9674434
-0.8666535
-1.022258
-0.9120579
-0.8374372
-0.8996803
-1.016896
-1.056234
-0.9114495
-1.033697
-0.780434
-0.9444014
-0.8111324
-0.7088988
-0.8506637
-0.728134
-0.8703968
-0.8854511
-0.9256322
-1.030853
-0.9780663
-0.7178888
-0.9313362
-0.8599156
-0.7264395
-0.8588004
-0.8521419
-0.6892713
-0.9693871
-0.9209373
-0.8519145
-0.869459
-1.011335
-0.7207213
-0.8699715
-0.8680552
-0.9848463
-0.7806355
-0.7331444
-0.8622805
-0.6970741
-0.6164626
-0.8364795
-0.77338
-0.8130465
-0.759193
-0.8454526
-0.708794
-0.9487976
-0.6552538
-0.8028148
-0.838849
-0.7786505
-0.74206
-0.7504805
-0.9036565
-0.746916
-0.8299174
-0.7485195
-0.7949244
-0.7831379
-0.8053853
-0.7984091
-0.7982144
-0.6324528
-0.7514349
-0.7492777
-0.710829
-0.8592915
-0.7582229
-0.6812029
-0.8157522
-0.7059511
-0.5813773
-0.7755061
-0.8178106
-0.7283014
-0.7663544
-0.7805346
-0.8166958
-0.7049513
-0.6708731
-0.7420738
-0.8006776
-0.5963288
-0.7845045
-0.5854502
-0.6568682
-0.8052141
-0.6735222
-0.8207574
-0.7623368
-0.6079312
-0.757473
-0.6056418
-0.7998323
-0.8061601
-0.6566831
-0.8337505
-0.7705519
-0.6146561
-0.5959304
-0.6004802
-0.6421457
-0.743582
-0.6395176
-0.6354344
-0.8111487
-0.5974948
-0.7659058
-0.6399619
-0.663138
-0.6400972
-0.7681902
-0.696967
-0.5622077
-0.6707238
-0.6425916
-0.6765092
-0.6779009
-0.6086988
-0.6429303
-0.6844607
-0.6885401
-0.7428711
-0.7241643
-0.6450065
-0.7038455
-0.6445645
-0.6588694
-0.760815
-0.6809299
-0.5615647
-0.6477244
-0.5567641
-0.5975352
-0.6378331
-0.6124671
-0.4453485
-0.5601576
-0.5410896
-0.6021984
-0.6207323
-0.5351001
-0.5052178
-0.6857088
-0.6542125
-0.6654594
-0.575867
-0.5819279
-0.4884129
-0.7368563
-0.5586493
-0.6759504
-0.6310364
-0.5615332
-0.7095215
-0.5416088
-0.4734391
-0.567196
-0.6465929
-0.5829704
-0.622829
-0.5452994
-0.5947409
-0.5471231
-0.6047067
-0.5364362
-0.5229769
-0.4487425
-0.5650712
-0.5994936
-0.6231343
-0.465024
-0.3350552
-0.5981236
-0.5108537
-0.6128951
-0.621143
-0.2754535
-0.5132871
-0.5503984
-0.6438749
-0.6946102
-0.4190583
-0.4202218
-0.4810339
-0.4633227
-0.4968652
-0.6236666
-0.4656621
-0.6136409
-0.5775392
-0.4522991
-0.5033715
-0.5009191
-0.4712185
-0.4380551
-0.4791622
-0.5898506
-0.4957527
-0.445731
-0.4670827
-0.5016232
-0.4957487
-0.4488694
-0.2957641
-0.6305452
-0.5204564
-0.3637288
-0.4627135
-0.5393791
-0.4383592
-0.6265323
-0.4334374
-0.4841279
-0.4017801
-0.3565745
-0.4225892
-0.4290642
-0.4986988
-0.4695447
-0.3586127
-0.3494824
-0.5437674
-0.5095769
-0.4022009
-0.349637
-0.4387662
-0.3941648
-0.5486462
-0.3553332
-0.468193
-0.348736
-0.4830244
-0.6222582
-0.3014443
-0.3097007
-0.297011
-0.5766143
-0.3166702
-0.5006541
-0.3226897
-0.3322669
-0.4071796
-0.36758
-0.4845266
-0.331155
-0.4983236
-0.3835555
-0.4704668
-0.4104948
-0.4800262
-0.6173415
-0.4537296
-0.3828928
-0.4092709
-0.4098854
-0.4594905
-0.3967396
-0.3316809
-0.4784942
-0.2622008
-0.3511531
-0.219436
-0.2575733
-0.3917437
-0.5603651
-0.3715669
-0.3454514
-0.4344524
-0.3835645
-0.3390127
-0.3962367
-0.5407528
-0.2593368
-0.3087437
-0.3512856
-0.4569729
-0.3645567
-0.3433812
-0.4077755
-0.2695603
-0.3043968
-0.3412863
-0.2797788
-0.2710084
-0.2892005
-0.366076
-0.351404
-0.3801393
-0.2975032
-0.2684334
-0.2341794
-0.3585041
-0.3257117
-0.4536351
-0.3707437
-0.3732556
-0.2619329
-0.2361772
-0.1905826
-0.2854116
-0.1780888
-0.3473401
-0.1829435
-0.3414222
-0.4886262
-0.3193287
-0.2498559
-0.2276774
-0.3296739
-0.2389615
-0.3179167
-0.3311212
-0.3222377
-0.3182298
-0.270821
-0.2073006
-0.242907
-0.3474348
-0.3787731
-0.3206996
-0.152616
-0.3256159
-0.2267022
-0.2027263
-0.2403149
-0.2743586
-0.243192
-0.2326309
-0.1948295
-0.3262072
-0.2313517
-0.1108452
-0.2526143
-0.2328318
-0.1926118
-0.0538066
-0.2112551
-0.3499872
-0.2026258
-0.3671335
-0.1052514
-0.05350348
-0.1774514
-0.162626
-0.1990715
-0.1809406
-0.108583
-0.2554402
-0.08383503
-0.1389311
-0.1788808
-0.04352255
-0.1918391
-0.2276977
-0.1277251
-0.1727656
-0.1144039
-0.1474656
-0.2325826
-0.1007727
-0.1544552
-0.2361629
-0.26887
-0.1851048
-0.1079834
-0.2230622
-0.207388
-0.1157486
-0.1205201
-0.205905
-0.1954692
-0.2680206
-0.224022
-0.2336666
-0.3008098
-0.1227559
-0.04282382
-0.2375092
-0.1919722
-0.09104002
-0.08638381
-0.2729211
-0.1450033
-0.1840573
0.003682504
-0.1721608
-0.1110199
-0.01135746
-0.2194864
-0.1324686
-0.2378696
-0.1766461
0.05948041
0.09717688
0.03876052
-0.05878125
-0.1920522
-0.0904037
-0.005824555
-0.1403951
-0.126953
-0.2119181
-0.05633882
-0.007684886
-0.1647152
-0.2754334
-0.07080771
-0.03401258
-0.01804473
-0.1309619
-0.1627061
-0.1258956
0.06695521
-0.08625472
0.01499666
-0.1250533
-0.1354607
0.05238847
0.00396885
-0.05927435
0.04271276
-0.1472626
0.1212194
-0.103751
-0.1083129
-0.1730791
-0.169293
-0.002578252
0.1727673
-0.1201621
-0.07199379
-0.08595467
-0.02377085
0.09919342
0.02907539
0.001187856
-0.04556594
0.101566
0.007881439
-0.0003579766
-0.08370692
-0.0175608
-0.07333522
-0.03834896
0.01639222
0.1484096
-0.02116904
-0.2200207
0.1048201
0.02394228
-0.06986309
-0.09055645
-0.03339514
0.1388058
-0.1156114
-0.007033814
0.1821653
-0.01057664
0.0738245
0.1350963
-0.1071459
0.03977396
0.00222073
0.1030365
0.05168966
0.08286664
0.08789644
-0.03965577
-0.02735059
-0.01091064
0.1217783
0.07601373
0.005810818
-0.02006278
0.135579
0.07006652
-0.04253864
0.08039247
0.04364824
0.01432436
0.1457632
0.06095889
0.07764386
0.02548511
0.05602469
0.03064195
0.06856829
0.06391223
0.2142037
-0.03269793
0.2089334
0.05256852
0.1069638
0.2514911
0.1315001
0.07168515
-0.0960017
0.2170524
0.09048841
0.1008863
0.05497392
0.1354897
0.1186547
0.1954759
0.0988132
0.1872897
0.191262
0.1831968
0.1823842
0.1136938
0.2491106
0.2522917
0.1929813
0.2535571
0.04741739
0.205169
0.1858707
0.2637129
-0.01545475
0.1003032
0.1860248
0.1549461
0.0419049
0.1049523
0.1678745
0.1461111
0.1605597
0.1035294
0.1517181
0.2054075
0.2903071
0.1997541
0.09269124
0.2508525
0.1309194
0.1931148
0.2745022
0.1277448
0.3146758
0.2599239
0.2158885
0.03278008
0.157579
0.1534842
0.07267695
0.2719656
0.04651276
0.1392166
0.2204838
0.1181397
0.2359155
0.2282235
0.2042769
0.1830535
0.3176321
0.2300717
0.243646
0.3376602
-0.1329878
0.2344004
0.05884961
0.2898892
0.2810427
0.2642501
0.2898452
0.281825
0.3373512
0.1632073
0.280371
0.3993259
0.3024605
0.1354769
0.2321392
0.2974169
0.295904
0.1361681
0.2756428
0.2406367
0.1527805
0.1585698
0.1550235
0.3154094
0.3056954
0.3144501
0.2051913
0.1856343
0.3000495
0.1135177
0.2344245
0.3745284
0.2794178
0.397715
0.2547883
0.2848424
0.4556902
0.3580422
0.3146951
0.2136505
0.354367
0.3769284
0.4016573
0.2983235
0.3690537
0.3250975
0.4242201
0.4686242
0.1526406
0.3137205
0.3825897
0.2873737
0.1513558
0.5262577
0.1570922
0.3939031
0.263869
0.2977833
0.3306539
0.3612323
0.3767969
0.3019295
0.3631327
0.3471059
0.447649
0.305375
0.2496764
0.2649965
0.469008
0.412988
0.383324
0.3213221
0.4935461
0.2961454
0.3603613
0.3192652
0.3906213
0.4077662
0.4281188
0.3721232
0.4157331
0.4268543
0.3404158
0.1369762
0.4180973
0.3082348
0.3870699
0.3444296
0.3645686
0.5546058
0.3712035
0.4347105
0.349742
0.4087431
0.3946304
0.2814532
0.2972079
0.3391241
0.2730799
0.3014362
0.5134251
0.3948299
0.4315649
0.4488106
0.35102
0.5065254
0.433183
0.3612642
0.4250091
0.6202483
0.336438
0.6503181
0.4643527
0.4442614
0.5239772
0.5217915
0.4794921
0.4259491
0.4110972
0.2747646
0.5233845
0.3442894
0.4621298
0.4351341
0.551506
0.3630434
0.520654
0.6092443
0.5008979
0.4600131
0.5852563
0.5520964
0.6023085
0.5464893
0.5420971
0.5703319
0.5183592
0.2871567
0.507003
0.3512482
0.5159226
0.5290424
0.588291
0.4607093
0.4565401
0.575237
0.7101707
0.4480749
0.4295167
0.5446624
0.5758819
0.6604696
0.545638
0.7246316
0.563793
0.4880487
0.5823351
0.5257986
0.4644969
0.4545772
0.6401281
0.5146311
0.5611325
0.5234217
0.6186988
0.7176435
0.6045281
0.4676207
0.5030142
0.4857406
0.6208132
0.5806485
0.4927813
0.6190809
0.7303945
0.6002838
0.4404065
0.7652988
0.6235771
0.5100674
0.5141585
0.4543711
0.6323843
0.6283763
0.6520047
0.617142
0.6843606
0.6377961
0.4263849
0.5939293
0.6652896
0.7707815
0.7113377
0.6758203
0.6991772
0.7278632
0.6309206
0.628685
0.5823082
0.6856332
0.6354481
0.6153823
0.6618541
0.6785172
0.4548863
0.6411873
0.6193372
0.4909865
0.7077286
0.6658331
0.6904696
0.6400142
0.5387832
0.5042634
0.6823997
0.6611064
0.8171685
0.5824752
0.6724754
0.5596618
0.5826524
0.7396016
0.6966818
0.6594218
0.6632653
0.7250462
0.6619956
0.5713105
0.5976944
0.6764461
0.6653571
0.8109241
0.545354
0.8231613
0.6373441
0.623502
0.596356
0.4951961
0.645893
0.7845945
0.7733748
0.7761563
0.5807358
0.7396983
0.6869625
0.6623988
0.7392997
0.6129583
0.5694308
0.8797677
0.6976575
0.7653248
0.5564712
0.7415251
0.6542758
0.6643455
0.6606234
0.8366073
0.8192578
0.7417558
0.8378135
0.8070614
0.7391547
0.7895466
0.9491924
0.6926148
0.7366224
0.6659438
0.6889117
0.783336
0.7601677
0.6904981
0.7269935
0.6991321
0.7143901
0.8419949
0.8442256
0.6647167
0.9145815
0.775109
0.7203308
0.5820034
0.7691836
0.7248148
0.7299324
0.8585462
0.704727
0.7452312
0.9201555
0.7895679
0.7128964
0.9024243
0.6694046
0.8920799
0.9579477
0.9383706
0.8632861
0.8999503
0.7788288
0.8242332
0.9195298
0.8562874
0.9167933
0.8601967
0.871004
0.8159759
0.8053849
0.8573328
0.9426216
0.9410502
0.7714141
0.7737274
0.8112527
0.7826666
0.8467531
0.8199181
0.7056246
0.8920499
0.8187136
0.9568016
0.9799809
0.9733665
0.9735026
0.8794593
0.8954815
0.8343723
0.8500257
0.8444033
0.998274
0.8919903
0.8950443
1.047337
0.9414655
0.8378141
0.8905881
1.031957
0.9206003
0.9814835
0.8905705
0.7031042
0.8882444
0.8772883
0.9491315
0.9905518
0.9927287
1.07434
1.050773
0.9448832
0.9622949
0.9677739
0.8318412
0.8748135
1.020227
0.9709658
0.8813395
0.8593929
0.9289889
0.984615
0.8957591
0.9985306
1.058244
0.9353752
1.090467
1.133595
0.8678064
0.9156848
1.053645
1.059029
0.8816705
0.8829382
0.9342805
0.823332
1.009311
1.00688
0.9237226
0.8787549
1.063195
0.8957769
0.8842794
1.127024
1.044021
1.020104
1.185834
0.8707177
0.9543241
0.9737807
0.9653503