-0.04541347
-1.107805
-0.9782616
-1.037438
-0.9365367
-0.913053
-0.8824227
-0.9350589
-0.9621869
-1.131819
-0.9234279
-0.9235811
-0.96648
-0.9710067
-0.8821043
-1.024534
-1.005438
-0.7456878
-1.00849
-1.036819
-0.9849815
-0.7640394
-0.9136653
-0.9765308
-0.8687051
-0.8939894
-0.9843695
-0.9131415
-0.9377058
-0.9145858
-0.7787501
-0.896184
-0.8106483
-1.028308
-0.9691512
-0.8521838
-0.9601673
-0.9354869
-0.9707248
-0.8770069
-0.8612546
-0.9655582
-0.936416
-1.083138
-0.9637685
-0.9876554
-0.9812551
-1.056144
-0.9543833
-0.8619868
-0.9143549
-0.955012
-1.00865
-0.9050035
-0.8993688
-0.9827899
-0.8334261
-0.7928094
-0.921796
-0.9427857
-0.868805
-0.9120517
-1.028648
-1.012598
-0.7952125
-0.8898355
-0.8563544
-0.890311
-0.7101735
-0.9349848
-0.8952824
-0.9448129
-0.929798
-0.9471232
-0.9819545
-0.8265907
-0.8914445
-0.8816874
-0.7234697
-0.8354973
-0.7588945
-0.8923259
-0.8152425
-0.929208
-0.9491846
-1.028383
-0.8407231
-0.7566498
-0.7920791
-0.777244
-0.8817785
-0.9587873
-0.7173161
-0.9183972
-0.7709603
-0.8952626
-0.7890138
-0.7545454
-0.9224269
-0.7660598
-0.8215248
-0.7464069
-0.8009837
-0.7835754
-0.7232158
-0.7556517
-0.8317188
-0.5800915
-0.7500603
-0.7997246
-0.8825827
-0.8007005
-0.8298648
-0.7696541
-0.5459324
-0.8276996
-0.7970788
-0.7587926
-0.7744412
-0.6416761
-0.8626503
-0.716273
-0.89382
-0.6803858
-0.6807673
-0.7974635
-0.7889911
-0.7807394
-0.7822121
-0.8261442
-0.8222984
-0.7409981
-0.8128691
-0.6081245
-0.7209753
-0.805388
-0.7712978
-0.6888604
-0.7370012
-0.8175549
-0.7130609
-0.7730853
-0.7384134
-0.4828503
-0.8095541
-0.643044
-0.7364032
-0.4792179
-0.6436497
-0.6551293
-0.7045538
-0.6124559
-0.6327543
-0.624904
-0.7253242
-0.7414346
-0.6716884
-0.7002703
-0.583049
-0.7737614
-0.721213
-0.625315
-0.5708713
-0.6040859
-0.5875762
-0.7071527
-0.7202904
-0.6583097
-0.6819613
-0.628137
-0.5781224
-0.6725101
-0.6083484
-0.5000959
-0.7335969
-0.5848885
-0.789201
-0.6226819
-0.7808361
-0.5962692
-0.5689304
-0.6026685
-0.6360866
-0.5675895
-0.6078716
-0.5927199
-0.7291911
-0.6484079
-0.566118
-0.5458177
-0.7613167
-0.6277475
-0.7660746
-0.5646864
-0.5994191
-0.6058324
-0.5438811
-0.6320908
-0.6367395
-0.4822893
-0.5413626
-0.7722344
-0.6208996
-0.62124
-0.6413049
-0.644564
-0.5878962
-0.4163226
-0.5861879
-0.4186915
-0.5064012
-0.5754687
-0.4896252
-0.4972523
-0.6191482
-0.6121127
-0.5616429
-0.6785494
-0.4884136
-0.6605314
-0.5788757
-0.5411744
-0.6802014
-0.6689582
-0.4231726
-0.6086921
-0.5617593
-0.3574197
-0.4805013
-0.5741126
-0.5424148
-0.3812617
-0.5988059
-0.4747821
-0.5882072
-0.6445971
-0.4731252
-0.4812892
-0.569649
-0.4775484
-0.4987166
-0.4673374
-0.5558564
-0.584566
-0.441393
-0.5499951
-0.6011064
-0.5004726
-0.5739685
-0.6215416
-0.5474777
-0.3709671
-0.6588077
-0.3762821
-0.5422635
-0.5401192
-0.5096876
-0.4601719
-0.4891795
-0.4299421
-0.367322
-0.4706924
-0.6126486
-0.4592247
-0.5026026
-0.5407295
-0.406582
-0.4064063
-0.4413219
-0.5077311
-0.4212027
-0.3505398
-0.4741281
-0.4054822
-0.2909119
-0.3321419
-0.4268234
-0.4663846
-0.395677
-0.5236591
-0.4473211
-0.3991587
-0.357581
-0.4688561
-0.5166528
-0.3418125
-0.4772382
-0.5316593
-0.2686161
-0.5907784
-0.455049
-0.363053
-0.4274141
-0.3632133
-0.4090945
-0.3715211
-0.4058791
-0.5562165
-0.3408059
-0.4268082
-0.5926876
-0.5247211
-0.3718471
-0.4950612
-0.493081
-0.4615826
-0.3328852
-0.2937475
-0.4233856
-0.4510357
-0.4964654
-0.5749267
-0.3799479
-0.3909489
-0.3469133
-0.4535077
-0.4572909
-0.3321786
-0.4345993
-0.4449933
-0.4364188
-0.37187
-0.3718508
-0.2521962
-0.3623622
-0.3688994
-0.4400434
-0.3770099
-0.4354214
-0.2864668
-0.3795449
-0.4261785
-0.3434027
-0.3469665
-0.3742783
-0.1792821
-0.1748287
-0.2019957
-0.3394783
-0.3727334
-0.3374948
-0.3121976
-0.3105476
-0.3056259
-0.3999544
-0.3625418
-0.2684515
-0.273395
-0.3554661
-0.2399712
-0.2396369
-0.2136379
-0.2926374
-0.2748574
-0.2278977
-0.3458062
-0.2417878
-0.2194586
-0.3728659
-0.1898664
-0.3566604
-0.217796
-0.3079329
-0.2445283
-0.1850993
-0.301819
-0.3590041
-0.4060887
-0.4168951
-0.273534
-0.2124947
-0.2160735
-0.3196392
-0.3928635
-0.1193505
-0.3415129
-0.2678838
-0.2295753
-0.1584596
-0.3278568
-0.1365379
-0.1332681
-0.2713733
-0.432301
-0.3796817
-0.1117374
-0.194727
-0.1870935
-0.2271987
-0.1745627
-0.3422079
-0.3187054
-0.32899
-0.3145669
-0.3161539
-0.1581667
-0.2858982
-0.231305
-0.1477775
-0.2270743
-0.2878028
-0.00700474
-0.06523458
-0.3646524
-0.3620111
-0.2051884
-0.2515871
-0.1474482
-0.01323252
-0.180744
-0.1451831
-0.2880217
-0.1900517
-0.2732116
-0.1732432
-0.112277
-0.1742604
-0.3105875
-0.2148149
-0.1627606
-0.1453476
-0.1566218
-0.1182505
-0.1960568
-0.0287541
-0.3454065
-0.1372811
-0.01461963
-0.1572693
-0.04382918
-0.2115128
-0.1766792
-0.0837537
-0.1018766
-0.139719
-0.233167
-0.07153439
-0.2347089
-0.1066352
-0.2511078
-0.191151
-0.1644726
-0.1593728
-0.04709043
-0.1613724
-0.08329453
-0.3038954
-0.250085
-0.1059792
-0.0780269
-0.2336417
-0.04772253
-0.02021641
-0.2195028
0.05015428
-0.2218507
0.004581752
-0.006976946
0.02308217
-0.3131899
-0.0745628
-0.03899956
-0.1611953
-0.0580047
-0.1271298
0.07390186
-0.1049871
-0.1603454
-0.03955676
-0.01460619
0.0007084259
-0.1118977
-0.1163776
-0.07224901
-0.06597242
0.01201394
-0.1667217
-0.07591009
0.0120801
-0.03584598
-0.0753092
-0.04965098
0.04033511
0.05395083
-0.05265192
-0.0806615
-0.006853994
-0.1982138
-0.05617214
0.04387215
-0.1216838
0.07881272
0.0245079
0.02360107
-0.146096
-0.08125253
0.04106649
-0.183016
-0.03172309
0.02013442
-0.1170386
-0.02147906
0.1338334
-0.02798368
-0.04581635
0.1079698
-0.02483051
0.03931201
0.03807618
0.01172896
0.01877763
-0.03987914
0.01130582
0.002246491
0.07013771
0.1282058
0.005792285
0.04217021
0.02861154
0.07151346
0.1282085
-0.06570314
0.1505644
0.005504894
0.03961778
0.1433397
0.01161757
-0.08474948
-0.0678557
0.07276319
-0.02839011
0.2010279
0.1159994
0.09315045
0.164171
0.1610013
0.04143413
-0.05331884
0.1245239
0.1239614
0.0435734
0.1076846
0.1094471
-0.0009477519
0.1199828
0.0555363
0.1310544
-0.02927473
0.1957302
0.0262411
0.2490124
0.1646758
0.1102416
0.01760986
0.1628325
0.2228694
0.1222253
0.04269966
0.07128649
-0.02137539
0.1117745
0.158119
0.1021048
0.07535407
0.1508478
0.2333568
0.195814
0.02470942
0.126168
0.1576566
0.2218863
0.1455947
0.3037298
0.1125586
0.1630694
0.03875469
0.1923723
0.1680501
0.1661399
0.1662596
0.1799834
0.1595326
0.15539
0.002287552
0.08843093
0.2493335
0.3040313
0.1279053
0.1206844
0.3052724
0.1473837
0.1333341
0.1873335
0.1329217
0.2397667
0.03511947
0.222549
0.2413532
0.1150442
0.3334098
0.2035827
0.1889784
0.1288162
0.01950939
0.3142366
0.2432764
0.1376543
0.1901608
0.1827281
0.3543277
0.2282804
0.1568889
0.05550729
0.193454
0.2595602
0.2310147
0.09991889
0.1687154
0.2565318
0.1402834
0.3083967
0.211352
0.2275518
0.3727428
0.2744266
0.2682546
0.1688147
0.1662519
0.3051556
0.2696633
0.10806
0.01715531
0.2952114
0.3225739
0.2352016
0.1719231
0.2377542
0.2952876
0.1498177
0.2058436
0.2377838
0.2665862
0.2511625
0.3882722
0.2487462
0.3792129
0.1185983
0.2931019
0.3159502
0.2277045
0.4176329
0.3130411
0.272021
0.3993323
0.3872661
0.4196188
0.3518718
0.2996413
0.2908924
0.4000717
0.3206249
0.1542268
0.3321529
0.4117475
0.3861314
0.4324118
0.4073192
0.2327949
0.384468
0.2899386
0.240103
0.4314138
0.4238068
0.3886179
0.286716
0.4068396
0.2706472
0.4792997
0.5938867
0.5506311
0.3970729
0.5291862
0.3425047
0.3837425
0.3102251
0.3154599
0.4336022
0.5520708
0.3301581
0.3684711
0.4717961
0.3394002
0.2568669
0.2467008
0.348654
0.3159338
0.327172
0.2601279
0.4582679
0.3869975
0.2556893
0.4072745
0.3911777
0.495215
0.3803359
0.380971
0.3231385
0.4553299
0.3346918
0.4498237
0.3586412
0.4093408
0.2993746
0.3208958
0.4859662
0.3800399
0.4441306
0.4371612
0.4464513
0.3962616
0.2410039
0.3935266
0.3056892
0.5865737
0.4652718
0.4985588
0.3382302
0.5507487
0.5381959
0.510467
0.4556547
0.4303277
0.459737
0.4242012
0.4406975
0.4364073
0.4752091
0.3643118
0.4710289
0.4153668
0.4336728
0.3744015
0.5100317
0.4532131
0.4533077
0.562587
0.5730363
0.6077222
0.5521229
0.5575645
0.5309401
0.5378927
0.6090129
0.624904
0.5045543
0.507057
0.6307216
0.5959515
0.463852
0.5534673
0.5396051
0.5438061
0.4931363
0.4599335
0.6117831
0.4187956
0.5165101
0.4699182
0.5898871
0.5264422
0.5471462
0.5250533
0.5242713
0.4694852
0.4863695
0.5449978
0.4237094
0.5139346
0.6429014
0.6401123
0.6155287
0.5713642
0.6554224
0.4226564
0.5766142
0.6031124
0.4954026
0.619771
0.5331753
0.5404304
0.4478846
0.7399244
0.6065025
0.5821668
0.491209
0.4834619
0.6004412
0.5235848
0.5756541
0.6453456
0.5655677
0.5747555
0.4405062
0.6516327
0.5651387
0.4386843
0.4809622
0.5347987
0.6285529
0.622166
0.6038888
0.7045151
0.7392111
0.6618465
0.7339121
0.5251808
0.5749745
0.6918527
0.5982309
0.6377632
0.6435026
0.7013338
0.4467959
0.6578375
0.7010713
0.8520401
0.732904
0.6754371
0.6936639
0.7285212
0.8329991
0.664989
0.5928021
0.6860526
0.6895346
0.7468179
0.670194
0.6046736
0.7634153
0.6876445
0.6634439
0.641332
0.7034123
0.6951397
0.6303458
0.7984652
0.624144
0.6782197
0.5893286
0.6292637
0.8043641
0.7140362
0.7202961
0.7692139
0.8013125
0.7919749
0.7011239
0.6851103
0.7534793
0.6089372
0.8892911
0.7047596
0.7537347
0.7774537
0.6412815
0.6891475
0.6622192
0.7977781
0.6845343
0.6252537
0.6598188
0.7696562
0.7019919
0.8399385
0.8657514
0.7201252
0.6683289
0.8171842
0.8092181
0.5906293
0.7825384
0.6841596
0.6926426
0.7641041
0.7151278
0.7193607
0.7053669
0.771082
0.7762608
0.6867739
0.8347317
0.8543748
0.9454839
0.8779625
0.7101172
0.8187636
0.6903266
0.7356652
0.7462763
0.716649
0.9108987
0.8003711
0.8627551
0.6402499
0.8152417
0.8100374
0.8281806
0.7786612
0.8503696
0.7313524
0.8276573
0.7116847
0.7939326
0.8094945
0.8140188
0.7540412
0.7794769
0.9120207
0.8146956
0.9559406
0.8579456
0.8946867
0.8305174
0.8148516
0.769815
0.9928258
0.9210297
0.8642513
0.8525515
1.059073
0.8248056
0.9511288
0.9470248
0.8776051
0.8313542
0.876006
0.7647779
0.8622886
0.7271425
0.9319807
1.003386
0.7654493
0.9739623
0.7695
0.8843116
0.9731228
0.8465639
0.9430563
0.8435301
0.8630049
0.7416216
0.9045385
0.9992011
0.9789304
0.9628046
0.9421268
0.7765894
1.085541
0.9759819
0.8713036
0.9283051
0.8678353
0.9124681
0.9552768
0.9790846
0.9320266
1.036967
0.8876485
0.9028091
0.8203745
0.9121761
1.025951
0.9253588
1.055437
0.9420347
1.032861
0.8363374
0.8805355
0.9808853
0.8980248
0.9797616
0.7524961
0.9015825
1.051683
0.9267447
0.8449154
1.027429
0.9570935
1.037467
0.9390804
0.9906663
1.14206
0.9575886
1.126426
0.9835754
0.9535657
1.012703
0.9384087
1.054486
1.078004
0.8727684