-0.01523614
-0.9667206
-0.9413867
-0.9657749
-1.067446
-0.9312333
-0.8655511
-0.9378115
-0.8854739
-1.007773
-1.103493
-1.059896
-1.076318
-0.9268446
-0.9012714
-1.010208
-0.9862255
-0.925998
-1.023874
-0.9393326
-1.110058
-1.092238
-0.9385467
-1.095236
-0.9605684
-0.7879813
-0.9664147
-1.101761
-0.9155152
-0.9707515
-1.032728
-0.9011948
-0.8398059
-0.9792463
-0.9639159
-1.087055
-0.9913487
-1.080589
-0.8611716
-0.8871019
-0.7510681
-0.8382204
-0.9502998
-0.9494955
-1.022551
-0.8632431
-1.018013
-0.9688818
-1.03242
-0.8805578
-0.9024931
-0.8203959
-0.9169504
-0.8876588
-0.9467158
-0.9475907
-1.027395
-0.9551463
-0.7986733
-0.8624877
-0.8389364
-0.9136947
-0.9815606
-0.8463919
-0.7977144
-0.8778917
-0.8654275
-0.932097
-0.9415465
-0.8733246
-0.7983534
-0.8001241
-0.803704
-0.9167666
-0.7300992
-0.8040224
-0.8749856
-0.8404262
-0.8062067
-0.9058653
-0.8614369
-0.7608274
-0.7598805
-0.7720776
-0.719282
-0.9626557
-0.7971062
-0.8382179
-0.8817691
-0.6787367
-0.7074915
-0.9508415
-0.789039
-0.8382335
-0.9177976
-0.6924371
-0.6866485
-0.9124063
-0.7263761
-0.7724819
-0.7444031
-0.9261724
-0.7927192
-0.868303
-0.7415779
-0.8591314
-0.8536795
-0.8908257
-0.9205656
-0.7489468
-0.8016521
-0.7542603
-0.7267908
-0.8376368
-0.7197595
-0.8770953
-0.5687044
-0.9342791
-0.8939134
-0.768709
-0.7207414
-0.8159734
-0.7062327
-0.8790918
-0.7817511
-0.8864937
-0.7913009
-0.7084372
-0.7256066
-0.8841527
-0.8596685
-0.6465161
-0.6292285
-0.8413155
-0.6292496
-0.8491748
-0.8020032
-0.7898848
-0.6041999
-0.6983121
-0.7069045
-0.8915602
-0.7016398
-0.5586801
-0.743894
-0.7124708
-0.758159
-0.7437556
-0.6183558
-0.5863708
-0.7135357
-0.7554324
-0.6787556
-0.7109008
-0.6629196
-0.6327181
-0.6711665
-0.8234749
-0.6276853
-0.63919
-0.7638087
-0.5943001
-0.7408374
-0.5925812
-0.6673457
-0.6542339
-0.6321804
-0.7529173
-0.6361208
-0.6802755
-0.6669572
-0.5181249
-0.4740017
-0.6013851
-0.7797887
-0.5108099
-0.6721551
-0.692889
-0.5656495
-0.7920179
-0.77007
-0.6097032
-0.7189435
-0.6384507
-0.7235465
-0.7064001
-0.5787997
-0.7986493
-0.6121965
-0.6499735
-0.7074271
-0.5572584
-0.4945158
-0.5592925
-0.5779086
-0.6855075
-0.6286834
-0.6868036
-0.7164934
-0.5975683
-0.6353819
-0.594112
-0.516508
-0.535024
-0.6055822
-0.525056
-0.6202282
-0.4886474
-0.6551505
-0.4839058
-0.5821859
-0.6736562
-0.6096717
-0.536174
-0.6755177
-0.5340767
-0.6066731
-0.4372459
-0.4611153
-0.7054733
-0.6549841
-0.6531528
-0.6287783
-0.6020002
-0.533558
-0.431951
-0.4388402
-0.6897663
-0.696711
-0.5323946
-0.5637194
-0.504166
-0.3757303
-0.6165806
-0.5641435
-0.3948711
-0.5178288
-0.4145651
-0.4914666
-0.3844899
-0.6524519
-0.4908467
-0.5612846
-0.4337208
-0.4448106
-0.4933085
-0.3933861
-0.4992926
-0.6257483
-0.5293819
-0.5002935
-0.4142721
-0.4925255
-0.3662879
-0.6944509
-0.5368005
-0.557
-0.4009202
-0.3644377
-0.4899528
-0.4377734
-0.5116563
-0.3588145
-0.473753
-0.3267956
-0.5169923
-0.4474421
-0.5253017
-0.5754305
-0.4344504
-0.4692074
-0.4748268
-0.509901
-0.5106353
-0.354248
-0.3538904
-0.450415
-0.5042534
-0.3611491
-0.554037
-0.3995631
-0.5000285
-0.3829886
-0.4058006
-0.4901036
-0.4497382
-0.4924106
-0.5260587
-0.3613992
-0.2642776
-0.4109341
-0.3267504
-0.5307231
-0.2893589
-0.4118518
-0.6244282
-0.336075
-0.4950169
-0.4260032
-0.310798
-0.4844775
-0.2740186
-0.2921182
-0.3635657
-0.4221887
-0.276497
-0.3528856
-0.5635806
-0.1818445
-0.3243127
-0.2661709
-0.3024189
-0.4171317
-0.4580539
-0.3103509
-0.3291515
-0.342563
-0.3010022
-0.4317595
-0.3199377
-0.3420484
-0.3134869
-0.3572539
-0.4566369
-0.3124571
-0.2818615
-0.3394387
-0.4467035
-0.3834203
-0.360923
-0.5090734
-0.4321358
-0.3193303
-0.3554281
-0.3155843
-0.3426066
-0.2903816
-0.3393908
-0.3042276
-0.4049047
-0.3605289
-0.2914496
-0.1998713
-0.32992
-0.3692293
-0.3118012
-0.3920058
-0.2738793
-0.2596593
-0.4353795
-0.376977
-0.2775276
-0.2653602
-0.2045818
-0.5052828
-0.04179629
-0.05060126
-0.2013546
-0.1994064
-0.2941309
-0.3214161
-0.2649259
-0.3147058
-0.4175986
-0.2245902
-0.2349162
-0.3175749
-0.3629745
-0.1603305
-0.278702
-0.2322845
-0.2533011
-0.3220322
-0.2159792
-0.3723699
-0.2541122
-0.3779309
-0.4054745
-0.2171256
-0.2385267
-0.1049796
-0.332979
-0.2965164
-0.3555069
-0.3480649
-0.2181893
-0.3142166
-0.3825198
-0.2267989
-0.2199446
-0.1820047
-0.3047962
-0.265451
-0.2837136
-0.4172795
-0.2616326
-0.2297183
-0.2316397
-0.1383405
-0.3653424
-0.2213746
-0.09764543
-0.1635543
-0.1667629
-0.1395963
-0.2109086
-0.1855225
-0.2252612
-0.1170223
-0.3095572
-0.1706952
-0.164068
-0.1769895
-0.1119578
-0.0701734
-0.07791817
-0.3134295
-0.3843331
-0.2093569
-0.2372617
0.04419811
-0.2195384
-0.1726996
-0.1280245
-0.2190513
-0.06243557
-0.2084055
-0.1498567
-0.1363218
-0.06065704
-0.07694358
-0.1202383
-0.04149657
-0.06429668
-0.1229708
-0.09696798
-0.2416458
-0.344983
-0.1265878
-0.256633
0.06370163
-0.08055781
-0.2286159
-0.1133103
-0.1577503
-0.1698522
-0.2632793
-0.1448035
-0.04078361
-0.02555222
-0.1441701
-0.1348737
-0.08829463
-0.1668625
-0.2011846
-0.05024614
-0.1648695
-0.03260233
-0.09316993
-0.09417964
-0.1940891
-0.01561368
0.01638377
-0.0005810117
-0.003825878
-0.133588
-0.0586292
0.01368962
-0.02295022
-0.1476551
-0.09510069
0.06833433
-0.09442633
-0.03773362
-0.09203794
-0.08738055
-0.03999558
0.008751919
-0.07858102
-0.01054336
-0.09235698
-0.1088194
0.03170881
0.119235
0.01924698
0.01166882
-0.09386387
-0.10049
0.04402241
-0.05071669
-0.0813047
-0.004279894
-0.1819672
0.1858621
-0.03987465
-0.04140607
0.01060506
-0.002428528
0.09763507
-0.1187456
-0.03823636
0.09295889
-0.03704011
0.06037451
-0.0169079
0.01804608
-0.02876301
-0.1534427
0.02136223
0.02211131
0.09410526
-0.07303364
-0.04525106
0.06241203
0.003184335
0.06344513
0.05013654
0.04266974
0.0239073
-0.1049496
-0.0366074
0.166446
0.02515238
-0.01644933
0.2675032
0.04715131
0.01686595
-0.02013974
0.1367374
0.001106058
0.1664451
0.09877134
0.08825603
0.1628767
0.05549096
-0.023315
0.003975893
0.1917442
0.1417485
0.1087175
0.09297524
-0.03717804
0.04945665
0.08055153
0.1036792
0.1175669
0.102318
0.1412973
0.2640846
0.0973989
0.1229487
0.0849819
0.02912249
0.1719253
0.04967411
0.1560157
0.2214655
0.2022615
0.07256541
0.06509372
0.1578485
0.137925
0.1023719
0.2138719
0.05545083
-0.03414088
0.148543
0.09984778
0.1723705
0.1752254
0.2290679
0.1709623
0.202179
0.09284284
0.09435283
0.1847007
0.102561
0.1669476
0.2262247
0.2264802
0.1371715
0.1810088
0.2145449
0.2965557
0.07151521
-0.02189978
0.131594
0.07722705
0.2075113
0.286778
0.3275729
0.2620385
0.06445527
0.2082564
0.2212435
0.2815896
0.2354323
0.1349508
0.2541749
0.05574683
0.1795214
0.213939
0.3133867
0.175645
0.1152316
0.1816577
0.2711579
0.1898956
0.3066553
0.2080798
0.2881448
0.286691
0.1859406
0.2431053
0.1802333
0.2437318
0.3158058
0.1657857
0.2678968
0.0942942
0.2164997
0.1809905
0.1717846
0.2550033
0.1866557
0.2871079
0.296832
0.2068177
0.1287091
0.2614017
0.3301577
0.04358814
0.1212553
0.4447797
0.281246
0.03759643
0.2060514
0.4184425
0.279231
0.2774567
0.3399679
0.3052658
0.3203732
0.3174774
0.2965165
0.2495435
0.2864834
0.2132768
0.3074814
0.3511718
0.3615086
0.3311694
0.3068966
0.3921086
0.3355737
0.3261228
0.2508834
0.2765905
0.3087084
0.2268661
0.3219175
0.3227759
0.3154957
0.1968439
0.3708331
0.411612
0.2639088
0.3145004
0.3794698
0.2627248
0.4485228
0.3478886
0.1784341
0.3484086
0.466258
0.4348063
0.3446535
0.2328862
0.410237
0.2411647
0.3998914
0.2705749
0.3361669
0.320089
0.3688487
0.4706535
0.4887035
0.3741949
0.5417449
0.4731321
0.4267451
0.4094235
0.3199498
0.5616439
0.2585024
0.3932766
0.2447554
0.2912833
0.3393164
0.3852943
0.4330065
0.3404034
0.4761143
0.3680756
0.4069393
0.3068263
0.4561035
0.390739
0.4514661
0.3684468
0.6278089
0.3973986
0.5440932
0.3660816
0.3588003
0.3995218
0.3976003
0.5035859
0.3983966
0.2995748
0.34481
0.4711848
0.5385954
0.4741172
0.6356048
0.4021076
0.3134161
0.470451
0.4201018
0.4810399
0.5139995
0.5141636
0.4072685
0.5001423
0.6113881
0.3789961
0.4971432
0.5467943
0.4659151
0.3969065
0.4382579
0.5570425
0.3518192
0.5724715
0.5164577
0.5552406
0.492209
0.5577578
0.3725914
0.4165551
0.4239375
0.5867722
0.5613261
0.3978577
0.5525119
0.4385652
0.6261454
0.6338155
0.4744179
0.5361639
0.4074275
0.6073676
0.5533224
0.5141607
0.438481
0.522442
0.464151
0.557441
0.5103918
0.5403832
0.5452296
0.5789063
0.6416113
0.4658922
0.6543113
0.696803
0.5210949
0.5527443
0.4105937
0.6098229
0.5123481
0.5913746
0.4680435
0.4746793
0.7231115
0.5222361
0.5080616
0.5771791
0.6429321
0.5477096
0.5346339
0.4536952
0.4142548
0.6159249
0.5605256
0.4925896
0.6632366
0.6150952
0.6242355
0.6189063
0.534422
0.5805489
0.5790458
0.6537092
0.721492
0.5762442
0.7014791
0.6485698
0.5638513
0.5083789
0.6437679
0.7268034
0.60864
0.6390849
0.5941455
0.68439
0.4440059
0.5400316
0.6986181
0.5032433
0.7156215
0.6116961
0.7678911
0.7211027
0.6414636
0.7110779
0.7464658
0.6225827
0.748738
0.5558705
0.554249
0.6103461
0.687758
0.5423364
0.5907442
0.8372807
0.5689962
0.6809531
0.6613117
0.8382668
0.7010728
0.6237672
0.6374328
0.7558616
0.6702533
0.7237997
0.742525
0.6488865
0.6345178
0.6493965
0.7790304
0.7669795
0.734136
0.6089802
0.6926467
0.6469773
0.6723105
0.7315238
0.799848
0.8009998
0.69219
0.7821487
0.7118077
0.6355407
0.7824323
0.5948111
0.8080054
0.7200937
0.7589424
0.7382286
0.65564
0.7366883
0.7039965
0.6697372
0.7363254
0.769961
0.7971705
0.8434054
0.6686822
0.7189719
0.7149085
0.6586193
0.8068026
0.8605876
0.864248
0.7130352
0.8520472
0.9256142
0.7927697
0.8503854
0.7520744
0.7828953
0.8170966
0.7640444
0.8246129
0.9007753
0.7762251
0.7383014
0.935994
0.7402101
0.8253687
0.7962218
0.8253953
0.8311718
0.7500141
0.766188
0.8070203
0.8643651
0.7604328
0.7264269
0.8049675
0.8693388
0.9993811
0.8920402
0.7881611
0.7307486
0.9303678
0.9030366
0.8935293
0.8962991
0.8436513
0.9491995
0.8837583
0.9047342
0.9296692
0.6601546
0.9471069
0.8682273
0.8573908
0.8085202
0.8026453
0.8189599
0.8699392
1.002346
0.9528469
0.853761
0.8232091
0.7998226
0.780059
0.927253
0.8430245
0.8421179
0.8505117
0.6324332
0.9155692
0.8405303
0.8223464
0.8840168
1.03946
0.8994572
0.9071791
0.8311314
1.064132
0.8835015
0.892149
1.052171
1.110217
0.8147852
1.029739
0.9017895
1.053836
1.081405
0.9132157
0.9096284
0.8619199
0.8962316
0.9241112
0.8069003
0.9215027
0.9809371
1.04783
0.9584051
1.034521
0.9526372
0.8640581
0.8655665
0.7727365
0.9642274
0.9174337
0.8497702
1.022931
0.8382993
0.9846871
0.9773725
0.91843
1.025862
1.109591
0.9647085
0.9944208
1.081287
0.9187371
0.9550834
1.028133
1.018782
1.030784
1.041709
0.7762175
1.045284
0.9019873
1.020422
1.016647