-0.03025474
-1.034193
-0.9877397
-1.028684
-0.953425
-0.9480497
-1.057128
-1.087969
-0.9358175
-0.9934282
-1.025631
-1.054498
-1.004623
-0.8661048
-0.9176559
-1.07493
-0.8950927
-0.9178083
-0.8966507
-0.91952
-0.971829
-0.973013
-0.9727574
-1.106383
-0.8996729
-1.078205
-0.9522115
-1.012821
-0.9528884
-0.9362262
-0.9598767
-0.9409939
-0.9567157
-0.9773461
-0.946909
-0.8554948
-0.9074875
-1.143465
-0.9258866
-0.9463035
-0.9998413
-0.9035957
-0.8502663
-0.7896327
-0.9481822
-0.9759641
-0.884983
-0.9228557
-1.018904
-0.8776761
-0.9429837
-0.7935985
-0.9067872
-0.9980512
-0.8598645
-1.033613
-0.9033598
-0.8380834
-0.8923602
-1.004192
-1.05515
-0.9010598
-1.030127
-0.7961244
-0.9557274
-0.8158214
-0.7308545
-0.8497633
-0.7655441
-0.8781085
-0.8768682
-0.915755
-1.029941
-0.994401
-0.7104636
-0.9349796
-0.8517635
-0.7146419
-0.8772651
-0.8378765
-0.6669221
-0.9581276
-0.9175155
-0.8403344
-0.8702224
-1.000634
-0.7156665
-0.8777661
-0.8564158
-0.9875715
-0.7713732
-0.7326025
-0.8834367
-0.7101287
-0.6160225
-0.8262518
-0.7518211
-0.8307922
-0.7751847
-0.8547215
-0.7231001
-0.9291724
-0.6601257
-0.8003545
-0.8377744
-0.7818714
-0.7485861
-0.7598097
-0.8970905
-0.7310157
-0.8294575
-0.7499764
-0.8133267
-0.7718039
-0.8006072
-0.7887963
-0.7643915
-0.6355552
-0.767642
-0.75017
-0.7152927
-0.8434986
-0.7737748
-0.675371
-0.8129162
-0.6886136
-0.5801655
-0.7509631
-0.774742
-0.7169316
-0.8113061
-0.7639317
-0.8334288
-0.6972488
-0.6603507
-0.7324806
-0.8109013
-0.5948273
-0.7795999
-0.6137188
-0.6477123
-0.8000333
-0.6639728
-0.8473592
-0.7614475
-0.6361456
-0.744168
-0.6226652
-0.8111789
-0.8115646
-0.6623344
-0.8434411
-0.8040856
-0.5858178
-0.5884128
-0.6075078
-0.6179496
-0.7320856
-0.6600083
-0.6655738
-0.8235836
-0.5892747
-0.7657253
-0.6530048
-0.6621769
-0.6346727
-0.7331353
-0.7092115
-0.5495647
-0.6534877
-0.6553223
-0.6904855
-0.6588137
-0.6143316
-0.647395
-0.6761647
-0.6721339
-0.7478997
-0.712597
-0.6280117
-0.7158927
-0.6224248
-0.6551199
-0.7434897
-0.6902346
-0.5808862
-0.6686027
-0.5594919
-0.5673712
-0.6433843
-0.6177258
-0.4372562
-0.5666579
-0.5387108
-0.5768918
-0.6313144
-0.516443
-0.5003856
-0.6613657
-0.6495793
-0.6721562
-0.5799454
-0.5838308
-0.4947485
-0.7215278
-0.5369214
-0.6598747
-0.6246519
-0.5304575
-0.7280576
-0.557425
-0.4612798
-0.5785816
-0.6383368
-0.5788883
-0.6279241
-0.5424641
-0.6049341
-0.5605589
-0.6084374
-0.5427805
-0.5084552
-0.45393
-0.5483745
-0.600916
-0.6355703
-0.4559499
-0.3377555
-0.6161853
-0.4996386
-0.6005443
-0.6336636
-0.2550768
-0.5038139
-0.5836875
-0.65101
-0.6745714
-0.4309057
-0.4390494
-0.4799785
-0.4770595
-0.4809195
-0.6413006
-0.4883586
-0.6352705
-0.5554346
-0.456167
-0.5213023
-0.4654735
-0.4730172
-0.4109331
-0.504368
-0.5840337
-0.4927171
-0.4488135
-0.4742495
-0.5160991
-0.5073973
-0.4688119
-0.3059008
-0.6284276
-0.5072299
-0.3744722
-0.4579296
-0.5261259
-0.4302787
-0.5896646
-0.4505117
-0.4735973
-0.4074296
-0.3456984
-0.4304469
-0.4085573
-0.5017901
-0.4584581
-0.3759748
-0.3430969
-0.5437383
-0.5097588
-0.4089505
-0.3582663
-0.431665
-0.4060568
-0.5346603
-0.3638775
-0.4808937
-0.3311382
-0.4795418
-0.6339445
-0.2585136
-0.3169736
-0.3074572
-0.5880216
-0.3222516
-0.5105881
-0.3224391
-0.3271489
-0.4291484
-0.3504283
-0.4898705
-0.3597385
-0.4740318
-0.3614617
-0.4669915
-0.4174521
-0.4940429
-0.5841647
-0.4744462
-0.3674934
-0.3971177
-0.3885425
-0.4859258
-0.3905853
-0.3028154
-0.4964372
-0.2709249
-0.375876
-0.2201767
-0.2640671
-0.3617362
-0.5522472
-0.3653835
-0.3506423
-0.4372103
-0.4027142
-0.3472472
-0.3915601
-0.5222713
-0.2839529
-0.3091165
-0.3713996
-0.4425401
-0.3762762
-0.3666176
-0.4044911
-0.2903303
-0.3136819
-0.3325016
-0.2617319
-0.2681429
-0.2813056
-0.3905406
-0.3402612
-0.3864767
-0.281162
-0.2847213
-0.231661
-0.3250938
-0.3590531
-0.4739218
-0.3384141
-0.3838861
-0.2832105
-0.253601
-0.2045904
-0.2803579
-0.1902694
-0.353933
-0.2031692
-0.364008
-0.4847276
-0.3007347
-0.2279751
-0.245791
-0.3129971
-0.2451985
-0.3361834
-0.3239211
-0.3459588
-0.2987563
-0.2467527
-0.2091428
-0.2554578
-0.359568
-0.352308
-0.3336963
-0.1629639
-0.3404
-0.2413097
-0.2178161
-0.2643482
-0.2748502
-0.2666318
-0.2262218
-0.1741404
-0.3208193
-0.2488649
-0.121335
-0.2248189
-0.247869
-0.1961279
-0.08291175
-0.2044385
-0.3390241
-0.2071894
-0.3660326
-0.1411409
-0.06046441
-0.1903943
-0.1891758
-0.2080781
-0.1754499
-0.09086174
-0.2637035
-0.07815996
-0.1389759
-0.1781542
-0.03581116
-0.1955607
-0.2141738
-0.1244466
-0.1827733
-0.1036227
-0.1232143
-0.2445508
-0.1137453
-0.1815322
-0.2418823
-0.2537474
-0.2046297
-0.09480799
-0.2227504
-0.2106942
-0.1122833
-0.1117313
-0.2065412
-0.2041479
-0.266995
-0.2408141
-0.2372778
-0.3022333
-0.1265631
-0.03895117
-0.2163722
-0.1850483
-0.08675054
-0.06970804
-0.2633583
-0.1563934
-0.1910731
0.02128534
-0.1742578
-0.1327106
-0.009924914
-0.1964114
-0.140963
-0.226114
-0.1682332
0.04567123
0.1060916
0.0372142
-0.0572663
-0.1674893
-0.0972949
-0.01573363
-0.144804
-0.1153648
-0.1632218
-0.05414236
-0.02029675
-0.1864428
-0.2845089
-0.07542878
-0.03670656
-0.03574714
-0.1080836
-0.1593997
-0.1231008
0.07251249
-0.07269959
0.009003011
-0.1264139
-0.1312716
0.0419142
0.006761337
-0.06746063
0.02027308
-0.1527599
0.07675843
-0.1013578
-0.10806
-0.1786668
-0.1809646
0.02901528
0.1512384
-0.1312378
-0.06779805
-0.09164851
0.003403153
0.06666545
0.02982743
-0.005618446
-0.04248947
0.09811768
0.01076086
0.009180064
-0.08937391
-0.003380406
-0.06491393
-0.01301168
0.009919037
0.1690481
-0.0127245
-0.2162145
0.113664
-0.002052579
-0.043473
-0.08545791
-0.001367268
0.1470592
-0.1181269
0.02854852
0.1650248
-0.02218131
0.09252572
0.139649
-0.09365189
0.05068427
-0.001751857
0.09604536
0.08941183
0.09879483
0.06459968
-0.03438069
-0.02121237
-0.01803092
0.1405878
0.09068944
0.0001974396
-0.01687356
0.167656
0.03830005
-0.01319095
0.07223685
0.06295413
0.04116896
0.1309207
0.03905045
0.07898992
0.03000791
0.05591722
0.02156884
0.06194676
0.07883613
0.1821527
-0.02864309
0.1824968
0.02668035
0.1068321
0.2618929
0.1226332
0.06368588
-0.1030874
0.237862
0.06892517
0.1124791
0.05579493
0.1409984
0.1408266
0.175983
0.1027451
0.1842607
0.201997
0.1595862
0.1572588
0.124714
0.2450294
0.2586644
0.1911615
0.2623681
0.05372082
0.1952019
0.1820366
0.2612011
-0.0003873568
0.1110368
0.2002724
0.1644408
0.05131273
0.1176674
0.1684241
0.1435434
0.1505217
0.09878788
0.1421101
0.1895197
0.2686417
0.1811241
0.1253237
0.2564918
0.1453774
0.1819162
0.2625689
0.1223629
0.3235827
0.2506849
0.2109235
0.03252651
0.1347712
0.1258429
0.07235391
0.3119287
0.05921622
0.1601746
0.2156509
0.1112174
0.2281789
0.2433243
0.2028161
0.1949034
0.3023919
0.2138297
0.2308812
0.3559851
-0.1458229
0.225465
0.08712714
0.2934814
0.2832487
0.2840013
0.2803109
0.2935773
0.3337037
0.1752927
0.2861846
0.3763534
0.3054303
0.1220928
0.2388536
0.297794
0.3073401
0.1317307
0.3077546
0.2255003
0.1363722
0.157833
0.1480509
0.3159901
0.3185556
0.3108215
0.2037674
0.1778249
0.2872706
0.1348713
0.251165
0.3400805
0.2820001
0.4048978
0.2391487
0.2608418
0.4353525
0.3804322
0.3288138
0.2015503
0.3310326
0.3807973
0.3888933
0.3000495
0.4219733
0.3258978
0.416412
0.4633212
0.1543399
0.3003515
0.4006474
0.2791585
0.1537588
0.5007782
0.171979
0.3993637
0.2669794
0.3140292
0.3191296
0.3545474
0.357387
0.3381941
0.3478892
0.3401867
0.4461894
0.3038696
0.2529697
0.2360608
0.462299
0.3928342
0.394944
0.3305317
0.4816828
0.2907991
0.3559131
0.3149257
0.4006531
0.4160885
0.4143154
0.3575661
0.3922395
0.4208189
0.3337305
0.1607582
0.4164668
0.310446
0.4085516
0.3397156
0.3700778
0.557294
0.3607634
0.4509086
0.3456146
0.4366216
0.3976033
0.2826127
0.3000462
0.3476962
0.2705443
0.3177635
0.5030985
0.4126746
0.444936
0.4269173
0.3629906
0.5226201
0.429458
0.3823318
0.4239986
0.6074564
0.3337716
0.6729494
0.4500371
0.4615324
0.5048567
0.5248515
0.4876301
0.4262268
0.3873083
0.3011686
0.524609
0.3220515
0.4623376
0.4433137
0.5560082
0.3980758
0.5111789
0.6162007
0.5135291
0.4580267
0.5802414
0.5532348
0.6035987
0.5232231
0.564773
0.5595608
0.5024432
0.2969499
0.5165892
0.3522384
0.5011365
0.5618514
0.5942819
0.4457521
0.4654737
0.5745151
0.6949449
0.4343671
0.4441136
0.5376617
0.5750914
0.6576109
0.5677161
0.7430341
0.5294226
0.4946677
0.5781837
0.5226682
0.4841788
0.4508733
0.6353195
0.517739
0.5442029
0.5196518
0.5870451
0.7479546
0.6205427
0.4812849
0.4995418
0.4676074
0.6041052
0.5506639
0.5201389
0.6113552
0.7355908
0.5739743
0.4586812
0.7586144
0.6268167
0.5031479
0.5200239
0.4323454
0.6432327
0.6331028
0.6427571
0.6216259
0.7017507
0.6386602
0.4176736
0.5934296
0.670234
0.778242
0.704696
0.6753695
0.7024708
0.7335419
0.6184083
0.6341936
0.5860082
0.6637544
0.6631802
0.6030082
0.6462197
0.693213
0.4448224
0.6380944
0.6123345
0.5061979
0.702283
0.6584032
0.6663065
0.6197566
0.5638536
0.5227486
0.679697
0.6591633
0.8405651
0.5854955
0.6810164
0.569963
0.5806925
0.7510559
0.6708375
0.6732168
0.6352281
0.7226411
0.645693
0.5893603
0.6089443
0.6780341
0.6478455
0.8126225
0.5428163
0.7739474
0.6310357
0.6242172
0.6079794
0.5158204
0.6395462
0.7889267
0.7671718
0.7619014
0.5896363
0.7526115
0.6872651
0.6691915
0.7434254
0.621679
0.5781154
0.8606768
0.6974458
0.743023
0.5533131
0.7681355
0.6386604
0.6716643
0.6420949
0.8214114
0.8090229
0.7324383
0.8089463
0.7885706
0.7571275
0.7695764
0.9200474
0.682769
0.7364256
0.6853292
0.7017219
0.777072
0.7547356
0.7055532
0.7338445
0.6792464
0.7332537
0.8168306
0.8511376
0.6296186
0.9467057
0.7890783
0.7286936
0.5845251
0.7831953
0.7081091
0.7164723
0.8680652
0.7087249
0.7159966
0.9126793
0.7897933
0.7101652
0.8998299
0.6717149
0.8756657
0.943046
0.9158944
0.8490753
0.8967936
0.7822018
0.8355869
0.9115443
0.8527905
0.9035865
0.8501471
0.8662197
0.8274458
0.8260127
0.8566794
0.9513109
0.9443254
0.7803705
0.7855959
0.7951757
0.7879143
0.8368328
0.8279624
0.7196698
0.881131
0.8175975
0.9472195
1.006595
0.9674772
0.9570272
0.8696659
0.8842229
0.8289317
0.8738457
0.8349276
1.015194
0.8725635
0.906397
1.042398
0.9579743
0.808366
0.8889748
1.039215
0.9418466
0.9879306
0.8933764
0.6972144
0.9091021
0.8928517
0.9514052
0.9844494
0.999885
1.07471
1.055955
0.9423761
0.9391237
0.9534348
0.8384795
0.879974
1.025685
0.9735337
0.8868894
0.8813964
0.9173618
0.9681082
0.895579
1.007269
1.04068
0.9106064
1.088909
1.117211
0.9085806
0.9028529
1.04155
1.046046
0.8782207
0.8861002
0.9528226
0.8262217
0.995404
0.992762
0.9253329
0.8687588
1.068211
0.8943617
0.9016017
1.130324
1.041408
1.04695
1.1915
0.8598776
0.9675857
0.9578136
0.9778107