0.03705778
-0.926657
-1.047096
-0.9529399
-1.051427
-0.9397903
-0.9881454
-1.03055
-1.149115
-0.9981574
-0.9486966
-0.9397223
-1.00508
-0.9554334
-0.9421658
-0.9605423
-0.9135861
-0.8518318
-0.9955394
-0.9511517
-1.025308
-0.9603451
-0.8481567
-0.9089077
-1.102796
-0.8623433
-0.9011904
-0.9602212
-1.027473
-0.9287887
-0.9256524
-0.9271392
-0.8968179
-0.9905563
-0.8693395
-0.8985012
-0.9097262
-0.8227748
-0.9336555
-0.9262513
-0.6652403
-0.7487925
-0.8523112
-0.8993287
-0.9925217
-0.804275
-0.9738679
-0.9248757
-0.929215
-0.9158031
-0.8404771
-1.009726
-1.022931
-0.6816283
-0.7686214
-0.7581507
-0.8784675
-1.001086
-0.8541593
-0.8418213
-0.699969
-0.8396359
-0.958661
-0.930059
-0.8728552
-0.8339879
-0.9404639
-0.8311669
-0.8525257
-0.788662
-0.813222
-0.6301435
-0.7380683
-0.9830931
-0.9878963
-0.8620343
-0.80331
-1.014422
-0.7253445
-0.8382653
-0.8409778
-0.8555699
-0.8966621
-0.8450063
-0.8181159
-0.8074275
-0.6441638
-0.8961325
-0.7852864
-0.9124126
-0.8356242
-0.8245774
-0.7376721
-0.8754294
-0.740486
-0.7221736
-0.7112453
-0.8509819
-0.7379867
-0.8407991
-0.8150623
-0.7557515
-0.7816063
-0.9224406
-0.8937389
-0.916576
-0.7295069
-0.7194956
-0.9051985
-0.6977597
-0.88544
-0.8105969
-0.7773104
-0.7113294
-0.694581
-0.7750405
-0.6798416
-0.7251509
-0.8727477
-0.7586021
-0.8245178
-0.7447304
-0.8685383
-0.7985172
-0.71869
-0.6074875
-0.7242125
-0.9286321
-0.7274784
-0.7005533
-0.6906732
-0.580269
-0.7692854
-0.809755
-0.743419
-0.7713628
-0.7136365
-0.51994
-0.525458
-0.7094633
-0.7512229
-0.68022
-0.7600406
-0.789182
-0.7761692
-0.7313633
-0.6186265
-0.6947059
-0.6610543
-0.6918662
-0.6909731
-0.6960303
-0.7156629
-0.645295
-0.7254612
-0.6440554
-0.7463467
-0.6645047
-0.610557
-0.556382
-0.6180301
-0.5815284
-0.5558296
-0.6130199
-0.6623305
-0.6531872
-0.6070473
-0.6818871
-0.8114311
-0.5844728
-0.6576044
-0.6289109
-0.6759458
-0.6891585
-0.5895468
-0.774657
-0.6605954
-0.7543265
-0.6471887
-0.8079665
-0.5036607
-0.6519913
-0.5795082
-0.6934958
-0.5752536
-0.5703329
-0.5135184
-0.6376729
-0.6847111
-0.5694545
-0.6673563
-0.5813938
-0.6514487
-0.7129014
-0.6902056
-0.5434963
-0.57589
-0.5355923
-0.4908669
-0.5008401
-0.6119112
-0.5698133
-0.6735555
-0.5312058
-0.6337247
-0.7239964
-0.6174886
-0.78724
-0.4958231
-0.4780622
-0.5421954
-0.5563202
-0.5729893
-0.5098239
-0.6247181
-0.597992
-0.5584731
-0.5720073
-0.5552047
-0.6653052
-0.3764806
-0.5338106
-0.554544
-0.5466793
-0.632762
-0.515839
-0.5580128
-0.7325548
-0.4813226
-0.5139655
-0.5683417
-0.5606009
-0.5092897
-0.4721783
-0.6745546
-0.5067246
-0.7048472
-0.4821381
-0.5243221
-0.6513229
-0.6528767
-0.5312169
-0.5101842
-0.496915
-0.5994353
-0.6085803
-0.447828
-0.4886483
-0.5348235
-0.3818181
-0.4108388
-0.5254351
-0.6615734
-0.4944339
-0.5276055
-0.4512529
-0.4750924
-0.6641064
-0.5015056
-0.4556667
-0.4327162
-0.5003094
-0.5936066
-0.4936237
-0.2592131
-0.4160166
-0.444832
-0.4862122
-0.4915087
-0.411427
-0.3686721
-0.316733
-0.4341651
-0.6279274
-0.6051408
-0.3892141
-0.4358832
-0.5140293
-0.3887594
-0.3769948
-0.53762
-0.4020972
-0.5296025
-0.3495081
-0.5181679
-0.5721428
-0.3295157
-0.4475954
-0.3427116
-0.4598918
-0.2741891
-0.4239885
-0.5470126
-0.3666245
-0.3254884
-0.4326752
-0.4282577
-0.5195558
-0.3340983
-0.3798119
-0.4157143
-0.477657
-0.4444744
-0.486138
-0.4237758
-0.4315767
-0.3248266
-0.4912735
-0.4907774
-0.4288646
-0.292201
-0.5160615
-0.3947189
-0.4662896
-0.4215905
-0.3430986
-0.4248662
-0.5138447
-0.2224794
-0.3453338
-0.3145041
-0.3171174
-0.4246981
-0.3572767
-0.3293777
-0.5173486
-0.501903
-0.206401
-0.2616217
-0.2817977
-0.2872002
-0.3547749
-0.3545865
-0.3160805
-0.1854294
-0.382304
-0.4725668
-0.2456147
-0.3208224
-0.3138253
-0.2946791
-0.3904223
-0.3779307
-0.4025222
-0.316756
-0.2751135
-0.3177271
-0.1978626
-0.2351065
-0.3500073
-0.3275743
-0.3523737
-0.3726267
-0.2282646
-0.2252217
-0.2364274
-0.2161863
-0.2509798
-0.325688
-0.3023809
-0.2918596
-0.2429236
-0.2582045
-0.3955721
-0.2868368
-0.159908
-0.2716816
-0.3293934
-0.2646855
-0.4303482
-0.1695032
-0.2209263
-0.215296
-0.3938981
-0.4089169
-0.2509604
-0.2533457
-0.257285
-0.2794618
-0.2327848
-0.06480938
-0.143136
-0.4348431
-0.2907252
-0.3705581
-0.2784311
-0.1116117
-0.1865603
-0.3010843
-0.2215293
-0.2315333
-0.1288973
-0.1850374
-0.202124
-0.3692462
-0.3803211
-0.3205202
-0.3225448
-0.1856748
-0.238701
-0.07732192
-0.06668814
-0.2392524
-0.327954
-0.1205825
-0.1850529
-0.1343759
-0.1282289
-0.1438427
-0.08638204
-0.1635515
-0.090353
-0.1430771
-0.1549342
-0.1562734
-0.1527347
-0.1996135
-0.1348073
-0.03580093
-0.1888082
-0.1227974
-0.2942254
-0.2060577
-0.1525405
-0.167978
-0.05409692
-0.1455869
-0.1695291
-0.06312512
-0.08767914
-0.1162721
-0.07253848
-0.2408958
-0.03918391
-0.09929909
0.01789547
-0.1374869
-0.08938648
-0.1754486
-0.08009711
-0.07052981
-0.1795488
-0.3019291
-0.1870468
-0.2226078
-0.1957485
-0.2358252
-0.2455491
-0.09052323
-0.0334275
0.01413319
-0.1462334
-0.1722098
-0.0699323
-0.08542107
0.01426314
0.008791063
-0.1389153
0.006029418
-0.1085558
-0.07338676
-0.1062454
-0.1684269
-0.02608098
-0.02974217
-0.1214334
-0.1455395
0.02342841
-0.1341871
-0.07267892
-0.04619449
-0.1110184
0.05953924
-0.1203214
0.02551044
-0.06515464
-0.1487321
-0.05988236
-0.07941569
-0.004948612
-0.08988423
0.07800158
-0.0281774
-0.09573014
-0.01895522
-0.1470788
0.05806734
-0.0276078
0.1330053
-0.1094871
-0.0792586
-0.02976927
0.06602737
-0.04082536
0.02948785
0.08972609
-0.0925188
-0.09331521
0.03992809
-0.01471343
-0.1026207
-0.1758776
0.07691839
-0.01554129
-0.08431908
0.06931121
0.01342335
0.221536
0.1556541
-0.1280055
0.05495841
-0.09676012
0.09590303
-0.01976883
0.08564271
0.1178614
0.08551607
0.2073901
0.109364
-0.04504003
0.008213684
-0.09781794
-0.01548459
0.1247001
0.2047048
0.06433486
-0.08489425
-0.07536977
0.1833592
0.08572432
0.1348152
0.02484395
-0.030572
0.197691
0.08337379
0.1302874
0.02071179
-0.03252988
-0.02153463
0.2548877
-0.1137867
0.04743543
0.1276807
0.03877529
0.1368614
-0.02858639
0.2396288
0.01884476
0.09422813
0.1423927
0.01156334
0.1164575
0.02874194
-0.00777925
0.1224249
0.1832443
0.1274684
0.1245915
0.1528148
0.2698106
0.2065169
0.1427829
0.0529697
0.1541093
-0.004119787
0.1700716
0.09231627
-0.05955937
0.1015114
0.2152409
0.07944005
0.1345353
0.096231
0.09637878
0.1737665
0.1306404
0.07346458
-0.00190946
0.1226469
0.1705865
0.1792051
0.3305277
0.2486792
0.133721
0.2367873
0.2168641
0.1437333
0.1685909
0.1160897
0.1299258
0.2474199
0.1469242
0.2230196
0.1179927
0.2048483
0.2197797
0.02525093
0.2434068
0.2405574
0.3208607
0.2724951
0.3432837
0.1065117
0.2909726
0.1562303
0.307041
0.08306738
0.2973937
0.1933588
0.3123305
0.2992171
0.1945701
0.235057
0.25697
0.3483861
0.3295929
0.3126687
0.175352
0.2865869
0.235313
-0.02241777
0.1903085
0.1754959
0.202716
0.2611416
0.320594
0.2680743
0.3320936
0.2499713
0.3759537
0.2937259
0.2211875
0.09063962
0.3562213
0.1570459
0.4360752
0.2931378
0.194087
0.3225154
0.2217395
0.3205531
0.4055454
0.3331059
0.3233735
0.3942722
0.3749966
0.1951913
0.1145762
0.2803782
0.1264836
0.2406668
0.3013963
0.3554799
0.2790294
0.343861
0.2555287
0.2265705
0.312649
0.2754162
0.2460334
0.4339889
0.1357456
0.3185599
0.3271597
0.3078728
0.3904339
0.2096019
0.3677235
0.2527769
0.2910138
0.2455209
0.3346962
0.2423035
0.3289372
0.2732766
0.4338883
0.484986
0.3734682
0.4267294
0.3815719
0.5182473
0.2360447
0.3158169
0.3477277
0.3993259
0.3646645
0.3172602
0.3980995
0.2558309
0.348306
0.4090264
0.3842178
0.3804701
0.5885601
0.3622844
0.3322591
0.371492
0.451401
0.3677371
0.518819
0.4018273
0.4986533
0.2924613
0.3950425
0.4397047
0.3442883
0.3956209
0.2696167
0.3195399
0.3538532
0.4040183
0.4324553
0.5630016
0.5084738
0.5215474
0.2748914
0.3770441
0.4872207
0.3950642
0.4319463
0.4910067
0.522457
0.4402784
0.5972107
0.3655062
0.4724341
0.4278843
0.3058335
0.4966309
0.3886366
0.5716678
0.5685998
0.3389561
0.2685552
0.5460891
0.5012605
0.3787708
0.5041557
0.6139984
0.4838975
0.4196447
0.5350262
0.5783841
0.3784649
0.4899152
0.584541
0.3489758
0.5329354
0.6779447
0.4445017
0.4829997
0.5367896
0.6725253
0.4813512
0.3286964
0.6175611
0.5893281
0.6498481
0.5351513
0.7438346
0.5471767
0.4900885
0.5679141
0.5809116
0.4793188
0.5250547
0.4105396
0.4972768
0.5877941
0.592201
0.5021409
0.5775067
0.5122654
0.6369707
0.6292348
0.5937159
0.5877521
0.5098308
0.5838738
0.567582
0.4387123
0.5208124
0.4094659
0.4799169
0.726121
0.5668072
0.5123675
0.5765137
0.6244413
0.6396548
0.5622879
0.5764414
0.6521939
0.5335593
0.4871942
0.6902325
0.5035048
0.5363297
0.4559207
0.6347591
0.5991854
0.5988533
0.5259265
0.6229642
0.6977135
0.6738804
0.6365433
0.6340032
0.531453
0.721152
0.6924286
0.5332274
0.6449372
0.558226
0.736344
0.618506
0.6840014
0.7369893
0.686061
0.6248611
0.6831389
0.5645636
0.5389546
0.6487433
0.7327914
0.7185032
0.6445994
0.7243858
0.5910696
0.677488
0.6693221
0.5780114
0.659751
0.5306418
0.7507729
0.7253139
0.7570579
0.7567193
0.8006885
0.7049401
0.5754755
0.7519591
0.6647183
0.7438296
0.7376494
0.719865
0.6625076
0.5825978
0.517532
0.6775268
0.7354731
0.7757507
0.7349668
0.7950726
0.6704671
0.6830785
0.7889325
0.7173138
0.6484658
0.7023696
0.8148919
0.7762933
0.6424919
0.7942779
0.7160495
0.6412201
0.6733626
0.8417118
0.7008591
0.8153882
0.9087317
0.6709767
0.7133723
0.772464
0.7036116
0.6144113
0.847154
0.6946665
0.7165782
0.7203341
0.9607855
0.7646404
0.733998
0.7935858
0.7850347
0.6922542
0.8555476
0.8065261
0.7743798
0.6087931
0.6574532
0.7854948
0.8093544
0.8804209
0.8131507
0.7814345
0.8595244
0.9121478
0.8228329
0.7018561
0.9118521
0.7820288
0.7045387
0.8639266
0.6245122
0.7887274
0.7587775
0.7814743
0.7717521
0.7779277
0.7951862
0.8605403
0.7579354
0.8140809
0.8622355
0.7529887
0.8387038
0.7729841
0.9069844
0.8903836
1.038373
0.9538006
0.819408
0.9023381
0.8478466
0.8889672
0.8076825
0.9337665
0.9792202
0.8426709
0.9189673
0.7527269
0.7590712
0.7048048
0.8837238
0.7677281
0.9482522
0.9496606
0.9036302
0.8889893
0.9870797
0.8508967
0.8499126
1.008413
0.8684618
1.040288
0.9989963
0.7598826
0.9183298
0.9867492
0.8448528
0.8132701
0.7758825
0.8734822
1.025076
0.7814435
0.895357
0.8643779
0.6996691
0.899178
0.9615093
0.885751
1.099361
1.018441
0.9421886
0.9734485
0.8775716
1.008991
0.9687173
0.89689
0.9827129
0.9890343
0.9452594
0.9576095
0.7958533
0.9840833
0.8287254
1.032995
0.918513
1.014266
0.8567682
0.9739461
0.9974508
0.8720175
0.8931531
1.065878
0.9957381
1.040146
1.002238
1.006978
0.9076142
1.052477
0.94256
1.068252
0.9877701
0.9154025
1.036535
1.101257
0.9455695
0.9045078
0.8291637