0.03927683
-0.9428903
-1.032097
-0.9563974
-1.047672
-0.9472113
-0.9905346
-1.005534
-1.140362
-0.9952741
-0.9333896
-0.9590793
-1.016029
-0.9687309
-0.9477765
-0.9366504
-0.9352006
-0.8641164
-1.00788
-0.9368292
-1.012567
-0.9722359
-0.8211948
-0.9032714
-1.100295
-0.8673586
-0.8997126
-0.9787955
-1.030746
-0.9465958
-0.9219222
-0.9131036
-0.8948246
-0.9918994
-0.8868297
-0.8913694
-0.891534
-0.7985308
-0.9196092
-0.9105217
-0.6885883
-0.7649011
-0.8708751
-0.8995685
-0.9951581
-0.8141862
-0.9652222
-0.9587285
-0.9453814
-0.9266362
-0.8207492
-1.012837
-1.029146
-0.6827209
-0.7701023
-0.7904237
-0.8925408
-0.9907177
-0.8584525
-0.821072
-0.7178017
-0.8093585
-0.9569626
-0.9533783
-0.8772264
-0.8326642
-0.9504592
-0.8277825
-0.8469282
-0.8101703
-0.7958344
-0.6500329
-0.753926
-0.9998663
-0.9951747
-0.8578808
-0.791208
-1.028461
-0.713469
-0.8468178
-0.8413982
-0.8353033
-0.8926734
-0.8539738
-0.8107027
-0.8223311
-0.6509052
-0.8910235
-0.7926043
-0.929559
-0.8421647
-0.8178409
-0.7375369
-0.8891662
-0.7174111
-0.7118899
-0.7095065
-0.861795
-0.7275724
-0.8262842
-0.7991976
-0.7375908
-0.7907276
-0.9164542
-0.8993136
-0.9229904
-0.7208136
-0.7160509
-0.9041434
-0.7173848
-0.8633207
-0.7919807
-0.7740828
-0.7149295
-0.6923804
-0.7739461
-0.6875136
-0.722719
-0.8646516
-0.75007
-0.8219189
-0.7492517
-0.8727719
-0.8019606
-0.7284767
-0.5843899
-0.7261452
-0.9289431
-0.7222371
-0.7158902
-0.697771
-0.555208
-0.763657
-0.8329407
-0.7657849
-0.7622393
-0.7056823
-0.508174
-0.515497
-0.7029189
-0.7762094
-0.6774823
-0.7628623
-0.7953766
-0.7728661
-0.7251583
-0.5984095
-0.6812996
-0.6454248
-0.6655969
-0.6796347
-0.68328
-0.7047282
-0.6452625
-0.7272645
-0.6393519
-0.7617431
-0.6544154
-0.5981814
-0.5778908
-0.6365306
-0.5861326
-0.5588306
-0.5946246
-0.6551214
-0.6683629
-0.6356777
-0.6598869
-0.8102038
-0.5693273
-0.6503129
-0.5723309
-0.6735082
-0.6894695
-0.5906126
-0.7533376
-0.65492
-0.7354627
-0.6351483
-0.802219
-0.5230198
-0.6769152
-0.577955
-0.7048539
-0.5987708
-0.5617334
-0.5072554
-0.6327934
-0.6632081
-0.5961679
-0.6739188
-0.5672667
-0.6436939
-0.6781679
-0.683525
-0.5234071
-0.5618421
-0.5336576
-0.501935
-0.5009653
-0.622304
-0.5508763
-0.6530017
-0.5328994
-0.6286128
-0.7483819
-0.6236867
-0.7691708
-0.4949626
-0.4734246
-0.5422387
-0.5648601
-0.5618808
-0.5218407
-0.6214653
-0.6190018
-0.5293418
-0.5545087
-0.5629054
-0.6733221
-0.359866
-0.5558315
-0.5679605
-0.5441505
-0.624994
-0.5317548
-0.5546712
-0.7458713
-0.5044028
-0.5127067
-0.5423497
-0.5479618
-0.5017132
-0.4626054
-0.678394
-0.5180395
-0.7154706
-0.5117694
-0.5351558
-0.6522246
-0.6289609
-0.5213471
-0.5143599
-0.5011335
-0.6035319
-0.5897857
-0.4607686
-0.4562561
-0.5410575
-0.394336
-0.4090201
-0.5278227
-0.6453976
-0.5026707
-0.5219085
-0.4755186
-0.4699594
-0.6391282
-0.5159153
-0.4616074
-0.4284604
-0.5026053
-0.5949343
-0.4987754
-0.2726113
-0.4330105
-0.4282922
-0.5161853
-0.494357
-0.4008122
-0.3842603
-0.3347048
-0.4264786
-0.6570425
-0.5749787
-0.4041805
-0.4411777
-0.4976459
-0.3840925
-0.4049455
-0.537601
-0.4299467
-0.5243981
-0.3708736
-0.4946723
-0.5954565
-0.3155106
-0.4527455
-0.3404811
-0.4454605
-0.2682834
-0.4326122
-0.5491754
-0.3616647
-0.3430737
-0.4414721
-0.4366886
-0.5101792
-0.3274882
-0.3573987
-0.4020764
-0.4577409
-0.4226777
-0.4715112
-0.4132511
-0.434037
-0.3457827
-0.4881281
-0.500187
-0.421296
-0.2827781
-0.5137274
-0.3883292
-0.4748948
-0.4541799
-0.3326616
-0.4364701
-0.4919732
-0.2246754
-0.348252
-0.3023788
-0.3065148
-0.4343595
-0.3697297
-0.3151795
-0.5158842
-0.5083469
-0.2065669
-0.2563997
-0.2794088
-0.2997425
-0.3572558
-0.3266388
-0.3157566
-0.1780088
-0.3926643
-0.4660961
-0.2334012
-0.3281607
-0.3005281
-0.2800931
-0.387889
-0.396566
-0.4078601
-0.3077681
-0.2682257
-0.3007727
-0.213723
-0.2272463
-0.3604699
-0.3237577
-0.3591354
-0.363183
-0.2482596
-0.2296008
-0.2334851
-0.2199575
-0.2841584
-0.3338651
-0.2708289
-0.2655624
-0.2310027
-0.2911196
-0.3991985
-0.288386
-0.1631916
-0.2589824
-0.3178789
-0.2343592
-0.4130732
-0.15622
-0.2450602
-0.2406562
-0.3886877
-0.4188315
-0.2504476
-0.2595919
-0.2447568
-0.2805417
-0.2388958
-0.07927785
-0.117075
-0.4145362
-0.3009317
-0.3536739
-0.2668615
-0.1182188
-0.2056542
-0.2582472
-0.2363388
-0.227179
-0.1305936
-0.1935853
-0.1947595
-0.3881913
-0.3679389
-0.3191124
-0.3224935
-0.209527
-0.2445075
-0.08806226
-0.07687401
-0.2590314
-0.3266564
-0.1069627
-0.1887348
-0.1593891
-0.1522958
-0.1600736
-0.0853596
-0.1676785
-0.09152956
-0.1417952
-0.1476894
-0.1447032
-0.1279163
-0.1863328
-0.117364
-0.027081
-0.2009243
-0.1287247
-0.3038435
-0.2102461
-0.1542742
-0.1638915
-0.03646178
-0.1150581
-0.1676398
-0.0609884
-0.08120676
-0.1015497
-0.09398434
-0.2231767
-0.05397389
-0.09090412
0.01723225
-0.1233483
-0.1225994
-0.1587764
-0.088922
-0.07988653
-0.1738964
-0.301768
-0.1627271
-0.2199901
-0.1813727
-0.2400486
-0.2298261
-0.08588913
-0.03949526
0.01729211
-0.1389234
-0.1857306
-0.0706665
-0.1041274
0.01280196
0.02015971
-0.1327592
-0.005461192
-0.06849259
-0.0903197
-0.125349
-0.1698871
-0.03876129
-0.03106529
-0.1287302
-0.1516051
0.008704282
-0.1581486
-0.05071143
-0.07606585
-0.09875145
0.05098281
-0.1217166
0.02439548
-0.06239467
-0.148081
-0.07969289
-0.09100909
0.01891766
-0.09018945
0.08829014
-0.05806623
-0.07502422
-0.02743422
-0.1379217
0.07508762
-0.01510374
0.1314214
-0.09529659
-0.04918972
-0.02351516
0.06691497
-0.05231326
0.03293175
0.08017001
-0.08966056
-0.1044377
0.03007377
0.003596327
-0.07606992
-0.1694737
0.08177275
-0.005737797
-0.06879906
0.07724958
0.008344642
0.2316407
0.164121
-0.1283586
0.04453495
-0.09045748
0.1069149
-0.02185491
0.1222954
0.09311101
0.08246705
0.2155537
0.1245725
-0.05668181
0.02847862
-0.08128429
-0.005269571
0.1156153
0.1982873
0.07820705
-0.1064852
-0.06061716
0.1533681
0.07982906
0.1239258
0.02799677
-0.02859826
0.1894227
0.06315974
0.1430169
0.0157627
-0.05221215
-0.01740536
0.2558757
-0.09954448
0.05997638
0.1242977
0.02647569
0.1209661
-0.01852409
0.236802
0.0480372
0.1056764
0.1566918
0.008156566
0.1370708
0.02728133
-0.01282839
0.1464981
0.1919622
0.1017972
0.1039081
0.1623322
0.2423703
0.2148302
0.1516584
0.06843604
0.1828445
0.003003552
0.1664552
0.09101759
-0.06206221
0.0955262
0.220617
0.09052046
0.1251667
0.1023694
0.09553202
0.1576222
0.1258971
0.07156776
-0.0004028807
0.1280914
0.1745195
0.1606
0.32103
0.2292428
0.1484047
0.2264157
0.2064398
0.1231567
0.1823051
0.1226819
0.1490473
0.2495158
0.1577407
0.2227131
0.121872
0.2046472
0.2135064
0.03218723
0.2454276
0.2600565
0.3251863
0.2831619
0.3572117
0.09499602
0.3068609
0.1451137
0.3029006
0.09806538
0.2900283
0.196595
0.3060708
0.2890522
0.196164
0.2354764
0.2448897
0.3522901
0.3234368
0.2965717
0.2022102
0.2944985
0.2204884
-0.02263994
0.1895765
0.1926485
0.2180646
0.2514064
0.3244986
0.2684774
0.3443228
0.2414149
0.3539496
0.2646103
0.2091342
0.09017716
0.3455108
0.1556825
0.430108
0.290111
0.178792
0.3159341
0.2361886
0.3077092
0.3878287
0.3127424
0.3391808
0.3930167
0.3758313
0.1968613
0.1271625
0.2784502
0.1175193
0.2526247
0.2856549
0.352555
0.2754702
0.3413082
0.2602932
0.2587146
0.3239714
0.2896353
0.2540532
0.4165197
0.1432994
0.3190573
0.3385988
0.3197119
0.3861894
0.2223563
0.3800233
0.2564162
0.3060707
0.2463579
0.3413939
0.2413686
0.3092778
0.283832
0.4263169
0.4652217
0.345571
0.4118449
0.3658071
0.5276013
0.2301092
0.2833199
0.3217163
0.3860329
0.3732523
0.340766
0.3670278
0.285017
0.3604886
0.4058653
0.4082429
0.3847416
0.5885765
0.3603166
0.3493588
0.3683387
0.4502259
0.3592099
0.5213454
0.3878481
0.4961917
0.2788804
0.3657869
0.4502332
0.3422216
0.4012559
0.282912
0.3096435
0.3308266
0.4249378
0.4445705
0.5720663
0.5046299
0.5102911
0.2978839
0.3652533
0.5010675
0.3979742
0.3990109
0.4903005
0.5120399
0.4258174
0.5797573
0.3937063
0.4427373
0.4249001
0.3057947
0.5058306
0.3965721
0.5880409
0.5733628
0.3343518
0.2776798
0.5159268
0.492803
0.3932535
0.5008633
0.6041376
0.465415
0.412242
0.5510662
0.5462186
0.3822065
0.5178383
0.5591724
0.3381562
0.5397759
0.6571755
0.4542835
0.4865276
0.5325319
0.6714814
0.4775644
0.3268056
0.6055889
0.6134358
0.6294673
0.524175
0.7408402
0.5408569
0.499861
0.5662093
0.5681266
0.475728
0.5225928
0.4059048
0.4711231
0.596586
0.6114385
0.5184349
0.5585109
0.5225981
0.6440007
0.6231503
0.6082189
0.5738149
0.490777
0.5700271
0.5579401
0.4744632
0.4940608
0.4172411
0.4799566
0.7288284
0.5848504
0.5247595
0.5851198
0.6246583
0.6485479
0.5757464
0.5561537
0.6674816
0.550477
0.4799339
0.6894116
0.4895712
0.5337324
0.4489369
0.6244407
0.5621203
0.6229222
0.514991
0.6312126
0.688384
0.6510801
0.6296204
0.6329733
0.5229288
0.7250665
0.6793678
0.5387488
0.6622858
0.5716001
0.750923
0.6267683
0.685161
0.738663
0.6761449
0.632962
0.6683615
0.5572719
0.5321233
0.6527243
0.7180276
0.7162267
0.6376613
0.7074714
0.5970051
0.6842465
0.6601745
0.5798621
0.6730707
0.5279493
0.7378185
0.7140187
0.7754833
0.7589876
0.8021795
0.722868
0.5497077
0.754221
0.6451683
0.7419096
0.7446411
0.7197528
0.6483955
0.5698353
0.5248997
0.6926552
0.7371176
0.7702181
0.724772
0.7818656
0.6722544
0.677904
0.7886666
0.7104302
0.6272913
0.7073173
0.8096938
0.7960681
0.6279682
0.789993
0.7288501
0.6458893
0.6607516
0.8326282
0.7209041
0.8014559
0.9045349
0.6825326
0.710407
0.7666383
0.7206376
0.5883085
0.820542
0.7118331
0.678296
0.7314598
0.926613
0.7460072
0.7176296
0.8284182
0.786769
0.7192299
0.8533669
0.7816696
0.7727666
0.6253555
0.657678
0.8019344
0.7998987
0.8979885
0.7916795
0.779422
0.86091
0.9122551
0.8188014
0.7028284
0.9142762
0.7921898
0.6969287
0.8508662
0.6282081
0.7988617
0.7458913
0.7942157
0.7864049
0.7820504
0.8290375
0.8723611
0.7719835
0.8008403
0.8750388
0.7431097
0.8394411
0.7888068
0.8723049
0.8868418
1.05218
0.964055
0.8297043
0.8861542
0.8772516
0.8828886
0.8191285
0.9437671
0.9763097
0.8365589
0.9230225
0.7354997
0.7804459
0.7012238
0.9039362
0.7600796
0.9506978
0.9332532
0.8974698
0.8990897
0.9959017
0.8545488
0.8493511
1.015036
0.8657589
1.033191
0.9968068
0.7527376
0.9377684
1.011743
0.8546659
0.8332001
0.7789779
0.8457366
1.017243
0.7770618
0.8875503
0.85773
0.7121669
0.9123955
0.9396728
0.9228919
1.114936
1.013504
0.9669889
0.9887176
0.8803696
1.016947
0.9623547
0.8982993
1.009632
0.9939573
0.9903776
0.9836302
0.7973146
1.011222
0.818584
1.041016
0.9386117
0.9973547
0.8341693
0.9624462
0.9846866
0.9186826
0.9111283
1.064355
0.9878582
1.032753
0.9906973
1.012538
0.8942996
1.072879
0.9624239
1.072999
1.004574
0.9249762
1.037749
1.076524
0.9511203
0.8811099
0.8496836