-0.02996075
-1.086958
-0.9687762
-1.053138
-0.9370774
-0.9288443
-0.8848047
-0.9288074
-0.9784866
-1.137728
-0.9438819
-0.9399581
-0.9871712
-0.9740488
-0.8921467
-1.017755
-0.9907579
-0.7571631
-0.9961098
-1.032245
-0.9839528
-0.7858446
-0.9370153
-0.9801109
-0.8803114
-0.9111475
-1.005069
-0.9212985
-0.926772
-0.930963
-0.7731521
-0.9102531
-0.8020707
-1.012951
-0.9556951
-0.8465411
-0.9721052
-0.9074804
-0.9853747
-0.8754268
-0.8680296
-0.9370379
-0.929572
-1.082929
-0.9831527
-1.015167
-0.9742806
-1.051285
-0.9517393
-0.8859547
-0.9206547
-0.9646808
-1.009005
-0.8985955
-0.903116
-0.9900425
-0.8198346
-0.8078846
-0.9147173
-0.9261952
-0.8609576
-0.9029654
-1.04822
-1.005074
-0.8041736
-0.8602944
-0.8574095
-0.8936566
-0.7125727
-0.9330278
-0.9142118
-0.9674415
-0.9257192
-0.9482733
-0.9718404
-0.8174458
-0.9177527
-0.8891921
-0.6988226
-0.842057
-0.7868427
-0.8828361
-0.7997267
-0.9486253
-0.9387992
-1.010457
-0.8372745
-0.737346
-0.7811476
-0.7932471
-0.9081896
-0.9465181
-0.7345904
-0.9331091
-0.7604217
-0.8946182
-0.7894375
-0.7612452
-0.9243168
-0.7699753
-0.8270297
-0.7640695
-0.8132441
-0.7650536
-0.7506065
-0.7269183
-0.8287042
-0.5748053
-0.7329129
-0.8116543
-0.9083086
-0.8382546
-0.8222737
-0.7755034
-0.5522946
-0.8465869
-0.7887629
-0.7504075
-0.7837605
-0.6594845
-0.871704
-0.7075019
-0.9252753
-0.6869336
-0.6901556
-0.8021859
-0.8027876
-0.7894343
-0.7477798
-0.8509063
-0.8312547
-0.7628636
-0.8342568
-0.599683
-0.7166819
-0.8094825
-0.7970727
-0.6878162
-0.7319546
-0.8032581
-0.7046267
-0.7776917
-0.7459528
-0.5031664
-0.8025839
-0.6468391
-0.7475052
-0.4810412
-0.6423101
-0.6590571
-0.7040616
-0.6068785
-0.6658677
-0.6502607
-0.7288304
-0.7666895
-0.6522352
-0.6779582
-0.575997
-0.7899138
-0.7478993
-0.6284128
-0.5861463
-0.6043144
-0.5996856
-0.7082031
-0.7316377
-0.6947017
-0.7102832
-0.6408527
-0.5701898
-0.6771168
-0.6168843
-0.5114389
-0.7255659
-0.5866364
-0.7865031
-0.6043829
-0.7821031
-0.6028643
-0.5722104
-0.6103673
-0.6422031
-0.5890809
-0.6175672
-0.6065325
-0.7115022
-0.6720203
-0.5898351
-0.5488681
-0.7495329
-0.6349491
-0.7539295
-0.5560364
-0.6015614
-0.6155165
-0.5359824
-0.6334075
-0.6357856
-0.4731286
-0.5836527
-0.7746207
-0.6257512
-0.6178013
-0.6552148
-0.6511084
-0.5721231
-0.4161335
-0.5871022
-0.4122278
-0.4948734
-0.5713459
-0.5050136
-0.4987463
-0.628933
-0.5954935
-0.5534071
-0.6775657
-0.4944892
-0.6624638
-0.5964009
-0.550343
-0.6528135
-0.6726541
-0.4337919
-0.6221036
-0.5658039
-0.3783989
-0.5081168
-0.5899791
-0.5550504
-0.3885323
-0.6231967
-0.4979973
-0.5909282
-0.6211333
-0.4905026
-0.4771763
-0.5364414
-0.462625
-0.5189271
-0.4940503
-0.5515771
-0.5810963
-0.4457208
-0.5821638
-0.6029117
-0.5069038
-0.5752882
-0.6196313
-0.5439003
-0.3533782
-0.6642313
-0.3344153
-0.5250263
-0.5530263
-0.5331599
-0.4634114
-0.4532563
-0.4049451
-0.3709171
-0.4835068
-0.6210782
-0.4810729
-0.4859061
-0.5462235
-0.3866612
-0.3899361
-0.4359996
-0.5065153
-0.4066647
-0.3512665
-0.4732902
-0.3934451
-0.3198559
-0.3493616
-0.4481514
-0.4797737
-0.3955028
-0.5388947
-0.4386312
-0.4077073
-0.3673583
-0.4589418
-0.5333918
-0.3288994
-0.4806903
-0.5327377
-0.2948095
-0.581665
-0.4433952
-0.3664158
-0.4459995
-0.3828698
-0.4133793
-0.3761294
-0.4149707
-0.5396604
-0.3467852
-0.4295259
-0.5834438
-0.5089868
-0.4171768
-0.5079627
-0.4815424
-0.46948
-0.3397233
-0.2779468
-0.4323201
-0.4622181
-0.5165986
-0.5819266
-0.3690737
-0.4003
-0.3396666
-0.451958
-0.4481946
-0.3355478
-0.4269028
-0.4198884
-0.4479459
-0.3642752
-0.3578274
-0.2536535
-0.3625773
-0.3814181
-0.4319813
-0.3628686
-0.4314241
-0.2843522
-0.3693897
-0.3845216
-0.3531315
-0.3536891
-0.3847527
-0.1950028
-0.1681723
-0.1776132
-0.3367367
-0.3866229
-0.3177428
-0.332401
-0.3092058
-0.3015601
-0.4006032
-0.3828776
-0.2636913
-0.2572167
-0.3650394
-0.2410357
-0.2419489
-0.1888189
-0.2823993
-0.2594556
-0.2255692
-0.3389711
-0.2574738
-0.1970442
-0.3696579
-0.1803924
-0.3574831
-0.2032662
-0.2950002
-0.2370295
-0.2065363
-0.2795842
-0.3548657
-0.3946602
-0.4172776
-0.2755268
-0.2244229
-0.2082424
-0.2898303
-0.3745768
-0.1158685
-0.3524175
-0.2612586
-0.2164954
-0.1656677
-0.3245189
-0.129887
-0.1506038
-0.2797463
-0.4161782
-0.3870911
-0.1016656
-0.1927721
-0.1725049
-0.2035144
-0.1591278
-0.3587329
-0.3186561
-0.3283505
-0.2988936
-0.3196068
-0.1598263
-0.2545971
-0.2294279
-0.140126
-0.2424703
-0.3102437
-0.02037842
-0.03494506
-0.3544176
-0.345876
-0.2214718
-0.2523788
-0.1544605
-0.03618748
-0.1955955
-0.1369819
-0.2835585
-0.1697525
-0.2724427
-0.1602582
-0.1091811
-0.161569
-0.2912373
-0.2119995
-0.1728953
-0.1244374
-0.1886545
-0.09420871
-0.193628
-0.0468105
-0.3580691
-0.1408731
-0.04015729
-0.1725903
-0.05303225
-0.2158043
-0.1783708
-0.08317452
-0.1235515
-0.1513982
-0.1919477
-0.09250484
-0.2238489
-0.08672966
-0.255814
-0.1994388
-0.1809774
-0.1482134
-0.0452607
-0.140338
-0.06702074
-0.2754706
-0.2464137
-0.1014975
-0.0666617
-0.2195418
-0.04145724
-0.0273811
-0.2381007
0.03635386
-0.1941635
-0.0001635485
-0.003513639
0.01402374
-0.282737
-0.09194838
-0.05209317
-0.1462498
-0.05332627
-0.1295136
0.04529614
-0.113534
-0.1499649
-0.04933333
-0.01218636
-0.01182843
-0.09377846
-0.1130724
-0.0653032
-0.05049872
0.01680226
-0.1729839
-0.06997833
0.001896725
-0.03601434
-0.06235121
-0.04533269
0.03728846
0.05661914
-0.03088872
-0.08294888
-0.01531569
-0.2108545
-0.05074557
0.0561962
-0.1340762
0.09053183
0.03117896
0.02832947
-0.1579804
-0.09207641
0.03757154
-0.1857396
-0.02347658
0.005427885
-0.1073863
-0.02100065
0.1197764
-0.003130957
-0.04774851
0.08861515
0.00774351
0.03860856
0.02865126
0.01424891
0.02285314
-0.03089977
0.01859701
-0.01594107
0.07553996
0.1141123
0.0144111
0.0677208
0.007197161
0.07059049
0.1264985
-0.06497301
0.1554262
0.008015232
0.0172988
0.1208614
0.02217867
-0.07535191
-0.078383
0.05109939
-5.639259e-05
0.1992592
0.116193
0.08856418
0.1514718
0.1392754
0.02862307
-0.03405715
0.1092115
0.1297398
0.0373203
0.1010126
0.07597126
0.02880488
0.1362622
0.02182345
0.1265507
-0.01907732
0.2241509
0.02111895
0.2689777
0.1632084
0.1052934
0.01272181
0.1616036
0.2126732
0.1288377
0.03496169
0.1034148
-0.03140513
0.07854494
0.1699409
0.1041752
0.0967606
0.1587684
0.2471212
0.1707088
0.03897583
0.139603
0.1666614
0.2311252
0.1489705
0.3172045
0.1148626
0.1624331
0.06797618
0.1881393
0.169164
0.1704572
0.1474093
0.1741189
0.1371063
0.161656
-0.0004691109
0.09639227
0.2463921
0.2908254
0.1355332
0.1119393
0.2859662
0.1560802
0.1669845
0.1743629
0.1056758
0.2308786
0.06180905
0.2247381
0.253116
0.09165216
0.3267237
0.2060135
0.1484567
0.1064908
0.02186339
0.2866907
0.2195889
0.1634349
0.2016232
0.2052692
0.3782151
0.2423376
0.1521081
0.06495105
0.1568471
0.2479635
0.2274612
0.1149807
0.1510798
0.2569792
0.1287091
0.3112149
0.2048708
0.2310319
0.3574174
0.2575312
0.2637538
0.1716513
0.1539889
0.2846824
0.2889841
0.100647
0.03608118
0.2860357
0.3150009
0.2521258
0.176213
0.2517691
0.2828594
0.1382734
0.2076655
0.2428006
0.2722518
0.262164
0.3812207
0.2448657
0.3608502
0.1370776
0.2967472
0.3234196
0.2450918
0.4120041
0.3149599
0.2780605
0.3894578
0.3959266
0.421601
0.3694711
0.3015521
0.2962878
0.3887587
0.3249438
0.1717657
0.3093723
0.4108394
0.3864184
0.4429778
0.4077765
0.223604
0.3792316
0.2787848
0.2543998
0.4056389
0.4299299
0.4055501
0.3087127
0.393554
0.2630392
0.4892511
0.5826455
0.5563592
0.4054364
0.5488788
0.3386816
0.3997792
0.3070561
0.3286834
0.4369762
0.5472415
0.3307775
0.3861691
0.4738288
0.3363154
0.2310618
0.2348563
0.3480523
0.3049457
0.3506557
0.2857114
0.478708
0.3919375
0.2669901
0.3939441
0.4080086
0.4810666
0.3662587
0.3686787
0.3212507
0.4459847
0.3367362
0.446196
0.3743078
0.3995578
0.3090856
0.3271022
0.4762569
0.3702396
0.4268606
0.4095934
0.4440643
0.3905226
0.2493953
0.3844424
0.3202052
0.5866801
0.4761563
0.5079252
0.3497075
0.5509077
0.5437022
0.5170389
0.4481732
0.4327338
0.4481342
0.4188795
0.4374458
0.4352822
0.4581631
0.380849
0.4451863
0.4084895
0.4359895
0.3652222
0.4976286
0.4416854
0.432307
0.5758517
0.5790923
0.5853503
0.5556032
0.5523221
0.5464554
0.5635772
0.6116265
0.6230417
0.5033372
0.5219285
0.6351371
0.5814019
0.4463114
0.5620969
0.533709
0.5430799
0.4925908
0.479694
0.6009042
0.4132694
0.5061081
0.4640465
0.5822383
0.5323188
0.5259544
0.524446
0.5531801
0.4728006
0.4815277
0.562072
0.4274014
0.5267339
0.6562289
0.6444637
0.5995803
0.5570509
0.659586
0.4338415
0.5599647
0.6119984
0.5020808
0.6037081
0.5243273
0.5344594
0.4325993
0.7463544
0.5834272
0.6134045
0.4690782
0.4698789
0.5993295
0.5607798
0.574623
0.6653743
0.5648538
0.5751578
0.4478641
0.6615006
0.5139763
0.442898
0.4895954
0.5387807
0.630991
0.6314811
0.6225108
0.7151542
0.7366184
0.6504788
0.7410428
0.5260752
0.5527573
0.6803999
0.5931784
0.6300011
0.6355151
0.7053055
0.4361473
0.6576478
0.6780098
0.8438299
0.7197402
0.6526504
0.6883884
0.724058
0.8345665
0.6682952
0.6362182
0.6678329
0.682354
0.7441944
0.6825898
0.6014457
0.7573618
0.6901893
0.6846134
0.6296441
0.671617
0.7032362
0.642713
0.7467065
0.620123
0.6708434
0.5789926
0.643288
0.7934876
0.7177573
0.7166482
0.7658022
0.8247721
0.7924453
0.6854437
0.6987869
0.753063
0.5964626
0.8847637
0.6933804
0.7476719
0.7877949
0.6551348
0.7021174
0.6821132
0.7632403
0.6840265
0.6153807
0.6352043
0.7507005
0.7000652
0.8487563
0.848754
0.7189468
0.6864511
0.7983367
0.7816886
0.5936205
0.798015
0.6623452
0.6906632
0.7694726
0.7239645
0.7202601
0.6830501
0.7750899
0.7824827
0.6973618
0.8329052
0.8795936
0.9343601
0.8478947
0.7418182
0.829498
0.6842984
0.7304011
0.7406556
0.7252297
0.89331
0.8044432
0.8625029
0.6432938
0.7987637
0.8217446
0.8141537
0.7778648
0.8572585
0.7263796
0.8225518
0.7184562
0.8154921
0.8253315
0.8061194
0.7580449
0.7923689
0.8991718
0.8201612
0.9506096
0.8547495
0.9090381
0.8372903
0.8362439
0.7599434
0.9935646
0.8936278
0.8507828
0.8401522
1.065655
0.813513
0.9202238
0.9654612
0.8804301
0.8283646
0.8896639
0.7710596
0.8548867
0.7313729
0.9146245
1.005991
0.7807184
0.948964
0.7677084
0.8822566
0.9736231
0.8476507
0.9376185
0.8404069
0.8568576
0.7322036
0.8758965
0.9792547
0.98686
0.960162
0.9072912
0.7694922
1.094212
0.9678115
0.8525505
0.9472893
0.8638308
0.9280011
0.9517044
0.9796181
0.9410355
1.010761
0.8795517
0.9011559
0.7947618
0.9133983
1.019172
0.9506623
1.043497
0.9540337
1.055865
0.8331686
0.8685928
0.9769609
0.9110928
0.9759421
0.7492382
0.8836635
1.039341
0.9243613
0.8384873
1.013372
0.9528898
1.045232
0.9379608
0.9978808
1.154652
0.9606422
1.12053
0.9711728
0.9362049
1.010323
0.9307176
1.068958
1.089239
0.8662133