-0.02566747
-1.080865
-0.9595931
-1.059458
-0.9357483
-0.9345272
-0.8698325
-0.9290496
-0.9727575
-1.153309
-0.9559438
-0.9168223
-0.9915113
-0.9766473
-0.8955258
-1.033658
-1.009063
-0.7618609
-0.9818884
-1.004699
-0.9666975
-0.7812464
-0.9327947
-0.9893424
-0.880887
-0.8996559
-1.01487
-0.932762
-0.9365027
-0.9323246
-0.773148
-0.9412944
-0.8136134
-1.035088
-0.9434334
-0.8716022
-0.9722991
-0.9191927
-0.9750066
-0.8621543
-0.8680034
-0.9546659
-0.9417773
-1.088666
-0.9728388
-1.011081
-0.9662755
-1.042028
-0.9414004
-0.8714487
-0.9199102
-0.9413348
-1.026564
-0.9020304
-0.8971846
-0.9883808
-0.8202101
-0.8014642
-0.9243543
-0.9429236
-0.8586581
-0.9042212
-1.027363
-0.9965492
-0.7973001
-0.8807225
-0.8373267
-0.9103775
-0.7148876
-0.9346414
-0.9020357
-0.9750182
-0.9481534
-0.95501
-0.9702247
-0.8312769
-0.9166775
-0.8981646
-0.714311
-0.8197736
-0.7753291
-0.8752187
-0.8228961
-0.9404609
-0.9466576
-0.9924692
-0.8177697
-0.758491
-0.7956217
-0.8031296
-0.8932459
-0.9436305
-0.7061869
-0.9137605
-0.7847869
-0.8797924
-0.7960331
-0.7983432
-0.9157411
-0.7741004
-0.8312997
-0.7537107
-0.7967011
-0.796168
-0.7235707
-0.7507378
-0.8522847
-0.5951193
-0.7349369
-0.7973203
-0.8719978
-0.8178078
-0.8160168
-0.7832735
-0.5341788
-0.8055561
-0.7988168
-0.7546631
-0.7795965
-0.6495475
-0.8571278
-0.7262886
-0.9130098
-0.7015637
-0.6992109
-0.8052656
-0.8046081
-0.795777
-0.780448
-0.8579875
-0.8316253
-0.7505191
-0.8322258
-0.6106083
-0.7071612
-0.783726
-0.7998188
-0.6754256
-0.7504586
-0.8036444
-0.7040243
-0.7808392
-0.7290706
-0.4830905
-0.8043854
-0.6534908
-0.7429323
-0.4684208
-0.6444399
-0.6598497
-0.6990797
-0.6397744
-0.6510951
-0.6221744
-0.7085468
-0.749962
-0.6763353
-0.6880699
-0.586054
-0.798225
-0.7179224
-0.6375347
-0.5618247
-0.5929634
-0.6345524
-0.6834645
-0.7379055
-0.6679453
-0.6879988
-0.6379066
-0.5695228
-0.6766276
-0.6179966
-0.4917344
-0.7599272
-0.5599445
-0.7973374
-0.615137
-0.7694602
-0.6032083
-0.5564431
-0.6158936
-0.6252396
-0.5677959
-0.6021493
-0.6134232
-0.696143
-0.659376
-0.5656627
-0.5531578
-0.7784913
-0.6380239
-0.7406347
-0.571036
-0.5974277
-0.6274541
-0.5634733
-0.6549277
-0.657667
-0.497165
-0.5491772
-0.760991
-0.6078464
-0.619187
-0.6389739
-0.6350925
-0.567146
-0.4159153
-0.5872888
-0.4188918
-0.5005992
-0.5699117
-0.4913569
-0.4944795
-0.6431864
-0.5824557
-0.5608095
-0.6825196
-0.49382
-0.6429011
-0.5677414
-0.5453885
-0.6629753
-0.6827207
-0.4183191
-0.6297537
-0.5894431
-0.3749189
-0.5049006
-0.5848902
-0.5631834
-0.3749582
-0.6063137
-0.4965963
-0.5764598
-0.624638
-0.4954645
-0.4901802
-0.5479709
-0.4472076
-0.517662
-0.4642972
-0.555826
-0.5757307
-0.4476429
-0.5688852
-0.5901304
-0.4918001
-0.5861474
-0.6534617
-0.5345853
-0.3428767
-0.6706103
-0.3535888
-0.5267157
-0.5553725
-0.5112735
-0.4724058
-0.4721456
-0.4130266
-0.3735913
-0.4725836
-0.6161063
-0.4725305
-0.5094725
-0.5381543
-0.402522
-0.4068407
-0.4207412
-0.501797
-0.4193852
-0.3581815
-0.4721503
-0.4071228
-0.2891821
-0.3472651
-0.4402393
-0.478122
-0.4042188
-0.4976766
-0.4592327
-0.4109432
-0.3620139
-0.4617154
-0.5067817
-0.3081858
-0.4833905
-0.5169779
-0.2803392
-0.5834219
-0.4291009
-0.3575654
-0.4667401
-0.3791201
-0.4292607
-0.3796178
-0.416736
-0.5424498
-0.358161
-0.4284361
-0.5720586
-0.4971723
-0.3903397
-0.4994053
-0.484087
-0.4614687
-0.3414821
-0.2863249
-0.4510769
-0.4542791
-0.4990212
-0.5796606
-0.3581806
-0.377586
-0.3396469
-0.4511728
-0.4581939
-0.3364172
-0.41909
-0.4139691
-0.444863
-0.3643534
-0.3503018
-0.2522888
-0.3536269
-0.3851205
-0.4328682
-0.388422
-0.4370217
-0.2816547
-0.3824961
-0.4092525
-0.3436737
-0.3805329
-0.3830387
-0.1560427
-0.1658864
-0.1746673
-0.3653843
-0.3857751
-0.3344479
-0.326791
-0.3161872
-0.2870798
-0.4122614
-0.3655286
-0.2641157
-0.2722451
-0.3538016
-0.2479705
-0.262373
-0.2072768
-0.2989589
-0.2679958
-0.2120471
-0.3507758
-0.2576328
-0.1965508
-0.3744856
-0.1805593
-0.3570152
-0.2279101
-0.3126108
-0.2573917
-0.2142465
-0.2945656
-0.3600519
-0.4140112
-0.4054275
-0.265745
-0.2253871
-0.2118663
-0.3199373
-0.3685094
-0.1201142
-0.3532622
-0.2715003
-0.2302613
-0.1468485
-0.3445384
-0.1364365
-0.131415
-0.2509226
-0.4376203
-0.3894822
-0.1314352
-0.190641
-0.1904327
-0.2117788
-0.1707435
-0.3418931
-0.3338625
-0.3404586
-0.3134839
-0.3398718
-0.1401607
-0.2713196
-0.2111195
-0.1588136
-0.2390522
-0.2955823
-0.005299726
-0.04653882
-0.3440094
-0.3324462
-0.2043522
-0.2601412
-0.159659
-0.01245858
-0.1844514
-0.1537608
-0.2878651
-0.1520471
-0.2846301
-0.1801017
-0.1133696
-0.1677617
-0.2761376
-0.211441
-0.1556327
-0.141438
-0.1664899
-0.1113447
-0.2082136
-0.0338141
-0.3425798
-0.1543585
-0.05143552
-0.1541469
-0.04877102
-0.1796659
-0.1840473
-0.07163025
-0.1272728
-0.1395044
-0.2246571
-0.06988925
-0.2288981
-0.1045138
-0.2328218
-0.1996772
-0.1671166
-0.1422703
-0.06274894
-0.1494825
-0.06146289
-0.3059064
-0.2660156
-0.1111575
-0.08129565
-0.2263561
-0.03736266
-0.02557407
-0.2237161
0.02201083
-0.208258
0.007933731
-0.01024738
0.005480899
-0.2962491
-0.07787594
-0.0763892
-0.1652729
-0.04131402
-0.1435802
0.04469966
-0.1038041
-0.1618857
-0.03632381
-0.03600841
-0.00565657
-0.09933096
-0.1194492
-0.05815709
-0.04591989
0.01347451
-0.1596664
-0.05380676
0.00297597
-0.02566157
-0.08860967
-0.03855144
0.06338987
0.04893463
-0.05143656
-0.06531632
-0.01998548
-0.2177734
-0.03903077
0.04268673
-0.1291036
0.09373568
0.02539442
0.02195929
-0.1393266
-0.06919047
0.01119615
-0.1943341
-0.008206832
-0.001211494
-0.1315974
0.002467449
0.13657
-0.01216159
-0.06782348
0.0964544
-0.003180276
0.01408181
0.02693348
0.01136123
0.02648524
-0.008974604
-0.009089599
0.01145963
0.07312594
0.1285354
-0.0009687269
0.06241557
0.02587548
0.07223878
0.106268
-0.07134169
0.1574495
0.02988624
0.02956996
0.1307095
0.009750531
-0.07072309
-0.08063909
0.06104094
-0.04766586
0.2272635
0.1360466
0.07462294
0.1567434
0.149607
0.04666354
-0.04641511
0.1118014
0.13197
0.05217722
0.08334607
0.1182248
0.01100876
0.1506919
0.03347533
0.1133333
-0.01518217
0.1852079
0.01759148
0.2475708
0.1480523
0.1115315
0.007754494
0.1610612
0.2317555
0.1190274
0.0586826
0.09823146
-0.03020545
0.1082203
0.1803698
0.1140617
0.07977405
0.1309239
0.2597785
0.1699077
0.01980612
0.1322189
0.1478044
0.2425129
0.1476621
0.3186392
0.1220306
0.1489015
0.03866416
0.1990197
0.1592238
0.1745224
0.141048
0.1901258
0.151109
0.1241465
0.02687546
0.09222079
0.238618
0.3091591
0.1177519
0.1126464
0.3033763
0.1564004
0.1520532
0.2002927
0.1217456
0.2412099
0.07765482
0.2162281
0.2534584
0.1104741
0.3402366
0.1908865
0.1598458
0.1168191
0.01414606
0.3207934
0.2314776
0.1355672
0.1884266
0.199652
0.353829
0.2292451
0.159424
0.05671708
0.1703121
0.2704761
0.2219776
0.07999882
0.1404275
0.2725295
0.1557743
0.3162875
0.2082065
0.2246553
0.3665671
0.2640284
0.2782843
0.1704298
0.1367438
0.2904602
0.2452987
0.1057415
0.02785654
0.2879471
0.3243359
0.2570327
0.1871148
0.2286791
0.2951483
0.1477858
0.1915914
0.2663239
0.243057
0.2568021
0.3995185
0.2440484
0.3937716
0.1337059
0.3222356
0.3085863
0.2413141
0.406671
0.322789
0.2878154
0.3885247
0.3708715
0.4159436
0.3794873
0.3156039
0.3118755
0.392925
0.3338048
0.1673366
0.3281089
0.4138804
0.376146
0.4450812
0.4123667
0.2309421
0.3770219
0.2916551
0.2434049
0.4370795
0.4422183
0.3959573
0.2790199
0.3996279
0.2771883
0.5121204
0.5776236
0.5450154
0.3843647
0.5235333
0.3405368
0.3959959
0.319296
0.3276305
0.4366977
0.541178
0.3388617
0.3752884
0.479743
0.3554139
0.2415238
0.2366252
0.3479255
0.3245636
0.3414347
0.2756038
0.478587
0.3845944
0.2515379
0.3943286
0.4016461
0.4862994
0.390285
0.3716302
0.3270539
0.4561078
0.3381103
0.4468509
0.3544388
0.3961587
0.3037905
0.3351274
0.4924988
0.3881688
0.4284012
0.4186242
0.4274567
0.3837265
0.2496759
0.3954002
0.3081142
0.585251
0.463487
0.4956663
0.3484146
0.5748116
0.5321308
0.5016231
0.4283921
0.4466923
0.4678372
0.4284591
0.44624
0.4552711
0.4662367
0.3727525
0.4644259
0.4076202
0.415598
0.3555099
0.4985491
0.4383977
0.4699701
0.5559713
0.5587251
0.597194
0.5775776
0.5517293
0.5463198
0.553127
0.6105622
0.6310844
0.5185276
0.5132374
0.6105873
0.5785007
0.4440717
0.5428739
0.5522535
0.5414088
0.506472
0.4690745
0.6088479
0.4332368
0.5099805
0.4639306
0.5775667
0.5186842
0.5314298
0.5120819
0.5316757
0.4715842
0.4685711
0.5569457
0.414496
0.5104352
0.643913
0.6507154
0.6078456
0.5555639
0.6895458
0.4421634
0.57259
0.6166662
0.5009459
0.6216709
0.5226977
0.5301293
0.4245097
0.7412207
0.5829486
0.6030795
0.4727001
0.4968743
0.6169091
0.5639654
0.5718035
0.6674541
0.5710887
0.5656942
0.4454223
0.6448186
0.5389172
0.4325809
0.485942
0.5515314
0.6379681
0.6055497
0.60695
0.7031543
0.7418821
0.6791136
0.7178972
0.5196539
0.5550679
0.6764183
0.5908426
0.6390244
0.6348785
0.6725056
0.4304281
0.6883534
0.7065066
0.8453772
0.7114255
0.6649282
0.6960542
0.7428414
0.8267638
0.6549634
0.6203872
0.6753496
0.6653002
0.7461063
0.6908008
0.6292428
0.7819632
0.6976128
0.6720186
0.6361317
0.6929743
0.6816276
0.6354451
0.7780298
0.6171164
0.6800585
0.5652864
0.6165968
0.7910839
0.7380969
0.7319712
0.7533618
0.8043476
0.7976492
0.7234308
0.6893493
0.7616839
0.6032703
0.8809803
0.6880571
0.7534097
0.8013654
0.6518241
0.7021692
0.6555134
0.7948984
0.7054112
0.6216432
0.6336093
0.7876598
0.703921
0.8555184
0.8503852
0.7102853
0.6799538
0.8199899
0.7839035
0.597756
0.8018209
0.6808511
0.679869
0.7456173
0.7215026
0.7240898
0.6918285
0.7575477
0.7868687
0.6964636
0.8460842
0.8725928
0.9276072
0.8532784
0.7448359
0.8312423
0.682917
0.7275322
0.7292445
0.7353994
0.9025255
0.8001998
0.8778123
0.6656819
0.8043253
0.7832678
0.8273439
0.7674856
0.8867497
0.7383876
0.8094329
0.7001942
0.8202571
0.8044391
0.7879046
0.746486
0.7742625
0.8912288
0.8342498
0.9782497
0.8386238
0.8943699
0.8332416
0.8209648
0.7493752
0.9705941
0.9126747
0.8489646
0.8221117
1.043712
0.8170009
0.9368236
0.9548372
0.8800012
0.8311407
0.8816606
0.7598013
0.8515789
0.7502045
0.9327954
0.9664987
0.7695987
0.9414987
0.7858667
0.8781817
0.9930257
0.845131
0.9465678
0.8290833
0.8608028
0.7456776
0.8884684
0.9699907
0.9693959
0.9639104
0.9315339
0.770909
1.09762
0.9767278
0.877627
0.9421971
0.8703186
0.927345
0.9284256
0.964501
0.9464815
1.026681
0.8821563
0.9084908
0.7955569
0.917499
1.029413
0.9436014
1.059847
0.9675299
1.050804
0.8575416
0.8551404
0.9686082
0.9003158
0.9644928
0.7519085
0.8986887
1.047188
0.9289975
0.8272835
1.003476
0.9561698
1.027725
0.9422371
1.022551
1.144432
0.9521421
1.118738
0.9966251
0.9450115
1.023436
0.9222139
1.038776
1.095037
0.8688913