0.04412108
-0.9459898
-1.025782
-0.9531997
-1.05284
-0.9530603
-0.9813115
-1.032234
-1.143925
-0.9868898
-0.9547162
-0.9448949
-1.006523
-0.9447833
-0.9349024
-0.9436975
-0.9118489
-0.8654969
-1.011281
-0.9281408
-1.018435
-0.9754118
-0.8782603
-0.8952931
-1.104076
-0.8695139
-0.9181852
-0.9586539
-1.027409
-0.9363992
-0.9161594
-0.8979482
-0.8797324
-0.9940943
-0.8719734
-0.8807679
-0.9040844
-0.8138235
-0.9199396
-0.9111811
-0.6893675
-0.7550237
-0.8796628
-0.8910763
-0.9868568
-0.8051902
-0.9605058
-0.9377634
-0.9410535
-0.9160516
-0.826476
-1.004945
-1.028297
-0.6780824
-0.7502451
-0.7725391
-0.8666246
-0.9937902
-0.864355
-0.8341951
-0.7117034
-0.80989
-0.9625997
-0.9566442
-0.8686494
-0.8197798
-0.9598129
-0.8360339
-0.8504165
-0.8066487
-0.8235105
-0.6344562
-0.7537873
-0.976546
-0.9963945
-0.8503079
-0.7851907
-1.01404
-0.718322
-0.8546482
-0.8307344
-0.8407505
-0.8904923
-0.8442364
-0.8248008
-0.809426
-0.6531903
-0.8905676
-0.7641492
-0.9278081
-0.8335294
-0.8077414
-0.7222149
-0.8902714
-0.7509779
-0.7255656
-0.7230368
-0.8433849
-0.718061
-0.8321312
-0.8035346
-0.7614343
-0.778422
-0.9034056
-0.9071891
-0.9082846
-0.7293073
-0.7106763
-0.9148757
-0.7013542
-0.8689685
-0.7953544
-0.8073576
-0.7044314
-0.7017201
-0.7865374
-0.6680233
-0.693265
-0.8820773
-0.7360614
-0.8061154
-0.7282231
-0.8705046
-0.821834
-0.7301261
-0.6038611
-0.7268063
-0.9316898
-0.7233706
-0.7142105
-0.6833308
-0.5829859
-0.76258
-0.8427798
-0.7515866
-0.7808042
-0.696001
-0.509594
-0.5188125
-0.7161329
-0.7938379
-0.6684078
-0.788675
-0.7886591
-0.7531862
-0.7368289
-0.5983091
-0.7167878
-0.6578688
-0.66619
-0.6752238
-0.6934929
-0.73244
-0.6426587
-0.7389214
-0.6218733
-0.7377669
-0.6542432
-0.6005768
-0.5700485
-0.6413894
-0.5763243
-0.5626575
-0.6047966
-0.677494
-0.6488071
-0.6185294
-0.6476493
-0.8133727
-0.5913334
-0.6650699
-0.595716
-0.6701278
-0.697106
-0.6121536
-0.7620373
-0.674893
-0.7513176
-0.639517
-0.7952928
-0.5040699
-0.6625948
-0.5842087
-0.6910462
-0.5818783
-0.5397278
-0.5203285
-0.6488943
-0.6742719
-0.5787375
-0.6611618
-0.5750235
-0.6553403
-0.6893915
-0.688254
-0.5181558
-0.5600084
-0.5543783
-0.5006953
-0.5148764
-0.6234733
-0.5663938
-0.6677666
-0.5234047
-0.6406964
-0.7166913
-0.6231646
-0.7769005
-0.4793969
-0.4918458
-0.5479648
-0.5692101
-0.5671543
-0.5175448
-0.641614
-0.6047993
-0.5402241
-0.5643952
-0.5559617
-0.6662093
-0.3724817
-0.5342248
-0.5537599
-0.5224055
-0.6146927
-0.5364577
-0.5539063
-0.7126595
-0.5072383
-0.5054196
-0.5639558
-0.5594191
-0.5150927
-0.4625345
-0.67345
-0.5333216
-0.730815
-0.4880177
-0.517953
-0.6487739
-0.6602001
-0.5267372
-0.524485
-0.4941012
-0.6030996
-0.6009041
-0.4472269
-0.4743896
-0.5407101
-0.381494
-0.4371782
-0.5451726
-0.6745109
-0.4980653
-0.5296035
-0.464201
-0.4671119
-0.6382343
-0.496921
-0.475739
-0.4427428
-0.5097958
-0.5870012
-0.5153156
-0.2841537
-0.4321276
-0.4205584
-0.4841581
-0.4875661
-0.3966295
-0.3874322
-0.3334353
-0.4146988
-0.6309195
-0.5617849
-0.4002027
-0.4177407
-0.5066201
-0.3892283
-0.3952802
-0.5492827
-0.4019036
-0.5299361
-0.3697601
-0.5094605
-0.5927125
-0.3190661
-0.4635394
-0.3484378
-0.45103
-0.2663382
-0.4242937
-0.5556483
-0.3669215
-0.3383083
-0.4171996
-0.4312684
-0.5229066
-0.3189625
-0.3648057
-0.3980874
-0.4787015
-0.415243
-0.4666055
-0.4213443
-0.4390089
-0.3406225
-0.5089169
-0.4733344
-0.4454393
-0.2897303
-0.4977151
-0.3961919
-0.4672745
-0.4354066
-0.3329411
-0.4348283
-0.5088552
-0.2345006
-0.3518554
-0.3200695
-0.2950283
-0.4296494
-0.3608907
-0.3127959
-0.4987291
-0.5107423
-0.193191
-0.2482595
-0.3013707
-0.2748559
-0.3478129
-0.3350793
-0.3116381
-0.1842435
-0.3867493
-0.4693782
-0.2160255
-0.3140711
-0.3060828
-0.3017255
-0.3499572
-0.3920972
-0.4356787
-0.2990619
-0.2945206
-0.2983007
-0.1956594
-0.2474847
-0.3567412
-0.3265349
-0.3564143
-0.3561844
-0.2506273
-0.2391993
-0.2367417
-0.2253406
-0.2884657
-0.3357529
-0.2897547
-0.2511267
-0.2416682
-0.2634538
-0.3847337
-0.3091373
-0.1678839
-0.2753136
-0.3323064
-0.2453307
-0.4218028
-0.1730184
-0.2323867
-0.2428299
-0.3826511
-0.4079809
-0.2374223
-0.2641205
-0.2368208
-0.278401
-0.255604
-0.06441519
-0.1296968
-0.4310649
-0.2932124
-0.3699958
-0.2828863
-0.1173986
-0.2034232
-0.2472458
-0.2464083
-0.2170389
-0.1232036
-0.1882185
-0.205414
-0.3746304
-0.3724609
-0.322184
-0.3268212
-0.1907917
-0.2312975
-0.110537
-0.06501422
-0.2373495
-0.3250018
-0.1216649
-0.1856633
-0.1347811
-0.1407151
-0.1868008
-0.08462476
-0.1722017
-0.08474494
-0.1627369
-0.1520237
-0.16692
-0.1436816
-0.1866352
-0.1186637
-0.02715395
-0.2047977
-0.1275124
-0.2989133
-0.2033813
-0.1670233
-0.1484563
-0.0687353
-0.1407754
-0.1862954
-0.04773428
-0.05940979
-0.1070524
-0.0716595
-0.2336339
-0.04833077
-0.1036583
0.01654439
-0.1207453
-0.09597788
-0.1512446
-0.08440694
-0.07694017
-0.1723686
-0.3001821
-0.1688092
-0.2234427
-0.1898221
-0.2286566
-0.2412961
-0.09746309
-0.02401458
0.005001407
-0.1590537
-0.182297
-0.05863579
-0.08482997
0.01027688
0.01947349
-0.1323994
0.005305478
-0.08326015
-0.08134428
-0.1154515
-0.1822254
-0.0355036
-0.03119958
-0.1025105
-0.1384398
0.006449621
-0.1349886
-0.07479678
-0.05669118
-0.1140399
0.06825115
-0.1216462
0.0207786
-0.07275612
-0.1355877
-0.07047719
-0.07635972
0.01694848
-0.06385676
0.06541674
-0.06433306
-0.0856745
-0.01037126
-0.1489785
0.06471543
-0.04165804
0.1312552
-0.104478
-0.06891421
-0.01011814
0.06512866
-0.04019921
0.04137937
0.08431011
-0.1097772
-0.09966148
0.04066486
-0.02018039
-0.103436
-0.1719896
0.05917935
-0.00782074
-0.08344866
0.07631484
0.005419726
0.2242367
0.156599
-0.1106958
0.04585016
-0.08322501
0.1199615
-0.02275233
0.09738049
0.1203852
0.07290798
0.2093272
0.1364806
-0.04653728
0.01319794
-0.08931483
-0.008208883
0.09661656
0.2189098
0.08325857
-0.08842181
-0.06444263
0.1552657
0.0680509
0.1353139
0.04064573
-0.01316356
0.2120033
0.06893398
0.1312703
0.03741369
-0.05492374
-0.004906232
0.255411
-0.08985194
0.05867132
0.1278869
0.04420323
0.1397302
-0.04183855
0.21635
0.03692964
0.1062563
0.1189165
0.01822039
0.1126874
0.03971492
-0.01561681
0.1512974
0.2060397
0.1065195
0.1054467
0.1497661
0.2553719
0.1807387
0.1476483
0.07191863
0.1762961
0.01056065
0.1397301
0.08701507
-0.060464
0.09186315
0.2157896
0.08308561
0.1351907
0.1052286
0.09711565
0.1527335
0.1292302
0.06995863
0.02597224
0.1299884
0.1802994
0.1618269
0.3348571
0.2588174
0.1355059
0.2584918
0.2065439
0.1223907
0.1616321
0.1216082
0.1355951
0.2553054
0.1376602
0.2544148
0.1371196
0.2258765
0.2185351
0.02029674
0.2426043
0.2432996
0.2982366
0.270999
0.3474162
0.1077681
0.3074269
0.1386532
0.3169883
0.10951
0.2884302
0.2034729
0.3218861
0.2920819
0.2222066
0.2469414
0.2657732
0.3622713
0.3191299
0.3116461
0.1871217
0.3068472
0.2300424
-0.006156369
0.2136947
0.1771919
0.1870855
0.2691604
0.3332537
0.2853403
0.3382628
0.2451299
0.3512083
0.2920265
0.2089172
0.07720229
0.3624962
0.1703283
0.4400443
0.2981858
0.1978338
0.3094654
0.2287638
0.3139877
0.4036939
0.3245699
0.3278565
0.3994515
0.3776363
0.1934108
0.1241841
0.272547
0.1236456
0.2332518
0.2774575
0.3490367
0.2864551
0.352479
0.2720561
0.2450507
0.2988419
0.2803197
0.2610104
0.4254608
0.1467226
0.3051181
0.319414
0.3062026
0.3619194
0.2065522
0.3830522
0.257128
0.3179139
0.2338811
0.3549533
0.2275908
0.316538
0.2614554
0.4379751
0.4622722
0.3459929
0.4038086
0.3733742
0.5245881
0.2388809
0.2911687
0.3375898
0.3852999
0.3472805
0.3582527
0.3732855
0.2667271
0.3602782
0.3826456
0.4001189
0.3906897
0.6022945
0.3681413
0.3450774
0.3860876
0.4524464
0.3912902
0.5239791
0.3812394
0.4879963
0.2947175
0.3531549
0.446316
0.3575636
0.4249295
0.2883117
0.3185959
0.351067
0.4190092
0.4309248
0.5685187
0.5033929
0.5383202
0.2874596
0.3701945
0.4638556
0.4252733
0.4194515
0.4777544
0.5254347
0.4437376
0.5845758
0.3877251
0.4437774
0.414275
0.2840864
0.5041153
0.4072599
0.5955038
0.5691565
0.3223584
0.2838141
0.5333594
0.4765032
0.3886737
0.5214689
0.5926079
0.4525717
0.4015346
0.5377648
0.5564762
0.3853164
0.5098265
0.566996
0.3523532
0.5334057
0.675634
0.4465563
0.4941079
0.5282332
0.6805786
0.494079
0.3402283
0.6163575
0.5996068
0.6494945
0.5252952
0.7545265
0.5189416
0.4754064
0.5625002
0.5904595
0.4694379
0.5327521
0.3977139
0.4951613
0.5852986
0.6023462
0.5053913
0.5892173
0.5249202
0.6322343
0.5949133
0.6021464
0.5790102
0.5021132
0.5597736
0.5843717
0.460921
0.5003374
0.4163217
0.5101145
0.7286051
0.5718072
0.5118628
0.5778986
0.6071506
0.6535734
0.567349
0.5697198
0.6554821
0.5263734
0.49634
0.6687816
0.4892768
0.5178304
0.4399106
0.6154972
0.5947151
0.6152303
0.5252466
0.6267705
0.6991671
0.6845302
0.648755
0.6537084
0.5387836
0.7310802
0.6698489
0.5473223
0.6491842
0.5688127
0.7395385
0.6309372
0.6637751
0.7444659
0.7006294
0.6235848
0.68991
0.5565477
0.5383766
0.644403
0.7351471
0.7161716
0.6423837
0.7207676
0.5975332
0.6731178
0.6676577
0.5734032
0.6587155
0.5221323
0.7307124
0.7319002
0.7711774
0.7548964
0.7993811
0.717108
0.5605083
0.7622061
0.6581611
0.7466832
0.7260926
0.7130734
0.6678993
0.5679953
0.5051509
0.6852253
0.7347898
0.7474501
0.7324146
0.789743
0.66322
0.6967615
0.790073
0.7100364
0.6209663
0.6902194
0.8087244
0.7857134
0.6500669
0.7818547
0.7372994
0.6443189
0.6504224
0.8390917
0.6941804
0.7983911
0.9155557
0.6505379
0.7124415
0.7569431
0.74475
0.6065717
0.8602534
0.7052626
0.689248
0.7221029
0.9665333
0.7445507
0.7194456
0.7993432
0.780911
0.7184374
0.8616159
0.7931883
0.7567883
0.5962506
0.6547157
0.7929381
0.7868227
0.8904311
0.8129227
0.7852728
0.8573462
0.9219908
0.8234154
0.7066559
0.9122954
0.7845012
0.687104
0.8608946
0.6498595
0.7864113
0.747232
0.7718385
0.787723
0.7716905
0.8188116
0.8660095
0.7560864
0.8165417
0.8749014
0.7589893
0.8558071
0.7807373
0.8808106
0.8931195
1.031335
0.9780707
0.8162869
0.9057288
0.8716783
0.8857258
0.7971404
0.9625417
0.9889116
0.8185937
0.8931596
0.7476
0.7950735
0.7061983
0.9170493
0.7535659
0.9669255
0.9349738
0.9048521
0.9046771
1.014231
0.8595775
0.8665143
1.004234
0.8480233
1.026735
0.9990204
0.7709907
0.909645
0.9973055
0.8462848
0.8341622
0.7819826
0.8461756
1.001335
0.8010434
0.9112097
0.8779669
0.7107268
0.8990219
0.9465338
0.9135706
1.114177
1.023173
0.9381297
0.9695491
0.8866333
1.014465
0.9853708
0.8940442
0.9907152
0.9848013
0.9457374
0.9730162
0.7855008
1.007392
0.815272
1.036084
0.9172089
1.005623
0.8381398
0.9506195
0.9907153
0.8783296
0.8885459
1.070068
1.004228
1.051431
1.012281
1.018413
0.8936421
1.078147
0.9495896
1.076529
0.99805
0.9068017
1.034172
1.107189
0.9233568
0.8956732
0.8593055