0.1249569
-0.9735294
-1.012884
-0.7755395
-0.9161275
-1.053031
-1.007675
-0.8724009
-1.068688
-0.9975923
-1.036514
-1.05599
-0.9930995
-1.003317
-0.8432035
-1.021435
-0.8355166
-0.9307208
-0.9751275
-0.9974031
-0.8389329
-0.9353647
-1.031154
-0.8474953
-1.065176
-0.9138577
-0.7712273
-1.020097
-0.8917227
-0.8558663
-0.9199434
-0.8806927
-0.9832094
-0.8525559
-0.7973726
-1.168771
-1.006896
-0.9392356
-0.9138492
-0.8989207
-1.079248
-0.8326583
-0.7347795
-0.9807761
-0.9385928
-0.8493181
-0.8767767
-0.8967064
-0.906217
-0.7487745
-0.7877084
-0.947271
-0.8439595
-0.855097
-0.8365286
-0.752575
-0.9097276
-0.8400291
-0.9426228
-0.8074396
-0.888851
-0.9435866
-0.8022185
-0.8363935
-0.9194883
-1.062243
-1.033279
-0.7547226
-0.7683729
-0.8101245
-0.8355725
-0.7088904
-0.923138
-0.7738363
-0.919333
-0.8327409
-0.8207826
-0.9050208
-0.8929812
-0.7887886
-0.6899263
-0.9167864
-0.7984088
-0.8583558
-0.8086452
-0.8751025
-0.8991901
-0.8350208
-0.7855894
-0.7645325
-0.8693508
-0.8688251
-0.8237156
-0.7959717
-0.8382937
-0.9672559
-0.6571098
-0.6755233
-0.8745922
-0.6862607
-0.7383744
-0.8837334
-0.9023594
-0.8381946
-0.8181101
-0.7307722
-0.7553587
-0.6699012
-0.761181
-0.8811976
-0.8313689
-0.8093332
-0.6805554
-0.7621943
-0.8074268
-0.6573007
-0.7216418
-0.7424211
-0.8718839
-0.6679562
-0.8602528
-0.7726726
-0.7578534
-0.7467449
-0.718602
-0.8491772
-0.701177
-0.6764029
-0.7901294
-0.7319873
-0.7169757
-0.742363
-0.839193
-0.7613327
-0.7152888
-0.5728451
-0.8181969
-0.7526706
-0.6703567
-0.8336247
-0.7405455
-0.6970059
-0.8376896
-0.753411
-0.6706687
-0.7666029
-0.8091972
-0.6309676
-0.7134098
-0.6740891
-0.6796623
-0.598438
-0.6315906
-0.7751844
-0.5799962
-0.756063
-0.6538274
-0.6882582
-0.8318503
-0.6986705
-0.648962
-0.754579
-0.6282436
-0.7775777
-0.6752626
-0.6938415
-0.6940519
-0.7054703
-0.6694048
-0.6763288
-0.7380111
-0.5400169
-0.7070803
-0.6670277
-0.5512912
-0.6041015
-0.5234828
-0.7059746
-0.587571
-0.7953264
-0.5432169
-0.6038663
-0.570524
-0.6439074
-0.5423491
-0.506355
-0.7624231
-0.6413393
-0.5277032
-0.5148164
-0.7079922
-0.5654756
-0.6042677
-0.6789123
-0.6681707
-0.7883178
-0.6496952
-0.5905903
-0.5896777
-0.6934701
-0.7038102
-0.4829878
-0.6787267
-0.6218273
-0.628168
-0.6416796
-0.5309667
-0.7561646
-0.5670469
-0.6248748
-0.6069561
-0.5661133
-0.7002698
-0.5773233
-0.6906335
-0.5781328
-0.6269787
-0.5273975
-0.5140194
-0.519648
-0.6079782
-0.5297802
-0.7023434
-0.6220368
-0.5002712
-0.5725321
-0.6222493
-0.6419819
-0.516641
-0.4251176
-0.6501798
-0.4168564
-0.3532982
-0.3493876
-0.451342
-0.688997
-0.6491114
-0.3448701
-0.433665
-0.5175611
-0.5466199
-0.5170485
-0.6277281
-0.7119748
-0.5460095
-0.5026866
-0.4724
-0.4201055
-0.4404948
-0.6073168
-0.5208961
-0.3390315
-0.5898288
-0.4282256
-0.344892
-0.5268278
-0.6143673
-0.3590874
-0.4461077
-0.3945412
-0.48189
-0.476169
-0.3744709
-0.442315
-0.5957793
-0.5105256
-0.4552277
-0.5636848
-0.2176807
-0.5711829
-0.4528638
-0.4798385
-0.3633921
-0.2476783
-0.3623636
-0.4210231
-0.4606724
-0.376977
-0.294773
-0.5356386
-0.3893717
-0.4352776
-0.4194188
-0.5113425
-0.219209
-0.4001247
-0.2637857
-0.4728208
-0.4566289
-0.5514373
-0.3618778
-0.4465576
-0.3926313
-0.2737385
-0.3097035
-0.4203921
-0.4200754
-0.5119636
-0.3762705
-0.3607136
-0.442562
-0.4712855
-0.3881515
-0.3893139
-0.4582819
-0.44106
-0.2272591
-0.4538408
-0.4003274
-0.3171389
-0.3856825
-0.3512143
-0.3185278
-0.2526438
-0.2844899
-0.09164767
-0.4501754
-0.3606542
-0.3460045
-0.4525036
-0.4730097
-0.4238932
-0.3986005
-0.1995308
-0.2028727
-0.2569163
-0.4133591
-0.470163
-0.4810544
-0.3696563
-0.3629683
-0.2545838
-0.4516945
-0.249184
-0.3784868
-0.3090317
-0.4408113
-0.2889653
-0.2021522
-0.2718332
-0.09924772
-0.1696055
-0.211448
-0.3627501
-0.4962596
-0.2550874
-0.2974847
-0.3397059
-0.1978331
-0.3934531
-0.2495143
-0.2600762
-0.1176199
-0.05388754
-0.3025734
-0.4127773
-0.2790182
-0.1152924
-0.3290299
-0.3760279
-0.4713476
-0.2206897
-0.3305544
-0.3279329
-0.2808093
-0.4146773
-0.3541437
-0.2892302
-0.1670411
-0.2211069
-0.4570409
-0.3215249
-0.05568145
-0.2108608
-0.2400537
-0.212434
-0.2931973
-0.2724583
-0.3185202
-0.2699147
-0.2390899
-0.21923
-0.3368969
-0.2377785
-0.2977427
-0.1949695
-0.08785912
-0.1863604
-0.0565432
-0.2854493
-0.2903745
-0.1624112
-0.108241
-0.1842247
-0.2256277
-0.1198551
-0.2354926
-0.2546349
-0.19536
-0.1478372
-0.2296024
-0.2340828
-0.2697603
-0.2523523
-0.1795633
-0.2417774
-0.246029
-0.2254064
-0.2982233
-0.06819339
-0.266031
-0.1894837
-0.1812857
-0.1594532
-0.1292173
-0.1759186
-0.1012827
0.002643405
-0.1930711
-0.1877874
-0.1612741
-0.1421324
-0.1341935
0.003215093
-0.2338983
-0.227031
-0.1962282
-0.07257044
-0.1599289
-0.1538916
-0.1627226
-0.05891186
0.006473692
-0.2328716
-0.2066599
-0.1823769
-0.2850941
-0.07414932
-0.1207023
-0.277358
-0.1183476
-0.07322022
-0.1181943
-0.01547874
-0.0480469
-0.1464977
-0.02363865
-0.1537791
0.03350002
-0.04825598
0.02755636
-0.1461804
-0.1750996
-0.1280513
0.0372236
0.002079403
-0.08057358
-0.06214967
-0.1726167
0.00557149
0.04942414
-0.0605218
-0.02430372
-0.07563043
0.04669952
-0.1025194
-0.1374472
0.08704603
-0.1183342
-0.09162978
-0.1303221
-0.1327775
0.04983757
0.002533851
0.0217238
-0.1239587
0.01469508
-0.08002462
0.008122466
-0.1450305
-0.09590013
-0.1060954
-0.04663417
-0.09554348
0.0338604
-0.05440387
-0.07829017
-0.02033584
-0.04534407
-0.0264607
0.01412574
-0.1474727
-0.01518632
0.131052
0.009491281
-0.06284914
-0.07154433
0.1480658
-0.01178702
0.1193574
-0.2271327
-0.2348196
-0.06019356
-0.01455015
0.08803597
0.01777984
-0.07184551
-0.05480984
-0.100714
0.05268637
-0.1193353
0.01711522
-0.002155999
0.1543101
0.08819153
-0.09934114
0.01745873
0.1053472
-0.1603699
0.004045945
0.04966973
0.05762941
0.1071544
-0.1391237
0.1102309
-0.07547949
-0.02905047
-0.01408383
0.003783353
-0.1325312
0.1274465
0.03385979
-0.07465308
-0.07272386
0.3002018
-0.02351607
0.01242958
0.03054856
0.1097154
0.2100261
-0.008703618
0.03011575
-0.06244954
0.01894829
-0.04112792
0.1455094
0.07778604
0.1216895
0.1262443
0.1438796
0.1464766
0.1993364
0.2202626
-0.0915257
0.2104918
0.1802117
0.355122
0.1655058
0.3894812
0.1602902
0.1140056
0.08729844
0.2549934
0.1511604
0.122701
0.1577814
0.04619234
0.002528235
0.05997469
0.1442752
0.1284367
0.09070735
0.1410526
0.1418963
0.117434
0.1980733
0.2170528
0.1942434
0.1504086
0.05041779
0.1080686
0.002729267
0.08357231
0.2040227
0.1299032
0.09028288
0.1201186
0.1194254
-0.02160587
0.1599373
0.263853
0.22931
0.1994221
0.2671886
0.2824402
0.2158131
0.2378704
0.1852314
0.221459
0.1329633
0.06052392
0.2548852
0.1367463
0.3127691
0.1546055
0.1489074
0.3068734
0.2195987
0.2105085
0.3110972
0.3415966
0.1475418
0.2661461
0.1308092
0.08487149
0.225493
0.275798
0.1123337
0.1398443
0.1729152
0.2304548
0.19711
0.1222307
0.1806691
0.3405498
0.05991102
0.3080757
0.2863985
0.2108634
0.3284898
0.1996262
0.1713075
0.2917827
0.2284984
0.1230516
0.1827401
0.1251494
0.3723286
0.369492
0.2259091
0.3514071
0.3848868
0.3403186
0.432413
0.2995122
0.2488029
0.3893173
0.3466115
0.1607038
0.2223108
0.3312005
0.3052761
0.3096677
0.281242
0.372482
0.2521299
0.270355
0.3190951
0.2493609
0.2716506
0.294035
0.2241342
0.436589
0.3707941
0.3291144
0.5000812
0.2545396
0.4111527
0.1845207
0.3780895
0.3579515
0.308702
0.3892143
0.3562671
0.2242462
0.3293861
0.3184031
0.3691737
0.3878485
0.2826417
0.3456216
0.3837001
0.2921074
0.4703657
0.5597494
0.4606776
0.1482073
0.3603419
0.4023936
0.5073334
0.266194
0.4653601
0.240982
0.4649082
0.264682
0.2909149
0.4590648
0.4240232
0.524226
0.4147638
0.4051535
0.4097566
0.3769098
0.4870454
0.3595458
0.4628751
0.4228082
0.4451406
0.5349043
0.443962
0.4413053
0.4255093
0.4575288
0.4023782
0.5365352
0.4109584
0.3619582
0.4300824
0.3724578
0.4967422
0.4604195
0.4724794
0.4188625
0.3977284
0.5018255
0.4793367
0.4391773
0.5370034
0.520183
0.5442954
0.4751306
0.5198308
0.5580032
0.5312229
0.6456512
0.5747987
0.4913858
0.4252293
0.578558
0.5071465
0.5755734
0.5762044
0.4919488
0.3373967
0.3773827
0.4213473
0.494182
0.5407164
0.5190939
0.4922378
0.4951516
0.5153437
0.5232302
0.4772603
0.5184254
0.4943744
0.378797
0.4824045
0.5260268
0.5146522
0.5771036
0.5191742
0.5719229
0.6309209
0.5242879
0.5500288
0.378593
0.576696
0.4984129
0.5942789
0.5481493
0.3980179
0.5820809
0.5462546
0.5960716
0.5807599
0.3741984
0.5771232
0.5757464
0.5977737
0.7158135
0.6305512
0.6346104
0.6439021
0.7012854
0.5176812
0.7207617
0.5433643
0.6005998
0.4694501
0.7181405
0.5450699
0.5787341
0.5389318
0.5072427
0.5525275
0.6453741
0.727447
0.6802644
0.6624375
0.472176
0.3791095
0.6159027
0.5509662
0.5681353
0.6720366
0.605207
0.7076665
0.4756676
0.5165374
0.6739901
0.6428508
0.6393219
0.5684117
0.5004723
0.4639662
0.7145486
0.8063378
0.6311631
0.6694994
0.7070707
0.6942126
0.6240394
0.6637294
0.5870476
0.6947731
0.7137711
0.6461492
0.6530903
0.6113411
0.4474489
0.6798126
0.690008
0.6995679
0.7202449
0.6443085
0.5992603
0.706989
0.589925
0.8593755
0.5405471
0.7532771
0.7804933
0.6940693
0.7971233
0.6278012
0.5700804
0.8457534
0.6910171
0.6975761
0.6224905
0.6696904
0.9495936
0.603677
0.5888533
0.7794148
0.6577802
0.7825058
0.7087158
0.7696938
0.7108944
0.6704311
0.7469201
0.7755199
0.6072424
0.8725357
0.7576788
0.6810884
0.6381676
0.7683262
0.6153809
0.8444163
0.6674015
0.6871661
0.8491766
0.761741
0.876629
0.8877448
0.7548539
0.6477738
0.7401158
0.732949
0.7519935
0.7251368
0.6931596
0.6887446
0.9258675
0.7366481
0.6472937
0.6717205
0.840185
0.8464057
0.8294495
0.8224926
0.7240789
0.7589646
0.7867905
0.8477676
0.7988744
0.7777455
0.8501764
0.8397164
0.9870281
0.6478109
0.7480062
0.6963103
0.7931532
0.8159612
0.8443715
0.8119009
0.7968073
0.9322446
0.8186948
0.7688332
0.7727683
0.7761323
0.8113607
0.7926382
0.8727302
0.864584
0.9936222
0.8048933
1.022533
0.7561848
0.761064
0.6121906
0.7063436
0.8612996
0.8018441
0.8625885
0.7670805
0.833128
0.8966059
0.9500033
0.8235192
0.8650938
1.108832
0.6891572
0.8893272
0.9658139
0.8729671
0.8518325
0.8615191
0.9287004
0.8422428
0.9780803
0.8023732
0.8640565
0.859239
0.9227345
0.9640713
0.8491801
0.7868372
0.9283597
0.9036473
0.9064869
0.8425298
0.9610597
1.003094
0.9689374
0.9626918
0.7697172
0.9329806
0.9234375
0.9931217
0.9602459
0.9341978
0.8399495
0.9691718
0.9400418
0.8060858
0.8986529
0.8106889
0.9617038
0.7896468
0.9517694
1.045666
1.027517
1.030672
0.9517833
0.9090768
1.046631
1.040969
1.097322
0.9946351
1.014842
0.939753
0.897737
0.8760811
1.059693
0.9031537
0.8064643
0.9434577
0.8963148
1.060342
0.9701693
0.9681848
0.9701148
0.9126028
0.8979367
1.024233