-0.04326091
-1.103066
-0.9924088
-1.042277
-0.9037583
-0.9351914
-0.888645
-0.912392
-0.9867862
-1.1281
-0.9534545
-0.9061392
-0.9802211
-0.9783419
-0.8687947
-1.030827
-0.9946323
-0.7524207
-0.9983965
-1.007388
-0.9728866
-0.7797783
-0.9035284
-0.9884141
-0.8694021
-0.899852
-0.9934881
-0.950516
-0.9390023
-0.9492811
-0.7686998
-0.9037137
-0.8170552
-1.022574
-0.9481912
-0.8607121
-0.979555
-0.899969
-0.9843364
-0.8683235
-0.8578603
-0.9457306
-0.9499917
-1.066102
-0.9666934
-1.012769
-0.9857076
-1.045688
-0.9316523
-0.8798041
-0.9284824
-0.9706291
-1.004886
-0.8771694
-0.9028126
-0.9839942
-0.8282077
-0.7985097
-0.9205856
-0.9193639
-0.8650457
-0.9055731
-1.032503
-1.00154
-0.808836
-0.8537849
-0.8406513
-0.9010858
-0.7128389
-0.9725239
-0.9005185
-0.9505895
-0.9330553
-0.9602371
-0.973964
-0.831362
-0.8989893
-0.8800717
-0.7042238
-0.8205594
-0.7765055
-0.8733689
-0.8256125
-0.9262899
-0.9443491
-0.9859205
-0.8117807
-0.748671
-0.8037998
-0.8016802
-0.9011778
-0.9653336
-0.7365379
-0.9165942
-0.7715042
-0.8996773
-0.7845794
-0.7710696
-0.9517293
-0.7687729
-0.8309218
-0.7633787
-0.8062453
-0.7852228
-0.7204599
-0.7682409
-0.8427459
-0.5894606
-0.7391947
-0.8117615
-0.8965761
-0.807647
-0.8466491
-0.7694128
-0.5541424
-0.8248415
-0.795681
-0.7546818
-0.7950869
-0.6573416
-0.8949186
-0.6784352
-0.8945708
-0.6815032
-0.6837954
-0.8030627
-0.8042216
-0.801535
-0.7618714
-0.8544566
-0.8228561
-0.7573188
-0.8201838
-0.5922703
-0.7137569
-0.8142036
-0.7941785
-0.7043276
-0.7320563
-0.7985037
-0.6968756
-0.7550464
-0.7267871
-0.4838255
-0.8333323
-0.6551496
-0.7287008
-0.4745465
-0.6275339
-0.6591473
-0.7014918
-0.628236
-0.6543255
-0.6455176
-0.7203902
-0.7523844
-0.6628508
-0.6829272
-0.5658397
-0.8079242
-0.735066
-0.6449777
-0.575268
-0.6118911
-0.6223093
-0.6988289
-0.7313647
-0.6792493
-0.6975861
-0.6275327
-0.575237
-0.6750114
-0.611726
-0.5052432
-0.7437613
-0.5883638
-0.7857598
-0.6139395
-0.7681112
-0.5996485
-0.5561924
-0.6021362
-0.656435
-0.5791686
-0.5996473
-0.6106487
-0.7270168
-0.6521161
-0.5654024
-0.5745189
-0.7633131
-0.6358812
-0.7338513
-0.5704536
-0.5911856
-0.6182585
-0.5469231
-0.6242499
-0.6591768
-0.4709533
-0.5550502
-0.7667552
-0.6305746
-0.6065141
-0.6482004
-0.6446522
-0.57409
-0.4124426
-0.5913909
-0.4051121
-0.5068382
-0.5739895
-0.4915929
-0.494766
-0.6185295
-0.5982456
-0.5788078
-0.6732618
-0.4966355
-0.6230441
-0.5914581
-0.5235249
-0.6865043
-0.6957802
-0.4153502
-0.6205803
-0.5652845
-0.384493
-0.493271
-0.5665956
-0.5716308
-0.3782407
-0.6103707
-0.4952823
-0.5833174
-0.6297804
-0.4931054
-0.4684035
-0.5467041
-0.4680853
-0.5030919
-0.4418324
-0.5581935
-0.5742398
-0.4261023
-0.5810294
-0.6123987
-0.5084092
-0.5667343
-0.6430172
-0.5361517
-0.3527136
-0.670597
-0.3541823
-0.5368072
-0.5394131
-0.492521
-0.469808
-0.4648746
-0.4105407
-0.3784003
-0.4931963
-0.6018142
-0.4651434
-0.4918146
-0.5456934
-0.3971884
-0.4115393
-0.4239199
-0.4978669
-0.4037019
-0.3528807
-0.4633168
-0.3982977
-0.3021099
-0.3621663
-0.4485531
-0.4588935
-0.3625537
-0.5107289
-0.4600652
-0.4075796
-0.3700953
-0.4438055
-0.527063
-0.3223555
-0.4837772
-0.5335948
-0.2678608
-0.5800824
-0.4473176
-0.35645
-0.4427423
-0.4070213
-0.4202237
-0.3836854
-0.4064238
-0.5488599
-0.3483282
-0.4299063
-0.5762859
-0.517742
-0.3981342
-0.4934166
-0.4923079
-0.4506478
-0.349613
-0.2991524
-0.4300531
-0.4605273
-0.4987145
-0.5909057
-0.358717
-0.3815824
-0.3267826
-0.4345027
-0.4483204
-0.3091134
-0.4116151
-0.4068047
-0.4520842
-0.3648713
-0.3666365
-0.2551825
-0.3738346
-0.3812004
-0.4412208
-0.3671233
-0.4514028
-0.2877752
-0.3712314
-0.4227226
-0.3399946
-0.3490367
-0.3940904
-0.1610968
-0.1616065
-0.1756945
-0.3526446
-0.3890591
-0.3526221
-0.3352646
-0.2988517
-0.2945098
-0.3830244
-0.3637109
-0.2691601
-0.2564587
-0.353262
-0.2585907
-0.2336299
-0.2061175
-0.3010589
-0.2558489
-0.2174711
-0.3506478
-0.2454557
-0.2097373
-0.384877
-0.1791556
-0.3664412
-0.2178799
-0.3235163
-0.2711709
-0.1991204
-0.2666315
-0.3559044
-0.4156299
-0.4079
-0.2633423
-0.2166592
-0.2168627
-0.3152521
-0.3831144
-0.1231867
-0.361202
-0.2665295
-0.2080692
-0.1474329
-0.3668485
-0.1203016
-0.1371408
-0.2816032
-0.4173195
-0.3910456
-0.1158808
-0.2026
-0.1880877
-0.2100868
-0.170745
-0.3621783
-0.3311113
-0.3478768
-0.3243589
-0.3094702
-0.1667348
-0.2762662
-0.2228899
-0.1475738
-0.2352318
-0.2983396
-0.00267569
-0.02018261
-0.3554062
-0.3285748
-0.2223779
-0.2547375
-0.1635838
-0.01515119
-0.2092314
-0.129581
-0.2809236
-0.1642204
-0.2625313
-0.1867687
-0.1187011
-0.1570722
-0.3125431
-0.2154937
-0.1627273
-0.1398448
-0.1635808
-0.08574694
-0.1866701
-0.02545377
-0.3570599
-0.137283
-0.05046635
-0.1875197
-0.05525352
-0.2031243
-0.197662
-0.09993409
-0.1322717
-0.1310463
-0.2285382
-0.05498813
-0.2441586
-0.1203611
-0.2410998
-0.2061113
-0.1475873
-0.1603814
-0.06456168
-0.1535552
-0.07384818
-0.2981355
-0.2610197
-0.1026084
-0.05847119
-0.2189605
-0.0493911
-0.02465361
-0.2327134
0.04357083
-0.2319074
-0.007162669
-0.02339558
-0.002088868
-0.3056031
-0.06562473
-0.07568262
-0.1514817
-0.06466374
-0.1314581
0.06156726
-0.1329424
-0.1456007
-0.02930866
-0.01327044
-0.008485008
-0.08562082
-0.1240562
-0.08037915
-0.04419503
-0.009138165
-0.1927963
-0.0692381
0.006219215
-0.01740933
-0.07374152
-0.05846821
0.04447248
0.04064539
-0.0667744
-0.0690167
-0.01437115
-0.1971809
-0.032545
0.0595531
-0.1320333
0.1012014
0.02422013
0.01441245
-0.1432806
-0.04989903
0.01437519
-0.207153
-0.04515752
-0.01269205
-0.1160935
-0.008399025
0.1471823
-0.006570603
-0.05289551
0.09120653
0.00318903
0.05483919
-0.004817616
0.01786519
0.01754232
-0.02705848
0.002117734
0.009908426
0.09701391
0.1135554
0.006028095
0.04707388
0.02579424
0.0637595
0.1108158
-0.07713089
0.1438718
0.02322949
0.03862071
0.1377886
0.01265938
-0.09832217
-0.06297505
0.06755372
-0.02647217
0.2209833
0.1254091
0.06855993
0.1593147
0.1463092
0.02875097
-0.03975863
0.114305
0.1320907
0.04318052
0.1100828
0.1058535
0.02182807
0.1548049
0.02482332
0.1097981
-0.0008486239
0.1845343
0.01919225
0.2651836
0.1440082
0.1180582
0.01011649
0.1535998
0.2323201
0.1193572
0.03284905
0.1127377
-0.0342342
0.07920868
0.1684825
0.09676681
0.0728547
0.1533947
0.2505462
0.1786785
0.02004831
0.1106244
0.1414669
0.2362017
0.1617353
0.3015168
0.09783501
0.1501455
0.04848608
0.2047426
0.1632347
0.1717185
0.1450258
0.1869136
0.1406423
0.1456315
0.01746951
0.08676915
0.2586748
0.2907988
0.1225248
0.1265015
0.3098489
0.1458426
0.1472716
0.1932821
0.1214081
0.2388915
0.06397427
0.1923544
0.250634
0.1114094
0.3487986
0.1909398
0.1678566
0.1208391
0.01098171
0.3336884
0.2329157
0.13024
0.1883956
0.2020559
0.3657773
0.2294415
0.1769391
0.07847104
0.1457852
0.2476607
0.2121647
0.0970131
0.1508735
0.2597272
0.1511159
0.3177659
0.2041944
0.2242574
0.391983
0.2596627
0.2773679
0.1637432
0.1489756
0.2988639
0.2844066
0.1135643
0.04533632
0.2935969
0.33111
0.2406345
0.1863307
0.2325231
0.2909565
0.1359484
0.2167925
0.2388438
0.2641398
0.2447822
0.398694
0.2419233
0.3785314
0.1379266
0.3142956
0.3273163
0.2471119
0.4206636
0.3036432
0.2600029
0.3841901
0.3670802
0.4292104
0.3549527
0.2966294
0.2948215
0.3788835
0.3315914
0.1545633
0.3465122
0.4129183
0.4043707
0.4323841
0.3898273
0.2278115
0.3808318
0.2920157
0.2419757
0.4119582
0.4303835
0.3927722
0.310134
0.4016902
0.2747064
0.4975417
0.590254
0.5491401
0.3911557
0.5247837
0.3546409
0.3808345
0.3081571
0.3323109
0.4147411
0.5540149
0.3297952
0.3720091
0.4953384
0.3594938
0.2321649
0.2427447
0.3420797
0.3169255
0.3217354
0.2628444
0.4721859
0.3816005
0.2479603
0.4198726
0.3679633
0.497046
0.3688478
0.3664654
0.3454535
0.4457527
0.3395809
0.4470185
0.3472052
0.4205569
0.3015702
0.3190999
0.4910826
0.3760971
0.4391263
0.4347552
0.4355691
0.3867233
0.2394362
0.3682305
0.3305579
0.5963712
0.4842255
0.4988644
0.3579887
0.5309919
0.5307638
0.5152445
0.4334163
0.4389575
0.4656161
0.4012206
0.4623282
0.4438283
0.4468763
0.3915563
0.4592427
0.4179562
0.4496618
0.36607
0.4995436
0.4336157
0.4646576
0.563019
0.5656549
0.6153013
0.5696052
0.5542431
0.546935
0.5461989
0.6289351
0.6360682
0.5245752
0.5375325
0.627842
0.5817621
0.4552691
0.5541286
0.5351482
0.5519078
0.4976126
0.4540015
0.6042752
0.4030513
0.5013538
0.4376376
0.5970322
0.5205287
0.5376785
0.5082738
0.5286327
0.4811908
0.4602681
0.5546407
0.4289409
0.507648
0.6493431
0.6515959
0.5993824
0.5775896
0.6747063
0.4302955
0.565383
0.6347875
0.509571
0.6093042
0.5286561
0.5386956
0.4233132
0.7604732
0.6023393
0.5902565
0.4540287
0.5007746
0.596806
0.5382007
0.5748037
0.6756164
0.5646633
0.5647621
0.4396482
0.6633524
0.5477448
0.4468715
0.4891808
0.5206362
0.6206235
0.6320411
0.6234691
0.7311374
0.7386716
0.6600985
0.7353006
0.5302549
0.5551208
0.6963246
0.6024593
0.6412817
0.6421248
0.6952078
0.4254665
0.658189
0.7022317
0.8572879
0.7109219
0.6564857
0.6891085
0.7287461
0.8274345
0.6910791
0.6134671
0.6848364
0.6668356
0.7554235
0.6823724
0.6195525
0.7693754
0.6852031
0.6648113
0.6298348
0.6691545
0.6783305
0.6406816
0.7882968
0.6040606
0.6641925
0.5865151
0.6215524
0.7789707
0.7443511
0.7249552
0.7717435
0.7959321
0.8180328
0.6950865
0.6807298
0.7492909
0.6097188
0.878009
0.6911866
0.7551148
0.801821
0.6266977
0.7118908
0.6518467
0.7979562
0.6969918
0.6228832
0.63049
0.7622627
0.7039578
0.8413526
0.8542902
0.6871822
0.690965
0.8005702
0.806696
0.5964328
0.7809952
0.6742779
0.6815564
0.7597484
0.7058813
0.7191621
0.6784313
0.7706817
0.7849821
0.6996556
0.8503729
0.8859636
0.9530856
0.8486306
0.7251807
0.8193548
0.6898533
0.7296337
0.7486924
0.7200242
0.9087907
0.8151453
0.8570388
0.6658196
0.8025372
0.8168593
0.81887
0.7563125
0.8679291
0.7273506
0.82362
0.6990456
0.8192079
0.7984436
0.8312864
0.7447951
0.7876092
0.899273
0.8182401
0.9640087
0.8518781
0.9005101
0.8294982
0.8273723
0.7741675
0.9743032
0.9096243
0.8671328
0.8291787
1.074896
0.8008454
0.9458565
0.965881
0.8808248
0.84039
0.8640419
0.7726754
0.871421
0.7256183
0.9292103
1.001058
0.7991599
0.9502027
0.7812672
0.8585036
0.9879238
0.8490644
0.9508898
0.8445718
0.8589642
0.7290147
0.8665454
0.992662
0.9727075
0.9638923
0.9214189
0.764666
1.093624
0.9549571
0.8507178
0.941262
0.8757075
0.9114569
0.9320121
0.9762976
0.9584889
1.032215
0.8947229
0.9117312
0.7945436
0.9220913
1.017201
0.9503635
1.054195
0.9781358
1.051691
0.8493395
0.8665345
0.9528518
0.9107892
0.9798807
0.7567334
0.91816
1.062084
0.9289213
0.8232837
1.033109
0.9557269
1.034839
0.9369617
0.9983019
1.1528
0.9435748
1.120713
0.9924988
0.9539112
1.003203
0.9196269
1.060686
1.108337
0.8688826