-0.001102046
-0.961804
-0.9616621
-0.9703116
-1.064472
-0.9389456
-0.8583064
-0.9595194
-0.8727723
-1.000573
-1.104674
-1.054957
-1.083247
-0.950583
-0.8921193
-1.008179
-0.9826812
-0.9322584
-1.013566
-0.9304321
-1.105305
-1.094366
-0.9715186
-1.098801
-0.9518476
-0.7854364
-0.9684447
-1.101226
-0.9229972
-0.9763812
-1.025541
-0.9105558
-0.8519228
-0.9799789
-0.9565987
-1.083706
-0.9989302
-1.085203
-0.8729264
-0.8987666
-0.7442329
-0.860874
-0.9569171
-0.9446061
-1.011578
-0.8770036
-1.010247
-0.9710521
-1.043778
-0.8779425
-0.9182968
-0.8265129
-0.9222733
-0.8923604
-0.9263433
-0.9620772
-1.026442
-0.9499345
-0.79899
-0.8396989
-0.8484637
-0.9081168
-0.9837771
-0.8308242
-0.774694
-0.8852302
-0.8876619
-0.9393386
-0.9481236
-0.8886499
-0.8020125
-0.8037677
-0.8033938
-0.8923243
-0.7438078
-0.8046619
-0.8892164
-0.8317215
-0.7946999
-0.898726
-0.8764008
-0.7431908
-0.7690634
-0.7887502
-0.7153032
-0.9642779
-0.7966866
-0.8237078
-0.8933635
-0.6871485
-0.7102654
-0.9469879
-0.7857619
-0.8517638
-0.9109381
-0.6864913
-0.7047197
-0.9130658
-0.7283241
-0.7773503
-0.7498709
-0.9414963
-0.7794275
-0.8836953
-0.7684212
-0.8471866
-0.8453723
-0.888275
-0.902203
-0.7478475
-0.7859577
-0.7482098
-0.7282374
-0.8491161
-0.6942964
-0.8844312
-0.5439936
-0.946299
-0.8882248
-0.7679147
-0.7024833
-0.8284147
-0.6905686
-0.889514
-0.7953161
-0.8959127
-0.8067304
-0.7226745
-0.7433577
-0.9016875
-0.8367663
-0.6326602
-0.6447037
-0.8246161
-0.6401479
-0.847658
-0.785175
-0.8028525
-0.6084882
-0.7080167
-0.6938019
-0.8972109
-0.707803
-0.5409293
-0.7546463
-0.717585
-0.7815344
-0.7558896
-0.6258661
-0.5703868
-0.7078834
-0.7336597
-0.6734532
-0.709456
-0.6557499
-0.6260341
-0.673181
-0.8148132
-0.6480287
-0.6395371
-0.771582
-0.5847683
-0.7411236
-0.5906663
-0.6743471
-0.6715381
-0.6193771
-0.7648067
-0.6326855
-0.6397399
-0.647477
-0.5243258
-0.4715583
-0.5809443
-0.7872902
-0.5086396
-0.6628103
-0.6876672
-0.5441655
-0.8098431
-0.7646832
-0.6026064
-0.7132785
-0.6358608
-0.7257033
-0.687668
-0.5752657
-0.7936905
-0.6149314
-0.6699071
-0.7253103
-0.5646677
-0.4915159
-0.5253842
-0.606139
-0.6984061
-0.6335385
-0.6753777
-0.7083578
-0.5852205
-0.6403658
-0.6000035
-0.5071631
-0.5284887
-0.5864837
-0.5318646
-0.6186749
-0.5056135
-0.6502093
-0.4677887
-0.5727965
-0.6769036
-0.618569
-0.4990009
-0.6572778
-0.5408957
-0.5996017
-0.4452725
-0.4847627
-0.7372289
-0.6651485
-0.6601282
-0.6173589
-0.6014769
-0.5475887
-0.4293167
-0.4371001
-0.6934904
-0.6834821
-0.5476477
-0.5812085
-0.5123522
-0.380016
-0.6140843
-0.5648757
-0.4162557
-0.4809535
-0.4126738
-0.4775061
-0.3760818
-0.643897
-0.5013179
-0.5608472
-0.4306356
-0.4477505
-0.4933335
-0.4057729
-0.5114882
-0.6105635
-0.5274842
-0.4855411
-0.4001545
-0.502826
-0.3914467
-0.6814172
-0.5378711
-0.5615359
-0.4238895
-0.3555949
-0.4821455
-0.4589162
-0.5030674
-0.3581295
-0.4922173
-0.3235755
-0.4855384
-0.4481205
-0.5220579
-0.5630185
-0.4349747
-0.4361763
-0.502794
-0.5176426
-0.49821
-0.3494977
-0.3553806
-0.4325071
-0.4745126
-0.3639709
-0.569097
-0.3869673
-0.4885746
-0.3856032
-0.3998222
-0.4891487
-0.4336143
-0.4839356
-0.5171079
-0.3491615
-0.263322
-0.4199841
-0.3537315
-0.5336984
-0.2984438
-0.4322203
-0.6351619
-0.3132987
-0.5103249
-0.421939
-0.3126597
-0.4875769
-0.28295
-0.273516
-0.3725635
-0.3981197
-0.2599609
-0.363211
-0.581165
-0.1793913
-0.3282788
-0.2731783
-0.3122199
-0.4249275
-0.4592117
-0.3224072
-0.3517475
-0.3381618
-0.2998842
-0.4399799
-0.3171369
-0.3395621
-0.337828
-0.3677547
-0.4654389
-0.3297885
-0.2770171
-0.3121415
-0.4381723
-0.3781023
-0.3598348
-0.5049517
-0.4278725
-0.3034794
-0.3570164
-0.2834128
-0.3359462
-0.304315
-0.3470369
-0.2884417
-0.3971879
-0.3545555
-0.287814
-0.2067978
-0.3209344
-0.3721448
-0.3144205
-0.3842029
-0.2581166
-0.2613386
-0.4043258
-0.3835166
-0.3160775
-0.2681711
-0.2012182
-0.490003
-0.03811688
-0.06661333
-0.2139937
-0.2043308
-0.3130911
-0.3091816
-0.268682
-0.3210843
-0.412933
-0.2365569
-0.225959
-0.3364141
-0.3517762
-0.1685105
-0.2744751
-0.2245989
-0.2443416
-0.2991696
-0.2340674
-0.3729931
-0.2680045
-0.383268
-0.3896166
-0.2287763
-0.2832819
-0.09023561
-0.3240396
-0.3126175
-0.3392143
-0.3461682
-0.1900414
-0.3069359
-0.3752199
-0.2241366
-0.2191586
-0.1802853
-0.2877166
-0.2710027
-0.2757164
-0.3904767
-0.2494322
-0.21742
-0.2081303
-0.1473583
-0.3675806
-0.1969051
-0.09534617
-0.1828025
-0.1554214
-0.1573055
-0.200365
-0.1805675
-0.2125123
-0.123049
-0.321283
-0.1573027
-0.1765181
-0.1914798
-0.0956123
-0.05414521
-0.08984701
-0.3086314
-0.3805873
-0.1884884
-0.2399456
0.03767835
-0.1996917
-0.1589371
-0.1220609
-0.2344808
-0.0735264
-0.2158746
-0.1566812
-0.142599
-0.06049493
-0.08088199
-0.1338568
-0.0263983
-0.06144019
-0.1071388
-0.0958829
-0.2593177
-0.3317007
-0.1341236
-0.2319547
0.06388517
-0.07915656
-0.2210468
-0.1064498
-0.124763
-0.1860595
-0.2551176
-0.1429564
-0.05586487
-0.009484402
-0.1679198
-0.1305193
-0.09766915
-0.152674
-0.2095388
-0.05296756
-0.1673149
-0.03093385
-0.101695
-0.1048822
-0.1774151
-0.009331489
0.00629554
0.004649067
-0.008087765
-0.1178532
-0.05816763
-0.006478804
-0.02528495
-0.1749796
-0.0999983
0.05356528
-0.0835986
-0.05243903
-0.07638392
-0.09555881
-0.04547308
0.004964156
-0.07594078
-0.02774881
-0.1152373
-0.09403237
0.06435986
0.1121346
0.004770454
-0.01267649
-0.09026963
-0.10246
0.03389491
-0.07573206
-0.0742728
0.01012834
-0.1712449
0.1617847
-0.03333632
-0.03698815
-0.01080279
-0.01911249
0.09458426
-0.1169134
-0.03355154
0.06429532
-0.03090938
0.06638787
-0.0130639
0.01287619
-0.02228517
-0.1316243
0.03127134
0.008540485
0.07784748
-0.06162175
-0.03375531
0.08483847
0.03057758
0.0644145
0.04749969
0.04488397
0.01323172
-0.09653438
-0.01453652
0.1904036
0.04669368
-0.03625856
0.2774103
0.03627303
0.02925085
0.009969442
0.1227634
-0.02708314
0.1351243
0.1135851
0.07371897
0.1717688
0.06715442
-0.05086522
0.01964832
0.1877904
0.1210994
0.09762018
0.1062437
-0.02724672
0.05015667
0.05682878
0.1076704
0.1018783
0.08538916
0.1205756
0.2637978
0.08292983
0.119737
0.0688808
0.02231674
0.1826098
0.04065532
0.1372711
0.2233005
0.1994183
0.05615548
0.07472818
0.1544653
0.1302696
0.1119492
0.2128959
0.04497135
-0.05435116
0.1460306
0.1079056
0.1704847
0.1575502
0.222829
0.1696198
0.2172884
0.09157044
0.09777417
0.1759124
0.1057806
0.1609128
0.2228824
0.2198366
0.1440299
0.1814166
0.2196182
0.2867366
0.06635791
-0.02005141
0.1517038
0.08367711
0.2118815
0.2896366
0.3238328
0.2786085
0.06482616
0.2112802
0.2095079
0.2943456
0.2293061
0.1275812
0.2606386
0.06463917
0.1925717
0.2120246
0.3156432
0.1765048
0.09352519
0.1814248
0.250463
0.1985279
0.305595
0.1980722
0.2829468
0.2907074
0.2063668
0.2609962
0.1941542
0.2352588
0.3164115
0.1985822
0.2950964
0.1195667
0.2287189
0.2039734
0.1759687
0.2295553
0.1924293
0.281247
0.2654604
0.2074371
0.1349133
0.2699153
0.3027726
0.05613816
0.1305585
0.4460449
0.2606753
0.03658558
0.2086359
0.407092
0.2600367
0.2695722
0.3471205
0.3052482
0.3059855
0.285348
0.297549
0.2379857
0.2880274
0.2369328
0.3202855
0.3351394
0.3690321
0.327783
0.3119724
0.3861258
0.330175
0.33191
0.2703247
0.2676182
0.3051879
0.2350602
0.3236151
0.2923755
0.3262203
0.1945965
0.3677265
0.4247325
0.2441069
0.2952684
0.3925917
0.2790351
0.4571629
0.3218042
0.2076763
0.3525129
0.4709277
0.4432171
0.3446094
0.1953206
0.3992972
0.242049
0.3849267
0.2363491
0.3287268
0.300117
0.3392889
0.4623288
0.483296
0.3967468
0.5379492
0.4355725
0.4227265
0.3899462
0.3313539
0.5650778
0.2598
0.4218437
0.218032
0.2637072
0.346573
0.3773245
0.4290002
0.3411056
0.4511412
0.3941145
0.4013706
0.2881397
0.4612239
0.3716991
0.4470509
0.4005233
0.6468918
0.4087771
0.5613819
0.35326
0.3497118
0.3692028
0.4011555
0.5045357
0.4217989
0.2971969
0.3408761
0.4590302
0.5594646
0.4727604
0.6194539
0.3891593
0.3142657
0.4698277
0.4225319
0.4669939
0.5247421
0.5015422
0.3859992
0.5012591
0.6100122
0.3932186
0.5039786
0.5520938
0.4399041
0.3836319
0.4091269
0.5755858
0.3551485
0.5739517
0.5482654
0.5677825
0.5069085
0.5650072
0.373903
0.4425825
0.4281939
0.5968987
0.5743345
0.3748797
0.5315419
0.4286707
0.6298389
0.6121791
0.4857925
0.541713
0.438241
0.6017353
0.5418605
0.5027687
0.4409167
0.4979365
0.4665466
0.562152
0.536474
0.544609
0.5529931
0.5881287
0.6328251
0.4808146
0.6470411
0.7134277
0.5253059
0.570245
0.4247672
0.6495461
0.5136654
0.5974877
0.4557123
0.4884441
0.6879786
0.531651
0.5378571
0.5890961
0.6262892
0.5447028
0.5563401
0.4480439
0.4276691
0.5998754
0.573889
0.4785119
0.6752929
0.6022722
0.625067
0.6156044
0.5376492
0.5822577
0.5809816
0.6614195
0.7368263
0.5860547
0.7019752
0.6425519
0.5302849
0.53585
0.6520426
0.7407828
0.5816812
0.6106958
0.6032887
0.6688395
0.4076176
0.5511198
0.6802446
0.511174
0.7019738
0.602355
0.7470947
0.739521
0.639761
0.6891551
0.746431
0.6135251
0.734782
0.5809872
0.5383097
0.6154174
0.6600426
0.5304325
0.5809667
0.8366466
0.5589299
0.6754248
0.6446639
0.8463423
0.720319
0.641652
0.6388935
0.7490708
0.7058334
0.7101984
0.758849
0.6596062
0.6547708
0.6519407
0.7927786
0.7807989
0.7413514
0.6058045
0.7083385
0.6618684
0.6837078
0.7222636
0.793444
0.770107
0.704113
0.7979046
0.6999697
0.6407908
0.7844526
0.6114537
0.82276
0.6983079
0.7645913
0.7456712
0.6855101
0.7395229
0.7148715
0.6638689
0.7247963
0.767431
0.7774469
0.8516907
0.6553269
0.7200371
0.7214176
0.6570425
0.8239635
0.8711721
0.8673233
0.6986165
0.8360139
0.9118773
0.7891484
0.8493216
0.7342528
0.7699324
0.809194
0.7806229
0.8120833
0.9151803
0.7946152
0.7479678
0.9550154
0.7690885
0.8274084
0.7999466
0.8164694
0.82423
0.744298
0.7507776
0.8231085
0.8695006
0.7785366
0.7479814
0.8162695
0.8869838
0.9756826
0.8819459
0.7781305
0.7336212
0.9454905
0.9118926
0.8906031
0.9031538
0.8361047
0.9516447
0.8933644
0.9154007
0.9280548
0.6482286
0.9604596
0.8759942
0.870408
0.7709783
0.8063301
0.8190584
0.8711365
1.001543
0.95067
0.8570752
0.8466714
0.8308626
0.7963104
0.926686
0.8281369
0.8557682
0.8572863
0.6254224
0.9457408
0.8530359
0.8379564
0.8781694
1.052741
0.8848195
0.8935682
0.8250304
1.072341
0.8861415
0.9052072
1.016426
1.093464
0.8085256
1.028962
0.8907188
1.050512
1.088714
0.9033993
0.8857738
0.858422
0.8874641
0.9024141
0.8128242
0.9222786
1.006826
1.039857
0.9825968
1.036622
0.9502355
0.8568045
0.8693635
0.795597
0.9604628
0.9237927
0.848603
1.040101
0.8328807
0.9942061
0.969437
0.9033141
1.035309
1.106443
0.979932
0.9793997
1.052547
0.9232709
0.9654092
1.018912
1.020894
1.032147
1.024747
0.8015653
1.053171
0.8974804
1.011146
1.026342