-0.02820032
-1.042151
-0.9937564
-1.021611
-0.9560291
-0.9626783
-1.052864
-1.097445
-0.9360292
-0.9704549
-1.012223
-1.074776
-1.004765
-0.8780087
-0.9245711
-1.068713
-0.8924774
-0.906643
-0.8884761
-0.9104534
-0.9529119
-0.9730794
-0.9726407
-1.100532
-0.9025609
-1.091404
-0.9455493
-1.021763
-0.9656811
-0.9265789
-0.9667605
-0.956019
-0.9594666
-0.9784965
-0.966191
-0.8644536
-0.9222737
-1.145198
-0.9408981
-0.9518351
-1.019496
-0.9254129
-0.8536171
-0.803236
-0.9509703
-0.9554516
-0.8834427
-0.9342003
-1.023977
-0.8620147
-0.945413
-0.7965398
-0.9105313
-0.9941789
-0.855217
-1.025066
-0.9104402
-0.8371578
-0.8731531
-0.9861865
-1.036303
-0.8806921
-1.039743
-0.7879992
-0.9548017
-0.8199506
-0.7394754
-0.8316893
-0.7551476
-0.8728713
-0.8755566
-0.9232498
-1.029109
-0.9770794
-0.7060226
-0.9054747
-0.8447911
-0.7170846
-0.8764115
-0.8329025
-0.6887428
-0.9532869
-0.9215888
-0.8513726
-0.8700624
-1.013859
-0.7002182
-0.8752065
-0.8657361
-1.001431
-0.7752838
-0.747889
-0.8824654
-0.712535
-0.5991938
-0.8391262
-0.753699
-0.8227833
-0.7717402
-0.8403447
-0.7120557
-0.947671
-0.6631907
-0.8158191
-0.8585496
-0.7833966
-0.7553086
-0.7727499
-0.9040273
-0.7208089
-0.829115
-0.7602089
-0.7861822
-0.7960012
-0.7913712
-0.7789774
-0.7749291
-0.6336963
-0.7526599
-0.7641287
-0.7042422
-0.8465561
-0.776614
-0.690274
-0.8011019
-0.7017839
-0.5801509
-0.7666007
-0.7826799
-0.7175968
-0.7897938
-0.7759756
-0.8256633
-0.7037765
-0.6533352
-0.735196
-0.7890677
-0.5934554
-0.802309
-0.5868234
-0.6572912
-0.8045067
-0.6462536
-0.8482559
-0.7389644
-0.6234894
-0.7600558
-0.6342554
-0.8183625
-0.8126492
-0.6462174
-0.8336959
-0.7907861
-0.5906192
-0.5913581
-0.6184647
-0.6351673
-0.7635101
-0.6306976
-0.6616269
-0.81571
-0.6036548
-0.7502532
-0.6333383
-0.6528508
-0.6276295
-0.7405716
-0.7000688
-0.5657614
-0.6618218
-0.6743596
-0.6826128
-0.6639783
-0.6013138
-0.6400735
-0.6663908
-0.6769304
-0.7499633
-0.7060738
-0.6271921
-0.6957677
-0.6237775
-0.6386076
-0.7674934
-0.6751028
-0.564261
-0.6705244
-0.570611
-0.5836287
-0.6335474
-0.6048626
-0.4389222
-0.5637481
-0.5442605
-0.5897358
-0.6294125
-0.5360047
-0.5081628
-0.6804104
-0.6445794
-0.6758647
-0.5939541
-0.5702851
-0.5040046
-0.7218059
-0.5622784
-0.6667975
-0.6427487
-0.5365791
-0.7154193
-0.5417587
-0.4571137
-0.5748674
-0.6239405
-0.5623845
-0.6207208
-0.5345495
-0.5909443
-0.5608269
-0.6127626
-0.5517983
-0.5233149
-0.4534975
-0.5551757
-0.603645
-0.6188199
-0.4828184
-0.3516846
-0.6177207
-0.5020116
-0.5999622
-0.6324269
-0.2713808
-0.520905
-0.5558923
-0.6629859
-0.6729054
-0.4212875
-0.4094751
-0.4825589
-0.470412
-0.4930638
-0.6162216
-0.4826182
-0.6340031
-0.5574694
-0.446453
-0.5078269
-0.4856677
-0.4773548
-0.4414745
-0.4860185
-0.5896179
-0.4839826
-0.4473311
-0.4408354
-0.4924995
-0.5115559
-0.4654371
-0.3061912
-0.6287079
-0.5244911
-0.348974
-0.4877218
-0.5488143
-0.4527437
-0.6043975
-0.4381093
-0.4666833
-0.4105156
-0.3482787
-0.4380086
-0.3983784
-0.4913209
-0.4843439
-0.3741434
-0.3517496
-0.54851
-0.499424
-0.4135372
-0.3791685
-0.4401538
-0.3960732
-0.5216457
-0.3434784
-0.4774576
-0.3177211
-0.5091934
-0.6076805
-0.2827696
-0.3138527
-0.2914513
-0.5838639
-0.3014007
-0.5035384
-0.3414064
-0.3292867
-0.4028886
-0.3352822
-0.4752688
-0.3388674
-0.5005219
-0.3577626
-0.4499598
-0.4065402
-0.4742277
-0.6014719
-0.4543027
-0.3960201
-0.3987925
-0.3944064
-0.4824373
-0.3756636
-0.3109326
-0.5052167
-0.2459666
-0.3596089
-0.2122044
-0.2448832
-0.3988961
-0.5533401
-0.3826846
-0.3486904
-0.4327341
-0.3978288
-0.3288931
-0.3956367
-0.5221489
-0.2782998
-0.2892381
-0.3608678
-0.4340713
-0.3755856
-0.3359043
-0.3862792
-0.281288
-0.3312497
-0.3477101
-0.2710224
-0.2593895
-0.2757214
-0.387965
-0.3453499
-0.3975267
-0.2902542
-0.2654754
-0.2237954
-0.3329417
-0.3400836
-0.4638568
-0.3526343
-0.3712501
-0.2865538
-0.2449272
-0.1858395
-0.2840715
-0.1877912
-0.3600259
-0.1770809
-0.3357398
-0.4985876
-0.3080156
-0.252268
-0.2422204
-0.3276713
-0.2125357
-0.3319508
-0.3307816
-0.3346793
-0.3328866
-0.2705079
-0.2042162
-0.2470087
-0.3355624
-0.3554506
-0.3328537
-0.1550326
-0.3373256
-0.2165123
-0.2037113
-0.2530273
-0.2808825
-0.2676014
-0.2354329
-0.2158171
-0.2979278
-0.2220899
-0.1128091
-0.2361445
-0.2523168
-0.194694
-0.06872238
-0.2285138
-0.3546589
-0.2024756
-0.3693765
-0.144278
-0.05380902
-0.1917166
-0.183023
-0.2093045
-0.1698191
-0.1127574
-0.2401983
-0.07562542
-0.1313481
-0.17555
-0.029395
-0.1943026
-0.2302171
-0.1183567
-0.1678931
-0.1064305
-0.1308827
-0.2281038
-0.1169092
-0.1661235
-0.2308362
-0.2436842
-0.2019865
-0.110986
-0.2282947
-0.2142313
-0.1274086
-0.1215897
-0.2282501
-0.2002604
-0.2618944
-0.2471937
-0.2452728
-0.3128967
-0.1070195
-0.03629313
-0.2098336
-0.202232
-0.0823803
-0.07447015
-0.2859063
-0.1434086
-0.1898199
0.00519641
-0.161447
-0.127188
-0.009522554
-0.2188807
-0.1597153
-0.2132447
-0.1489304
0.04633515
0.0930976
0.02623356
-0.06375691
-0.1638099
-0.1028516
-0.01850534
-0.1406186
-0.1164527
-0.1950931
-0.0544776
-0.00105219
-0.155365
-0.2611636
-0.07305154
-0.0543935
-0.02466515
-0.1212662
-0.1486908
-0.1331792
0.05164369
-0.09002641
-0.007069987
-0.1036184
-0.1265241
0.04248757
0.008178723
-0.02658895
0.0207731
-0.1445837
0.08996738
-0.09798879
-0.1157447
-0.180431
-0.1629564
0.008410632
0.1586522
-0.1340041
-0.05427985
-0.1011216
-0.02655199
0.1016118
0.03737092
-0.01135271
-0.05526056
0.09918823
0.004710651
0.003424525
-0.08693232
-0.005202301
-0.059799
-0.02991048
-0.007536999
0.142999
0.002193682
-0.2184379
0.1051477
0.03166682
-0.07193014
-0.07623024
-0.01199359
0.1436935
-0.1349201
0.01328853
0.1557418
-0.01246928
0.05346155
0.1542327
-0.1143496
0.0358996
-0.02830658
0.09011971
0.06969798
0.07806704
0.07551897
-0.03851684
-0.01803597
-0.03247509
0.147016
0.08013647
0.004409066
-0.008223463
0.1329323
0.04543374
-0.05386269
0.08838207
0.04659512
0.01270871
0.1495315
0.02122049
0.08373525
0.02906893
0.05890731
0.03139897
0.07355937
0.04861362
0.1986217
-0.02868536
0.2117282
0.0458044
0.1285819
0.2657536
0.1211317
0.07420824
-0.09835859
0.2148035
0.07281388
0.1182615
0.04595028
0.1397397
0.12939
0.1948081
0.08218022
0.1802157
0.1811479
0.1700594
0.1731219
0.143332
0.2604645
0.2573777
0.1978482
0.2457758
0.03546468
0.2169126
0.1623102
0.2524418
-0.01494472
0.1071805
0.1941463
0.1521712
0.03228587
0.1047581
0.1692946
0.1456225
0.1639005
0.1197771
0.1301128
0.1737536
0.2722381
0.2012434
0.08628209
0.2550262
0.1325519
0.1893493
0.2639341
0.1188489
0.3049932
0.2564716
0.2121515
0.05043582
0.1368978
0.1615734
0.0823448
0.2804302
0.05885857
0.1652695
0.2124527
0.1090951
0.252956
0.2369801
0.2226091
0.1753063
0.3100471
0.220595
0.2372218
0.3615079
-0.1367974
0.2308609
0.06593069
0.3308213
0.2905458
0.2952239
0.2958879
0.2875885
0.3454628
0.1775147
0.282199
0.377921
0.3093817
0.1252934
0.2494709
0.2790162
0.3004491
0.1464494
0.2982735
0.2275793
0.1437842
0.1604562
0.1558084
0.3306251
0.2880116
0.2994496
0.2181282
0.1934323
0.2759113
0.1222186
0.2457377
0.3492327
0.2893363
0.4187147
0.2511715
0.2783585
0.4543449
0.3526505
0.3167311
0.1980406
0.3471772
0.3850673
0.4032287
0.2749724
0.3781018
0.3097267
0.4123575
0.4475685
0.1510235
0.3090868
0.4266554
0.2833115
0.1448101
0.5076245
0.1762208
0.3855131
0.2599004
0.3166079
0.3422192
0.3654178
0.3904081
0.3296942
0.3670548
0.3165037
0.4509484
0.3171948
0.2670572
0.2382163
0.4611293
0.3979673
0.3849487
0.3300327
0.4652795
0.2887819
0.3469436
0.3095578
0.367777
0.4045799
0.4042243
0.3653105
0.4057665
0.4518044
0.3379968
0.1662871
0.4252399
0.3064027
0.399533
0.314563
0.362334
0.5493585
0.3392039
0.4426889
0.3374131
0.4309809
0.3899743
0.2865823
0.2776188
0.3240123
0.2592347
0.3198476
0.5048412
0.4215797
0.4459531
0.4433454
0.3688009
0.5054723
0.4441712
0.3604937
0.4304542
0.6015352
0.3133216
0.6450446
0.4891703
0.4329132
0.5085673
0.5292423
0.4793585
0.4181463
0.393513
0.2947519
0.5129594
0.3337799
0.4503537
0.4270933
0.5533743
0.377279
0.5128067
0.6036053
0.5146533
0.4458414
0.5703499
0.555614
0.6301354
0.5325641
0.5569786
0.5722346
0.5012522
0.2836279
0.5021851
0.3520208
0.5026592
0.5198159
0.5949693
0.4493309
0.4355378
0.5874673
0.7167609
0.4537986
0.4523542
0.5236486
0.5588476
0.6624563
0.5688042
0.716227
0.5552464
0.465279
0.588236
0.5478767
0.4534691
0.4709964
0.6421918
0.5146836
0.5620868
0.4909522
0.6196703
0.731464
0.6115085
0.4668925
0.4808832
0.471193
0.6354947
0.5826368
0.4984346
0.5866948
0.7230372
0.5807324
0.4498234
0.7631815
0.6186509
0.5107448
0.5321493
0.4381422
0.6452162
0.6268543
0.6370716
0.6103425
0.6726148
0.6343495
0.4246002
0.6123194
0.667316
0.7858792
0.7221364
0.6699881
0.7013441
0.7211047
0.6261757
0.6254267
0.5845105
0.6690587
0.6493105
0.6177831
0.6695276
0.680879
0.4434658
0.6206775
0.5927617
0.510228
0.7081527
0.6491453
0.6772014
0.6336126
0.5475354
0.5228891
0.701567
0.6691048
0.8316483
0.5631643
0.6920877
0.559393
0.5599181
0.737891
0.6870987
0.6757478
0.6511544
0.7084634
0.671494
0.6117204
0.5964258
0.6590919
0.6597364
0.8012228
0.5471385
0.7993952
0.6442777
0.5994977
0.5965983
0.5143539
0.6335952
0.7816247
0.7521912
0.7698215
0.6060762
0.7667279
0.6803123
0.6863169
0.7544195
0.6156422
0.5819674
0.8526243
0.6840714
0.7628755
0.5719974
0.7451471
0.6574736
0.6758501
0.6594681
0.8480263
0.8120887
0.7602684
0.8454555
0.7959662
0.7605396
0.7653163
0.940474
0.6887825
0.7366902
0.6669127
0.6890578
0.7855519
0.7518773
0.683726
0.748534
0.693907
0.7170247
0.8199051
0.8376202
0.66924
0.9150691
0.7907604
0.7180399
0.5902104
0.7567054
0.7021019
0.7410846
0.8690488
0.6906553
0.722458
0.9317773
0.7860254
0.7069537
0.8829661
0.6766594
0.888347
0.9349128
0.9457389
0.8650972
0.9031503
0.8014807
0.858146
0.9233634
0.8648125
0.9100541
0.8757744
0.8705869
0.7989766
0.8230121
0.8452892
0.9538042
0.9508625
0.785166
0.7740898
0.8042171
0.8097379
0.8398985
0.7998101
0.7193083
0.8818542
0.8140397
0.9358498
0.9912827
0.966453
0.9593808
0.8509836
0.8801957
0.8184603
0.8492677
0.8116645
1.028846
0.8776485
0.9064962
1.056682
0.9600366
0.8214305
0.8741768
1.033288
0.9397099
1.01163
0.9061377
0.7015688
0.883181
0.8798319
0.927406
0.9816176
0.9961294
1.079491
1.053202
0.9473202
0.9446725
0.956903
0.8362718
0.8694376
1.022279
0.9780947
0.8986522
0.8721467
0.9362079
0.9972365
0.9037881
1.004205
1.049325
0.9262713
1.092014
1.113616
0.8956682
0.8960345
1.055961
1.059095
0.8831929
0.8785165
0.9522636
0.8210859
0.991005
1.003854
0.9505804
0.8729436
1.075264
0.8918478
0.8970965
1.126373
1.034761
1.030597
1.173689
0.8462987
0.9719287
0.9625474
0.9630832