0.1412673
-0.9685414
-1.023687
-0.7817428
-0.909911
-1.059662
-0.9765138
-0.863869
-1.071591
-1.000433
-1.044216
-1.072611
-0.9920604
-1.005063
-0.8491038
-1.037028
-0.8456758
-0.9286059
-0.9759331
-1.000075
-0.850743
-0.924383
-1.026929
-0.8714837
-1.082995
-0.9106513
-0.7851201
-1.014614
-0.8912737
-0.8647233
-0.8925527
-0.9066793
-0.964048
-0.8563032
-0.8002238
-1.162318
-0.9683129
-0.9424473
-0.9234149
-0.8931568
-1.066119
-0.8381175
-0.7517354
-1.0188
-0.9445421
-0.8367266
-0.8832454
-0.8954083
-0.9031221
-0.7668097
-0.8040391
-0.9489698
-0.8431321
-0.8602498
-0.8503744
-0.7512677
-0.9231326
-0.8131717
-0.971017
-0.7893947
-0.8992384
-0.9343026
-0.8094157
-0.8359377
-0.9187109
-1.084552
-1.031406
-0.7615175
-0.778277
-0.7906975
-0.8394815
-0.720279
-0.907846
-0.7736103
-0.9123868
-0.8537281
-0.8158565
-0.9181413
-0.9137622
-0.7988628
-0.7100888
-0.9026784
-0.8068184
-0.8510009
-0.7977287
-0.8574239
-0.8881361
-0.8145463
-0.7949834
-0.7665231
-0.8672061
-0.8682743
-0.8258097
-0.8112414
-0.8287581
-0.9713421
-0.6768296
-0.6816686
-0.8693237
-0.6692586
-0.7280067
-0.8833397
-0.9025074
-0.8290427
-0.8114071
-0.7285999
-0.771755
-0.6791569
-0.7678683
-0.8961471
-0.8319172
-0.798754
-0.6722503
-0.7553434
-0.8030757
-0.6486011
-0.7368917
-0.7678815
-0.8713123
-0.6407258
-0.8610369
-0.7531677
-0.7519655
-0.7611731
-0.7076259
-0.8402864
-0.6887552
-0.6701493
-0.7894473
-0.725989
-0.7247131
-0.7430394
-0.8469039
-0.7863779
-0.7345935
-0.5930288
-0.8214067
-0.7358989
-0.6883474
-0.8300923
-0.7485733
-0.7043923
-0.833985
-0.7404573
-0.6865281
-0.7700033
-0.8114575
-0.6201623
-0.7273255
-0.6774708
-0.7186607
-0.5989865
-0.6219269
-0.7792104
-0.5715522
-0.7390664
-0.6678468
-0.6706019
-0.8172462
-0.7098389
-0.6706484
-0.7388074
-0.6245909
-0.7634949
-0.6866558
-0.6961194
-0.6771589
-0.7385279
-0.6852976
-0.6782266
-0.7443917
-0.5492706
-0.6939622
-0.6496639
-0.5537119
-0.6286379
-0.5188069
-0.6955157
-0.5754601
-0.8070189
-0.5422239
-0.5922774
-0.5575187
-0.6614239
-0.5614399
-0.4990642
-0.7824393
-0.6133215
-0.5543656
-0.5032764
-0.7178426
-0.546827
-0.6130396
-0.6846687
-0.6790484
-0.7612271
-0.6306257
-0.5851802
-0.5895258
-0.6894426
-0.6941023
-0.4646301
-0.6642011
-0.6255386
-0.6216085
-0.6200604
-0.5310585
-0.7527248
-0.5840278
-0.6239855
-0.5911048
-0.5814833
-0.6937983
-0.5754861
-0.6919568
-0.5737198
-0.6427797
-0.5158985
-0.508841
-0.5273162
-0.5959393
-0.5307959
-0.6812943
-0.6314132
-0.513935
-0.5553688
-0.630202
-0.6454709
-0.5296565
-0.4256065
-0.6295697
-0.4200925
-0.372377
-0.3381972
-0.4813394
-0.7079997
-0.6546425
-0.3328333
-0.4249113
-0.5331472
-0.5554206
-0.5165016
-0.6190037
-0.7010643
-0.5370244
-0.5095917
-0.4734191
-0.4128559
-0.4223374
-0.5980027
-0.5039726
-0.326543
-0.5635915
-0.4181094
-0.3620136
-0.5166231
-0.6160658
-0.3810028
-0.4197055
-0.385887
-0.4691456
-0.4546775
-0.3666769
-0.4576688
-0.6341029
-0.5074618
-0.4734133
-0.5583986
-0.2309819
-0.5708396
-0.470303
-0.5004726
-0.3325691
-0.2462883
-0.3502971
-0.4247891
-0.4472975
-0.3965685
-0.3070353
-0.5610662
-0.3936035
-0.423943
-0.406071
-0.4928824
-0.2333836
-0.356388
-0.2683758
-0.4711539
-0.4620766
-0.5540795
-0.3673562
-0.4328462
-0.3742303
-0.2875063
-0.3363373
-0.4148928
-0.4149293
-0.5052525
-0.3689112
-0.3815438
-0.4364774
-0.4831759
-0.3926803
-0.4012403
-0.4485228
-0.4642428
-0.2320382
-0.4289159
-0.3940041
-0.3088268
-0.3865441
-0.3701275
-0.3161188
-0.2665276
-0.2763812
-0.08488162
-0.4511352
-0.3673252
-0.3330113
-0.4359819
-0.467713
-0.4276529
-0.391355
-0.1899466
-0.1956195
-0.2346013
-0.3940926
-0.4711667
-0.4931842
-0.3490778
-0.3790632
-0.2577364
-0.4385278
-0.2751928
-0.3999124
-0.318208
-0.448586
-0.2821381
-0.1728124
-0.252286
-0.1212797
-0.1807781
-0.2042865
-0.35724
-0.4845293
-0.2316116
-0.3099286
-0.3258596
-0.2024416
-0.3960066
-0.2727457
-0.2581191
-0.1299842
-0.07453192
-0.305355
-0.41627
-0.2838743
-0.1431775
-0.3621601
-0.3812106
-0.474318
-0.1945857
-0.3254402
-0.3375074
-0.2787221
-0.4081535
-0.3246012
-0.3070489
-0.1980113
-0.2260037
-0.4135078
-0.3048564
-0.05061151
-0.2254718
-0.2483942
-0.2089535
-0.2942837
-0.2922042
-0.3106142
-0.2881501
-0.2392424
-0.2171591
-0.3357445
-0.2317763
-0.2805887
-0.20834
-0.105621
-0.1849431
-0.0590526
-0.3223055
-0.294639
-0.185186
-0.1052664
-0.1794962
-0.2183074
-0.1028957
-0.2485485
-0.2971919
-0.1777043
-0.1459896
-0.25035
-0.2366004
-0.2886615
-0.2531101
-0.1825342
-0.2201926
-0.2487007
-0.2140635
-0.2840673
-0.05723657
-0.2553398
-0.2033185
-0.1925508
-0.1588892
-0.1176257
-0.1564958
-0.09692066
0.01198457
-0.1949641
-0.167468
-0.165657
-0.1211383
-0.1705526
0.004601039
-0.2431905
-0.2028863
-0.1935517
-0.08107595
-0.1671672
-0.1695892
-0.1577988
-0.05961677
0.04427238
-0.2289111
-0.1987483
-0.1861196
-0.2902236
-0.08591879
-0.1343365
-0.2795926
-0.1084335
-0.06935678
-0.10015
-0.01313802
-0.02494932
-0.1428212
-0.004634864
-0.1344728
0.03349417
-0.06132912
0.03971005
-0.1370344
-0.1599571
-0.1424757
0.05331976
0.01467751
-0.09886251
-0.04582327
-0.1702604
-0.0007738601
0.04451912
-0.05560681
-0.01990859
-0.0807686
0.03978853
-0.07188243
-0.1350579
0.1049828
-0.1400402
-0.09649442
-0.1371623
-0.1291867
0.05793705
0.00379498
0.04726873
-0.1626139
0.02615259
-0.09635796
0.01600941
-0.1508039
-0.1304789
-0.09770826
-0.02183085
-0.09827049
0.0596637
-0.03084923
-0.08492679
-0.01594364
-0.04573144
-0.03494501
0.001400781
-0.151635
-0.03070634
0.1411769
-0.009473685
-0.04986295
-0.08795876
0.1121359
-0.01427751
0.1268855
-0.2199719
-0.2292396
-0.05487032
-0.01017611
0.04230371
0.02464331
-0.07680343
-0.05576818
-0.09926217
0.06477717
-0.1418494
-0.002569672
-0.009975692
0.1472557
0.08918498
-0.1039551
0.02255004
0.1110177
-0.1730536
-0.007140151
0.04082794
0.0361173
0.1026652
-0.1214005
0.1112635
-0.06398125
-0.02177812
-0.02783212
0.007899316
-0.1342474
0.1448974
0.05185085
-0.05921193
-0.07059613
0.2949367
-0.01306218
0.02099474
0.03938247
0.1114615
0.2387759
0.004881365
0.04244002
-0.04878333
0.01712603
-0.05641764
0.166756
0.06927997
0.1168701
0.1186783
0.1298667
0.1638268
0.2025242
0.2243436
-0.1065796
0.2323448
0.1799885
0.3444145
0.1452488
0.3966282
0.1748109
0.09844713
0.07763099
0.2494145
0.1806739
0.1303037
0.1872312
0.02459727
0.004580809
0.06013821
0.1465032
0.1400048
0.09147099
0.1407152
0.1442706
0.1102758
0.1939282
0.2249799
0.2017195
0.1688806
0.06258239
0.144166
0.01997315
0.0932509
0.1934569
0.128028
0.07990086
0.1298778
0.1589922
-0.01094828
0.1650546
0.2393823
0.2367661
0.1928145
0.268242
0.288785
0.2026572
0.2457957
0.1656904
0.2285647
0.1352258
0.04682368
0.2367863
0.1225439
0.3097871
0.1495819
0.1406371
0.3053815
0.2446571
0.2220331
0.3239758
0.3325514
0.1551467
0.2548181
0.1015334
0.066963
0.246178
0.3027227
0.1209417
0.1299849
0.1558895
0.2170495
0.1801881
0.114262
0.1874752
0.3364674
0.0512377
0.3254961
0.2918398
0.2193743
0.3185183
0.2055707
0.1501453
0.3197358
0.2089871
0.1374274
0.1925031
0.1438684
0.3461085
0.3534557
0.2200684
0.3496848
0.3767761
0.3547537
0.4450569
0.3047743
0.2359608
0.3675277
0.3400876
0.1692032
0.2300114
0.3371786
0.3233536
0.3166965
0.2699231
0.3526118
0.2522174
0.2795092
0.3167921
0.2584935
0.2569333
0.2962997
0.2057078
0.4471356
0.3663118
0.3447013
0.4977478
0.2562344
0.4103052
0.1889512
0.3668868
0.3545807
0.3081134
0.3918314
0.3533512
0.211985
0.3156224
0.2884769
0.3586415
0.3931862
0.2828824
0.3434887
0.3807658
0.293632
0.4399168
0.5484175
0.461343
0.1633961
0.3366426
0.3919755
0.5229094
0.2674764
0.4584606
0.2338557
0.4739554
0.2667252
0.299132
0.4733309
0.4281229
0.5364833
0.4092517
0.3943231
0.4155683
0.3677312
0.4818669
0.3472361
0.4597524
0.4038065
0.4228632
0.5331025
0.4494097
0.421153
0.4234501
0.4648697
0.4067327
0.5489547
0.4029731
0.3430312
0.4244294
0.3935885
0.4986392
0.4667675
0.4785849
0.4074905
0.4193273
0.5323627
0.4834232
0.4316476
0.5435301
0.5402722
0.5461693
0.4707873
0.5040151
0.5786078
0.5264744
0.6672279
0.573956
0.4999193
0.4392777
0.5743852
0.509813
0.5628723
0.5549801
0.4814849
0.3571679
0.3705822
0.4100295
0.4855569
0.5574384
0.5293707
0.4971159
0.5034684
0.5078382
0.5055116
0.4885143
0.5194312
0.5176238
0.3682705
0.4858514
0.5370399
0.5043367
0.5778819
0.5024351
0.5489553
0.6208902
0.5241115
0.5244685
0.3626998
0.5637942
0.4940409
0.5741554
0.5442732
0.3854722
0.5918636
0.5529918
0.610308
0.587954
0.3577808
0.5708179
0.5568829
0.6056252
0.6909049
0.5925659
0.6162245
0.6462342
0.688285
0.5107577
0.7122869
0.5330841
0.5891791
0.4751549
0.7428509
0.5304159
0.5652914
0.5499975
0.5090704
0.5571701
0.6189846
0.7213407
0.6729886
0.662082
0.4715795
0.3917627
0.5925482
0.561196
0.5461185
0.6791618
0.607807
0.6895137
0.4802312
0.5226139
0.6784366
0.6645536
0.6489496
0.5440408
0.5047884
0.4645006
0.7203261
0.7956522
0.6411205
0.6455407
0.7125815
0.678166
0.6073091
0.6800771
0.6009068
0.7216171
0.7081451
0.6469487
0.6564222
0.6052046
0.4300483
0.6777185
0.6818678
0.701045
0.7109895
0.649032
0.5992648
0.6995986
0.5710358
0.8518371
0.5537037
0.7304598
0.7769021
0.7022396
0.7815618
0.6217092
0.5544713
0.852738
0.6978367
0.6960492
0.6156726
0.6548318
0.9445505
0.5961896
0.6062902
0.7700983
0.6645233
0.7754875
0.7129794
0.7847609
0.6927067
0.6940068
0.7681745
0.7849691
0.6019771
0.8793914
0.7483486
0.673937
0.6312331
0.7582888
0.636123
0.8276818
0.6574012
0.7012474
0.8678496
0.775877
0.8769701
0.8730489
0.7544325
0.6477874
0.7467017
0.7283429
0.7619684
0.7215032
0.7080955
0.71325
0.9322573
0.7452583
0.6354646
0.6614469
0.7791608
0.835219
0.8314187
0.8118285
0.7396443
0.7571952
0.7583376
0.854063
0.7788116
0.794975
0.8541816
0.8490186
0.9939529
0.6393066
0.750101
0.6891354
0.7713043
0.8345967
0.827694
0.8100141
0.8055841
0.9419766
0.8211924
0.7611101
0.7542248
0.8005186
0.7920877
0.7818826
0.8511797
0.8597962
0.9881344
0.8316499
1.035073
0.7599338
0.7706389
0.6038732
0.6872196
0.8591578
0.7697819
0.8593131
0.7771127
0.8384653
0.8941515
0.947986
0.8365169
0.8467604
1.109144
0.6994515
0.8943093
0.9545397
0.8507341
0.8699327
0.8961058
0.9306092
0.8266114
1.007039
0.8202944
0.8624935
0.8492569
0.9438423
0.9903812
0.8606724
0.7840639
0.9184996
0.9027113
0.9150636
0.8554664
0.9593807
0.9888341
0.9709433
0.9432702
0.7694572
0.9254153
0.9157285
0.9992749
0.9564007
0.9463601
0.8599053
0.9484889
0.9291979
0.8130042
0.9004415
0.8168999
0.9564961
0.8048121
0.9439981
1.063218
1.033739
1.010881
0.9389066
0.9191032
1.037264
1.052925
1.091715
1.000898
1.013246
0.9442332
0.8842245
0.8945466
1.054344
0.9131467
0.8052329
0.9426082
0.8833657
1.066015
0.9677697
0.9591313
0.9717574
0.9125421
0.9086866
1.018683