0.01424712
-0.96174
-1.025253
-0.9417548
-1.071774
-0.9550747
-0.9827918
-1.025476
-1.124944
-1.006996
-0.9619841
-0.9389039
-0.9905386
-0.9519085
-0.9325818
-0.9507969
-0.9311662
-0.8475441
-1.022978
-0.941113
-1.020625
-0.9775388
-0.8640765
-0.9021008
-1.098248
-0.8730316
-0.9073935
-0.9604992
-1.052072
-0.9541743
-0.9194015
-0.9107569
-0.8836348
-0.9870727
-0.8987662
-0.9075392
-0.9049964
-0.8239812
-0.9285738
-0.9333821
-0.6488817
-0.7360712
-0.8825264
-0.9125012
-0.9711563
-0.797374
-0.9660413
-0.9257649
-0.9307673
-0.9472171
-0.8473684
-1.014415
-1.021172
-0.681265
-0.7671264
-0.7739393
-0.8786242
-0.984488
-0.8433531
-0.8074471
-0.7215072
-0.8011019
-0.948712
-0.9655879
-0.8953948
-0.8350147
-0.9640419
-0.8367538
-0.8462058
-0.7961363
-0.7777143
-0.6503693
-0.7562652
-0.9801151
-1.015597
-0.8664046
-0.7952333
-1.034788
-0.7275754
-0.857408
-0.8423065
-0.8198837
-0.922755
-0.8598599
-0.8388712
-0.8145114
-0.6366266
-0.8992253
-0.776047
-0.9219529
-0.8556014
-0.8123109
-0.7406071
-0.8863596
-0.7451366
-0.7285834
-0.7255417
-0.847287
-0.7452421
-0.8339583
-0.8007395
-0.7586363
-0.7762458
-0.9227279
-0.9097129
-0.9423015
-0.7334639
-0.7300161
-0.9074272
-0.7109193
-0.8752027
-0.7921715
-0.7933917
-0.7102795
-0.702521
-0.7791087
-0.6787778
-0.718023
-0.8875801
-0.725331
-0.8108558
-0.7471556
-0.8529443
-0.8237688
-0.7165478
-0.6195348
-0.7228312
-0.929319
-0.7283915
-0.7072628
-0.6875534
-0.5668828
-0.7450075
-0.8284573
-0.7476784
-0.7851106
-0.6972656
-0.515731
-0.5427246
-0.7255958
-0.7940038
-0.6696485
-0.7810287
-0.806969
-0.7835611
-0.7463072
-0.619981
-0.7100349
-0.659669
-0.7038266
-0.6778633
-0.6863656
-0.7057003
-0.649228
-0.7341651
-0.6429418
-0.7446513
-0.6530777
-0.5927771
-0.5619719
-0.6171351
-0.5868861
-0.5454035
-0.6028158
-0.6437682
-0.6363769
-0.6413436
-0.6679141
-0.8283307
-0.5772347
-0.6601308
-0.6097074
-0.6564076
-0.6960142
-0.5903412
-0.760795
-0.664967
-0.7570273
-0.6700695
-0.8024182
-0.5139637
-0.6857989
-0.5883348
-0.6912905
-0.5630625
-0.5575065
-0.5290902
-0.6340356
-0.6738033
-0.5870664
-0.6726957
-0.5710756
-0.655211
-0.7040065
-0.6703389
-0.5312069
-0.5705082
-0.5329333
-0.494879
-0.5021869
-0.6148721
-0.5655103
-0.6509219
-0.5501404
-0.6469204
-0.7293901
-0.6399971
-0.7778005
-0.485191
-0.4676942
-0.5458046
-0.5742684
-0.5671522
-0.4977768
-0.6376672
-0.6133376
-0.5378804
-0.5627517
-0.5626207
-0.6741416
-0.3822999
-0.5363464
-0.5705683
-0.5345303
-0.616161
-0.5286691
-0.5544557
-0.7323394
-0.4974147
-0.5152694
-0.5653066
-0.5509281
-0.5055455
-0.4766643
-0.684661
-0.5454246
-0.7255367
-0.5097656
-0.5408447
-0.6615053
-0.6325383
-0.5245987
-0.4948904
-0.5078726
-0.6085149
-0.6044825
-0.4589332
-0.4826747
-0.5355705
-0.3956164
-0.4329625
-0.5219686
-0.6570102
-0.4871745
-0.5236861
-0.469832
-0.4517098
-0.6574553
-0.5324081
-0.4634662
-0.427854
-0.5040938
-0.5782649
-0.4989628
-0.2845063
-0.434817
-0.4258866
-0.4823191
-0.4909683
-0.3993432
-0.3943985
-0.3321531
-0.4136879
-0.6272691
-0.5875795
-0.3992406
-0.4174609
-0.53565
-0.3994448
-0.383366
-0.5403198
-0.3932032
-0.5154567
-0.3580535
-0.4961849
-0.6033094
-0.316531
-0.4380257
-0.330029
-0.4514173
-0.2683839
-0.4319201
-0.5686009
-0.3696948
-0.3595855
-0.4229502
-0.4346841
-0.5226588
-0.3207827
-0.3458867
-0.4102094
-0.451841
-0.4223004
-0.470341
-0.4204794
-0.4342612
-0.3308058
-0.4924738
-0.4716243
-0.4321923
-0.278374
-0.5035345
-0.3845492
-0.4677466
-0.4253814
-0.3353096
-0.4358507
-0.5104373
-0.2296787
-0.3348961
-0.3420745
-0.3139218
-0.4340028
-0.3720756
-0.3143904
-0.5017965
-0.5128724
-0.1859774
-0.2668302
-0.2814689
-0.299714
-0.3248943
-0.3468152
-0.316562
-0.1958475
-0.378014
-0.4557176
-0.2576973
-0.3131297
-0.3073991
-0.2962453
-0.3712096
-0.4011297
-0.420607
-0.3048079
-0.2654506
-0.3146216
-0.2065368
-0.2205381
-0.3452992
-0.3469195
-0.351124
-0.396019
-0.2647774
-0.2369949
-0.2438815
-0.2401694
-0.2843998
-0.3467388
-0.2836285
-0.2683471
-0.2474477
-0.2814265
-0.382749
-0.297259
-0.149924
-0.2715803
-0.3218652
-0.2432561
-0.4099814
-0.1804082
-0.2279101
-0.2301879
-0.3785
-0.4071361
-0.2394046
-0.2628083
-0.2576714
-0.2786548
-0.2280093
-0.08663798
-0.1237686
-0.4139684
-0.2990808
-0.3811145
-0.2639615
-0.1281299
-0.2020285
-0.2544831
-0.2214209
-0.2242167
-0.1427124
-0.1837608
-0.1921372
-0.395843
-0.3603103
-0.3225733
-0.3053396
-0.1905977
-0.2456946
-0.1095648
-0.0521657
-0.2277093
-0.3319431
-0.1209648
-0.1778857
-0.1368554
-0.1395148
-0.1841882
-0.1023147
-0.1693504
-0.082089
-0.1481395
-0.1529824
-0.1568252
-0.1499978
-0.1935781
-0.1544862
-0.02719458
-0.2114268
-0.1465958
-0.3019935
-0.2118709
-0.1729645
-0.167967
-0.05267234
-0.1323146
-0.1791677
-0.06667939
-0.06771806
-0.1043352
-0.07527805
-0.2252221
-0.04852311
-0.0934583
0.01495212
-0.1121002
-0.09571207
-0.1510339
-0.1047221
-0.08237401
-0.1864584
-0.2941459
-0.1535554
-0.2186879
-0.1807657
-0.2185922
-0.2481804
-0.07691198
-0.02231095
0.007770082
-0.1486687
-0.1901768
-0.06708844
-0.09033346
0.00391758
0.03436019
-0.1404001
0.01424152
-0.07288364
-0.06620534
-0.1359546
-0.1807081
-0.02717118
-0.03899005
-0.1330845
-0.1425455
0.00559587
-0.1383992
-0.06885776
-0.05129017
-0.1259374
0.0640498
-0.1028243
0.02216304
-0.06736329
-0.1518904
-0.07234987
-0.09210999
-0.007752707
-0.09123429
0.07864124
-0.03853572
-0.0787502
-0.04016164
-0.1476424
0.077233
-0.01823684
0.1203509
-0.1105645
-0.079634
-0.04199531
0.06687163
-0.02937917
0.03372231
0.08066195
-0.1003308
-0.1200857
0.03372084
0.01570612
-0.08879806
-0.1774643
0.08730105
-0.01599881
-0.07797101
0.06905527
-0.00386228
0.2247063
0.1749222
-0.124088
0.04556918
-0.09065085
0.1073545
-0.04188324
0.08425251
0.09286147
0.08460931
0.2138428
0.1257339
-0.03319844
0.02943604
-0.07974915
-0.01857501
0.1118937
0.2260098
0.07186214
-0.07139236
-0.05228135
0.1670086
0.06087784
0.1286153
0.02347906
-0.01180905
0.2115714
0.09232995
0.1478722
0.01385853
-0.03497983
-0.02254691
0.2589898
-0.1066812
0.06249057
0.1359847
0.04863531
0.1257502
-0.02580277
0.224248
0.01974637
0.1187731
0.1421842
0.003629642
0.1351566
0.03924997
-0.0120908
0.1577095
0.2053278
0.1119489
0.10441
0.163467
0.2529236
0.1875204
0.147385
0.08313594
0.1598553
-0.008085813
0.1738439
0.1064664
-0.038931
0.08497514
0.212757
0.07589728
0.1447136
0.1008631
0.08353716
0.152636
0.1230254
0.06860437
0.01576568
0.1227768
0.1500007
0.1519041
0.3189019
0.2529901
0.1607775
0.2572901
0.1991444
0.1287115
0.1676134
0.1302866
0.1517959
0.2518563
0.147727
0.2317434
0.1455659
0.2231519
0.1940239
0.008454334
0.2240921
0.2472823
0.3211886
0.2949409
0.360954
0.08740574
0.3099264
0.1360072
0.3121078
0.1002934
0.3026089
0.2048912
0.3070083
0.2879115
0.1886218
0.2418393
0.2535792
0.3454275
0.3305913
0.3105099
0.1662257
0.3062476
0.2155396
-0.04117709
0.2025594
0.1610655
0.1936186
0.2830851
0.3273029
0.2701919
0.3281959
0.2375295
0.3394375
0.254744
0.2050951
0.08780103
0.3464705
0.1682036
0.4438848
0.2840636
0.1855528
0.3373653
0.2283032
0.3081839
0.369192
0.3258474
0.3393714
0.3776751
0.3703813
0.1960446
0.1333196
0.2669924
0.1256657
0.2406169
0.2871257
0.3532987
0.261321
0.3304329
0.2574335
0.2075232
0.3160231
0.2760749
0.2584905
0.4216059
0.1314599
0.335553
0.3393166
0.3078186
0.3514878
0.2084907
0.3734881
0.2579969
0.3276252
0.2608274
0.3354778
0.230164
0.3183722
0.2489535
0.4202992
0.4795223
0.3624639
0.4387047
0.383719
0.5188186
0.2337519
0.2944202
0.3217141
0.3872704
0.3836671
0.3553408
0.382489
0.2707948
0.3599533
0.4196432
0.4015761
0.3637397
0.595656
0.3871811
0.3390941
0.3770533
0.4515308
0.3850588
0.5411195
0.4024989
0.4944929
0.2881989
0.3689714
0.4300186
0.3471314
0.3865489
0.293558
0.3126198
0.3363806
0.4262849
0.4397391
0.5740162
0.4991881
0.5296103
0.2856336
0.3605369
0.4876716
0.421201
0.4040373
0.5011293
0.5252671
0.4320968
0.5899559
0.3751692
0.447315
0.4231015
0.3058581
0.5014959
0.3849293
0.5749621
0.578775
0.3337474
0.2535868
0.5268057
0.5127615
0.3857922
0.5145941
0.6087435
0.474201
0.4035673
0.5451178
0.5590057
0.3958725
0.5099483
0.5627147
0.3454774
0.5613596
0.6781173
0.4633268
0.4838454
0.5323427
0.6597368
0.5028048
0.3248896
0.6029492
0.5938608
0.6176427
0.5024075
0.7462189
0.5337589
0.4714364
0.5637383
0.5800368
0.4837648
0.5434679
0.4053165
0.497577
0.5834593
0.5890106
0.5235832
0.5663738
0.5407588
0.6291265
0.6212736
0.5890245
0.5760782
0.4974556
0.563451
0.5625427
0.4650482
0.4883412
0.4310021
0.4780484
0.7332259
0.5946385
0.510266
0.6008849
0.6179193
0.623389
0.5719752
0.558975
0.6666636
0.5322276
0.4714605
0.6805309
0.5067202
0.5167662
0.4397941
0.6279359
0.592703
0.6274696
0.541204
0.6139928
0.7057125
0.6817642
0.6215081
0.6431951
0.5246189
0.727534
0.6574797
0.5160461
0.6463618
0.5713719
0.7460348
0.6090976
0.6770301
0.7415966
0.7063311
0.6334795
0.6953148
0.5738923
0.557615
0.6483973
0.7379857
0.7329506
0.6301596
0.7315147
0.6000105
0.6725994
0.6642775
0.5726731
0.6557955
0.5260594
0.7130496
0.7412258
0.761697
0.7771432
0.7895295
0.6871116
0.5640779
0.762418
0.6430507
0.7309457
0.7365635
0.6971539
0.6460289
0.5837255
0.5192548
0.6884735
0.722243
0.7693929
0.7319659
0.7812669
0.6588461
0.6908382
0.7975567
0.7229466
0.6388637
0.6975602
0.8098916
0.759586
0.6178741
0.7786123
0.7265293
0.6438185
0.6464428
0.8122534
0.7065058
0.8211594
0.9072066
0.6748642
0.7315536
0.7691633
0.7385856
0.5942014
0.8397659
0.6998182
0.6981712
0.7206761
0.9513584
0.7591142
0.7327588
0.796653
0.7936051
0.7057735
0.8688637
0.7742107
0.7593057
0.6246889
0.6602644
0.8049393
0.8026175
0.8935175
0.8250836
0.7725063
0.8376768
0.9394154
0.848632
0.7196058
0.9130421
0.806736
0.6958747
0.8907242
0.6374144
0.8126204
0.7539798
0.7650152
0.767055
0.7991826
0.7980994
0.8519193
0.7663636
0.7896812
0.8656566
0.7513941
0.8459791
0.7917272
0.8835917
0.9013975
1.029577
0.9452871
0.832822
0.8964258
0.8500771
0.9034571
0.7951805
0.9566559
0.9908871
0.830586
0.9089281
0.7616606
0.7691327
0.7031446
0.9039801
0.7316246
0.9525833
0.9300229
0.9046099
0.8907389
0.9815819
0.8780544
0.8721942
1.020237
0.8568515
1.033739
0.9891849
0.7659196
0.907012
0.9851895
0.8453857
0.8200115
0.7610128
0.8616658
0.9895633
0.7765153
0.886256
0.8654368
0.7033997
0.8897946
0.9439943
0.9267535
1.109602
1.007534
0.9481353
0.981586
0.8780465
1.017637
0.9680005
0.8969111
0.9981583
0.9960669
0.9541432
0.9754436
0.7899838
1.000306
0.8266061
1.04111
0.9265098
1.007119
0.8356292
0.9572194
0.9776018
0.8817068
0.8862937
1.075117
0.998303
1.032216
1.001312
1.020496
0.9029644
1.083608
0.9607564
1.059
1.008885
0.909969
1.021844
1.084622
0.9361746
0.9262033
0.840125