-0.04573051
-1.085776
-0.9732447
-1.030731
-0.9365155
-0.9295471
-0.8679654
-0.9400415
-0.983883
-1.105136
-0.9352331
-0.9269341
-0.9876626
-0.9702491
-0.8962285
-1.028085
-0.9842183
-0.7586772
-0.999795
-1.020352
-0.9782587
-0.7899957
-0.9207592
-0.9905415
-0.8880292
-0.9162705
-0.9915916
-0.9274357
-0.9332995
-0.9148066
-0.7792897
-0.9076866
-0.8181846
-1.013288
-0.934655
-0.867584
-0.9701981
-0.9106279
-0.9884033
-0.8563135
-0.8625932
-0.9308059
-0.9288981
-1.098887
-0.9920884
-1.017397
-0.9746216
-1.062507
-0.9239556
-0.8711172
-0.9010667
-0.9627384
-1.006972
-0.8835706
-0.8934877
-0.9617058
-0.8216461
-0.8113154
-0.928548
-0.9333243
-0.8656419
-0.9053203
-1.030577
-0.9852461
-0.8148792
-0.8732519
-0.8363974
-0.9089695
-0.7199928
-0.9421513
-0.9012562
-0.9624044
-0.9298517
-0.9571476
-0.9802259
-0.8058999
-0.907992
-0.8871672
-0.7113408
-0.8327355
-0.7759947
-0.8806135
-0.8184064
-0.9159997
-0.9409281
-1.006968
-0.8464159
-0.7519718
-0.786767
-0.7805094
-0.9131621
-0.9528107
-0.7457295
-0.90851
-0.7670855
-0.9109956
-0.788822
-0.7455475
-0.9186695
-0.7712157
-0.8365063
-0.7474852
-0.7991015
-0.8044289
-0.7443654
-0.7600341
-0.8484418
-0.5942801
-0.7322494
-0.7970973
-0.8887994
-0.8119132
-0.8215575
-0.8004189
-0.5498206
-0.8024981
-0.7935145
-0.7607802
-0.78229
-0.6412547
-0.8772811
-0.694504
-0.9144046
-0.6850731
-0.6792313
-0.8033882
-0.7843131
-0.7920317
-0.7603532
-0.8543154
-0.8294632
-0.7580974
-0.8495221
-0.6198569
-0.7094131
-0.8189101
-0.7889105
-0.6735913
-0.7412692
-0.819593
-0.7103331
-0.762708
-0.7402999
-0.498882
-0.8081527
-0.6383684
-0.7337664
-0.4637657
-0.63927
-0.6638185
-0.7101163
-0.6278455
-0.6629679
-0.6424208
-0.7175046
-0.7530891
-0.645209
-0.6991176
-0.5848058
-0.8066155
-0.7321667
-0.6529937
-0.5615935
-0.6041051
-0.6202595
-0.7189301
-0.7219325
-0.6966761
-0.6922446
-0.6423179
-0.5820592
-0.6740903
-0.6072143
-0.4791226
-0.7507404
-0.5835108
-0.8002332
-0.6101455
-0.7790629
-0.6072807
-0.572766
-0.6010517
-0.6431448
-0.5781649
-0.6055689
-0.6020268
-0.7314469
-0.6687238
-0.5796102
-0.5628418
-0.7528326
-0.6226685
-0.7397128
-0.5634543
-0.5985564
-0.6164484
-0.5617218
-0.6456293
-0.6397814
-0.4893067
-0.5685461
-0.7849877
-0.6106906
-0.6164154
-0.6605886
-0.6574568
-0.5702895
-0.4144758
-0.6129017
-0.4073469
-0.5028261
-0.5635569
-0.4827854
-0.5011784
-0.6221728
-0.5889269
-0.5417097
-0.6917496
-0.4913558
-0.6716608
-0.5873079
-0.5428601
-0.6586837
-0.6833712
-0.4007167
-0.622825
-0.5837299
-0.3791356
-0.4879697
-0.5750244
-0.5603578
-0.3740078
-0.6130022
-0.5015949
-0.6007075
-0.632776
-0.495226
-0.4868516
-0.5305861
-0.4675735
-0.5157
-0.4582078
-0.5511984
-0.5458049
-0.4318859
-0.5591566
-0.6045407
-0.4969468
-0.5728579
-0.6546336
-0.5382859
-0.3659305
-0.6766222
-0.3521546
-0.5422507
-0.5510827
-0.4967553
-0.4706076
-0.4629048
-0.3955497
-0.374391
-0.4849207
-0.6124947
-0.4540486
-0.4943648
-0.5533714
-0.3942686
-0.4018555
-0.4289409
-0.5118997
-0.4179901
-0.338793
-0.4818904
-0.4086464
-0.2959539
-0.3454727
-0.439183
-0.4694145
-0.3814789
-0.5284619
-0.453683
-0.3970294
-0.3636329
-0.4730443
-0.5157875
-0.337309
-0.4875702
-0.5093256
-0.2889604
-0.5550741
-0.4554844
-0.3654893
-0.4635221
-0.3982111
-0.4106516
-0.37193
-0.3977837
-0.5474537
-0.3442323
-0.4282417
-0.5727783
-0.5113276
-0.3906435
-0.4983539
-0.4925877
-0.4483696
-0.355971
-0.2729576
-0.4322244
-0.4585405
-0.5047894
-0.5724821
-0.3644176
-0.368006
-0.351667
-0.4533311
-0.4517847
-0.319413
-0.4145477
-0.4286412
-0.443475
-0.3697117
-0.3599769
-0.2545128
-0.376158
-0.3909005
-0.4376595
-0.3784011
-0.4252367
-0.2938004
-0.3580894
-0.4104827
-0.3535414
-0.348924
-0.3745367
-0.1781022
-0.1500461
-0.1904478
-0.3323844
-0.3931521
-0.3428774
-0.3317797
-0.2968642
-0.3246262
-0.3926222
-0.3521019
-0.2786824
-0.2556035
-0.3466626
-0.2441136
-0.242345
-0.201646
-0.2826517
-0.2733642
-0.2218866
-0.3575652
-0.2485554
-0.1983152
-0.3632845
-0.1657389
-0.3462
-0.2312605
-0.2788037
-0.2693353
-0.2061021
-0.286932
-0.3693642
-0.4128633
-0.4251712
-0.2722129
-0.2034042
-0.204948
-0.3105385
-0.3767821
-0.1248937
-0.3692806
-0.2800002
-0.2235891
-0.1704829
-0.321972
-0.1560315
-0.1376806
-0.2570176
-0.4285692
-0.3956139
-0.1188251
-0.1884874
-0.194927
-0.2009367
-0.1651996
-0.3400736
-0.3260205
-0.3322332
-0.3192559
-0.3436646
-0.1384399
-0.2949824
-0.2178498
-0.1611738
-0.2393748
-0.3029691
-0.01236157
-0.05209949
-0.3545704
-0.3502549
-0.1910278
-0.2546862
-0.1708059
-0.01474273
-0.1924054
-0.1580558
-0.2917487
-0.1658747
-0.2517101
-0.161094
-0.127815
-0.1667951
-0.3000342
-0.2035671
-0.1662155
-0.1156947
-0.1704037
-0.09745848
-0.1978236
-0.02201352
-0.3504466
-0.1353501
-0.03893198
-0.1742579
-0.05067427
-0.2018799
-0.169372
-0.07016163
-0.1183527
-0.1402652
-0.2260093
-0.06722073
-0.24899
-0.09880033
-0.2665272
-0.2158311
-0.1662804
-0.1392644
-0.06353402
-0.1582895
-0.04517515
-0.2951618
-0.2443652
-0.09729336
-0.06453858
-0.2373643
-0.0341547
-0.02318263
-0.2123267
0.05104297
-0.2232179
-0.01128779
-0.01942159
0.02302822
-0.2939277
-0.05926632
-0.05648095
-0.1474032
-0.04414016
-0.1427117
0.05072345
-0.1161823
-0.1377513
-0.05715238
-0.007882608
-0.0145333
-0.08475071
-0.1092453
-0.09267397
-0.06050947
0.03587994
-0.16199
-0.07350681
0.007805627
-0.02502357
-0.07958745
-0.04681006
0.02408457
0.04945178
-0.03226838
-0.0750023
-0.005562357
-0.1959664
-0.04644553
0.0521909
-0.127905
0.09424208
0.03823598
0.03162
-0.1593578
-0.09212499
0.03138708
-0.1932337
-0.03641676
0.01966086
-0.1137179
-0.0146743
0.1516558
-0.01734915
-0.05091604
0.1321164
-0.01169665
0.04336386
0.02102851
0.002580123
0.02251854
-0.03192851
-0.01091774
0.000814982
0.08312048
0.1258771
0.02440469
0.04422862
0.02556295
0.06863257
0.08792059
-0.07539355
0.1353804
0.00572794
0.03463345
0.123531
0.00459152
-0.09033033
-0.05387159
0.05853412
-0.04570465
0.2121727
0.1291418
0.08774047
0.1851881
0.1539237
0.04537803
-0.0424817
0.1105515
0.1430142
0.05827098
0.1086392
0.1053417
0.01745252
0.1266895
0.04395729
0.122897
-0.02809211
0.2004766
0.02192262
0.2495233
0.1375033
0.08993732
0.01429732
0.1509898
0.2160943
0.1223967
0.04044777
0.09203073
-0.02463013
0.0947214
0.1734437
0.1086788
0.07038398
0.1555596
0.2441642
0.1888608
0.02826577
0.1104358
0.1526245
0.2336544
0.1641082
0.298297
0.1171717
0.1619456
0.0514295
0.184527
0.1671884
0.165618
0.1561217
0.1701483
0.1425616
0.1381277
0.01692006
0.07392684
0.2443947
0.3096399
0.1250381
0.1237299
0.3036915
0.1642257
0.1561417
0.1919653
0.1328427
0.2344468
0.05969168
0.229364
0.2550784
0.125531
0.334293
0.2040703
0.1728013
0.1172604
0.02253928
0.3277598
0.2456589
0.1275075
0.1778747
0.2136814
0.3561053
0.2189315
0.1610172
0.05302643
0.1707206
0.2443973
0.2296945
0.08387847
0.1479309
0.2333103
0.1445334
0.3350996
0.2144533
0.2333846
0.3624114
0.2593527
0.2776077
0.1691079
0.1325285
0.2964524
0.2547853
0.1046037
0.03567375
0.2855202
0.3294464
0.254071
0.1568772
0.2360277
0.2865199
0.1410409
0.2149843
0.2457637
0.2538877
0.2635426
0.4063826
0.2619004
0.3668966
0.1310959
0.3278175
0.3189908
0.2468214
0.4169163
0.3175763
0.2923181
0.3891572
0.3799538
0.418537
0.356633
0.2978619
0.3126614
0.410326
0.3157574
0.1643621
0.3270323
0.4133445
0.3908035
0.4381233
0.4152804
0.2237281
0.3787253
0.2975771
0.237888
0.4040295
0.4069652
0.4240148
0.2908568
0.3798173
0.2780646
0.4808494
0.5808426
0.5387122
0.3965815
0.5422719
0.3416295
0.3725412
0.3182627
0.3379665
0.4225526
0.5620019
0.3468167
0.376805
0.4711836
0.3450179
0.2400443
0.2571487
0.342363
0.3196812
0.3212247
0.2737604
0.4845357
0.3682209
0.2607563
0.4145081
0.3929383
0.4981394
0.3456359
0.3850339
0.3295114
0.4488412
0.3416968
0.4408311
0.3717254
0.411139
0.3180964
0.3263752
0.4732767
0.3847477
0.4241209
0.430747
0.4423158
0.3826303
0.2631847
0.3911651
0.3095804
0.5915569
0.496653
0.5062343
0.3570076
0.5514657
0.5252688
0.4996513
0.4506414
0.4244011
0.4672042
0.4221424
0.4680951
0.4148192
0.4614294
0.3558149
0.4479411
0.4135756
0.4345937
0.3815348
0.4863623
0.4502191
0.4530682
0.5496429
0.5615948
0.5955273
0.5540466
0.5638707
0.5364989
0.5371313
0.5962837
0.626302
0.5242821
0.5257514
0.6274113
0.5925284
0.4325408
0.5488645
0.5526362
0.5353464
0.5035082
0.4811081
0.6276062
0.4101871
0.5137017
0.4488502
0.5942984
0.5230547
0.5619786
0.4927449
0.5312897
0.4835732
0.4799872
0.541664
0.4008723
0.5005658
0.6192864
0.6508389
0.6308804
0.5801565
0.6582185
0.4376252
0.5778523
0.6065019
0.5154829
0.6125049
0.5144909
0.5342129
0.4312772
0.7303129
0.6106839
0.5892242
0.478002
0.4925584
0.6025335
0.5423341
0.5845655
0.6790365
0.5797962
0.5680999
0.4451388
0.6564951
0.5238193
0.4535652
0.489528
0.5300666
0.6343357
0.6251496
0.61772
0.7005059
0.7325003
0.6704367
0.7204475
0.527204
0.5628225
0.6721698
0.6041625
0.6489672
0.637828
0.6792397
0.4348293
0.6731981
0.7042229
0.8421607
0.7036594
0.6831968
0.692454
0.7382891
0.8212355
0.6758193
0.6227384
0.6734663
0.6692388
0.7453424
0.681842
0.6232258
0.7575246
0.6946299
0.6579233
0.6510595
0.6907941
0.7007336
0.63791
0.7811758
0.6155518
0.664087
0.5790728
0.6295853
0.7813245
0.7227634
0.7007384
0.7686398
0.7994745
0.8013552
0.7008671
0.6899508
0.741027
0.608925
0.9043707
0.6859556
0.7639034
0.7798419
0.6433981
0.6954049
0.6613036
0.7898738
0.702405
0.6253053
0.6550433
0.764511
0.6759661
0.8474128
0.8573199
0.7097211
0.696545
0.8241766
0.8024651
0.5735385
0.8059236
0.6880684
0.6922977
0.7660234
0.7159779
0.7196051
0.7032475
0.767207
0.7706132
0.6993016
0.8356505
0.8598681
0.9430141
0.8791815
0.7420053
0.8402607
0.663798
0.7212254
0.7428965
0.7265183
0.9155733
0.8108161
0.8887227
0.65503
0.8159385
0.7955736
0.8240548
0.764569
0.8591115
0.7239368
0.8193253
0.7145855
0.8155782
0.8095112
0.8006695
0.7588361
0.8021813
0.9068751
0.837535
0.9634003
0.8402825
0.8853499
0.8309418
0.8367712
0.7770916
0.9779753
0.9004978
0.869819
0.8223205
1.06027
0.822983
0.9327588
0.9629241
0.8841585
0.8270723
0.8744744
0.7626621
0.8645519
0.7532445
0.9112879
1.008181
0.7668267
0.9492733
0.7897943
0.8801413
0.9738977
0.8600634
0.9326656
0.8331843
0.8673069
0.7465823
0.889058
0.9846835
0.9841821
0.9485649
0.9206782
0.7699273
1.123061
0.9488115
0.8677113
0.9523667
0.8465114
0.9235603
0.9352051
0.9818916
0.9606336
1.037774
0.9025105
0.9183632
0.8033199
0.8976427
1.045302
0.9360342
1.046904
0.9383595
1.035149
0.8415275
0.8666671
0.9769685
0.9145366
0.9751968
0.7629998
0.8939649
1.034975
0.9190562
0.8470038
1.020299
0.9478927
1.033558
0.9373796
1.020056
1.171784
0.9720001
1.103203
0.979276
0.9477552
1.004164
0.9046216
1.042416
1.090723
0.8817643