-0.02809727
-0.9505832
-0.9706109
-0.98455
-1.060538
-0.9262923
-0.8711001
-0.9595692
-0.8581233
-1.006379
-1.082361
-1.075994
-1.093924
-0.9304793
-0.8919063
-0.9988378
-0.9825736
-0.9484122
-1.00793
-0.9257434
-1.109071
-1.102894
-0.9735989
-1.085198
-0.966619
-0.7950034
-0.9485362
-1.083048
-0.9184496
-0.9628331
-1.038023
-0.9020205
-0.8461329
-0.9950654
-0.9644205
-1.040315
-0.9787318
-1.065816
-0.8882874
-0.8884822
-0.7646181
-0.8417352
-0.9482274
-0.9541391
-1.028548
-0.8721743
-0.9938601
-0.951902
-1.035739
-0.8487205
-0.9114466
-0.836356
-0.9209119
-0.8850149
-0.90499
-0.9398901
-1.020695
-0.9513266
-0.8169544
-0.8349077
-0.8586219
-0.9243428
-0.9796029
-0.8461289
-0.7836703
-0.8724188
-0.8424729
-0.9418318
-0.9324263
-0.8866244
-0.7961312
-0.8001055
-0.8081299
-0.9072905
-0.7266905
-0.8013018
-0.877009
-0.8371055
-0.7916282
-0.8831932
-0.8832479
-0.7542713
-0.7512147
-0.7818549
-0.7031973
-0.9546123
-0.8319622
-0.835912
-0.8899703
-0.6788488
-0.6831758
-0.9501008
-0.7888834
-0.8384906
-0.91552
-0.6850199
-0.6812144
-0.8916561
-0.7233109
-0.7925061
-0.7567745
-0.9125976
-0.756696
-0.8554968
-0.7632866
-0.8271791
-0.8269418
-0.8923045
-0.8916894
-0.7315526
-0.7895575
-0.7463631
-0.7170194
-0.8494988
-0.6849937
-0.8996897
-0.5678349
-0.9428809
-0.911751
-0.7695236
-0.7187302
-0.8246219
-0.7119898
-0.8803238
-0.8059894
-0.8933912
-0.7777306
-0.7317189
-0.7428236
-0.8915407
-0.8355248
-0.6331863
-0.6243532
-0.8282691
-0.6202783
-0.847433
-0.7936182
-0.7758322
-0.6029214
-0.7281938
-0.6915076
-0.902917
-0.7174571
-0.5378113
-0.7265161
-0.7063031
-0.7563696
-0.7396251
-0.6161679
-0.566821
-0.7203232
-0.7515162
-0.6889574
-0.6848968
-0.6566764
-0.6365073
-0.6691209
-0.8292723
-0.6494735
-0.6518661
-0.7573589
-0.5881931
-0.7593814
-0.5832952
-0.6498328
-0.6557358
-0.6131074
-0.7601569
-0.6150178
-0.6587951
-0.6528466
-0.5272696
-0.4666591
-0.5941683
-0.7966815
-0.4874923
-0.6623281
-0.6994214
-0.565503
-0.8140809
-0.7782772
-0.618799
-0.7092914
-0.6328455
-0.7321771
-0.6917759
-0.5746946
-0.7895331
-0.6364169
-0.6658561
-0.7102165
-0.571573
-0.5067168
-0.5450419
-0.5889998
-0.6657171
-0.6239806
-0.6839306
-0.7176845
-0.5992569
-0.6225851
-0.6082995
-0.5458177
-0.5291072
-0.6106881
-0.5256327
-0.626022
-0.4962193
-0.6468723
-0.4554456
-0.5717479
-0.6767568
-0.627124
-0.5250078
-0.6520042
-0.5503411
-0.6072003
-0.4323697
-0.4701957
-0.7223966
-0.6563055
-0.6563065
-0.6057204
-0.5891136
-0.550565
-0.4372916
-0.4524433
-0.6917984
-0.6903291
-0.532171
-0.5861081
-0.5130366
-0.3614645
-0.6263103
-0.5451305
-0.3983092
-0.4877089
-0.4073104
-0.4825703
-0.3769361
-0.6711376
-0.5107678
-0.5334901
-0.4331329
-0.4589166
-0.4850968
-0.3921468
-0.4985047
-0.596221
-0.5148804
-0.5093231
-0.408093
-0.5016492
-0.3911938
-0.6752474
-0.5257539
-0.5453624
-0.4050771
-0.3612238
-0.4882187
-0.4466619
-0.4777832
-0.3603685
-0.490012
-0.3115801
-0.521375
-0.4581775
-0.506883
-0.5796143
-0.4183411
-0.4456723
-0.4940149
-0.5133871
-0.504658
-0.3618632
-0.3428206
-0.4363847
-0.5022715
-0.36288
-0.5497833
-0.3916793
-0.4858286
-0.4002846
-0.4084718
-0.4979521
-0.4052215
-0.4735543
-0.5223672
-0.3650104
-0.2759006
-0.4181388
-0.3476007
-0.5168229
-0.3126518
-0.4060902
-0.6238085
-0.3232582
-0.5021492
-0.4360267
-0.3320561
-0.4858717
-0.268511
-0.2914328
-0.3507197
-0.4170042
-0.2810857
-0.353163
-0.5654441
-0.2123781
-0.3445863
-0.2651766
-0.3141112
-0.4036878
-0.4587305
-0.2972762
-0.3266441
-0.3472493
-0.2987383
-0.4387898
-0.312053
-0.356383
-0.3199347
-0.3477705
-0.4610196
-0.3079844
-0.2729582
-0.3385972
-0.4364908
-0.3868677
-0.3616466
-0.5315027
-0.4347914
-0.3033201
-0.3621435
-0.2969618
-0.3551318
-0.3030105
-0.365757
-0.3136555
-0.3833119
-0.3586791
-0.2952718
-0.2176477
-0.3267754
-0.3571944
-0.3169409
-0.399977
-0.2862342
-0.262105
-0.4231129
-0.3803306
-0.292877
-0.2543403
-0.1930394
-0.4913669
-0.05427395
-0.06873114
-0.2245006
-0.1954073
-0.3213482
-0.2960185
-0.2629932
-0.3328816
-0.4122446
-0.238434
-0.2454976
-0.3207955
-0.3716428
-0.1600166
-0.2924116
-0.212335
-0.2517226
-0.3079467
-0.2314723
-0.3499295
-0.2710201
-0.3758678
-0.4029876
-0.2215513
-0.2514384
-0.07966317
-0.3189016
-0.3028514
-0.3308988
-0.3434782
-0.2039921
-0.3059119
-0.3681299
-0.2634565
-0.2135215
-0.1840316
-0.2936908
-0.2623561
-0.257432
-0.4039084
-0.2544585
-0.2275958
-0.2045385
-0.1226654
-0.353993
-0.1885058
-0.0985629
-0.1561226
-0.1551231
-0.1346203
-0.2070641
-0.1885387
-0.1916885
-0.1042608
-0.3049492
-0.1500647
-0.1538052
-0.1627139
-0.1011242
-0.07413606
-0.09704556
-0.3157476
-0.3797169
-0.1894777
-0.252982
0.01779425
-0.1943445
-0.1838917
-0.1333177
-0.2046119
-0.06223705
-0.2016186
-0.1581083
-0.154148
-0.07248271
-0.0686178
-0.120969
-0.02596592
-0.05433153
-0.1272032
-0.09626854
-0.2604517
-0.3714355
-0.1412275
-0.2266101
0.05844876
-0.08413152
-0.228024
-0.1087409
-0.1372226
-0.1611532
-0.2403612
-0.156128
-0.04393579
-0.01451501
-0.1419519
-0.1153018
-0.09639651
-0.17191
-0.1892382
-0.05511098
-0.1495037
-0.02744601
-0.08035248
-0.0969984
-0.1732518
-0.02178226
0.01470644
0.01601317
-0.01109402
-0.1320906
-0.04118228
0.003562961
-0.01549999
-0.1720145
-0.09466064
0.07955455
-0.08875277
-0.02730753
-0.06628652
-0.1014883
-0.04757868
0.002895169
-0.07507076
-0.0228935
-0.09919977
-0.1128299
0.03321382
0.1283536
0.01763077
-0.01452139
-0.09777936
-0.1066445
0.04845673
-0.05772049
-0.06307333
-0.004565163
-0.1691888
0.1757139
-0.03172126
-0.05631385
0.007063514
-0.007087757
0.1039831
-0.1051434
-0.04229499
0.1026457
-0.04827004
0.08072716
-0.02892253
0.02304184
-0.02080781
-0.1467648
0.0275201
0.02431993
0.08295591
-0.07669973
-0.03144688
0.07408185
-0.00547679
0.06471123
0.04364728
0.02257968
0.001768747
-0.09603442
-0.01631422
0.177523
0.02598175
0.004090734
0.2647862
0.03024652
0.0311899
-0.004418885
0.121424
-0.02578766
0.1514878
0.1093622
0.08912447
0.1724361
0.06660122
-0.02877739
0.01608071
0.2047974
0.1716599
0.1098897
0.1066754
-0.01126825
0.04109777
0.07079164
0.09688228
0.08255997
0.09303711
0.1242432
0.258456
0.09849955
0.113808
0.07670513
0.02422756
0.2018271
0.05046586
0.1614832
0.2173421
0.2034417
0.06698883
0.082167
0.1422848
0.1378337
0.1124387
0.1958664
0.02532661
-0.05443862
0.1480397
0.1167581
0.1682531
0.161989
0.1982746
0.1712885
0.2113951
0.09839037
0.09016913
0.1946879
0.119904
0.172598
0.2151433
0.2419891
0.1514132
0.1823644
0.1989363
0.3003179
0.08643878
-0.004340244
0.1190818
0.1010153
0.2089561
0.295818
0.3224258
0.2684186
0.05306476
0.1954313
0.2459748
0.2708868
0.225008
0.1443557
0.2594688
0.05031697
0.1799362
0.1951454
0.3056818
0.1670578
0.1262504
0.1850254
0.2667654
0.178447
0.2922028
0.1782341
0.2852701
0.2892853
0.175729
0.2426424
0.1897154
0.2456827
0.323632
0.1920861
0.2801595
0.09460694
0.2149082
0.1901252
0.1622662
0.2507647
0.2087791
0.3027604
0.282225
0.2181465
0.1407266
0.2745578
0.3372574
0.06644926
0.1210458
0.414315
0.2738561
0.05569884
0.1950647
0.4183004
0.2878339
0.286468
0.3427471
0.2996577
0.3118743
0.2920562
0.317437
0.2236014
0.2933053
0.2528635
0.3317271
0.3389397
0.3644174
0.3220443
0.3102891
0.3976056
0.3375593
0.3376378
0.265972
0.2614767
0.2752426
0.2325755
0.3042612
0.3094474
0.3379968
0.1862468
0.3714392
0.4126013
0.2570032
0.3005318
0.3912835
0.2678268
0.4608063
0.3278431
0.1882813
0.348556
0.4607239
0.4468369
0.3194905
0.2059717
0.3990162
0.2449897
0.4067776
0.2591668
0.3264602
0.3032407
0.3606198
0.4509166
0.4929285
0.3777658
0.5268031
0.4574521
0.4376685
0.4075954
0.3189707
0.5628263
0.2306678
0.3860996
0.2472422
0.2870876
0.3278722
0.3841048
0.4343744
0.3308898
0.4521877
0.3960205
0.4068221
0.2894846
0.4678254
0.3600086
0.4509855
0.3658862
0.6385246
0.4059156
0.5719365
0.3703082
0.3530982
0.3708739
0.3812538
0.5013957
0.4315416
0.2776776
0.3576963
0.4582722
0.5251355
0.4499346
0.6361482
0.3943335
0.3122851
0.4474036
0.4185845
0.4729418
0.5185921
0.5161373
0.3954901
0.5057682
0.6121701
0.3736267
0.4978082
0.566915
0.4520149
0.4174571
0.4169188
0.5760614
0.3434383
0.5651048
0.5413452
0.5604935
0.5194123
0.5477678
0.3660721
0.430697
0.4419582
0.5774833
0.5646533
0.3933828
0.5601233
0.4308537
0.6330886
0.6180065
0.4696907
0.5448137
0.4240737
0.592342
0.5666731
0.5246598
0.4426448
0.5095791
0.4727864
0.5633115
0.5254482
0.5504663
0.5244614
0.5856619
0.6188238
0.4832228
0.6586696
0.7049596
0.5282917
0.5886435
0.4393888
0.6499393
0.5084446
0.5834649
0.4709331
0.4768487
0.7059362
0.5362388
0.513547
0.5927726
0.628279
0.5488256
0.5407547
0.457642
0.4236729
0.6159528
0.5594626
0.5051103
0.6647417
0.5907585
0.6222425
0.6283863
0.5413371
0.5818466
0.5832252
0.6427
0.7191483
0.5876057
0.7070048
0.6580007
0.5449647
0.5090607
0.6490744
0.7258921
0.5948843
0.6254336
0.5800993
0.6615978
0.4229238
0.515426
0.6832214
0.5198537
0.7241048
0.5999352
0.7397654
0.743511
0.6574755
0.7122562
0.7580134
0.6213869
0.7368709
0.563717
0.5487561
0.6055327
0.6812461
0.5514204
0.5820921
0.8436069
0.5583828
0.6576135
0.662629
0.8443309
0.7071399
0.642729
0.638265
0.7537452
0.6829925
0.7167794
0.7553479
0.6598533
0.644037
0.6325746
0.7765064
0.7691201
0.7351867
0.6237855
0.7153831
0.6615804
0.6632699
0.740371
0.7956811
0.7819398
0.6985061
0.7784096
0.7081829
0.6481332
0.7931435
0.5994125
0.8033732
0.715642
0.7385801
0.7433543
0.6719667
0.7459861
0.6880354
0.6619263
0.731547
0.762742
0.7863075
0.819469
0.6642227
0.7059641
0.7260199
0.6615153
0.8340013
0.8559099
0.8593421
0.7135966
0.8407335
0.8968981
0.8060421
0.8702044
0.7395059
0.7665073
0.7930762
0.7601211
0.8014826
0.8981434
0.787813
0.7280557
0.9560091
0.7438193
0.8220929
0.793369
0.8068344
0.8241089
0.7646921
0.7846673
0.8190088
0.8903935
0.7809041
0.7781725
0.8115441
0.8642629
0.9648982
0.8671084
0.760899
0.7349143
0.9175051
0.8936034
0.876044
0.9054084
0.8563749
0.9496608
0.8854358
0.9097224
0.9299895
0.6537052
0.9539332
0.862519
0.8564195
0.7706953
0.7979614
0.829275
0.8758854
0.9827111
0.9338002
0.8771853
0.8520177
0.8048992
0.7670765
0.9167151
0.8247796
0.8123225
0.8324538
0.6253799
0.9229782
0.8707212
0.8441014
0.8723893
1.037798
0.8806272
0.8985022
0.7996454
1.068638
0.9031118
0.9100009
1.032857
1.108075
0.7988863
1.041397
0.889734
1.058811
1.073449
0.9215276
0.9052489
0.8438689
0.8796314
0.8889927
0.8230907
0.9246975
0.9806821
1.048366
0.9482773
1.02991
0.9269892
0.861757
0.8571357
0.7822806
0.9621084
0.9171012
0.8528589
1.012351
0.8425818
0.9786517
0.9792772
0.8901933
1.052209
1.093938
1.002548
0.9761889
1.070875
0.9029272
0.9622772
1.007099
1.011716
1.028921
1.022857
0.7772795
1.042274
0.8981486
1.040331
1.00122