0.05143731
-0.9523671
-1.037583
-0.9445987
-1.065094
-0.9541322
-1.004176
-1.024497
-1.117946
-1.003099
-0.9563783
-0.9388417
-0.9883279
-0.962051
-0.9410154
-0.9463687
-0.9448034
-0.8466431
-1.032884
-0.9200705
-1.015899
-0.9620301
-0.8610963
-0.9215233
-1.088599
-0.8502407
-0.9115677
-0.9686639
-1.019328
-0.9450804
-0.9066407
-0.9187148
-0.8917369
-1.018023
-0.8804917
-0.8824611
-0.8921103
-0.8200922
-0.9258439
-0.9152463
-0.6747587
-0.7813016
-0.8805267
-0.9024582
-1.005533
-0.7985495
-0.9739741
-0.9439842
-0.9240602
-0.937214
-0.8315173
-1.0254
-1.032427
-0.6794532
-0.7641003
-0.796765
-0.8833809
-0.9886336
-0.8614205
-0.8494182
-0.7083165
-0.8310849
-0.9619034
-0.9670888
-0.8802132
-0.8259864
-0.9445209
-0.8080454
-0.86361
-0.8053284
-0.79837
-0.6324185
-0.7264848
-0.9884584
-1.002491
-0.8508291
-0.7994998
-1.023469
-0.7269689
-0.8539102
-0.8180583
-0.8605917
-0.892013
-0.850719
-0.8218112
-0.8324383
-0.6591533
-0.9039759
-0.7777865
-0.9266874
-0.8198665
-0.8141641
-0.741617
-0.8807574
-0.7305306
-0.7270753
-0.7131559
-0.8540667
-0.7308423
-0.8383005
-0.792332
-0.7527958
-0.793414
-0.9110691
-0.891657
-0.924319
-0.7189501
-0.7286286
-0.9014114
-0.7142845
-0.8752679
-0.7685466
-0.7844068
-0.730385
-0.6878829
-0.7840766
-0.6702494
-0.7175127
-0.8609659
-0.7274071
-0.8236239
-0.7176009
-0.861147
-0.8156072
-0.7308345
-0.6021844
-0.7298059
-0.9161475
-0.731334
-0.7148834
-0.6883755
-0.5608269
-0.7623532
-0.8224446
-0.762291
-0.7649066
-0.7092804
-0.5088854
-0.5213915
-0.718482
-0.7433915
-0.6568217
-0.7596967
-0.8148264
-0.7927368
-0.7637071
-0.5910316
-0.6797504
-0.6574325
-0.6831714
-0.6830805
-0.70597
-0.7189566
-0.6356429
-0.7340705
-0.622109
-0.7648461
-0.6422528
-0.598604
-0.5547189
-0.6116693
-0.5697055
-0.5380669
-0.6187607
-0.6730621
-0.6647921
-0.6449053
-0.6567902
-0.8122213
-0.5817992
-0.6659187
-0.6048622
-0.682297
-0.6826205
-0.5863645
-0.7742709
-0.6752486
-0.7573258
-0.6391921
-0.8136804
-0.5059683
-0.6720145
-0.5898223
-0.6918964
-0.5892679
-0.561463
-0.5118432
-0.6367265
-0.6498574
-0.6003675
-0.6820365
-0.5772023
-0.6305972
-0.6736427
-0.6629673
-0.5436872
-0.5675494
-0.5295647
-0.5083952
-0.4930792
-0.6315907
-0.5595282
-0.6831471
-0.5519617
-0.6535872
-0.7362133
-0.6123332
-0.7835
-0.4892211
-0.479868
-0.5490465
-0.5912396
-0.5609206
-0.51115
-0.629959
-0.6160168
-0.5184842
-0.5535548
-0.5600468
-0.6662519
-0.3866563
-0.5376664
-0.5819548
-0.5560382
-0.6082457
-0.5444949
-0.5618292
-0.7519227
-0.5187058
-0.5098607
-0.5408622
-0.5560165
-0.5131304
-0.4894509
-0.6787275
-0.5294726
-0.7116429
-0.4983242
-0.536239
-0.6721708
-0.6290116
-0.5352323
-0.5107147
-0.4877904
-0.603592
-0.5883994
-0.4572847
-0.4733521
-0.5510656
-0.4055572
-0.4256053
-0.5279574
-0.6637016
-0.4890131
-0.5197066
-0.4590408
-0.4623387
-0.6653278
-0.5412509
-0.469646
-0.4431273
-0.5113466
-0.5849621
-0.5117032
-0.2944018
-0.4314766
-0.4172152
-0.4954311
-0.5037975
-0.4002914
-0.3855309
-0.3346761
-0.4213703
-0.6434763
-0.5968263
-0.3928895
-0.4185416
-0.5167198
-0.3967727
-0.3828691
-0.5581375
-0.4105215
-0.5172242
-0.3774253
-0.4914804
-0.5891716
-0.3112056
-0.4414459
-0.3160165
-0.4535566
-0.3033536
-0.4314239
-0.5422362
-0.3655409
-0.3052997
-0.407857
-0.4379096
-0.5101776
-0.3366985
-0.3720407
-0.4091955
-0.4438441
-0.4142752
-0.4586716
-0.4310824
-0.4208485
-0.3257275
-0.4972838
-0.4839599
-0.4228122
-0.3065935
-0.5102285
-0.3863992
-0.4648338
-0.4159035
-0.324857
-0.4419386
-0.5238859
-0.226754
-0.3274138
-0.3122261
-0.291648
-0.4398947
-0.3742121
-0.3280337
-0.4985019
-0.505324
-0.1985211
-0.2766938
-0.2653462
-0.288579
-0.3538735
-0.3602212
-0.3192603
-0.1822419
-0.3890103
-0.4542717
-0.2301956
-0.3168064
-0.2983629
-0.3117993
-0.3751841
-0.3978307
-0.424493
-0.3101261
-0.2900216
-0.2971666
-0.2099215
-0.2357871
-0.3518341
-0.3300309
-0.354554
-0.3754614
-0.2596129
-0.1994861
-0.2415745
-0.2328591
-0.2474943
-0.3344444
-0.2928265
-0.2654931
-0.2364052
-0.2655338
-0.3838492
-0.2929651
-0.1675022
-0.288513
-0.3306377
-0.2243206
-0.4319442
-0.1839456
-0.2325213
-0.2363723
-0.3616389
-0.4257216
-0.2395572
-0.258839
-0.252075
-0.2957319
-0.2384878
-0.06286492
-0.1306459
-0.4371428
-0.3010677
-0.3630711
-0.2528416
-0.11747
-0.1947994
-0.2555919
-0.2221379
-0.2288344
-0.1363142
-0.184012
-0.206457
-0.3846495
-0.3648328
-0.3095442
-0.3163417
-0.1896502
-0.2373591
-0.09268638
-0.06905152
-0.2462568
-0.3386559
-0.1191482
-0.1850107
-0.1357823
-0.151533
-0.1660126
-0.107259
-0.1697333
-0.07583354
-0.1438708
-0.1370276
-0.1603269
-0.1489071
-0.2039564
-0.1440885
-0.02256796
-0.1990618
-0.1318859
-0.3065546
-0.2229492
-0.162424
-0.1608659
-0.06205002
-0.1296159
-0.1645172
-0.0762949
-0.0683356
-0.107259
-0.07879472
-0.2317085
-0.05511133
-0.09374169
0.02355851
-0.1322851
-0.09119201
-0.1477651
-0.09900978
-0.09015217
-0.1889799
-0.2977616
-0.160662
-0.2315272
-0.18643
-0.2274842
-0.2305457
-0.08234889
-0.01514632
0.02140912
-0.149924
-0.1861178
-0.0847325
-0.09772799
0.007146304
0.01888155
-0.1568508
0.001243128
-0.069761
-0.08382169
-0.107379
-0.1770589
-0.04825939
-0.0223392
-0.1263186
-0.1474437
0.01582794
-0.1380117
-0.07404943
-0.06345572
-0.1091315
0.05226459
-0.1249667
0.02175548
-0.05480157
-0.1307372
-0.07032407
-0.07370538
0.01426271
-0.08782771
0.06377409
-0.04519142
-0.06521346
-0.02678836
-0.1306097
0.07071506
-0.01700445
0.1285455
-0.09012046
-0.08109033
-0.03515387
0.06931506
-0.02389882
0.01315399
0.1020564
-0.1062379
-0.09445597
0.03629951
-0.006817202
-0.092025
-0.1766791
0.08228785
-0.0009885655
-0.08337378
0.09790288
0.001298437
0.2317967
0.1787175
-0.1128701
0.04251651
-0.07747127
0.09722197
-0.02409322
0.1063691
0.1116316
0.07474814
0.2205495
0.1072527
-0.03224567
0.01014356
-0.0873493
-0.01453859
0.1076936
0.195354
0.0664052
-0.09061392
-0.05484212
0.1764189
0.0682028
0.1250677
0.01895347
0.008955212
0.1985586
0.0656174
0.1529457
0.005670619
-0.04395041
-0.007352639
0.2535741
-0.09339263
0.04208125
0.1281942
0.0283039
0.1134064
-0.02936923
0.2307181
0.04136423
0.1190782
0.1374513
0.01583143
0.1347864
0.02878947
-0.02328301
0.140498
0.207027
0.112421
0.1050778
0.1591309
0.2460168
0.2020894
0.1467068
0.06988652
0.1619229
0.01156716
0.1549677
0.07389948
-0.07542166
0.08314493
0.2222964
0.09216829
0.1207106
0.1084493
0.09340195
0.1619193
0.1155164
0.07098038
-0.002837242
0.1131944
0.173905
0.1535151
0.3257503
0.2389465
0.1440864
0.2427641
0.2036825
0.1080797
0.1810567
0.1082845
0.1485698
0.2655346
0.1534807
0.2427276
0.1176707
0.2182154
0.232167
0.03263043
0.2333107
0.2379962
0.3044893
0.2697211
0.345979
0.09214698
0.3045994
0.1618057
0.3289108
0.1155209
0.3153178
0.1848727
0.3251495
0.2795785
0.2117079
0.2545403
0.2755183
0.3474847
0.3439743
0.3081538
0.1968125
0.3105293
0.2358466
-0.02983363
0.2103391
0.1916222
0.2175518
0.2797949
0.3152528
0.2737768
0.3488992
0.21723
0.3335685
0.2626725
0.1990298
0.09537642
0.3526767
0.1619728
0.4352195
0.281536
0.180796
0.3241069
0.2250278
0.3192981
0.3997296
0.3369989
0.3331548
0.4103236
0.3850747
0.1905061
0.142349
0.2795474
0.1145761
0.2482484
0.2848517
0.3573038
0.2813476
0.3506778
0.2672891
0.224806
0.3097402
0.2805655
0.2482198
0.4243913
0.1521306
0.3001812
0.3441591
0.3251664
0.3740902
0.2072263
0.3737796
0.2665106
0.3098772
0.2552922
0.3528631
0.2416982
0.3068194
0.2958014
0.4341171
0.4730004
0.3707336
0.4250335
0.372156
0.5002856
0.2491357
0.3045122
0.3268832
0.368156
0.3734633
0.3466567
0.3659892
0.2586682
0.3427044
0.3957605
0.4040154
0.3948042
0.5918885
0.3617242
0.3390879
0.3718393
0.4679131
0.3772705
0.5263548
0.3891794
0.4943214
0.2873302
0.3799737
0.4358509
0.3416565
0.4110754
0.2852777
0.308533
0.3221965
0.4134366
0.4405628
0.5703756
0.5026908
0.5351572
0.2694407
0.3607377
0.4822872
0.3999454
0.4111646
0.5093904
0.5289724
0.4325689
0.5969201
0.3863498
0.4631393
0.4457505
0.3104169
0.5074301
0.4036603
0.5811073
0.582814
0.3153332
0.2908339
0.5374705
0.4998804
0.3805185
0.5207236
0.5949972
0.4775063
0.4188758
0.5347986
0.5632318
0.3784874
0.4980191
0.5718985
0.353485
0.5502144
0.6856325
0.4817906
0.4749611
0.5311011
0.6564557
0.4957566
0.3193478
0.6197306
0.6177901
0.621965
0.5301456
0.7426785
0.5175307
0.4891919
0.5641017
0.5671829
0.4917848
0.5353307
0.391803
0.4876407
0.5908944
0.5977832
0.5202983
0.5425432
0.5209698
0.6329282
0.6129016
0.6116243
0.5829286
0.5088009
0.5731402
0.5450148
0.4385941
0.5163757
0.4050451
0.4845987
0.7327642
0.5976937
0.518654
0.5890003
0.6314622
0.6562655
0.5553058
0.5498882
0.6527251
0.5223246
0.4872664
0.6478099
0.4817863
0.5325649
0.4359226
0.631592
0.5953376
0.6145613
0.4930147
0.6349895
0.6933726
0.674218
0.6273197
0.6394177
0.5255783
0.7246441
0.6744347
0.5449239
0.6500948
0.5573962
0.728494
0.6083119
0.6500711
0.7631121
0.6860804
0.6402124
0.696806
0.5592113
0.5504694
0.6452064
0.7321164
0.7355542
0.6530099
0.7479263
0.5971314
0.6746208
0.6739452
0.5627766
0.6519591
0.5345982
0.7400762
0.7210345
0.7655434
0.763951
0.7895255
0.7229973
0.5528622
0.7625669
0.6532447
0.7376096
0.741514
0.7144829
0.6484336
0.5772322
0.5103515
0.6767722
0.7145112
0.7598231
0.7232153
0.7907382
0.661408
0.6981503
0.8184304
0.7062213
0.6361999
0.6893136
0.8111268
0.7900342
0.6230266
0.7991887
0.7198533
0.6610962
0.6428405
0.823633
0.7267099
0.8014304
0.8920162
0.6750098
0.7159881
0.7599422
0.7447623
0.6007594
0.8526304
0.6905995
0.7045904
0.7140135
0.97434
0.7630385
0.7261512
0.8045537
0.7855747
0.7165158
0.8703019
0.7929017
0.7935848
0.6196851
0.6426292
0.8151334
0.7916221
0.9077703
0.8083454
0.7666504
0.8385913
0.9277499
0.8280472
0.7035008
0.9082858
0.79604
0.7005825
0.8752629
0.6336671
0.7863603
0.7686559
0.7590964
0.7862972
0.8003785
0.7977836
0.8623857
0.7637897
0.7975213
0.880396
0.7713616
0.8527786
0.7624759
0.878595
0.8974169
1.038617
0.9518657
0.8302552
0.8919647
0.85869
0.8719017
0.7979289
0.9483659
0.9768146
0.8254215
0.909199
0.7595829
0.7733332
0.7027945
0.912924
0.746833
0.9752605
0.9451712
0.8988312
0.9022966
0.9841883
0.8565411
0.8623357
0.9994594
0.8564918
1.033684
1.003138
0.7749163
0.9409783
1.005555
0.8453999
0.8396591
0.7571721
0.8735478
1.022329
0.7892833
0.8712601
0.8530666
0.6999203
0.8830746
0.9563375
0.9038051
1.116211
1.033069
0.9414858
0.9905237
0.878513
1.021642
0.9716347
0.9146039
0.9946889
0.9859641
0.9811919
0.9762431
0.8064507
1.006748
0.8077018
1.050918
0.9059458
1.00283
0.8477574
0.9782781
0.9784487
0.8855933
0.8981949
1.072277
1.007509
1.043387
1.001941
1.023259
0.8912723
1.046661
0.9340223
1.070846
1.011773
0.9132547
1.018393
1.08267
0.9430454
0.9084345
0.849283