0.1165936
-0.9804155
-1.011753
-0.7710752
-0.8983877
-1.049643
-1.000911
-0.8621588
-1.06632
-1.008146
-1.033078
-1.054203
-0.9943501
-1.022011
-0.8429911
-1.039142
-0.8349585
-0.9248999
-0.9613917
-0.9998033
-0.8586385
-0.9266754
-1.023703
-0.8672477
-1.090721
-0.9327304
-0.7889578
-1.015898
-0.9025409
-0.8525054
-0.9121286
-0.9071437
-0.9794909
-0.8476455
-0.8089941
-1.158105
-0.986681
-0.9347148
-0.9228743
-0.8938337
-1.062638
-0.8520053
-0.7311088
-0.9918991
-0.9372683
-0.8255857
-0.868445
-0.9045208
-0.8943734
-0.7407416
-0.8009
-0.920567
-0.8323887
-0.8618652
-0.8459784
-0.7503804
-0.9167351
-0.8468965
-0.9358067
-0.8122798
-0.8810727
-0.940708
-0.8056345
-0.8382058
-0.9415735
-1.081579
-1.020397
-0.7643225
-0.7815956
-0.7934209
-0.8416217
-0.7386541
-0.9351719
-0.783197
-0.899765
-0.8559271
-0.8371983
-0.9077674
-0.9074191
-0.7896953
-0.7042723
-0.9108492
-0.798029
-0.8684275
-0.8097178
-0.8551962
-0.8897413
-0.8317418
-0.7882872
-0.7499853
-0.8675656
-0.8568965
-0.8258365
-0.7974224
-0.8285798
-0.9459184
-0.6647567
-0.6828761
-0.8912513
-0.6792808
-0.7231337
-0.8881368
-0.9080274
-0.8228223
-0.8282823
-0.7268111
-0.746723
-0.6823971
-0.7524747
-0.9048781
-0.8413592
-0.8214149
-0.6728098
-0.7662252
-0.7987985
-0.6588588
-0.7170839
-0.7581476
-0.8766527
-0.6546642
-0.850082
-0.7468128
-0.7473692
-0.7437664
-0.7129719
-0.8295049
-0.7026791
-0.6901491
-0.8037156
-0.7350405
-0.7125335
-0.7387123
-0.8152575
-0.7847328
-0.72741
-0.5775851
-0.8142343
-0.728731
-0.6706465
-0.8146978
-0.750274
-0.7117713
-0.8325168
-0.7305179
-0.6781637
-0.7779944
-0.8024061
-0.6164844
-0.725577
-0.6851617
-0.7153727
-0.6023413
-0.6255812
-0.7500809
-0.5861142
-0.7267181
-0.6979213
-0.658524
-0.8118179
-0.6932198
-0.6553777
-0.7425711
-0.62954
-0.7636262
-0.6960811
-0.7017464
-0.7106021
-0.7081563
-0.6688891
-0.6616152
-0.7323951
-0.5579587
-0.707656
-0.659551
-0.5476113
-0.6086725
-0.5217202
-0.6983379
-0.601774
-0.8035412
-0.5416928
-0.6106404
-0.5508585
-0.6511562
-0.5491051
-0.4843165
-0.7772564
-0.6479099
-0.5440462
-0.5287287
-0.7060142
-0.569515
-0.6244722
-0.6807622
-0.6758193
-0.7787855
-0.6230626
-0.591172
-0.6005176
-0.6792995
-0.6915047
-0.4716778
-0.6790885
-0.6224402
-0.6272996
-0.6224714
-0.5398236
-0.7627468
-0.5773836
-0.6315594
-0.5758527
-0.5593133
-0.7039263
-0.608713
-0.7045574
-0.5809014
-0.6413362
-0.519792
-0.5343632
-0.5277086
-0.5858234
-0.5161867
-0.6900198
-0.6111637
-0.5086032
-0.5621222
-0.6201361
-0.6227669
-0.5247151
-0.4322995
-0.6425792
-0.4410916
-0.3626798
-0.3604273
-0.4637313
-0.7173439
-0.6612979
-0.3350752
-0.4404545
-0.5078717
-0.5412426
-0.5287833
-0.6304613
-0.6972949
-0.5093555
-0.5042945
-0.4711197
-0.4088131
-0.4246916
-0.6148475
-0.4950889
-0.339979
-0.5919741
-0.4197422
-0.357603
-0.5185271
-0.6137855
-0.3676242
-0.4141536
-0.3904165
-0.4752912
-0.4587634
-0.3774303
-0.4480189
-0.6372086
-0.5210054
-0.481007
-0.551966
-0.2231622
-0.5648563
-0.4637537
-0.4980093
-0.3544941
-0.2469516
-0.373154
-0.4164921
-0.466813
-0.3891939
-0.2884148
-0.5573981
-0.4042148
-0.4300355
-0.4288389
-0.5103149
-0.2376582
-0.4036592
-0.260196
-0.4804024
-0.4722386
-0.5743475
-0.3669891
-0.4376397
-0.3824474
-0.2826069
-0.3331417
-0.4211011
-0.4216448
-0.5184897
-0.35805
-0.3967423
-0.4489749
-0.4745069
-0.3814323
-0.4062549
-0.4578919
-0.4654367
-0.2372542
-0.4495111
-0.4149163
-0.3070188
-0.3886548
-0.3559733
-0.3312329
-0.2339747
-0.2742973
-0.08977172
-0.4530549
-0.3687602
-0.3418409
-0.4497314
-0.4641253
-0.4435701
-0.4154266
-0.2133104
-0.1949767
-0.229745
-0.40593
-0.4620215
-0.4868797
-0.3675367
-0.4000613
-0.2492928
-0.4255875
-0.2527631
-0.3940142
-0.2830493
-0.4343716
-0.291766
-0.1725283
-0.2546184
-0.1232454
-0.1888322
-0.2057845
-0.3533578
-0.4789698
-0.2425588
-0.3099036
-0.3245523
-0.2083176
-0.3851275
-0.2534848
-0.2453253
-0.1242209
-0.05931822
-0.2915719
-0.4260134
-0.2634831
-0.1243738
-0.3542282
-0.3805601
-0.4797125
-0.1931445
-0.3318032
-0.3194539
-0.2749768
-0.4073291
-0.3451249
-0.3093116
-0.1647102
-0.2102049
-0.4327104
-0.3323505
-0.03933317
-0.2182519
-0.2253897
-0.2065185
-0.2904234
-0.2905515
-0.2995595
-0.2687034
-0.2462154
-0.2275381
-0.3427994
-0.208148
-0.2901112
-0.2045321
-0.08158656
-0.1956329
-0.0689201
-0.2914656
-0.2827883
-0.1597795
-0.137619
-0.1940053
-0.2006645
-0.1105257
-0.2514301
-0.2720122
-0.1626205
-0.1409607
-0.2340239
-0.2366749
-0.2692538
-0.2317079
-0.1729392
-0.2244221
-0.2586483
-0.2145847
-0.2853522
-0.05555307
-0.2493502
-0.1997075
-0.2063399
-0.1529654
-0.1264753
-0.1684656
-0.08531698
-0.001947423
-0.1985194
-0.1774199
-0.1730097
-0.1498899
-0.1763585
0.021663
-0.2542226
-0.1936248
-0.1990288
-0.08411258
-0.1607083
-0.1648589
-0.1646039
-0.08865328
0.03411382
-0.2227974
-0.2024273
-0.1922153
-0.2753388
-0.07793753
-0.1452014
-0.2580411
-0.1325094
-0.05433198
-0.1117702
-0.02343992
-0.0251169
-0.1342902
-0.004699429
-0.123462
0.02454118
-0.07651493
0.04683729
-0.1531455
-0.1722647
-0.1276553
0.0501766
0.005667475
-0.09581169
-0.04873709
-0.156593
0.007634602
0.05320418
-0.06167166
0.00522906
-0.0900228
0.05822189
-0.0764969
-0.1412907
0.0838388
-0.1332136
-0.1059203
-0.124339
-0.1351006
0.05438078
-0.008213341
0.0303518
-0.1360135
0.00451133
-0.08763213
0.006299772
-0.1336214
-0.1039648
-0.1002522
-0.05516956
-0.09151876
0.06429591
-0.06014809
-0.08445858
-0.03233604
-0.03818104
-0.02892822
0.007079488
-0.1332341
-0.00915719
0.1306553
-0.007884049
-0.05601625
-0.05924996
0.1189308
-0.02583041
0.122753
-0.2267633
-0.2187231
-0.06487664
-0.0370353
0.0660336
0.0224434
-0.05929912
-0.06951754
-0.104536
0.04641475
-0.138782
-0.01079858
-0.01608953
0.1340616
0.07731116
-0.1006266
-0.003196815
0.1278108
-0.1611455
-0.003154062
0.05322602
0.0409499
0.1005424
-0.1240889
0.1178204
-0.06440163
-0.01539673
-0.004088416
0.01118225
-0.1269648
0.1279433
0.0362049
-0.05577489
-0.05331123
0.2830311
-0.04577433
0.01621212
0.03318775
0.1440793
0.2126961
-0.003338422
0.03360525
-0.04856053
0.01822219
-0.06957956
0.1512524
0.07385615
0.1150849
0.1136239
0.1253029
0.1492485
0.2078448
0.2076511
-0.09821302
0.2209702
0.1835612
0.3448276
0.1953667
0.4247921
0.1799381
0.1063868
0.06504609
0.2547824
0.1870778
0.1171985
0.1632416
0.03745612
0.005289438
0.05651546
0.1462428
0.1103488
0.1071993
0.1525871
0.1300273
0.08684717
0.1872663
0.2224948
0.224147
0.1583656
0.04356159
0.1145592
0.02605353
0.08551104
0.2170801
0.1093423
0.07858579
0.118014
0.1240017
-0.01546787
0.1734747
0.2436309
0.2320812
0.1917766
0.2663719
0.2923907
0.2153379
0.236048
0.18035
0.2330107
0.1324605
0.06558162
0.2485104
0.1338891
0.3009833
0.1442948
0.1407412
0.3310612
0.2281817
0.2242991
0.3443651
0.3299512
0.1453146
0.2662713
0.1161831
0.08820768
0.2426015
0.2933463
0.1140315
0.1114583
0.1605484
0.2117706
0.1807738
0.1248122
0.1756432
0.3345354
0.04029953
0.3223712
0.2999353
0.2230804
0.331098
0.1998666
0.1558351
0.2905015
0.2210827
0.1250876
0.1720619
0.1431053
0.3399341
0.3621798
0.2273752
0.3533536
0.3863898
0.3406235
0.4474113
0.3000842
0.2455975
0.3554681
0.3407963
0.1600037
0.2197766
0.3284482
0.3243161
0.3048384
0.2903938
0.3565
0.2565778
0.2502321
0.3262673
0.2380258
0.2680557
0.3236491
0.2069436
0.4259711
0.3818777
0.3314221
0.4935694
0.2590671
0.4128537
0.1792262
0.3668964
0.3760534
0.3002398
0.3834207
0.3506954
0.2023133
0.3164687
0.3191669
0.3540074
0.3873991
0.3060652
0.3403025
0.3795162
0.3015278
0.4450951
0.567674
0.4612957
0.1647406
0.3648086
0.4106414
0.5017315
0.2657332
0.4528447
0.2294585
0.4616572
0.2486615
0.2878564
0.4515752
0.4284868
0.5230786
0.4004195
0.4091819
0.4029837
0.3967507
0.4845896
0.359389
0.4692458
0.4185371
0.4317986
0.5265146
0.4512227
0.4461735
0.4112496
0.4690874
0.4041181
0.524031
0.4056621
0.3651566
0.4245757
0.371382
0.4962706
0.4603831
0.4726197
0.3981546
0.3963984
0.5189073
0.4731197
0.4164361
0.5201911
0.5208462
0.543071
0.4883038
0.5105452
0.5827486
0.5245263
0.6535337
0.5705632
0.5020034
0.4278489
0.5690985
0.5161858
0.5693253
0.5695055
0.4907179
0.3403182
0.3752806
0.409094
0.4835394
0.5534137
0.5319835
0.4888851
0.5066305
0.509371
0.4896909
0.4836541
0.5188233
0.5073445
0.3733963
0.488382
0.5331105
0.497668
0.5846409
0.5216691
0.573948
0.6497579
0.5170527
0.5310018
0.3652754
0.5556108
0.5152961
0.5826722
0.5383856
0.4092285
0.5791818
0.5592919
0.6266577
0.587247
0.3614273
0.5969008
0.5415734
0.5919884
0.6911406
0.6174622
0.6303469
0.6313031
0.6767007
0.5154498
0.7293957
0.5480513
0.5917184
0.4518665
0.730949
0.5386181
0.5961113
0.5533333
0.503606
0.5518033
0.6319483
0.7321676
0.6608788
0.6552007
0.4554529
0.3842536
0.5816326
0.538026
0.5716765
0.6864882
0.6135304
0.7039302
0.4839281
0.5218963
0.6613482
0.6501976
0.6175769
0.5558713
0.5136872
0.4557211
0.729359
0.7934745
0.6302839
0.6633006
0.7099662
0.6833044
0.6200597
0.6778289
0.6131476
0.6968335
0.7128654
0.6460115
0.6608535
0.6002458
0.4353237
0.6616613
0.6863631
0.7069065
0.7287276
0.663054
0.5872833
0.6847885
0.5794302
0.8438324
0.5324335
0.7292862
0.7703603
0.701174
0.7823822
0.6290233
0.5584973
0.8400262
0.7067996
0.7032739
0.622168
0.6790171
0.9472342
0.6120316
0.5939334
0.7647925
0.6899217
0.791768
0.7120699
0.7827894
0.6859578
0.6918323
0.7419441
0.7980742
0.6010998
0.8814298
0.7497265
0.7008804
0.6528042
0.7470141
0.6222096
0.8299274
0.6768894
0.7048089
0.8626271
0.7765494
0.8874675
0.8662001
0.7508829
0.6591672
0.7417842
0.7568684
0.7743955
0.7292428
0.7073717
0.7128883
0.9461455
0.7175485
0.6235909
0.6715003
0.8225622
0.8699455
0.807054
0.8400093
0.7213889
0.7833617
0.7663416
0.8824743
0.7887185
0.7752465
0.8626448
0.8404372
0.9901782
0.65369
0.7709609
0.6803268
0.7958088
0.839064
0.8344779
0.794912
0.8089463
0.9506071
0.8185723
0.7504418
0.7578767
0.792864
0.8003387
0.80504
0.8710711
0.8613314
1.007427
0.8232793
1.029724
0.7534151
0.75996
0.5878118
0.7046847
0.8641332
0.7844496
0.8743218
0.7607908
0.8461988
0.9100195
0.9374852
0.824617
0.8455291
1.129053
0.6700608
0.884816
0.9676339
0.88138
0.8606131
0.8776005
0.9356678
0.8582054
0.98288
0.79816
0.8740685
0.8467481
0.9429984
0.9771008
0.8541799
0.7886828
0.935367
0.8894969
0.9241406
0.8450791
0.9901269
1.005177
0.9754847
0.9651867
0.7646345
0.9185514
0.9129525
1.003152
0.9494555
0.917475
0.8476386
0.9718544
0.9462102
0.8184168
0.9222497
0.8260959
0.9494946
0.8089744
0.9560314
1.039745
1.027658
1.010347
0.9557807
0.9173572
1.045763
1.045521
1.109923
0.9921579
1.035443
0.9374006
0.9013956
0.8860616
1.073573
0.9068112
0.8037578
0.9390077
0.8860381
1.078266
0.9654287
0.9704492
0.9869902
0.9253909
0.9176108
0.9913875