0.1219759
-0.9616636
-1.017172
-0.7668943
-0.9091257
-1.084067
-0.9972239
-0.8649083
-1.071306
-1.001961
-1.025151
-1.084096
-0.9801743
-1.011568
-0.848947
-1.037816
-0.8315942
-0.9250399
-0.974465
-1.021558
-0.8481497
-0.9246594
-1.036026
-0.8763884
-1.091721
-0.9288465
-0.7875242
-1.040328
-0.9025365
-0.8638873
-0.9163919
-0.9092141
-0.9676094
-0.8482015
-0.8006395
-1.161533
-1.00569
-0.9413414
-0.9036302
-0.8849272
-1.071953
-0.8559166
-0.7326097
-0.9917343
-0.9333762
-0.8267484
-0.9041058
-0.8729483
-0.8912575
-0.7416417
-0.7805282
-0.9281768
-0.8381334
-0.8664254
-0.8530413
-0.7399624
-0.916257
-0.8285085
-0.9507239
-0.8138112
-0.8904907
-0.9294529
-0.7923997
-0.8347284
-0.9076484
-1.071868
-1.023917
-0.7522556
-0.772763
-0.8113101
-0.8235402
-0.7013427
-0.9167569
-0.7795779
-0.9153015
-0.8689905
-0.8242234
-0.8973475
-0.8880212
-0.7905951
-0.707536
-0.9133336
-0.8123243
-0.8551577
-0.808749
-0.8703103
-0.8914263
-0.8221282
-0.7858311
-0.7617109
-0.8705259
-0.8596789
-0.8637794
-0.7942365
-0.8397295
-0.9601497
-0.6656434
-0.6619543
-0.8849424
-0.675655
-0.725014
-0.87875
-0.9077809
-0.8284497
-0.8295683
-0.7316328
-0.7535406
-0.6885334
-0.7487995
-0.8911971
-0.8370252
-0.8003888
-0.6771315
-0.7640347
-0.7998412
-0.6514626
-0.7442412
-0.748678
-0.8847229
-0.6339767
-0.8461826
-0.7690117
-0.7480611
-0.7554515
-0.705766
-0.8257701
-0.696824
-0.7058627
-0.8123419
-0.7237249
-0.7258487
-0.7483495
-0.8133461
-0.7715204
-0.7199705
-0.5594646
-0.7908252
-0.7457693
-0.6831272
-0.8268687
-0.7548974
-0.7067806
-0.8528343
-0.7402623
-0.6597009
-0.7636777
-0.8034496
-0.6214906
-0.72138
-0.6645507
-0.7040996
-0.5880672
-0.610631
-0.7542925
-0.5914906
-0.741765
-0.6701871
-0.6704513
-0.8149072
-0.705208
-0.6613789
-0.7488605
-0.606202
-0.7850218
-0.6922439
-0.7017691
-0.670043
-0.7201846
-0.6761191
-0.6805488
-0.7277224
-0.5502672
-0.7176259
-0.6614804
-0.5548304
-0.6226115
-0.5061411
-0.7022763
-0.6020262
-0.7965001
-0.5568952
-0.5917959
-0.5675043
-0.6566894
-0.5589844
-0.5036785
-0.7698434
-0.643072
-0.5409313
-0.5217446
-0.7145957
-0.5523909
-0.6053465
-0.6800422
-0.6912099
-0.7622977
-0.6462914
-0.5934441
-0.6305984
-0.6916524
-0.6963159
-0.4831082
-0.6790638
-0.6130259
-0.6411719
-0.6253064
-0.5211921
-0.7527972
-0.5805719
-0.6261297
-0.5998468
-0.565171
-0.6958208
-0.6136237
-0.7066586
-0.5910166
-0.6353716
-0.5173527
-0.5186088
-0.5288565
-0.6064956
-0.5352704
-0.6896123
-0.6275504
-0.505546
-0.5494746
-0.6395874
-0.6485611
-0.5362112
-0.4375808
-0.6284569
-0.4221419
-0.3767591
-0.3254617
-0.4512582
-0.7219561
-0.6616184
-0.3453696
-0.4322566
-0.5079014
-0.5385723
-0.515984
-0.6401218
-0.6822189
-0.5377588
-0.5150577
-0.4827233
-0.4270222
-0.4390828
-0.6183391
-0.5073423
-0.3326074
-0.5722124
-0.4244738
-0.3672347
-0.5168474
-0.6326543
-0.3736946
-0.442831
-0.3773827
-0.4703051
-0.4662141
-0.357053
-0.4715569
-0.6188108
-0.511896
-0.4795504
-0.572931
-0.2444198
-0.565614
-0.4364156
-0.4889075
-0.3421757
-0.2688338
-0.3457512
-0.4299616
-0.4519015
-0.4072902
-0.3028382
-0.551233
-0.3981128
-0.4266737
-0.4263542
-0.5193495
-0.2621801
-0.4081392
-0.2717196
-0.4697899
-0.468106
-0.577634
-0.36301
-0.4283168
-0.36756
-0.2698315
-0.3333283
-0.4207562
-0.4252027
-0.5084817
-0.3638024
-0.3678947
-0.4236751
-0.4713235
-0.3725546
-0.4161076
-0.4586094
-0.4766816
-0.2382585
-0.4578486
-0.4092253
-0.313657
-0.3890797
-0.3569738
-0.3298185
-0.2361962
-0.265015
-0.08476227
-0.4535079
-0.3581476
-0.3476416
-0.4324913
-0.4586404
-0.4216624
-0.3984938
-0.1789225
-0.215144
-0.2308459
-0.409752
-0.451331
-0.4697625
-0.3477681
-0.3915019
-0.2421337
-0.4190471
-0.2516894
-0.3824778
-0.2918211
-0.4200511
-0.2914192
-0.1949283
-0.2565682
-0.1182601
-0.1932971
-0.1880984
-0.3657013
-0.4902305
-0.2563899
-0.300567
-0.3071692
-0.2077607
-0.4080438
-0.2564574
-0.2610944
-0.1166673
-0.06567964
-0.2995025
-0.4147585
-0.2792678
-0.1254618
-0.3254702
-0.378649
-0.4580084
-0.1892612
-0.3423915
-0.3298963
-0.2966222
-0.4178115
-0.3402233
-0.3126234
-0.153778
-0.2005549
-0.43306
-0.3274195
-0.05032383
-0.2193026
-0.243259
-0.2214414
-0.2847361
-0.3052249
-0.2942928
-0.2729827
-0.2489378
-0.2237347
-0.3274172
-0.232882
-0.2810534
-0.2213344
-0.08566816
-0.1976461
-0.05808689
-0.3075457
-0.2972978
-0.1932554
-0.1158452
-0.1606188
-0.2288157
-0.1077082
-0.2252084
-0.2652345
-0.1818703
-0.1410824
-0.240192
-0.2506448
-0.2784594
-0.2590668
-0.1736024
-0.2152182
-0.256041
-0.2216445
-0.3024964
-0.05653064
-0.2494173
-0.1960679
-0.1892618
-0.171574
-0.1159665
-0.1568211
-0.07976178
0.003077039
-0.186901
-0.1654989
-0.1664002
-0.1378917
-0.166662
0.01089268
-0.2555529
-0.205035
-0.1988098
-0.06645205
-0.1555878
-0.1561084
-0.1563598
-0.083002
0.04246952
-0.227888
-0.2113095
-0.1655176
-0.2797712
-0.07396526
-0.1473978
-0.2546701
-0.1225481
-0.06710816
-0.09756935
-0.003862974
-0.04395867
-0.1663775
-0.01118904
-0.1339596
0.02389051
-0.0540498
0.02521892
-0.125157
-0.1743878
-0.1417559
0.03203538
0.008262007
-0.09347037
-0.04139704
-0.178807
-0.002662376
0.03312542
-0.06458533
-0.03143763
-0.08093373
0.0572952
-0.07978626
-0.1436809
0.1017563
-0.131279
-0.08643376
-0.1341592
-0.1377557
0.06595118
0.009560615
0.06253974
-0.1173511
0.002012991
-0.08759038
0.005603
-0.1520127
-0.1115385
-0.08977576
-0.04918389
-0.103592
0.05639696
-0.05167148
-0.08010853
-0.02129083
-0.04627632
-0.03785771
0.01529051
-0.1388546
-0.02059133
0.1324653
-0.005814889
-0.06790825
-0.06244578
0.1099233
-0.01405987
0.1335838
-0.2233067
-0.2379162
-0.07122887
-0.02478942
0.0655109
0.02977158
-0.08349065
-0.06725863
-0.09426076
0.03548724
-0.1386843
0.001644996
0.006216885
0.1511787
0.08552277
-0.07849986
0.01143207
0.1200661
-0.1668867
-0.004895621
0.05193697
0.05845499
0.1297353
-0.145533
0.114842
-0.07639895
-0.01444349
-0.01502657
-0.006775173
-0.1235109
0.1292029
0.05313818
-0.05804454
-0.05956078
0.296674
-0.02755076
0.01149611
0.02888795
0.133965
0.2221297
-0.02285585
0.01909408
-0.05495633
0.0148562
-0.08438926
0.1495271
0.05011429
0.1039723
0.1219717
0.1181825
0.1513286
0.2159159
0.1980235
-0.09822001
0.2247102
0.1798254
0.3263377
0.1821953
0.3933469
0.172283
0.1207195
0.0754093
0.2671999
0.1572361
0.1142442
0.1807364
0.03432735
-0.01228021
0.04914629
0.1503375
0.1297231
0.1027187
0.1342935
0.124566
0.1036717
0.1744699
0.2291524
0.1934388
0.1455735
0.05581684
0.1081075
0.02130602
0.090002
0.1857808
0.08087376
0.09834176
0.1432059
0.1501937
-0.01350153
0.1760704
0.2346832
0.2345585
0.196676
0.2589888
0.2916648
0.2287314
0.2247019
0.1801773
0.2306911
0.1352067
0.04534976
0.2471454
0.1106871
0.2987513
0.1551141
0.155869
0.3133924
0.2474073
0.234185
0.3102583
0.3294933
0.1541832
0.237856
0.0970786
0.07977039
0.2385991
0.2954705
0.1257113
0.1173138
0.1706831
0.2420242
0.1814748
0.1287089
0.1598514
0.3315436
0.05546936
0.3137241
0.2958438
0.2298317
0.3394602
0.1796503
0.1579487
0.3122032
0.211884
0.1064329
0.1936362
0.1527864
0.3375042
0.3755198
0.2365593
0.3652612
0.3724698
0.3580545
0.4415246
0.3041078
0.2559832
0.3660284
0.3588313
0.1677226
0.2000599
0.3601711
0.3374042
0.3013476
0.2805464
0.3463015
0.2714973
0.2541228
0.3163456
0.2629051
0.2826489
0.3100877
0.2200305
0.4501122
0.3629224
0.3358632
0.4956073
0.2429441
0.4166308
0.1756712
0.3822392
0.3791621
0.3121414
0.382658
0.3410184
0.212116
0.3085493
0.3275759
0.3607231
0.4098975
0.284364
0.3371805
0.3816411
0.3221007
0.4660985
0.5414454
0.4441343
0.1626147
0.3492626
0.4187755
0.5059182
0.2638127
0.4580567
0.2483694
0.4869178
0.2715391
0.2765012
0.4654216
0.4283984
0.5200553
0.4017557
0.420287
0.3954524
0.3806386
0.4878758
0.3569089
0.4923135
0.4190655
0.4169997
0.5305699
0.4568034
0.4385548
0.4364478
0.462324
0.4051514
0.5255813
0.3966671
0.3412308
0.4319173
0.392805
0.497622
0.4578519
0.482775
0.4045273
0.382071
0.4987584
0.4627401
0.4073609
0.5460805
0.528534
0.5592064
0.4899818
0.5061104
0.5820953
0.5271774
0.6603941
0.5557229
0.4882166
0.4217385
0.5901863
0.503914
0.5722297
0.5663905
0.4904124
0.3549537
0.3662932
0.4280291
0.4931211
0.5567652
0.5259472
0.4921505
0.4938473
0.5107191
0.5147065
0.4858641
0.5070827
0.4934892
0.3750863
0.4977302
0.52114
0.5113163
0.5941985
0.5165151
0.5481701
0.6367536
0.5340041
0.5513992
0.3759002
0.5771344
0.5030337
0.5900478
0.550097
0.4035077
0.6004923
0.5539869
0.6112411
0.5730844
0.3582998
0.5819102
0.5591891
0.5934605
0.7024817
0.6023409
0.6384001
0.6341588
0.6768559
0.5084742
0.7172612
0.536757
0.590046
0.4537106
0.7289989
0.5344139
0.5861531
0.5592158
0.4973663
0.5362765
0.6230468
0.7345479
0.6682987
0.6642584
0.4669727
0.3896325
0.593365
0.5579219
0.5646331
0.7048425
0.6159374
0.7042154
0.4766435
0.535542
0.6782552
0.6557158
0.6322726
0.5547213
0.5035649
0.4706298
0.6865375
0.7971465
0.6351849
0.6600803
0.7229399
0.6886899
0.5979453
0.6881047
0.5962309
0.7011051
0.730437
0.6370703
0.633366
0.6186721
0.4371458
0.6547991
0.6872089
0.6989488
0.7414232
0.6525346
0.6081377
0.6941323
0.5811857
0.8515536
0.5538929
0.7285185
0.7695229
0.6898401
0.8033635
0.6465397
0.5674614
0.8220857
0.6981845
0.6922525
0.6212189
0.6654764
0.9306447
0.6190662
0.6007881
0.7655059
0.6699402
0.790012
0.7098328
0.7981923
0.6972388
0.7022161
0.75798
0.7704172
0.6021185
0.8604224
0.7515333
0.690831
0.6512095
0.7580552
0.6253311
0.8261064
0.6772256
0.6861589
0.8726762
0.743788
0.8739666
0.8654701
0.7650316
0.6549353
0.7502716
0.7302792
0.7839899
0.7271134
0.7018561
0.7100406
0.9322658
0.7391082
0.6644727
0.6750865
0.8079832
0.8247262
0.8063465
0.8135092
0.7294934
0.747799
0.7786052
0.8540494
0.7987924
0.7748523
0.8505248
0.839191
0.9748692
0.6443237
0.7650265
0.7049105
0.769961
0.8325633
0.8482496
0.8229935
0.8044677
0.9377145
0.8049943
0.7856137
0.7621278
0.8035458
0.8042759
0.7735872
0.8577239
0.8643781
0.98248
0.8140921
1.01763
0.763579
0.7638728
0.5997018
0.7047653
0.8475632
0.7786485
0.8853473
0.7591585
0.8291055
0.8895794
0.9401572
0.8228497
0.849252
1.111776
0.6923637
0.8849099
0.9628788
0.8796704
0.8667229
0.8797325
0.9430476
0.8486529
0.985358
0.8028324
0.8585901
0.8760777
0.951641
0.9824931
0.8562282
0.7919759
0.9158624
0.9090435
0.9128425
0.843872
0.9765454
0.9873085
0.9778807
0.9461913
0.7773534
0.9271104
0.9108713
0.9983064
0.9560017
0.948786
0.8504398
0.972727
0.9330659
0.8156078
0.8983204
0.8148461
0.973078
0.810997
0.966729
1.05275
1.023871
1.011336
0.9353589
0.9118265
1.058532
1.032258
1.111063
0.9944135
1.018107
0.9481081
0.8988758
0.8949456
1.06426
0.9118048
0.7903537
0.918663
0.8962863
1.066189
0.9457168
0.9654505
0.965918
0.9396635
0.9122817
0.9999967