0.03647121
-0.9718072
-1.0218
-0.9548293
-1.047762
-0.9400746
-0.9905346
-1.02133
-1.145718
-0.9976081
-0.935821
-0.949763
-1.008937
-0.9607021
-0.9602603
-0.9580721
-0.9209521
-0.8523077
-0.9820364
-0.9415121
-1.014984
-0.973636
-0.8530555
-0.8935478
-1.101592
-0.8559837
-0.9140359
-0.9648152
-1.040153
-0.9390768
-0.9266791
-0.9221041
-0.8799901
-1.001244
-0.8883045
-0.8886417
-0.9272889
-0.821051
-0.9114319
-0.9264235
-0.6741218
-0.7448184
-0.8678698
-0.913826
-0.9841672
-0.7917978
-0.988265
-0.9250335
-0.943369
-0.9340392
-0.8457168
-1.027099
-1.027024
-0.6983624
-0.7480156
-0.8090181
-0.8753981
-0.9942791
-0.8558353
-0.8291593
-0.7150465
-0.8331102
-0.9478568
-0.9533341
-0.8896494
-0.8396457
-0.939892
-0.8252409
-0.8700472
-0.805274
-0.7962496
-0.6301344
-0.7411629
-0.9870082
-0.9968077
-0.8612025
-0.8090543
-1.026122
-0.7377982
-0.8523632
-0.8399314
-0.8543231
-0.9002656
-0.8517768
-0.8251051
-0.8032758
-0.6527114
-0.8827259
-0.7727596
-0.9140063
-0.8468389
-0.8195232
-0.7275324
-0.8816072
-0.7404702
-0.7199353
-0.7123359
-0.8464534
-0.7426217
-0.8225664
-0.8036697
-0.7430227
-0.7919896
-0.8941028
-0.902028
-0.9134264
-0.7335645
-0.7188533
-0.8964291
-0.7063539
-0.8743364
-0.7843801
-0.7992693
-0.7223339
-0.6927643
-0.7739473
-0.6933137
-0.7093026
-0.8726586
-0.7307474
-0.8109278
-0.7432587
-0.8531468
-0.8007931
-0.7319182
-0.611633
-0.7241514
-0.9252131
-0.7319455
-0.7150801
-0.7000203
-0.5633714
-0.758513
-0.8325233
-0.7530476
-0.7586598
-0.6923452
-0.502457
-0.5338622
-0.6941237
-0.7484685
-0.6611503
-0.7762221
-0.7949324
-0.7944164
-0.7238526
-0.6037528
-0.689077
-0.6332424
-0.6734881
-0.6972879
-0.6839173
-0.7180786
-0.63783
-0.7239474
-0.62826
-0.7597591
-0.6584388
-0.6000703
-0.5580925
-0.6074435
-0.5952128
-0.5575249
-0.6173011
-0.6506179
-0.6593275
-0.6396846
-0.6495748
-0.835893
-0.5829517
-0.6498808
-0.6243149
-0.6734082
-0.6897227
-0.6049555
-0.7516148
-0.6695504
-0.7652216
-0.6533193
-0.7944765
-0.4972682
-0.6680451
-0.5729826
-0.6893549
-0.5802275
-0.5679131
-0.5177096
-0.616059
-0.6844677
-0.5754489
-0.6739269
-0.5818335
-0.6534279
-0.6968063
-0.675817
-0.5217427
-0.5772311
-0.5329247
-0.4979507
-0.5127294
-0.6275212
-0.5738687
-0.6765357
-0.5437845
-0.6408324
-0.7425492
-0.6236828
-0.7744112
-0.4768962
-0.4713646
-0.5459867
-0.5711513
-0.5540535
-0.5231704
-0.6282466
-0.6063771
-0.5362031
-0.5511663
-0.5443555
-0.6644016
-0.3739841
-0.5451958
-0.564041
-0.5268956
-0.6405448
-0.5405421
-0.5543617
-0.7325082
-0.5132396
-0.5328982
-0.5535505
-0.5638898
-0.5246429
-0.4642535
-0.6589511
-0.526418
-0.7125421
-0.4805202
-0.5431529
-0.6545576
-0.6411826
-0.5265532
-0.5192978
-0.4974588
-0.6112743
-0.6151173
-0.468936
-0.4786564
-0.5412853
-0.3958978
-0.4317765
-0.5291144
-0.6418717
-0.4924412
-0.5170395
-0.4661204
-0.4591487
-0.6661545
-0.5227432
-0.4793684
-0.4340209
-0.4939884
-0.5865848
-0.5179804
-0.2723675
-0.4444407
-0.4460484
-0.4801617
-0.4882993
-0.3863311
-0.3721145
-0.3188635
-0.4070678
-0.6389242
-0.5665057
-0.4010309
-0.4223833
-0.5048908
-0.4139084
-0.4142188
-0.5417916
-0.3985386
-0.5211187
-0.3493176
-0.5029614
-0.5743517
-0.3197023
-0.4540732
-0.3481782
-0.464894
-0.285814
-0.4443997
-0.5482387
-0.3502314
-0.3297669
-0.4306647
-0.4463169
-0.5230898
-0.3425023
-0.3622585
-0.4007788
-0.4718098
-0.4133444
-0.4734941
-0.4219827
-0.4423582
-0.3091957
-0.502995
-0.4930895
-0.4241065
-0.3121799
-0.4915585
-0.3743413
-0.4722018
-0.4262111
-0.3401992
-0.4416722
-0.5019157
-0.2224101
-0.3584551
-0.3035645
-0.2891942
-0.4158023
-0.3672003
-0.3103116
-0.5140578
-0.498163
-0.176585
-0.2693379
-0.2888091
-0.2906007
-0.3580946
-0.3552447
-0.3154188
-0.1848787
-0.3774967
-0.4525112
-0.2434721
-0.3202734
-0.3204827
-0.3106922
-0.3729368
-0.3909876
-0.4164472
-0.30627
-0.2726601
-0.2963829
-0.2160489
-0.2418393
-0.3556159
-0.2961092
-0.353594
-0.3582382
-0.240717
-0.2220243
-0.2322026
-0.2255858
-0.2508864
-0.3078757
-0.2894863
-0.2780594
-0.2554924
-0.261416
-0.4068427
-0.2844799
-0.1510333
-0.2713172
-0.3292963
-0.2434143
-0.4337099
-0.1666771
-0.250456
-0.2275393
-0.3724833
-0.404426
-0.2360318
-0.2701353
-0.2471067
-0.3028989
-0.2373753
-0.06569257
-0.1285475
-0.4618576
-0.3051905
-0.3730237
-0.2681216
-0.0948233
-0.1951155
-0.2741276
-0.2335036
-0.2274021
-0.1206136
-0.1926052
-0.2080153
-0.3941797
-0.368741
-0.3188074
-0.3078924
-0.194313
-0.2394748
-0.09751275
-0.06963529
-0.2530824
-0.3396134
-0.1316047
-0.1669763
-0.1371598
-0.1487847
-0.1669083
-0.1075979
-0.1751646
-0.08345643
-0.1553084
-0.1651215
-0.1580114
-0.1341437
-0.2179438
-0.1222682
-0.03698724
-0.2024581
-0.1257697
-0.3098149
-0.2126937
-0.1845434
-0.1530978
-0.06489928
-0.1418048
-0.1647532
-0.06878298
-0.0621849
-0.110941
-0.05856084
-0.2158223
-0.04560965
-0.09785309
0.03441663
-0.1197393
-0.09956314
-0.1701701
-0.09767977
-0.1014922
-0.1804488
-0.2846625
-0.1836329
-0.2300396
-0.1828165
-0.2316532
-0.251211
-0.09878262
-0.03471246
0.04261768
-0.157418
-0.1952604
-0.06398078
-0.0834054
0.0216383
0.007563259
-0.1398328
0.002094048
-0.09177579
-0.07555023
-0.09846988
-0.1397922
-0.03172633
-0.03502347
-0.1367893
-0.1603451
0.008705703
-0.1398326
-0.06866289
-0.05516077
-0.09955549
0.06274704
-0.1119878
0.03885226
-0.04759263
-0.1426586
-0.05616229
-0.09013086
-0.01010857
-0.0683988
0.09483559
-0.04002539
-0.08601109
-0.02469172
-0.1643778
0.08608645
-0.03256632
0.1290068
-0.09541722
-0.06228404
-0.04377731
0.0650194
-0.03213204
0.02172147
0.1028965
-0.092776
-0.09302427
0.04501129
0.003970577
-0.09293216
-0.1901316
0.06941432
-0.0238177
-0.07775819
0.07727574
0.002585741
0.2307964
0.1724335
-0.1250178
0.04617968
-0.1068286
0.09053918
-0.04083859
0.09619993
0.112924
0.07773527
0.1984228
0.1184528
-0.0526917
0.00982291
-0.04782351
-0.01254533
0.1199924
0.2072637
0.06032676
-0.09005321
-0.07678964
0.173319
0.09468685
0.1205946
0.02863975
-0.01443574
0.2045821
0.08428558
0.1526976
0.005671894
-0.04697051
-0.03698984
0.2684739
-0.1098963
0.03717941
0.1174394
0.02300488
0.1108914
-0.04624278
0.2361955
0.04439489
0.1230619
0.1349237
0.01054416
0.1362609
0.03763021
-0.004651456
0.1304768
0.1942265
0.1077436
0.106196
0.1594807
0.2469417
0.1855553
0.1490672
0.08129013
0.1606459
-0.02452905
0.1657251
0.09252205
-0.07099599
0.09879256
0.2259303
0.09049759
0.1296742
0.1110373
0.08464986
0.1823036
0.1228183
0.07072893
0.01189372
0.121785
0.1720657
0.1607193
0.3379905
0.2572716
0.1407328
0.2460418
0.1822709
0.1328733
0.1800124
0.1260574
0.13086
0.2298125
0.1242617
0.2325112
0.1490811
0.1913739
0.211181
0.03040623
0.2600175
0.2544365
0.3090583
0.2664427
0.3516849
0.08976495
0.302661
0.1525546
0.3141956
0.1199857
0.317388
0.200727
0.3089676
0.2794946
0.1914181
0.2251625
0.2656734
0.3285895
0.32907
0.3072882
0.177336
0.3028683
0.2320306
-0.00465807
0.2009956
0.1764054
0.1978207
0.2882174
0.331785
0.2706564
0.3398297
0.2582679
0.3718186
0.2495277
0.1961237
0.08879242
0.3495069
0.1588381
0.4389964
0.2895634
0.1848451
0.3521233
0.2370339
0.3138061
0.396127
0.3330473
0.3435948
0.384085
0.3852864
0.1970299
0.1286486
0.2727671
0.1020555
0.2449798
0.2849223
0.3454811
0.2736905
0.3473553
0.2775026
0.2140782
0.3250781
0.2693541
0.2493669
0.4222371
0.1577429
0.3113366
0.3108797
0.3103569
0.3988966
0.2099889
0.3736652
0.2497573
0.2892287
0.2602811
0.3355883
0.2237233
0.2994034
0.2801818
0.421467
0.4914533
0.3539672
0.4279567
0.3641493
0.5135006
0.2342718
0.2990537
0.3335791
0.3906443
0.3710246
0.368369
0.3733544
0.2566249
0.3391362
0.3989888
0.4072779
0.3897249
0.5963746
0.3826314
0.338702
0.3760818
0.4702401
0.3669919
0.5276342
0.415066
0.4997002
0.2997572
0.3661342
0.4529106
0.3426317
0.4060962
0.2868924
0.3082086
0.3409182
0.4151127
0.4519528
0.5733426
0.5013454
0.5380744
0.2926952
0.3565626
0.4755535
0.4149514
0.4095134
0.4756184
0.5276355
0.4484744
0.5859833
0.3542172
0.4616587
0.4250898
0.2950951
0.4961663
0.391248
0.5862539
0.5616961
0.3321576
0.2851712
0.5172216
0.4977395
0.3919969
0.4984115
0.6015614
0.4752149
0.4202654
0.5524187
0.5586762
0.378238
0.4961444
0.5818333
0.3342311
0.5398773
0.6671078
0.4609283
0.4976319
0.5151788
0.6810646
0.4732013
0.3364227
0.6117115
0.6147266
0.6296578
0.532856
0.7463349
0.5502085
0.4932509
0.5810371
0.5688737
0.4944388
0.525508
0.4070606
0.4763088
0.5866945
0.5958932
0.5226146
0.5687172
0.5170932
0.626294
0.621184
0.614261
0.5789821
0.4987863
0.5744289
0.5592087
0.448633
0.5056724
0.4099815
0.4937096
0.7351345
0.5869522
0.5090668
0.5852109
0.6282541
0.6471444
0.5947722
0.5589366
0.6766048
0.5083739
0.4935465
0.6717881
0.4781521
0.5117398
0.4395559
0.6208457
0.5899588
0.637896
0.526485
0.6302761
0.7051724
0.6770639
0.6452362
0.6518517
0.5558609
0.7036437
0.6767089
0.5472468
0.6438453
0.5565506
0.7312731
0.626608
0.6867756
0.7492961
0.6917144
0.6215801
0.6804733
0.544415
0.5375188
0.6547594
0.7075126
0.718028
0.6406631
0.7189963
0.5959589
0.6865834
0.6569481
0.5645921
0.6764986
0.5420543
0.7270691
0.720355
0.7621589
0.766486
0.7925034
0.7179011
0.5707398
0.7627458
0.6731895
0.7325488
0.7386942
0.7290999
0.6473399
0.5528261
0.4969259
0.6617043
0.7199222
0.7870926
0.741727
0.7982601
0.6695501
0.6727664
0.7858555
0.7057655
0.6415881
0.72029
0.8136742
0.7751304
0.6243609
0.7771876
0.7274488
0.6322421
0.6605253
0.8206209
0.7177904
0.809483
0.8999106
0.6816792
0.7039598
0.7516913
0.7397108
0.595858
0.8360387
0.6921362
0.6836762
0.7325874
0.9400838
0.7498819
0.7526253
0.8164944
0.777207
0.7008809
0.8566817
0.7745811
0.7635457
0.632419
0.6462235
0.8238789
0.7957895
0.8899814
0.8027022
0.7553917
0.8637446
0.9450191
0.8214603
0.7054781
0.9166932
0.7871344
0.672744
0.8671136
0.639564
0.7896381
0.7621591
0.7836586
0.7883989
0.7882295
0.7841697
0.862724
0.7779881
0.8072718
0.8883694
0.7389218
0.8786263
0.7827487
0.8919684
0.8643346
1.048043
0.9763138
0.8202166
0.8837041
0.8638651
0.8834112
0.8018624
0.9302374
0.9810127
0.8195751
0.8986542
0.7537187
0.7824989
0.7088179
0.8823024
0.7570921
0.9556728
0.9284464
0.9212001
0.8969123
0.9963767
0.8578092
0.8735877
0.9977991
0.8648824
1.023357
1.008739
0.7329055
0.9059606
1.003184
0.8362396
0.8323251
0.7783448
0.8719809
1.034169
0.7687463
0.8881606
0.8357542
0.7124747
0.8889567
0.9523427
0.9192868
1.090787
1.003655
0.9604591
0.9861599
0.8774599
1.015305
0.9641861
0.9172574
0.9789335
0.9944925
0.9744598
0.9804639
0.8040937
1.002198
0.8373929
1.042057
0.925531
1.014264
0.8684406
0.9648065
0.9974946
0.8926116
0.8955915
1.071637
0.9950439
1.033518
1.001963
1.004928
0.8936504
1.073386
0.9274913
1.083521
0.9925688
0.9168117
1.022677
1.07313
0.9198759
0.898295
0.8538472