0.03948648
-0.9477446
-1.031199
-0.9281497
-1.034442
-0.9317542
-1.010176
-1.003709
-1.137122
-1.018003
-0.9538667
-0.9428976
-1.020279
-0.9540286
-0.9354879
-0.9379516
-0.9136809
-0.8598306
-1.004172
-0.9509232
-1.027594
-0.9824162
-0.8399324
-0.9197723
-1.103026
-0.881444
-0.9153661
-0.9514537
-1.03495
-0.9579234
-0.9203339
-0.9271299
-0.8776321
-1.011528
-0.8630728
-0.8797892
-0.9004518
-0.8291681
-0.939902
-0.9122792
-0.6791042
-0.7673486
-0.8743465
-0.909149
-0.9769304
-0.8011945
-0.9731043
-0.9279922
-0.9271355
-0.9315713
-0.8406735
-0.9903355
-1.028541
-0.6746929
-0.7727359
-0.7621372
-0.864966
-0.9843764
-0.8714065
-0.8276918
-0.6981113
-0.8172215
-0.9369438
-0.9550427
-0.8932296
-0.8322398
-0.9475057
-0.8169817
-0.8508601
-0.8004858
-0.8059336
-0.6402777
-0.7481587
-1.00081
-0.9966444
-0.849461
-0.8093068
-1.029746
-0.7389391
-0.8505898
-0.8387403
-0.8567049
-0.8999093
-0.8437575
-0.8292292
-0.8040998
-0.6493801
-0.9087712
-0.7848453
-0.8997341
-0.8412699
-0.8085535
-0.731835
-0.8790443
-0.761154
-0.7232372
-0.7142339
-0.8491484
-0.7207498
-0.8508749
-0.8118572
-0.7381242
-0.7927799
-0.9057494
-0.9050727
-0.930848
-0.7231964
-0.6970247
-0.8833746
-0.7071676
-0.8569052
-0.8040169
-0.7828366
-0.7183319
-0.6902134
-0.7766224
-0.6686662
-0.7336411
-0.8767992
-0.7376446
-0.8328252
-0.7454123
-0.8654412
-0.7986369
-0.728345
-0.600535
-0.7111022
-0.935959
-0.7273512
-0.7166228
-0.692804
-0.5632444
-0.7541058
-0.8170027
-0.7383993
-0.7805878
-0.6856216
-0.4955164
-0.5236388
-0.7192303
-0.7625409
-0.6667333
-0.7493614
-0.7794836
-0.7970407
-0.7193193
-0.6172112
-0.7136519
-0.6685997
-0.6750816
-0.6880169
-0.6936241
-0.7083176
-0.6329853
-0.728015
-0.6211221
-0.7519566
-0.6465381
-0.6015604
-0.5701027
-0.6410476
-0.5973662
-0.5557613
-0.6331735
-0.6812138
-0.6646278
-0.6527084
-0.6733493
-0.8335995
-0.5890738
-0.6500562
-0.6129269
-0.687377
-0.6919281
-0.6179204
-0.765981
-0.6708004
-0.7566867
-0.6293767
-0.8234702
-0.5317445
-0.6875663
-0.5897317
-0.6796327
-0.6016191
-0.5699475
-0.5174642
-0.6398413
-0.6665253
-0.5850157
-0.6847473
-0.5607036
-0.6530345
-0.6812516
-0.6673271
-0.5432754
-0.5632777
-0.5383509
-0.5001882
-0.5284361
-0.6147495
-0.5869976
-0.6747092
-0.5221701
-0.6264336
-0.7404251
-0.6204086
-0.7741291
-0.469671
-0.4779742
-0.5579448
-0.5730319
-0.5701573
-0.5125862
-0.6152498
-0.6023867
-0.5397404
-0.5388829
-0.5521585
-0.6657717
-0.3711242
-0.5375264
-0.5686401
-0.532029
-0.6192592
-0.5274576
-0.5568882
-0.7198909
-0.4968423
-0.518137
-0.5488664
-0.5652719
-0.5129113
-0.4530544
-0.6832872
-0.5346316
-0.7299815
-0.4788605
-0.5335722
-0.6389998
-0.662939
-0.526752
-0.4920256
-0.4979471
-0.5987434
-0.6064048
-0.448519
-0.4834177
-0.5394687
-0.4187032
-0.4225542
-0.530832
-0.6717515
-0.4817129
-0.5184543
-0.4608172
-0.445448
-0.6403163
-0.5254826
-0.4807962
-0.4439915
-0.4929526
-0.5827604
-0.513137
-0.2763025
-0.4401418
-0.4511447
-0.49985
-0.4913035
-0.3878102
-0.3686119
-0.3330614
-0.4160364
-0.6221688
-0.5940864
-0.3940135
-0.4338174
-0.5164336
-0.3857728
-0.3857995
-0.5572549
-0.4167582
-0.5375705
-0.3537702
-0.4959588
-0.5860751
-0.311466
-0.4515114
-0.3370244
-0.4519494
-0.2748273
-0.4373819
-0.5419247
-0.3545064
-0.339788
-0.4248804
-0.4333569
-0.5036918
-0.3163889
-0.3624395
-0.3964002
-0.4829501
-0.4425095
-0.4705164
-0.4209881
-0.4233188
-0.3200045
-0.4848065
-0.4677378
-0.4182562
-0.2955335
-0.4971642
-0.3891489
-0.4802202
-0.4202904
-0.3461351
-0.4437191
-0.5056297
-0.2083333
-0.3376307
-0.3275681
-0.3081411
-0.4176323
-0.3537263
-0.3086156
-0.513957
-0.5097175
-0.1818482
-0.2695753
-0.2736892
-0.3104325
-0.3532683
-0.3423365
-0.2997922
-0.1907135
-0.4118176
-0.4768592
-0.2336737
-0.3064881
-0.3106962
-0.3049142
-0.3783526
-0.3908587
-0.4132673
-0.3029878
-0.2937817
-0.3087878
-0.2038106
-0.2353839
-0.3434527
-0.3311894
-0.3475831
-0.3561558
-0.2489072
-0.2297661
-0.2320722
-0.2160753
-0.2418652
-0.3284307
-0.2670498
-0.3012184
-0.2451127
-0.293576
-0.3822146
-0.2984398
-0.1470138
-0.248811
-0.3387611
-0.2329792
-0.4220059
-0.1930792
-0.2320549
-0.2374831
-0.393875
-0.4157986
-0.2344497
-0.2581502
-0.2444579
-0.2948078
-0.2409901
-0.06947848
-0.1352904
-0.4364442
-0.2944615
-0.3716618
-0.2598281
-0.1256016
-0.1904244
-0.249499
-0.2255664
-0.2198311
-0.1360906
-0.1726729
-0.2028156
-0.3685431
-0.3656283
-0.3078271
-0.3302962
-0.2058008
-0.2475366
-0.08582731
-0.07157926
-0.2443554
-0.326424
-0.09961728
-0.1661892
-0.1375088
-0.1661484
-0.1665009
-0.1092853
-0.161604
-0.08978393
-0.1345617
-0.1516456
-0.1602036
-0.1240347
-0.2010931
-0.1286309
-0.02932214
-0.2033168
-0.1164705
-0.2985031
-0.2045562
-0.17427
-0.1504193
-0.06273783
-0.1432534
-0.1700392
-0.05207281
-0.0688356
-0.1082383
-0.06378233
-0.2225891
-0.0537742
-0.1166249
0.004003369
-0.129336
-0.1112912
-0.1564719
-0.09995232
-0.08466464
-0.172781
-0.2975365
-0.1578298
-0.2232675
-0.2023542
-0.2558849
-0.2281431
-0.08474018
-0.01609626
0.02844564
-0.1249874
-0.2006072
-0.06624065
-0.08689502
0.01586303
0.03248775
-0.1442921
0.007948094
-0.08741234
-0.06605018
-0.1163695
-0.1718695
-0.02979054
-0.02460757
-0.1192922
-0.1430933
-0.007075103
-0.1465268
-0.07359875
-0.06184409
-0.1193936
0.06123345
-0.1048626
0.03456648
-0.05360629
-0.1537937
-0.0765954
-0.07975189
-0.01997845
-0.08509371
0.07715543
-0.02860597
-0.08608815
-0.02755493
-0.1353316
0.05944101
-0.02379135
0.1010523
-0.1050715
-0.0867055
-0.04161299
0.05230144
-0.03872747
0.006884506
0.08884958
-0.1029736
-0.08767988
0.0325698
-0.006638236
-0.09527131
-0.1729667
0.06860742
-0.02559047
-0.05998298
0.07653521
0.01765174
0.2401643
0.1586909
-0.1144943
0.05713682
-0.08213389
0.09733238
-0.009401073
0.09024329
0.1250446
0.07761554
0.2040111
0.1360385
-0.05204532
0.02493529
-0.08261408
-0.01349133
0.1240919
0.2114768
0.06183615
-0.07150809
-0.05118225
0.166191
0.07498191
0.1274617
0.03339163
-0.01807525
0.1988273
0.06725309
0.1420318
0.03211692
-0.03400217
-0.01979406
0.2738822
-0.1013158
0.03908221
0.1037186
0.03722633
0.1465878
-0.03065874
0.2455623
0.05044693
0.1047766
0.1459516
0.008694806
0.1147518
0.03315875
0.0009175311
0.1497881
0.2018436
0.1252928
0.101099
0.1548679
0.2570391
0.1835519
0.1318516
0.07986894
0.1652152
0.005027248
0.1526339
0.07902715
-0.05583518
0.09583932
0.2334103
0.06184234
0.1087383
0.09998
0.08481748
0.1772981
0.114882
0.09080832
-0.007746109
0.1095778
0.1783673
0.1705187
0.3246884
0.2598104
0.1445822
0.2412167
0.2140048
0.1209578
0.1726341
0.1023997
0.1513452
0.2605158
0.1482906
0.2465072
0.1261205
0.187095
0.2275062
0.02897994
0.247081
0.2743629
0.3107419
0.2555604
0.3579392
0.1095781
0.3116568
0.1500954
0.3065888
0.09156039
0.3105591
0.2267026
0.3168949
0.2879012
0.2104875
0.2351352
0.2640818
0.3578474
0.3218965
0.3139919
0.1990005
0.309129
0.2329585
-0.02217793
0.2214256
0.1808231
0.2054825
0.2859228
0.3231441
0.2673235
0.338643
0.2405763
0.3492405
0.2630929
0.1834863
0.09327049
0.3407513
0.1412364
0.4470886
0.2920752
0.2052755
0.3186161
0.2192997
0.3087635
0.3804493
0.3338093
0.3281211
0.392701
0.4157937
0.1881589
0.1267998
0.2803277
0.1333907
0.2344159
0.2940782
0.3597103
0.27749
0.3342735
0.2502536
0.231873
0.3029162
0.2701174
0.2398082
0.4254176
0.1414943
0.3157391
0.3321873
0.2971662
0.3864889
0.2167909
0.3638892
0.2453871
0.294021
0.2490334
0.3411969
0.2382112
0.300715
0.2716302
0.4242114
0.4765387
0.3636402
0.4164713
0.3680968
0.4986161
0.2304614
0.3009539
0.3277154
0.3828959
0.3730227
0.3406497
0.3700136
0.2389128
0.3532163
0.3884224
0.4054024
0.3903708
0.5660925
0.375241
0.3341896
0.3728982
0.4332361
0.3776686
0.5343261
0.4114439
0.4920259
0.297218
0.3765899
0.4263854
0.3489524
0.4070581
0.3029091
0.2976844
0.3439152
0.4177199
0.4393899
0.5631091
0.4992043
0.5271741
0.2825077
0.3706909
0.4847018
0.4002815
0.4024432
0.4873037
0.5306526
0.4358204
0.6069433
0.3462139
0.4607849
0.4210518
0.3157348
0.5200456
0.4123072
0.5825369
0.5891042
0.3095786
0.2861704
0.5327574
0.5079139
0.3849989
0.5021643
0.5978039
0.4832994
0.4428953
0.5358613
0.5474993
0.3715483
0.5309077
0.5931427
0.3480358
0.548304
0.6903039
0.4690168
0.5031501
0.5290154
0.6646389
0.4812659
0.3306607
0.6223398
0.6270203
0.6322728
0.512453
0.7361918
0.5378093
0.4879164
0.577865
0.5686748
0.4896492
0.5068241
0.4089133
0.4744222
0.5780154
0.5955936
0.5153747
0.5659678
0.5109358
0.6199308
0.6095214
0.5968938
0.579425
0.481393
0.6040627
0.5731475
0.4558153
0.5041103
0.415166
0.4850797
0.73709
0.5991751
0.4910106
0.5795558
0.631494
0.6378195
0.5834619
0.545037
0.6477801
0.5468549
0.5095959
0.6828076
0.4895339
0.5246323
0.4443071
0.6366271
0.5751854
0.6216507
0.5169175
0.6315863
0.7019998
0.6757876
0.6352915
0.6420211
0.5283727
0.7278827
0.6852733
0.5479706
0.6325796
0.5559742
0.7474484
0.6199954
0.6596401
0.7378591
0.6801008
0.6241595
0.6872299
0.5553519
0.5465525
0.6421361
0.7390713
0.7241007
0.6461754
0.7248501
0.5965944
0.6877538
0.6729427
0.5845417
0.6414644
0.5259973
0.752071
0.6998763
0.746297
0.7625724
0.7889331
0.7073146
0.5731876
0.7692134
0.66453
0.7436718
0.7494429
0.7031865
0.6679011
0.5734619
0.4935477
0.6840158
0.7312162
0.7650081
0.7452247
0.7839318
0.6823998
0.6886917
0.7928234
0.7092281
0.642743
0.68375
0.795317
0.7783158
0.6236233
0.7922836
0.7221632
0.6689315
0.6546037
0.8185756
0.7122939
0.8095452
0.8912412
0.6664704
0.711998
0.7534781
0.7337306
0.5890371
0.857451
0.6931127
0.6992404
0.7104385
0.9549469
0.7494304
0.7137684
0.8043805
0.7687349
0.7278582
0.8794223
0.7914876
0.7739454
0.6123403
0.659091
0.8103836
0.7955192
0.8981412
0.8329909
0.7865611
0.8677857
0.933513
0.8120042
0.7147115
0.9081174
0.7884977
0.6895017
0.8762775
0.6393404
0.8048852
0.7520559
0.7797992
0.790647
0.7859621
0.795452
0.854038
0.776208
0.8048195
0.8698689
0.7406883
0.8363312
0.7816643
0.8829296
0.8823947
1.063792
0.9635352
0.8339559
0.8799027
0.8747461
0.8991508
0.7785449
0.9333835
0.9953908
0.82737
0.912009
0.7475875
0.7609975
0.6959928
0.8990228
0.7472186
0.950029
0.9301543
0.9182791
0.8966778
0.9786706
0.8554418
0.8578889
1.008681
0.8629001
1.028742
1.006712
0.7637096
0.9353152
1.010991
0.8349513
0.8371635
0.7685961
0.8562007
1.015195
0.7914855
0.8694783
0.8567264
0.6975865
0.9004282
0.9461101
0.90339
1.104236
1.023723
0.9472239
0.9713822
0.8849085
1.025178
0.978581
0.9160707
0.9875998
0.9758147
0.9566935
0.9657545
0.8238243
0.9987773
0.8055721
1.038478
0.9342664
0.9912119
0.8342773
0.9658923
0.9654329
0.8782606
0.889832
1.083455
1.004702
1.034783
1.023545
1.01465
0.9019893
1.075228
0.9557917
1.066249
1.018908
0.9152822
1.018391
1.092546
0.936821
0.9085493
0.8491118