0.03671907
-0.9688587
-1.031464
-0.9570776
-1.058852
-0.9531616
-0.9908052
-1.019034
-1.13731
-0.9851307
-0.9654274
-0.9501668
-1.006743
-0.9491561
-0.9457327
-0.9426136
-0.9283658
-0.8565488
-1.023267
-0.9453351
-1.028839
-0.9672543
-0.8427905
-0.9048516
-1.11976
-0.8726196
-0.9068038
-0.9578331
-1.028914
-0.9543807
-0.9171823
-0.9064871
-0.888737
-0.9998453
-0.8752214
-0.8948797
-0.904504
-0.8129553
-0.9237891
-0.9267876
-0.6771798
-0.7654873
-0.8809365
-0.8818467
-0.9918398
-0.7864835
-0.9652205
-0.9497449
-0.9357133
-0.9171783
-0.8580124
-1.022981
-1.015495
-0.6789462
-0.7693413
-0.7846854
-0.8824891
-0.999976
-0.8649449
-0.8290471
-0.7079658
-0.8102088
-0.954468
-0.9594572
-0.8724952
-0.8438119
-0.9438033
-0.8370866
-0.8539258
-0.8010554
-0.7888434
-0.6481962
-0.7351093
-0.9889536
-1.019236
-0.8686819
-0.7962492
-1.032214
-0.7366864
-0.856938
-0.8406022
-0.8243713
-0.8893719
-0.8655751
-0.8371158
-0.7950734
-0.6446307
-0.8761815
-0.7858851
-0.924897
-0.8257984
-0.818785
-0.7349759
-0.9068066
-0.7356521
-0.7139476
-0.7194979
-0.8596563
-0.7241451
-0.841753
-0.8095268
-0.7496693
-0.7704425
-0.9026253
-0.8905203
-0.9256748
-0.7084956
-0.7269312
-0.9156042
-0.7232282
-0.8678388
-0.7888688
-0.7908867
-0.7102594
-0.6922768
-0.7875506
-0.6805946
-0.7141416
-0.8474324
-0.7205048
-0.814971
-0.7335333
-0.8608565
-0.8175349
-0.7220104
-0.6053006
-0.7217012
-0.9256838
-0.7317401
-0.7147393
-0.6992071
-0.5720075
-0.7388935
-0.8369756
-0.7773699
-0.7734431
-0.6928775
-0.5053042
-0.5181368
-0.6862799
-0.7869265
-0.6855973
-0.7709894
-0.7813622
-0.7707457
-0.7250975
-0.6032814
-0.7096803
-0.6554807
-0.686259
-0.6900192
-0.6897648
-0.7204932
-0.6509897
-0.7210367
-0.6340097
-0.7645955
-0.6666537
-0.5980512
-0.5751386
-0.6101669
-0.5805613
-0.5497192
-0.6229355
-0.6533214
-0.6673364
-0.6133404
-0.6626445
-0.8247887
-0.5774478
-0.6598198
-0.6076502
-0.6662692
-0.7106187
-0.6209601
-0.7446561
-0.6559856
-0.7767809
-0.6703073
-0.8142888
-0.5083387
-0.675812
-0.5939162
-0.6949978
-0.600154
-0.5674365
-0.5183356
-0.6513718
-0.6808846
-0.5772281
-0.6763518
-0.5744443
-0.6449734
-0.6862016
-0.6728302
-0.5458274
-0.5601939
-0.5322957
-0.4990109
-0.4986954
-0.6236977
-0.5691128
-0.6537858
-0.5298148
-0.6392055
-0.7355994
-0.6249557
-0.7855735
-0.4832455
-0.4823411
-0.5421768
-0.5791212
-0.5621427
-0.5107571
-0.6596799
-0.6039758
-0.5403472
-0.5492588
-0.5535682
-0.654659
-0.3784556
-0.5498515
-0.5530889
-0.5550343
-0.5925772
-0.5271192
-0.5748458
-0.7345174
-0.5061766
-0.5164767
-0.5737788
-0.5573435
-0.5112502
-0.4599279
-0.6866976
-0.5274222
-0.7023034
-0.4890993
-0.5301172
-0.6640718
-0.6473867
-0.5188919
-0.5073632
-0.5299791
-0.5951207
-0.5986785
-0.4774834
-0.4902939
-0.5475622
-0.3822616
-0.4267362
-0.5283809
-0.650612
-0.5088828
-0.5302583
-0.4470119
-0.4696535
-0.6717798
-0.5234501
-0.4581539
-0.4438755
-0.5054637
-0.5991898
-0.5092101
-0.2770854
-0.444119
-0.4138474
-0.5165689
-0.4878521
-0.392274
-0.3811738
-0.3299205
-0.4087862
-0.6513057
-0.6120816
-0.4009937
-0.4375794
-0.5232046
-0.396946
-0.396311
-0.5452455
-0.3996877
-0.5375781
-0.3632923
-0.5184063
-0.6045151
-0.323676
-0.4288201
-0.3366098
-0.4567412
-0.2852843
-0.4362917
-0.5666477
-0.3461691
-0.3228878
-0.4279514
-0.4313429
-0.5157629
-0.331677
-0.3453744
-0.3889125
-0.4735425
-0.4195937
-0.4833482
-0.4223912
-0.4266414
-0.3237473
-0.5015646
-0.4927342
-0.4343949
-0.289924
-0.4819893
-0.3937401
-0.4628604
-0.4295437
-0.3429556
-0.4091658
-0.4909454
-0.2307544
-0.3363178
-0.3187109
-0.2926705
-0.4401558
-0.3701304
-0.3336944
-0.5245464
-0.5086414
-0.2130277
-0.267945
-0.2857392
-0.2856985
-0.3653516
-0.3482753
-0.3196696
-0.1814646
-0.381841
-0.4724774
-0.2414016
-0.3028482
-0.3173725
-0.3003551
-0.3627155
-0.4011819
-0.4236495
-0.316357
-0.2723557
-0.3235663
-0.2093532
-0.2325922
-0.344394
-0.3397515
-0.3539404
-0.363466
-0.2563881
-0.2232772
-0.2396891
-0.2214567
-0.2680416
-0.3407729
-0.2792283
-0.2797614
-0.2561652
-0.3020554
-0.4095245
-0.2895191
-0.1585831
-0.2499524
-0.3204457
-0.2571473
-0.4307917
-0.1990184
-0.2237954
-0.2319502
-0.3617563
-0.4035184
-0.2313872
-0.2487226
-0.2484817
-0.2754567
-0.2385433
-0.05772258
-0.1299458
-0.4307571
-0.3077403
-0.3699029
-0.2695664
-0.1044106
-0.2268829
-0.2756476
-0.2407373
-0.2182691
-0.1307347
-0.1893058
-0.1936025
-0.3742063
-0.3840984
-0.317741
-0.3191723
-0.2069615
-0.2290046
-0.1011993
-0.06643384
-0.2372217
-0.3388707
-0.1232059
-0.1753385
-0.1458068
-0.1549429
-0.1722521
-0.08416994
-0.1614091
-0.08430144
-0.1537478
-0.1549381
-0.1423864
-0.1279598
-0.187067
-0.1371559
-0.02892532
-0.2027726
-0.1381747
-0.3204857
-0.2220222
-0.1788108
-0.1602877
-0.05617247
-0.1380213
-0.1737148
-0.05701801
-0.06946104
-0.1082978
-0.06384624
-0.2083571
-0.05835772
-0.1071428
-0.001837134
-0.140997
-0.1107351
-0.1569062
-0.09646173
-0.09465135
-0.1758671
-0.2968343
-0.1634345
-0.1913839
-0.1898177
-0.2224784
-0.2407945
-0.08441954
-0.03372575
0.007513307
-0.1415443
-0.1630448
-0.05127752
-0.09275151
0.011025
0.008438456
-0.1212366
0.005227834
-0.08370991
-0.08944385
-0.122594
-0.177974
-0.03056152
-0.06054182
-0.1163442
-0.1528917
0.01064017
-0.1337137
-0.05801549
-0.04151854
-0.09858084
0.03499242
-0.1171305
0.01656035
-0.05097112
-0.1383326
-0.07427049
-0.07223517
0.008396152
-0.1071218
0.05903327
-0.0726178
-0.09752698
-0.03131984
-0.1321226
0.06284284
-0.02255054
0.121126
-0.07722559
-0.06898553
-0.01497376
0.03885153
-0.06244899
0.0219957
0.08191956
-0.09089289
-0.1024973
0.02315222
0.01184558
-0.09147635
-0.1877661
0.0855526
-0.004828236
-0.07377403
0.09611761
-0.01968433
0.2393043
0.1666162
-0.1080497
0.04555704
-0.08160061
0.09661973
-0.03805219
0.0860225
0.09475845
0.08000556
0.2246413
0.1256545
-0.06318479
0.01174302
-0.09888177
-0.01968919
0.09053539
0.2178943
0.05630397
-0.09354245
-0.05739052
0.1565289
0.0966727
0.1293721
0.02074719
-0.0001636281
0.1948968
0.08728197
0.1530478
0.03079941
-0.04969155
-0.0133607
0.2576277
-0.1090988
0.06497008
0.1206803
0.01502648
0.1370228
-0.03356622
0.228724
0.04006282
0.0973178
0.1362695
0.01313087
0.1319382
0.04586412
-0.02417723
0.1270565
0.1910886
0.1222122
0.1107213
0.1511273
0.2457753
0.2141735
0.1541025
0.07996365
0.1680434
-0.01010043
0.1631202
0.06870168
-0.05332911
0.09967595
0.2260913
0.07949141
0.1170246
0.08735891
0.09005049
0.1699904
0.1051978
0.08396425
0.01409968
0.1239671
0.1602131
0.1572862
0.3212876
0.2538485
0.1359364
0.2380077
0.2139303
0.1419635
0.1834225
0.1162859
0.1423459
0.2631102
0.1279225
0.2308271
0.1434524
0.1993623
0.2133557
0.02340753
0.2345659
0.2681772
0.3236758
0.2773889
0.3645594
0.087769
0.3088105
0.1630118
0.3033638
0.1120924
0.3087603
0.1939128
0.3301486
0.2881047
0.1952508
0.2471518
0.2685026
0.3532814
0.3361456
0.3274113
0.1999283
0.3097389
0.226982
-0.0280856
0.2051645
0.1824422
0.1884938
0.2820412
0.3210814
0.2590031
0.348328
0.2447074
0.3404624
0.2464659
0.2025538
0.08315957
0.3386763
0.1715472
0.4338243
0.276495
0.194963
0.339353
0.2103308
0.3062432
0.3999006
0.3313535
0.3250063
0.3903718
0.3854078
0.1849077
0.1250693
0.2846974
0.1113536
0.2395868
0.2995379
0.3299002
0.2679797
0.3434211
0.2595578
0.2050983
0.3161288
0.2761926
0.240835
0.4478347
0.145115
0.3168689
0.3269992
0.2928645
0.3739071
0.2238699
0.3917686
0.2589422
0.3149829
0.2403908
0.3410563
0.2225727
0.3299236
0.3010214
0.4436803
0.4772423
0.3339119
0.4095295
0.3723638
0.4975261
0.2244696
0.2960224
0.3245253
0.3798565
0.3644398
0.3664767
0.3859375
0.2675656
0.3611848
0.4190507
0.4044911
0.3978014
0.5833773
0.3894703
0.3272022
0.3772065
0.4472733
0.3891217
0.5228464
0.3790138
0.5075441
0.3034039
0.3770932
0.4230413
0.3448401
0.3951953
0.3018118
0.3061251
0.3242277
0.3942192
0.4257868
0.5752119
0.4995554
0.5214323
0.272848
0.3620611
0.4656135
0.4129981
0.3955089
0.4985347
0.5160142
0.4331364
0.5988101
0.3879114
0.4679496
0.433539
0.3080722
0.5064456
0.4061989
0.5931781
0.5836195
0.3097462
0.2769416
0.5265495
0.4891876
0.3819115
0.5138241
0.6041878
0.4779145
0.4305201
0.5447178
0.5680564
0.3854264
0.5080696
0.5638205
0.3403659
0.5382013
0.6702886
0.4632266
0.4956326
0.5213908
0.6679986
0.4710509
0.3613015
0.6106851
0.6121491
0.6501768
0.5094533
0.7365926
0.5394799
0.4814428
0.5863084
0.5863073
0.4804468
0.5125314
0.3976048
0.4867359
0.5856366
0.593261
0.524169
0.5719234
0.5225618
0.6330679
0.6020871
0.6102512
0.5637128
0.5034596
0.5700417
0.5470996
0.4487194
0.497854
0.4014805
0.4883179
0.7498035
0.5741347
0.5023875
0.5939617
0.6293235
0.6373831
0.5786098
0.5665539
0.6601382
0.5306913
0.4891945
0.674652
0.5007026
0.5329867
0.4263691
0.6106299
0.5565037
0.5994695
0.532032
0.6263317
0.6876854
0.659944
0.6286557
0.6385092
0.5433582
0.7241406
0.6849506
0.5346072
0.6442639
0.5554884
0.7456234
0.618121
0.6685808
0.7370608
0.6886068
0.6254332
0.6707592
0.5389455
0.5444216
0.6623376
0.7379799
0.7427517
0.6426209
0.7279514
0.605571
0.6847367
0.6508724
0.5649747
0.6627011
0.5158856
0.7457877
0.721942
0.7412621
0.7877801
0.7923187
0.7268453
0.5678245
0.7515789
0.6514015
0.7291697
0.738925
0.6987208
0.6591503
0.5817493
0.5011926
0.6751023
0.7124093
0.7597766
0.7338425
0.7777962
0.654608
0.666722
0.7758512
0.7027265
0.6407798
0.7075245
0.794101
0.8018528
0.6222367
0.78844
0.7453751
0.6622224
0.639092
0.8192593
0.723371
0.8206566
0.8992566
0.667279
0.7025257
0.7642286
0.7433037
0.5810555
0.8265099
0.6914217
0.6874936
0.7245974
0.9563012
0.7489446
0.7430731
0.8240896
0.7781232
0.7233262
0.8629471
0.805357
0.7745489
0.6134308
0.6452411
0.8158062
0.7972694
0.890055
0.8094235
0.7760502
0.8608939
0.920152
0.8232588
0.7123505
0.9119946
0.8017893
0.7021811
0.8645614
0.6369038
0.7942171
0.7604729
0.7907597
0.7799382
0.7956635
0.7910375
0.8725741
0.7547524
0.811953
0.8830345
0.7500946
0.849977
0.7731389
0.8749162
0.8812458
1.044081
0.9653267
0.8054618
0.8929591
0.8796931
0.8723235
0.8137094
0.948555
0.9796175
0.8371061
0.9031097
0.7459455
0.7859206
0.6871228
0.9049786
0.7494109
0.9581625
0.9505152
0.9202121
0.8938085
0.9946277
0.8571979
0.8598157
0.9931822
0.8783734
1.036853
1.002018
0.7678991
0.9031633
0.993803
0.8621253
0.8295086
0.7622791
0.8747212
1.008884
0.7743409
0.8736572
0.8817346
0.718853
0.9052122
0.9454342
0.8886934
1.114105
1.027469
0.9284498
0.9883562
0.8941695
1.007489
0.9645078
0.9080061
0.9804261
1.001275
0.9545351
0.9725538
0.8059892
0.994136
0.8169708
1.041185
0.9059647
1.018013
0.8284929
0.9822876
0.9974836
0.8951808
0.8987471
1.077428
1.002385
1.033491
1.010265
1.021875
0.88577
1.066736
0.9443286
1.078481
0.997321
0.9096185
1.018198
1.081841
0.9378297
0.9138396
0.8429938