-0.03420691
-1.035987
-0.9711934
-1.019983
-0.9638527
-0.9534704
-1.065468
-1.108424
-0.9381898
-0.9990322
-1.017353
-1.068917
-1.020989
-0.8741978
-0.9235889
-1.078925
-0.9100491
-0.9291725
-0.908485
-0.9178772
-0.9538086
-0.9831118
-0.9603769
-1.097075
-0.9067862
-1.095081
-0.944192
-1.007516
-0.9677666
-0.9141587
-0.9993554
-0.958561
-0.963696
-0.9940963
-0.9705715
-0.8634105
-0.9266798
-1.154662
-0.9439225
-0.9342813
-1.008311
-0.9101712
-0.86351
-0.8005764
-0.9483514
-0.9583351
-0.877359
-0.9075549
-1.023917
-0.8537558
-0.9353696
-0.8084209
-0.9171912
-0.9890824
-0.8445411
-1.030516
-0.9154458
-0.8326335
-0.8663454
-0.976959
-1.040041
-0.9101089
-1.030216
-0.7925317
-0.9592584
-0.8074754
-0.735449
-0.8439806
-0.7550573
-0.8879366
-0.8608618
-0.9068793
-1.003427
-0.9841823
-0.7205734
-0.927531
-0.8402738
-0.7103363
-0.8659837
-0.8398363
-0.6734517
-0.9800026
-0.9136569
-0.8442391
-0.8768433
-1.004017
-0.7088878
-0.8792428
-0.8627974
-0.9966485
-0.7767337
-0.7422136
-0.8750673
-0.71409
-0.6126317
-0.8245379
-0.7687868
-0.8151336
-0.7707931
-0.8439823
-0.7134251
-0.9462364
-0.6599251
-0.818477
-0.8232138
-0.772704
-0.7466821
-0.7785648
-0.882188
-0.7374927
-0.8113801
-0.7334455
-0.8081118
-0.7953106
-0.803881
-0.7908806
-0.7849232
-0.6443448
-0.768958
-0.7518156
-0.6916209
-0.8401873
-0.7549929
-0.6667674
-0.8242415
-0.7117662
-0.6051239
-0.7484434
-0.7964256
-0.7222034
-0.7898658
-0.7824266
-0.8182217
-0.7181886
-0.6480107
-0.7405125
-0.796774
-0.6199664
-0.7842488
-0.5944434
-0.6551893
-0.7897096
-0.6607533
-0.831303
-0.7503251
-0.6191775
-0.7311504
-0.6129082
-0.8029987
-0.8113773
-0.6534389
-0.8282351
-0.7997891
-0.6089779
-0.6004076
-0.6185313
-0.6137162
-0.7415529
-0.6594603
-0.6608005
-0.8061717
-0.6057877
-0.7643554
-0.6372503
-0.6485301
-0.6515095
-0.7583736
-0.6918759
-0.5665802
-0.6618283
-0.6422466
-0.6900098
-0.6631587
-0.6107284
-0.6483785
-0.6739145
-0.6710565
-0.7598112
-0.7233927
-0.6032489
-0.6897472
-0.6184675
-0.6443024
-0.7637353
-0.6639363
-0.5703294
-0.6775779
-0.551146
-0.5916662
-0.6523732
-0.6049112
-0.44518
-0.5764369
-0.5529336
-0.5912648
-0.6377706
-0.5440319
-0.5159385
-0.6691312
-0.6504146
-0.6530488
-0.5785032
-0.5729192
-0.5189962
-0.7195765
-0.5399113
-0.6640605
-0.6444394
-0.5344251
-0.7141516
-0.5454266
-0.4507906
-0.5740354
-0.6453842
-0.5763565
-0.6271125
-0.5363173
-0.5924909
-0.5444309
-0.5835464
-0.5349863
-0.5253978
-0.4487627
-0.5544817
-0.5967428
-0.6139942
-0.460777
-0.3537204
-0.6017783
-0.5247362
-0.615113
-0.6183174
-0.2719969
-0.5140055
-0.5762306
-0.655806
-0.6610617
-0.4167702
-0.4107906
-0.4768385
-0.4730194
-0.4823508
-0.627634
-0.4719539
-0.6228731
-0.5689008
-0.4515609
-0.5217212
-0.5068434
-0.4653422
-0.4505693
-0.5038897
-0.5990902
-0.4857379
-0.441904
-0.4580741
-0.5096694
-0.486958
-0.4372374
-0.3021324
-0.6356279
-0.5211576
-0.3791768
-0.4806971
-0.5316948
-0.4428623
-0.6044648
-0.4289141
-0.473306
-0.4145035
-0.3492693
-0.4237171
-0.419572
-0.4955358
-0.4541981
-0.363111
-0.3357701
-0.5632842
-0.5002697
-0.4117213
-0.3635885
-0.4297941
-0.4057158
-0.5203581
-0.3680878
-0.4910471
-0.3556532
-0.4890736
-0.6064754
-0.2875748
-0.3096293
-0.3095371
-0.5861031
-0.3267724
-0.506378
-0.325758
-0.3315492
-0.4205016
-0.3470758
-0.4732743
-0.3560116
-0.5033026
-0.354029
-0.470587
-0.4080945
-0.47571
-0.6105088
-0.4441702
-0.3745592
-0.4097155
-0.4000495
-0.4745777
-0.3912247
-0.3167987
-0.4785817
-0.2558989
-0.3558326
-0.2302206
-0.2635035
-0.3796524
-0.5558743
-0.3733474
-0.349154
-0.4348304
-0.4048125
-0.3620451
-0.3986478
-0.541049
-0.2790546
-0.3145456
-0.3717841
-0.4310295
-0.3749183
-0.3407715
-0.4020928
-0.2660638
-0.3030324
-0.35223
-0.2682854
-0.2855865
-0.2837626
-0.3627759
-0.3498915
-0.3895359
-0.3076129
-0.2577542
-0.213581
-0.3298893
-0.3549903
-0.4596905
-0.3501136
-0.3622087
-0.2695834
-0.253587
-0.2153244
-0.2722332
-0.18479
-0.3435586
-0.1848481
-0.343575
-0.4902877
-0.3276614
-0.2507044
-0.2290202
-0.3456935
-0.2283665
-0.341849
-0.3414968
-0.3529797
-0.293686
-0.2750872
-0.2160175
-0.2385586
-0.3461407
-0.3596136
-0.3277443
-0.1788228
-0.3330501
-0.2227901
-0.2206375
-0.238673
-0.2670167
-0.2383325
-0.2432739
-0.2016315
-0.3120884
-0.2385482
-0.1093776
-0.2644681
-0.2414269
-0.2130545
-0.06046399
-0.211703
-0.3531134
-0.2213906
-0.3592662
-0.1141337
-0.05986549
-0.1885598
-0.1838339
-0.2042159
-0.1478565
-0.1117409
-0.2668144
-0.07636043
-0.1265568
-0.1732693
-0.01923675
-0.1961798
-0.2452537
-0.08658398
-0.1772159
-0.1185506
-0.1269784
-0.2266832
-0.1210829
-0.1713393
-0.2270002
-0.254701
-0.1984089
-0.09200216
-0.2137698
-0.2171695
-0.1218851
-0.125966
-0.2100797
-0.1964404
-0.2765683
-0.2171817
-0.2429097
-0.3005819
-0.1216656
-0.05737527
-0.2306023
-0.2095126
-0.08423269
-0.08609637
-0.2785196
-0.1391413
-0.1894383
-0.02032118
-0.1720451
-0.1301258
0.01019891
-0.2066215
-0.1347056
-0.2136021
-0.1459008
0.05248139
0.08795608
0.03540094
-0.06663165
-0.1545855
-0.07894103
-0.03799212
-0.1302377
-0.1144258
-0.1941674
-0.08277342
-0.013568
-0.1744228
-0.2534877
-0.05929279
-0.04435692
-0.02644189
-0.1158186
-0.1611663
-0.1333455
0.02980902
-0.06867233
0.003039674
-0.128433
-0.1115167
0.02127446
-0.01058371
-0.04557593
0.01455933
-0.1228258
0.1025309
-0.1006943
-0.1012569
-0.160341
-0.1659806
0.005701227
0.1598805
-0.1477762
-0.05228216
-0.1009064
0.009385928
0.08391125
0.03754967
-0.01466296
-0.04413854
0.09807699
-0.004026507
0.01264317
-0.09349863
-0.01187748
-0.06273753
-0.01651719
0.0244686
0.1556714
-0.01723121
-0.2128517
0.1002843
0.02709846
-0.07029655
-0.08351711
-0.02393942
0.1361247
-0.09596881
-0.001076621
0.1619171
-0.01253097
0.08415439
0.1418021
-0.09457733
0.03999455
0.01374619
0.08413636
0.05986622
0.07364969
0.08038505
-0.0499132
-0.02414985
-0.02571501
0.1565606
0.08154359
0.02405528
-0.005194302
0.159235
0.03264062
-0.02227453
0.0674779
0.04007382
0.01940917
0.1486267
0.04598382
0.0887633
0.01890876
0.05760343
0.01660291
0.06126839
0.0792795
0.1898572
-0.04218142
0.20068
0.02806896
0.1168246
0.2570282
0.1388411
0.07666053
-0.1032284
0.2385379
0.09447533
0.1113889
0.05679398
0.1277615
0.1472933
0.1833666
0.09861911
0.1812421
0.1741516
0.165671
0.1858137
0.1158802
0.2444974
0.261505
0.195091
0.2372289
0.05799539
0.1841766
0.1682513
0.2622995
-0.02627591
0.1072306
0.198947
0.1587429
0.05385007
0.1124216
0.162931
0.1358549
0.1579988
0.09031836
0.1424077
0.1863587
0.2657333
0.1697496
0.09014582
0.2409469
0.1395351
0.1817923
0.2797813
0.1137202
0.306048
0.2423704
0.2072526
0.01708628
0.1100008
0.1558685
0.07363102
0.2832988
0.07113226
0.1427901
0.2270028
0.1140242
0.2585924
0.2304465
0.2217477
0.180389
0.3191112
0.208773
0.2238043
0.3533926
-0.1362349
0.2360869
0.06401325
0.3080819
0.2806419
0.2872527
0.2761913
0.2956228
0.3512732
0.1744601
0.3060113
0.3688747
0.3005782
0.1312824
0.2363704
0.2913521
0.2955093
0.1286666
0.2953979
0.22178
0.1405675
0.1492071
0.1768926
0.3063334
0.3163036
0.3105415
0.1950611
0.1736071
0.27835
0.1141372
0.2189823
0.3501874
0.2706577
0.4078441
0.2490121
0.2662962
0.4269597
0.3659696
0.3512556
0.2219252
0.3481026
0.3978285
0.4020326
0.2841238
0.4094244
0.3126308
0.4230355
0.4530326
0.1340953
0.3376874
0.405038
0.295816
0.1396365
0.5063264
0.1702515
0.4044616
0.2603202
0.3154635
0.3210592
0.3255549
0.3966706
0.3314572
0.3559789
0.334269
0.421282
0.3249902
0.2803703
0.2473399
0.4701044
0.3998305
0.4054285
0.3317095
0.4776299
0.2712917
0.3406048
0.3045286
0.3823531
0.4102542
0.4162259
0.3796239
0.402488
0.4290855
0.3258352
0.1553494
0.4255521
0.3020249
0.3822739
0.3308212
0.3571221
0.5262766
0.34921
0.4290333
0.338899
0.4443049
0.3906071
0.2686775
0.2758195
0.3514586
0.2614154
0.3241507
0.5095258
0.3931045
0.4378146
0.4378431
0.3547473
0.5107096
0.4576722
0.3705667
0.4252679
0.6015695
0.3263585
0.6620834
0.459229
0.4528385
0.5159657
0.5375812
0.4706101
0.4129377
0.3960669
0.2931431
0.5215505
0.3406885
0.4565314
0.4284361
0.5777219
0.3846323
0.5202924
0.6195411
0.5150467
0.4584879
0.5677441
0.5571039
0.5939794
0.5482027
0.566964
0.5543549
0.5128595
0.2887609
0.5240666
0.3625881
0.5081238
0.5502481
0.5939839
0.4506551
0.4306317
0.5906338
0.6905925
0.4259737
0.4443102
0.5543876
0.5811741
0.6698783
0.5497177
0.726742
0.5573732
0.4777784
0.5990531
0.5234523
0.4481586
0.4519808
0.6418906
0.5095152
0.5897878
0.5013221
0.6207501
0.7234469
0.6011009
0.4826879
0.5050906
0.4903572
0.626018
0.5959209
0.5027779
0.6069601
0.7427229
0.5704785
0.4643171
0.7672634
0.6145126
0.5121421
0.5221755
0.4462667
0.638245
0.6364816
0.6665647
0.6133147
0.6760622
0.6212456
0.410244
0.5979135
0.6458832
0.764181
0.6930467
0.6762722
0.7206265
0.7269091
0.6049907
0.65235
0.5805119
0.677749
0.6235344
0.6124363
0.6519564
0.6937128
0.4518108
0.6296978
0.6314823
0.4735305
0.695542
0.664144
0.6857762
0.6409811
0.5443858
0.5186937
0.6767022
0.6812689
0.8266164
0.5782503
0.6636729
0.5605546
0.5606865
0.747312
0.6844906
0.6524179
0.6554906
0.7042701
0.6573955
0.6002093
0.5811713
0.6539063
0.6480561
0.8047853
0.5348204
0.7840628
0.6300927
0.6253198
0.5866723
0.5255379
0.6533489
0.7710243
0.7596581
0.8026005
0.5840437
0.7508389
0.6792358
0.6838177
0.7182296
0.6306503
0.5773
0.8466545
0.6955187
0.7544996
0.5637835
0.7738599
0.6504845
0.6751827
0.6410834
0.8556092
0.8237169
0.7503763
0.8392562
0.7902208
0.7583753
0.7697476
0.9377424
0.6881034
0.7243078
0.6624323
0.6933902
0.7814058
0.7610146
0.7068442
0.7471774
0.683528
0.7159174
0.8322316
0.8637372
0.6495545
0.9097505
0.7626813
0.7383186
0.59539
0.767087
0.7139979
0.7261852
0.8654444
0.7223414
0.736402
0.9367493
0.7795152
0.7082237
0.886592
0.6849228
0.8771403
0.9434903
0.9347701
0.8559982
0.8845315
0.7711657
0.8437729
0.9135594
0.8540514
0.9221254
0.8692275
0.8515412
0.8183139
0.8133789
0.8597059
0.9657113
0.9436839
0.7787114
0.7801703
0.797736
0.7918357
0.8465724
0.8427783
0.7025128
0.8761753
0.8147649
0.964826
0.9748923
0.9656263
0.9754278
0.8536387
0.8915044
0.8592086
0.8515389
0.8053638
1.027546
0.8877361
0.8876058
1.041654
0.9486755
0.8212103
0.8751014
1.054357
0.9465417
0.9999918
0.8967557
0.6919544
0.9069108
0.8715122
0.9482226
1.002032
1.000476
1.09066
1.070738
0.9332
0.9478815
0.9684007
0.843667
0.858541
1.021328
0.978018
0.8852018
0.865899
0.9385085
0.9733647
0.8973122
1.009969
1.067319
0.9246137
1.106611
1.112174
0.8867199
0.9190664
1.049851
1.055634
0.8721507
0.8763772
0.9688497
0.8162238
1.006266
1.004746
0.9504858
0.8682541
1.058929
0.8939464
0.8936594
1.10222
1.02895
1.045796
1.185274
0.8465974
0.9327627
0.9565947
0.9796892