0.01771895
-0.9332149
-1.048867
-0.949518
-1.066322
-0.9428231
-0.9782122
-1.015566
-1.143479
-0.9941803
-0.9478914
-0.9764555
-1.013989
-0.9750678
-0.9348687
-0.9394547
-0.9306901
-0.851444
-0.9942611
-0.942337
-1.013848
-0.9618014
-0.8511651
-0.9159
-1.086452
-0.8558852
-0.9243867
-0.9740931
-1.043852
-0.9665403
-0.9262843
-0.915307
-0.8767835
-1.012245
-0.8901322
-0.8973281
-0.9053987
-0.8407095
-0.9259719
-0.9139603
-0.6627308
-0.7423597
-0.8651239
-0.9063326
-1.002451
-0.7936862
-0.9513052
-0.941982
-0.9374975
-0.9390414
-0.8397737
-1.000125
-1.031198
-0.6677692
-0.7501905
-0.7891969
-0.875706
-0.9941974
-0.864562
-0.8500632
-0.7122829
-0.8276576
-0.9502101
-0.9494804
-0.8819097
-0.8404095
-0.9648797
-0.8456999
-0.8623632
-0.8183493
-0.8099398
-0.645337
-0.7562293
-0.9852256
-1.013067
-0.8409753
-0.8061293
-1.044196
-0.7487244
-0.8726469
-0.843977
-0.8335476
-0.8712698
-0.8501918
-0.8214062
-0.8259859
-0.663875
-0.8845492
-0.7773232
-0.9254325
-0.8302415
-0.8170926
-0.7505913
-0.877154
-0.7414896
-0.7116996
-0.6938997
-0.8622169
-0.7190927
-0.8293763
-0.8038245
-0.7513995
-0.7881043
-0.9211712
-0.8945753
-0.9073043
-0.7316397
-0.7076681
-0.8900803
-0.7195731
-0.8672027
-0.799214
-0.7965267
-0.7213012
-0.7093424
-0.7958214
-0.6974742
-0.7216453
-0.8764822
-0.7439084
-0.8371613
-0.7332252
-0.8628411
-0.8098976
-0.7412286
-0.6045067
-0.7296928
-0.9236978
-0.7220814
-0.7175494
-0.7107716
-0.572008
-0.7621937
-0.8271159
-0.7416666
-0.7767121
-0.699435
-0.5093009
-0.5153039
-0.7108926
-0.754272
-0.6856122
-0.7711652
-0.7997267
-0.7872683
-0.7214505
-0.5960118
-0.6935592
-0.642237
-0.6745569
-0.6866716
-0.7071333
-0.7240618
-0.6427463
-0.7507161
-0.635042
-0.729809
-0.6549276
-0.6030973
-0.5611874
-0.6369092
-0.5674494
-0.5635631
-0.6199176
-0.677356
-0.6600487
-0.6298321
-0.6665313
-0.8210156
-0.5855341
-0.6587468
-0.6291451
-0.6735161
-0.7018451
-0.599685
-0.7690453
-0.6693071
-0.7548218
-0.6649179
-0.8204342
-0.5127506
-0.6621792
-0.6001766
-0.7154133
-0.5813354
-0.5581704
-0.5208694
-0.6241537
-0.6762527
-0.5772822
-0.668584
-0.5668711
-0.6501663
-0.6801766
-0.6651085
-0.5220674
-0.5420468
-0.5457467
-0.4974837
-0.508625
-0.6431237
-0.5687864
-0.6816873
-0.548824
-0.6251749
-0.7476434
-0.6108742
-0.7719261
-0.4837311
-0.4718558
-0.5421897
-0.5828979
-0.5717193
-0.4947176
-0.6381361
-0.6216992
-0.544321
-0.5470471
-0.5689581
-0.6794446
-0.3826176
-0.5430553
-0.551143
-0.536519
-0.624379
-0.5145586
-0.549351
-0.7432583
-0.5142438
-0.5088476
-0.5527431
-0.5519821
-0.5203641
-0.4649935
-0.6689551
-0.5384479
-0.7079306
-0.4922533
-0.5498062
-0.6559423
-0.6245536
-0.5372132
-0.4940593
-0.4939823
-0.6032718
-0.6027022
-0.4399582
-0.4694483
-0.5465561
-0.3726969
-0.4272112
-0.5355781
-0.6530872
-0.4997237
-0.5340108
-0.4645731
-0.44544
-0.6479871
-0.5158949
-0.4632362
-0.4475606
-0.5080066
-0.6091159
-0.5116864
-0.2813553
-0.4369134
-0.430829
-0.486159
-0.5031135
-0.3945014
-0.3919654
-0.3294043
-0.4055251
-0.6512676
-0.5910792
-0.3989707
-0.4443963
-0.5265396
-0.3911821
-0.3701595
-0.5383344
-0.4090299
-0.5305814
-0.3592574
-0.4868693
-0.5809721
-0.324198
-0.4499053
-0.3542029
-0.481765
-0.289784
-0.440733
-0.5344664
-0.3502335
-0.3438918
-0.4234939
-0.4350962
-0.5403802
-0.3340803
-0.3764052
-0.4055558
-0.4674245
-0.4133576
-0.4691663
-0.4139954
-0.4250579
-0.3205565
-0.5141469
-0.4884269
-0.41024
-0.2798958
-0.5008502
-0.3967368
-0.470845
-0.4170249
-0.3405948
-0.4286519
-0.5196255
-0.2345144
-0.3258355
-0.3070604
-0.3045875
-0.4116486
-0.3679479
-0.3243052
-0.5185364
-0.5031053
-0.1985727
-0.2545123
-0.289725
-0.2847887
-0.3724014
-0.3509909
-0.3162096
-0.1748238
-0.3913749
-0.4793075
-0.2377683
-0.3128602
-0.3285973
-0.2977565
-0.3782041
-0.3975465
-0.4035026
-0.3077235
-0.278239
-0.3178344
-0.1963908
-0.2425853
-0.3498774
-0.3213147
-0.3629048
-0.3574288
-0.2350158
-0.229053
-0.2290675
-0.2232433
-0.2682413
-0.3311148
-0.2907222
-0.2616478
-0.241177
-0.2780161
-0.3918118
-0.2861052
-0.1670956
-0.2699924
-0.3382591
-0.2506145
-0.4101894
-0.1761273
-0.2473574
-0.2391196
-0.3646994
-0.4326548
-0.2457779
-0.2482281
-0.2745808
-0.2773279
-0.2438739
-0.07646157
-0.12372
-0.40381
-0.2928781
-0.3564442
-0.2627245
-0.1287377
-0.2011613
-0.268802
-0.2322286
-0.2325411
-0.132752
-0.176403
-0.2159131
-0.3966211
-0.3732097
-0.310729
-0.3114095
-0.1927654
-0.2442453
-0.09541873
-0.0692957
-0.2440691
-0.3392763
-0.1103991
-0.1662492
-0.1155123
-0.1451221
-0.1678203
-0.09526711
-0.1748312
-0.08829442
-0.1354311
-0.1473852
-0.170912
-0.1405115
-0.1811023
-0.1411219
-0.04334576
-0.197478
-0.1403225
-0.3208803
-0.2115911
-0.1699931
-0.1620072
-0.04189141
-0.1115885
-0.1584826
-0.06431784
-0.06144989
-0.1263194
-0.08840619
-0.2264524
-0.03970447
-0.1144107
0.009606093
-0.1111887
-0.1043534
-0.159408
-0.078525
-0.06719005
-0.1777263
-0.2894639
-0.1485775
-0.2071137
-0.1900501
-0.2393958
-0.2322435
-0.08288104
-0.0319022
0.02913756
-0.1465494
-0.1734785
-0.08525609
-0.09542261
-0.005056799
0.02574953
-0.1334503
0.001319062
-0.0907229
-0.07987705
-0.1004949
-0.1799544
-0.03121602
-0.04139897
-0.1310498
-0.1668913
-0.004353238
-0.1472006
-0.06407892
-0.0566344
-0.1075888
0.05884416
-0.09726183
0.03947492
-0.04233859
-0.1516709
-0.06416049
-0.09217842
-0.01229061
-0.08352384
0.07250407
-0.05631433
-0.09525305
-0.02250271
-0.1321188
0.07592897
-0.02995085
0.123737
-0.07545141
-0.07100842
-0.008762605
0.06289284
-0.03856293
0.02749275
0.1028506
-0.098261
-0.09576126
0.04456005
-0.01240453
-0.1006652
-0.1755406
0.08555368
-0.006113891
-0.08496524
0.09049815
0.02016956
0.2095924
0.1559952
-0.1225671
0.05172003
-0.07442913
0.1104894
-0.03534952
0.0952258
0.1208614
0.08756577
0.1964444
0.1183104
-0.04399412
-0.01010164
-0.09296075
-0.008068472
0.09865066
0.2037643
0.04558053
-0.07803131
-0.06846347
0.1704253
0.07324146
0.1239732
0.01017813
-0.00602582
0.2009599
0.07732592
0.1328661
0.01306604
-0.0355569
-0.01327215
0.2652247
-0.09919094
0.03725159
0.1278741
0.02321139
0.1229169
-0.03982518
0.2332289
0.04076929
0.1083601
0.1326023
0.01962993
0.1508635
0.02916915
-0.008608981
0.1703226
0.1825351
0.1120225
0.08783303
0.1557189
0.2582426
0.1855326
0.1348444
0.0623154
0.1462638
-0.0004775793
0.1623244
0.08334729
-0.06064532
0.09888383
0.2028822
0.08889778
0.1223901
0.1018242
0.1048662
0.1612067
0.1480935
0.07325967
-0.01241932
0.1170268
0.1630937
0.1530399
0.3351205
0.2509429
0.1549786
0.2341667
0.2068087
0.1359948
0.1835255
0.1208871
0.1295714
0.2449975
0.1515287
0.2379639
0.1299692
0.1921623
0.2215354
0.02915827
0.2374544
0.2566498
0.3115397
0.2856905
0.3464822
0.1080549
0.303555
0.1641391
0.3121742
0.1051414
0.2932614
0.1856086
0.3226195
0.2760012
0.2138915
0.2488942
0.2620364
0.3515722
0.3239062
0.315279
0.1866383
0.3062858
0.2313442
-0.02853276
0.2028303
0.1845998
0.2195933
0.2782454
0.313274
0.2683957
0.3499518
0.2450467
0.339068
0.2668869
0.2101703
0.0899543
0.3681557
0.1643107
0.4353882
0.281488
0.200845
0.3390185
0.2174563
0.3067002
0.3834397
0.3287153
0.3464668
0.3887589
0.3718902
0.1910596
0.1097791
0.286851
0.1388977
0.2163929
0.2795516
0.3417096
0.2865419
0.3174709
0.252612
0.2387058
0.3038301
0.2693418
0.2689649
0.4278334
0.1540268
0.321463
0.3287896
0.3330797
0.3755623
0.2215662
0.3842297
0.2416241
0.3138391
0.2604557
0.3389517
0.2267907
0.3321097
0.278935
0.4390584
0.4847747
0.3491543
0.405348
0.3727619
0.5040507
0.2245459
0.308305
0.3259666
0.3896272
0.3574891
0.3584708
0.3751824
0.2558949
0.3562089
0.3957349
0.4207161
0.4066509
0.5914528
0.3841085
0.3442654
0.373553
0.4463512
0.377207
0.5251164
0.3910588
0.50157
0.2923426
0.3707825
0.4446928
0.3293399
0.3960566
0.2970461
0.3089908
0.3455777
0.4055354
0.4010954
0.5697194
0.4921669
0.5297569
0.2633108
0.3746222
0.4839958
0.4007183
0.4216279
0.4958449
0.5533759
0.4395577
0.5915586
0.3886685
0.4488519
0.4434417
0.3150821
0.5162827
0.4204239
0.5744878
0.576063
0.3104303
0.2701544
0.527955
0.4981815
0.383492
0.5108348
0.6061718
0.4696727
0.4252653
0.5588388
0.5664164
0.3795357
0.5033068
0.5702212
0.3399043
0.5562628
0.6919436
0.4413023
0.4830577
0.5279434
0.6557648
0.4560954
0.3471146
0.6160467
0.6108809
0.6258506
0.5212892
0.7522234
0.5299197
0.4878125
0.5884258
0.569778
0.4892992
0.5230073
0.4127308
0.496139
0.5935672
0.6082242
0.516149
0.5612777
0.5322764
0.6302838
0.6059737
0.5980677
0.5892898
0.5054462
0.5589514
0.5645262
0.4611033
0.4971987
0.4122637
0.487032
0.7173641
0.5826871
0.5116176
0.5817552
0.6225289
0.6527036
0.5752514
0.5621581
0.6713584
0.5393315
0.4808884
0.6841473
0.4709032
0.5403888
0.450103
0.6299289
0.5680941
0.635095
0.5113296
0.6227396
0.6879826
0.6586403
0.639261
0.6375889
0.5361805
0.7275169
0.6621792
0.5374187
0.656613
0.568087
0.7325269
0.6222277
0.6713802
0.7345553
0.6855828
0.6284958
0.6710012
0.5532517
0.5331159
0.6534412
0.7165551
0.7260888
0.644729
0.7180246
0.5915869
0.6935389
0.6704623
0.5826299
0.6633797
0.5131771
0.733134
0.7377734
0.7698246
0.7469947
0.793391
0.7089808
0.5599729
0.7626689
0.6639853
0.7277055
0.7326487
0.7112596
0.6746722
0.5619362
0.5065611
0.6832476
0.7082148
0.7640685
0.7192937
0.7757068
0.6669747
0.6720695
0.8050576
0.7074697
0.6164831
0.6990292
0.8147194
0.7788921
0.6505348
0.8012192
0.7370116
0.6526796
0.6578406
0.8235577
0.7027971
0.8169183
0.8896344
0.673524
0.7041078
0.7735704
0.7433425
0.596191
0.8567492
0.6855202
0.6922437
0.7258643
0.9550114
0.7639874
0.7418057
0.8166166
0.8035565
0.7419022
0.8629979
0.7860967
0.7692672
0.6015935
0.6433491
0.804456
0.7952581
0.875761
0.8105752
0.7798802
0.8464595
0.9023363
0.8145574
0.7181055
0.9194836
0.7900713
0.7103073
0.8783586
0.6524888
0.775563
0.7713138
0.7575706
0.7733526
0.7753121
0.8085169
0.8500079
0.7685028
0.8060925
0.8598887
0.7676639
0.8325603
0.7869179
0.8837742
0.887427
1.046563
0.9547738
0.8050205
0.8917675
0.8757411
0.8923866
0.8007004
0.95959
0.9968069
0.8297441
0.9024526
0.760139
0.7820331
0.7038778
0.8916578
0.7454331
0.9518278
0.9351978
0.8867067
0.8884551
0.9899584
0.8710497
0.8376318
1.020568
0.8533296
1.038919
0.9909591
0.7579695
0.9170281
1.013222
0.8323472
0.8264858
0.774717
0.8766752
0.9985212
0.7868168
0.8797894
0.8769083
0.7242301
0.9070172
0.9525092
0.9030371
1.101319
1.0335
0.947839
0.9732775
0.8777175
1.000899
0.9626071
0.9094264
0.96437
0.9737205
0.9671626
0.961755
0.8053539
1.015823
0.8170654
1.049845
0.906348
0.9886319
0.8473244
0.9725131
0.9801612
0.8768679
0.9073086
1.071562
0.9838507
1.029983
1.017542
1.010652
0.9024306
1.088123
0.9498332
1.080562
1.001351
0.9241919
1.028204
1.083675
0.9312659
0.9124586
0.8472746