0.1364228
-0.977294
-1.010784
-0.7671969
-0.9110215
-1.048147
-0.9893025
-0.8662496
-1.055488
-1.001193
-1.033326
-1.073451
-0.992491
-1.027121
-0.8534417
-1.028326
-0.8263667
-0.9122688
-0.9657204
-1.004616
-0.8559698
-0.9248846
-1.027262
-0.8556637
-1.064412
-0.9202602
-0.7722428
-1.019362
-0.8849192
-0.8696571
-0.9284902
-0.8844954
-0.9734791
-0.8557329
-0.8140792
-1.175954
-0.9929991
-0.9354993
-0.9075713
-0.9021841
-1.08117
-0.8377882
-0.7493706
-1.011412
-0.9402805
-0.8386679
-0.8866263
-0.9198499
-0.8980602
-0.7441728
-0.7918413
-0.9517047
-0.820651
-0.8651532
-0.8588987
-0.7712079
-0.9170183
-0.8436444
-0.94568
-0.7896969
-0.8891754
-0.9380773
-0.7992492
-0.8346206
-0.9129098
-1.064366
-1.033455
-0.764231
-0.7636284
-0.8015887
-0.8190885
-0.703162
-0.9023603
-0.7641943
-0.9199529
-0.8521562
-0.8254345
-0.9074289
-0.9071145
-0.8042418
-0.7054837
-0.8914172
-0.7886617
-0.8691505
-0.8102022
-0.8651059
-0.8961919
-0.8109973
-0.7855092
-0.758343
-0.8951138
-0.860116
-0.8470556
-0.7964299
-0.8433962
-0.943865
-0.6662589
-0.6866215
-0.887906
-0.6647306
-0.7212543
-0.8766728
-0.9177964
-0.8330685
-0.8271261
-0.7368192
-0.743415
-0.6770699
-0.7693509
-0.9010038
-0.8265096
-0.8120993
-0.6642495
-0.7567766
-0.7900615
-0.6661053
-0.7308415
-0.762608
-0.8888635
-0.6510913
-0.859373
-0.7584991
-0.7485887
-0.7270558
-0.7224826
-0.8512936
-0.6802521
-0.6835931
-0.7975991
-0.724446
-0.7357725
-0.7545283
-0.833989
-0.7759683
-0.7066196
-0.5717752
-0.8212127
-0.745301
-0.6725328
-0.8109903
-0.7473594
-0.6981611
-0.8367716
-0.7188949
-0.6706051
-0.7603569
-0.7971618
-0.6267039
-0.7396545
-0.6678386
-0.7059346
-0.6085255
-0.6304656
-0.7562249
-0.5825487
-0.7547765
-0.6702401
-0.6546406
-0.8134409
-0.7092059
-0.6497459
-0.7483828
-0.6455848
-0.7784128
-0.682457
-0.6921251
-0.7032284
-0.7063261
-0.6732988
-0.6609606
-0.7348046
-0.5452443
-0.7166419
-0.6514418
-0.5496135
-0.6350402
-0.5184421
-0.6877723
-0.6027427
-0.8053324
-0.5347674
-0.5906211
-0.559012
-0.6450867
-0.5582919
-0.5013061
-0.7711712
-0.6412838
-0.5377731
-0.5238895
-0.7084741
-0.5497678
-0.6055022
-0.6747453
-0.6828776
-0.7945686
-0.6297443
-0.5849234
-0.6050088
-0.7037474
-0.6815956
-0.4854202
-0.6641985
-0.63557
-0.6219177
-0.6333252
-0.5346705
-0.7585351
-0.5680635
-0.6372097
-0.5846722
-0.5533101
-0.6992217
-0.5927037
-0.712621
-0.5862711
-0.6460081
-0.5236711
-0.5308002
-0.5262214
-0.5768475
-0.5163806
-0.6886464
-0.6235419
-0.4992098
-0.5522149
-0.6330406
-0.6331767
-0.5169029
-0.4168777
-0.6321894
-0.4106668
-0.3700852
-0.3389252
-0.4744856
-0.6946744
-0.6625967
-0.3350289
-0.4396664
-0.5200992
-0.5558852
-0.5093295
-0.6221584
-0.7042907
-0.5141144
-0.5229301
-0.4796011
-0.3962074
-0.4458714
-0.5941156
-0.519956
-0.3339951
-0.5782813
-0.4042956
-0.3480366
-0.5184634
-0.6097427
-0.384105
-0.4276268
-0.3944402
-0.477568
-0.4709294
-0.3688685
-0.4565899
-0.6429507
-0.5176027
-0.4741647
-0.5532105
-0.2302067
-0.5589002
-0.45159
-0.4928246
-0.3435444
-0.2636192
-0.3518156
-0.4175989
-0.44914
-0.3994307
-0.2877711
-0.5605595
-0.4093529
-0.4338701
-0.4319669
-0.5103814
-0.249993
-0.3875478
-0.2519352
-0.4756408
-0.4677842
-0.5718311
-0.3742627
-0.4293096
-0.3730911
-0.2881524
-0.327365
-0.4104955
-0.4298477
-0.5007385
-0.3552189
-0.3642707
-0.44663
-0.4819284
-0.4003623
-0.4083161
-0.4590039
-0.4696596
-0.2397269
-0.4355311
-0.4045002
-0.3179826
-0.3945222
-0.3516809
-0.3380291
-0.2466946
-0.2950128
-0.09599239
-0.449041
-0.3652098
-0.3547555
-0.4373945
-0.4701881
-0.4336862
-0.3977239
-0.1797952
-0.1922946
-0.231369
-0.3967316
-0.4791463
-0.4842404
-0.3498563
-0.3945498
-0.2528465
-0.426808
-0.2520342
-0.3804979
-0.3166723
-0.4293476
-0.2786943
-0.1989639
-0.2542033
-0.1191443
-0.1645841
-0.2045299
-0.3496233
-0.4844909
-0.2610086
-0.3019301
-0.3223841
-0.1967005
-0.4044458
-0.2457619
-0.2592264
-0.1164133
-0.07066173
-0.3038548
-0.4017836
-0.3000575
-0.1272747
-0.3454909
-0.372159
-0.476777
-0.2169454
-0.3225538
-0.327694
-0.2737257
-0.4148977
-0.3556535
-0.2960428
-0.1821194
-0.2465286
-0.4350009
-0.3200669
-0.0513711
-0.2096591
-0.2377492
-0.2225329
-0.308534
-0.2668608
-0.3086667
-0.2711917
-0.2536282
-0.2340696
-0.3164473
-0.2326169
-0.2832873
-0.2140915
-0.09581113
-0.1798619
-0.07139766
-0.2808863
-0.2930203
-0.1805578
-0.1137033
-0.182391
-0.2089542
-0.1161352
-0.2479381
-0.269301
-0.1822487
-0.1363462
-0.2409668
-0.2284657
-0.2814235
-0.2386751
-0.1741514
-0.2344466
-0.2534494
-0.2204178
-0.3032352
-0.06813055
-0.2447566
-0.1918122
-0.1928318
-0.1775258
-0.1304341
-0.1903457
-0.1072998
-0.00496226
-0.1834432
-0.1995336
-0.1577666
-0.1322792
-0.14397
-0.006604535
-0.2510131
-0.2075381
-0.2141911
-0.0694919
-0.1720266
-0.1686608
-0.1409417
-0.05283887
0.03502514
-0.2276921
-0.1953811
-0.1739987
-0.2729525
-0.08578247
-0.140228
-0.2706315
-0.1305702
-0.05596639
-0.1195503
-0.004140293
-0.0141096
-0.1494819
-0.02266085
-0.1443119
0.03356493
-0.05436849
0.04963051
-0.1403293
-0.17309
-0.1452662
0.05731792
0.006677252
-0.08783889
-0.04977824
-0.1536436
0.006513923
0.02835239
-0.04037314
-0.02159436
-0.0661384
0.04574493
-0.07405379
-0.1471821
0.09879919
-0.1325461
-0.09500643
-0.09955651
-0.1530193
0.06101399
-0.01341626
0.01669067
-0.1344115
0.01178451
-0.101932
-0.003711305
-0.1440674
-0.1045209
-0.1197123
-0.04655029
-0.0833657
0.07269024
-0.02620764
-0.08148256
-0.03224071
-0.04449214
-0.01155408
-0.003855209
-0.1325353
-0.02658589
0.1318329
0.01552903
-0.05184904
-0.06679227
0.1470128
-0.02155052
0.1103502
-0.222387
-0.2232817
-0.05848288
-0.01209271
0.06389164
0.02308157
-0.07326163
-0.06809963
-0.1147614
0.05445648
-0.1197956
0.02914418
0.0006084297
0.1420915
0.09228022
-0.079221
0.02049937
0.124574
-0.1606149
0.00161001
0.03852432
0.05600987
0.1218303
-0.1410218
0.1298368
-0.06203361
-0.02018602
-0.009016537
0.00450886
-0.136415
0.1337367
0.02482865
-0.05577357
-0.06980153
0.2649286
-0.03042808
0.01865333
0.03379667
0.1177342
0.2324519
-0.011828
0.01627675
-0.07568617
0.03113793
-0.08453487
0.1388739
0.06939661
0.1218145
0.1147608
0.1231179
0.1354255
0.2140626
0.2036165
-0.08772742
0.2384397
0.1944832
0.3305715
0.16516
0.4010291
0.1748071
0.1178121
0.08015296
0.2614678
0.1563459
0.1151322
0.1740322
0.02961959
0.001520265
0.05961848
0.1486934
0.1103649
0.09810206
0.1222094
0.125849
0.09883364
0.1958961
0.2496913
0.2003389
0.1664663
0.04756758
0.1185251
0.01163966
0.07108807
0.2014973
0.1134542
0.08221426
0.1414506
0.1347046
-0.009800961
0.1618923
0.2424882
0.2234385
0.1968732
0.2604976
0.2969628
0.22178
0.2483831
0.1716869
0.2479534
0.138473
0.05742398
0.2326997
0.138255
0.2815565
0.1458668
0.149842
0.3306722
0.2479088
0.2188336
0.3307528
0.3412182
0.1497592
0.248268
0.1074667
0.06727522
0.2437414
0.3004644
0.1015516
0.1359946
0.1590071
0.2303694
0.1709322
0.1245408
0.1894496
0.3274493
0.06057003
0.3332192
0.304064
0.2234969
0.3156116
0.1974381
0.1305377
0.2940616
0.2179132
0.1213004
0.1935974
0.1197296
0.3304849
0.3628057
0.2406152
0.3564146
0.3765772
0.3610256
0.448513
0.310188
0.2327884
0.3651583
0.3432227
0.1640897
0.238051
0.3285373
0.2968076
0.327598
0.2888584
0.3740886
0.2679379
0.2880159
0.3122882
0.2700685
0.2667129
0.3115957
0.2107947
0.4342031
0.3655987
0.3448892
0.5037169
0.2599668
0.4027428
0.2009603
0.3790445
0.3726198
0.3007643
0.3871452
0.3438948
0.2207617
0.3179471
0.3267909
0.3683388
0.3831371
0.2808338
0.3387288
0.3896651
0.3083158
0.4525133
0.5374116
0.4766498
0.1534742
0.3469913
0.39528
0.5102142
0.2867385
0.4671175
0.2345256
0.4737831
0.249653
0.2799659
0.4789014
0.4374948
0.5341929
0.409671
0.3989787
0.418056
0.3836451
0.4980573
0.3755049
0.4880026
0.4125401
0.438145
0.5102351
0.4659328
0.4455192
0.4227317
0.4492057
0.3970073
0.5419814
0.4161742
0.3517537
0.4250428
0.3785752
0.5016572
0.475713
0.4640327
0.4160496
0.383932
0.5005019
0.4900939
0.4399516
0.5489018
0.5372796
0.5494358
0.4671491
0.514393
0.5765394
0.5222065
0.6643034
0.5816651
0.5038228
0.4415151
0.5701915
0.5086027
0.5680686
0.594821
0.4960664
0.3415481
0.386174
0.4240539
0.502071
0.5527589
0.5394105
0.4865489
0.5107687
0.5064339
0.4963097
0.5067637
0.5211098
0.4935341
0.3933808
0.4911734
0.5245947
0.5207654
0.5906684
0.5189563
0.5659427
0.6435743
0.5340688
0.5364023
0.3731482
0.5755909
0.5057148
0.5861723
0.5385682
0.3847699
0.5801752
0.5489791
0.6172145
0.5825243
0.3646985
0.5943133
0.5669582
0.612773
0.7154628
0.6069728
0.6398769
0.6275244
0.6773926
0.5240748
0.7269537
0.5515377
0.5779695
0.4509192
0.7385983
0.5475619
0.5769849
0.557131
0.5128643
0.5337451
0.632703
0.7455744
0.6764988
0.6470709
0.4744295
0.412204
0.5953049
0.546427
0.5554334
0.6790442
0.6103289
0.7025183
0.4901029
0.5179063
0.6930311
0.6481207
0.6255091
0.5578917
0.5229058
0.4662016
0.7064703
0.7895936
0.6255979
0.6778242
0.7070039
0.6921051
0.6069135
0.6768196
0.6188768
0.7049674
0.7216973
0.6503686
0.6532903
0.6162947
0.4217717
0.6908335
0.678689
0.6988867
0.7296861
0.6527065
0.6016026
0.6983669
0.5693096
0.842015
0.5278383
0.7407714
0.7610104
0.7074333
0.7991166
0.6384328
0.5433316
0.8352153
0.6976988
0.7110244
0.6222313
0.6677709
0.9637412
0.6216231
0.6103304
0.7593926
0.6917371
0.7828459
0.716466
0.796253
0.7233265
0.6916845
0.7338504
0.804366
0.6116624
0.8825168
0.7612132
0.6805162
0.6475796
0.7769656
0.6136545
0.8429842
0.6680151
0.7031425
0.8574262
0.7706012
0.873037
0.8793625
0.7644073
0.6573596
0.7487598
0.7213991
0.7709568
0.7318892
0.691922
0.7162
0.9460924
0.7296789
0.6482107
0.6801299
0.8072028
0.8419933
0.8037513
0.8294876
0.7467847
0.7487522
0.7610869
0.8517285
0.7791019
0.7699847
0.8446167
0.8525582
0.9893706
0.6304447
0.7636205
0.7117378
0.7716238
0.8151275
0.8600365
0.787605
0.7882473
0.9126696
0.8270589
0.7748118
0.7590055
0.7547863
0.8146763
0.783374
0.8612521
0.8574222
0.9757196
0.8171599
1.037026
0.7659388
0.7643178
0.6063367
0.7120277
0.864824
0.7863378
0.8762251
0.7607249
0.8279854
0.9053988
0.9435706
0.8216024
0.8566992
1.115465
0.6915795
0.8743571
0.9510266
0.8569567
0.8548161
0.8758651
0.9356439
0.8345379
0.9868754
0.79531
0.8470206
0.8455208
0.9458948
0.987507
0.8671493
0.7636385
0.9407169
0.9214202
0.90989
0.8503784
0.9668306
0.9964476
0.9740894
0.9545546
0.7751703
0.9271346
0.9199188
0.9903138
0.9454012
0.921322
0.8347602
0.9615238
0.9516727
0.8047128
0.8833157
0.8031832
0.9842409
0.8073483
0.9473507
1.062342
1.026766
1.004455
0.9462783
0.9196044
1.033906
1.056302
1.097918
1.001064
1.014781
0.9336034
0.8997451
0.8639839
1.080728
0.9019933
0.8155718
0.9355981
0.8960429
1.07237
0.9548006
0.978006
0.964181
0.926659
0.9103254
1.020153