0.04417768
-0.9612439
-1.053181
-0.9373719
-1.049288
-0.9594608
-0.9825421
-0.9993273
-1.12796
-0.9940859
-0.9586291
-0.9588498
-1.010108
-0.9580724
-0.944483
-0.9467535
-0.9280393
-0.8506803
-1.008924
-0.951837
-1.001293
-0.9737418
-0.8497877
-0.9020855
-1.099086
-0.8708193
-0.9094034
-0.9640356
-1.038705
-0.9470012
-0.9279996
-0.9191671
-0.8973459
-0.9826219
-0.8689931
-0.8807139
-0.8986017
-0.8147747
-0.9288653
-0.9250322
-0.6657935
-0.7653266
-0.8665721
-0.8846808
-0.9968563
-0.7929729
-0.9740253
-0.9218657
-0.9507331
-0.9104106
-0.8468815
-1.006797
-1.002186
-0.6717112
-0.7711637
-0.8003194
-0.8758288
-0.9740688
-0.8723521
-0.8322655
-0.7179234
-0.8145077
-0.9439241
-0.9484783
-0.9036063
-0.8301924
-0.9484294
-0.8281429
-0.8716191
-0.8122808
-0.8117211
-0.6364547
-0.7646883
-1.003173
-1.010097
-0.8561118
-0.8050003
-1.032024
-0.7284442
-0.8523594
-0.8083775
-0.8161726
-0.8962224
-0.8738597
-0.8309289
-0.8097362
-0.6411618
-0.9000858
-0.788642
-0.9084273
-0.8516038
-0.8104735
-0.7171978
-0.8855137
-0.7468031
-0.7162888
-0.7201064
-0.8617036
-0.7127625
-0.8275594
-0.8073164
-0.7686823
-0.8151719
-0.9301688
-0.8897229
-0.9258317
-0.7314736
-0.7270092
-0.8924391
-0.6907507
-0.8721164
-0.7817895
-0.7851383
-0.7254412
-0.7124346
-0.7887968
-0.6727847
-0.698774
-0.8609842
-0.7322741
-0.817626
-0.7225889
-0.863683
-0.832
-0.7099957
-0.5981491
-0.7059585
-0.9304241
-0.7308243
-0.7134305
-0.7051446
-0.5829825
-0.7411803
-0.8236886
-0.7512748
-0.7692419
-0.7007987
-0.5001097
-0.5337664
-0.7014926
-0.742379
-0.6647083
-0.7782623
-0.799931
-0.7827619
-0.7356075
-0.6040624
-0.7108809
-0.6594967
-0.6931963
-0.6910854
-0.6933541
-0.6858625
-0.6574373
-0.7455906
-0.6344435
-0.7473829
-0.6661581
-0.5978239
-0.5650004
-0.6432565
-0.5804466
-0.5554879
-0.598622
-0.666407
-0.6581954
-0.6228781
-0.6471171
-0.8172515
-0.5910347
-0.6585417
-0.6242088
-0.6762737
-0.6880035
-0.6299172
-0.7557592
-0.6764519
-0.754035
-0.6626145
-0.8016403
-0.5003071
-0.6860315
-0.5917295
-0.6816808
-0.5826504
-0.566331
-0.5009001
-0.6407579
-0.6654789
-0.5764293
-0.6752805
-0.5606045
-0.6638366
-0.6918654
-0.6741862
-0.5327237
-0.5657663
-0.5593786
-0.4915812
-0.505458
-0.6186888
-0.5681786
-0.6737663
-0.5378032
-0.6491429
-0.7358346
-0.6302407
-0.7599221
-0.4676651
-0.4702485
-0.5465192
-0.5746613
-0.5738121
-0.5308875
-0.6555597
-0.6023809
-0.5365182
-0.5609873
-0.5600696
-0.6676062
-0.3746032
-0.5279422
-0.5743447
-0.5511874
-0.6122728
-0.5406575
-0.582726
-0.7130867
-0.4999421
-0.5162016
-0.577656
-0.5553871
-0.5097912
-0.4655261
-0.6743187
-0.5371762
-0.7112768
-0.4961638
-0.534477
-0.6555803
-0.6579959
-0.5368484
-0.5068435
-0.508841
-0.5897216
-0.608943
-0.458945
-0.4638363
-0.53572
-0.4077742
-0.437624
-0.5258985
-0.6662259
-0.4973709
-0.5304136
-0.4690952
-0.4598445
-0.6610415
-0.514484
-0.4649374
-0.4501729
-0.508161
-0.613928
-0.5154085
-0.2718037
-0.4370683
-0.4397329
-0.4922433
-0.4782056
-0.4005943
-0.3782646
-0.3263452
-0.412313
-0.6269505
-0.5892877
-0.4048585
-0.4331341
-0.513788
-0.3979308
-0.3871855
-0.5511902
-0.4049178
-0.5205276
-0.3589815
-0.5117489
-0.578756
-0.3174419
-0.438982
-0.3572311
-0.4523557
-0.2709896
-0.4278188
-0.5356694
-0.3592848
-0.3327363
-0.4316789
-0.4424922
-0.520269
-0.3239336
-0.3572273
-0.3969546
-0.4529663
-0.4265448
-0.473687
-0.3992677
-0.4393679
-0.3351097
-0.507246
-0.4801781
-0.4097943
-0.278131
-0.498106
-0.3880005
-0.466726
-0.4337178
-0.3370899
-0.4268314
-0.5093608
-0.2016181
-0.3409778
-0.3138109
-0.2914725
-0.411565
-0.3739846
-0.3107875
-0.5172349
-0.5049133
-0.183707
-0.2541881
-0.2798694
-0.2836137
-0.351728
-0.3493124
-0.3025371
-0.1678097
-0.3830483
-0.4708943
-0.2344033
-0.3215934
-0.327189
-0.2995487
-0.3799938
-0.3912125
-0.4076529
-0.2901516
-0.2723215
-0.2919958
-0.2252848
-0.2280818
-0.3422678
-0.3414908
-0.3473142
-0.3719964
-0.245097
-0.2355069
-0.2465762
-0.2209602
-0.2643825
-0.3138919
-0.2812435
-0.279112
-0.2194914
-0.2696875
-0.3781079
-0.3008145
-0.1503297
-0.26589
-0.3270142
-0.2463879
-0.425073
-0.1825346
-0.222482
-0.2364089
-0.3748893
-0.4216027
-0.2363013
-0.2451661
-0.2479292
-0.2801457
-0.2203309
-0.07796547
-0.1094005
-0.420597
-0.2913982
-0.3680499
-0.2719387
-0.114258
-0.185521
-0.2551067
-0.2129559
-0.2237122
-0.160089
-0.1772533
-0.2108889
-0.3821091
-0.3446961
-0.3056273
-0.314085
-0.2030111
-0.2507262
-0.09958822
-0.05194927
-0.2386365
-0.3349002
-0.1105111
-0.1720864
-0.1263802
-0.1451162
-0.1683305
-0.09667556
-0.1772909
-0.08266012
-0.142087
-0.1272991
-0.1752989
-0.1430087
-0.1737494
-0.1229738
-0.0215669
-0.1880079
-0.1255188
-0.3210197
-0.2094473
-0.1580192
-0.1661151
-0.0420088
-0.1285177
-0.1704314
-0.05999084
-0.05813727
-0.1104554
-0.08057945
-0.2321656
-0.03570798
-0.08509951
0.02761694
-0.1235905
-0.1076286
-0.1813917
-0.07663661
-0.08867914
-0.1834285
-0.2868353
-0.1661883
-0.2004198
-0.2060388
-0.2149776
-0.24874
-0.07543231
-0.04757806
0.01315756
-0.1335075
-0.1861742
-0.05299001
-0.08029675
0.02408967
0.0271311
-0.1259671
0.01663222
-0.0850013
-0.07378359
-0.1177621
-0.1722894
-0.03189776
-0.03537872
-0.1102709
-0.1313295
-0.008102069
-0.1243027
-0.05734828
-0.06626539
-0.111647
0.05500511
-0.09433932
0.03348204
-0.05363279
-0.1417941
-0.07417172
-0.0815658
-0.004844705
-0.08923575
0.05863578
-0.04812787
-0.08278864
-0.02421059
-0.1416635
0.05401641
-0.01746147
0.1140674
-0.08831266
-0.0590386
-0.03547695
0.05056665
-0.03466394
0.0385997
0.09153822
-0.1247515
-0.1040844
0.03454975
-0.0154919
-0.08362856
-0.1914283
0.07943858
0.003054971
-0.09052093
0.08538895
-0.01286204
0.246334
0.1476584
-0.1324288
0.04527122
-0.08199795
0.1057522
-0.01181941
0.08744247
0.09922215
0.06705658
0.2130843
0.1293789
-0.04201234
0.01961577
-0.09979698
-0.02358691
0.1054539
0.2129785
0.0580211
-0.09066158
-0.05818419
0.1677334
0.08277753
0.1096264
0.02733391
0.00758126
0.1916473
0.08689395
0.1360256
0.01924417
-0.03485513
-0.01193038
0.2492349
-0.09721714
0.05099487
0.1264986
0.0321408
0.1225032
-0.04288321
0.2387529
0.05977757
0.1035472
0.1283383
0.01504029
0.1662219
0.03081749
-0.01590645
0.1448213
0.1773698
0.1257654
0.1063579
0.1641996
0.2543194
0.1903023
0.145612
0.08248389
0.1577879
0.003050629
0.1697275
0.07905618
-0.05680812
0.0923887
0.2108056
0.07358252
0.1198244
0.1002535
0.0853768
0.1677773
0.1295555
0.08194769
0.01810056
0.1211186
0.1680244
0.1623589
0.3221245
0.259467
0.1302079
0.2204559
0.2208911
0.1199519
0.1681427
0.1278672
0.1402531
0.2556478
0.1278455
0.2385449
0.1394359
0.1962215
0.2036842
0.02350783
0.2508861
0.2565155
0.3156891
0.2631134
0.3365877
0.1077089
0.3000877
0.1408979
0.3000385
0.1190566
0.3067336
0.2094065
0.3192407
0.2823257
0.1987958
0.2406535
0.2704492
0.3354134
0.328772
0.3351419
0.179883
0.2854654
0.2421371
-0.03521874
0.1964905
0.1708155
0.2117757
0.2790745
0.3267893
0.2768152
0.3521417
0.2470875
0.339668
0.2653947
0.2074938
0.09087495
0.348695
0.148581
0.428895
0.297634
0.202084
0.336928
0.2131394
0.3183773
0.387839
0.3274827
0.3165572
0.3928754
0.3743277
0.2046125
0.1199451
0.2730062
0.1144549
0.2394968
0.2899644
0.3570958
0.2743071
0.3408943
0.240708
0.2245186
0.3247025
0.2758248
0.2582855
0.4179839
0.1536888
0.3073017
0.3552992
0.3081963
0.3929194
0.2128341
0.3553336
0.230575
0.2858255
0.242528
0.3384274
0.2248998
0.3230227
0.2683239
0.4320803
0.4645802
0.3675984
0.4038182
0.3881494
0.5196104
0.2217338
0.2956674
0.3321701
0.3970722
0.3584021
0.3616006
0.3882662
0.2855481
0.3556735
0.4032376
0.3960877
0.3688671
0.5806616
0.3615901
0.3470258
0.3860439
0.4550367
0.3832446
0.5369617
0.3962091
0.5049239
0.2891341
0.3742571
0.4365986
0.3416151
0.4084397
0.2654988
0.3112009
0.3470034
0.422501
0.4311814
0.5617846
0.5090251
0.5286389
0.2868384
0.3637651
0.4769658
0.4078238
0.4230103
0.4868354
0.5196206
0.4482256
0.602889
0.3825241
0.445961
0.4211897
0.304938
0.5235206
0.4003606
0.589242
0.5904408
0.3367242
0.2824136
0.5368789
0.5056107
0.376384
0.50825
0.614065
0.4771212
0.4255749
0.5384519
0.5765889
0.3574704
0.5113268
0.5710005
0.3511762
0.5479007
0.6734315
0.4573088
0.4846694
0.5326072
0.659855
0.4653907
0.3280364
0.6134468
0.6116683
0.6208213
0.5210435
0.7550498
0.5432699
0.4703043
0.5766493
0.5678778
0.4816792
0.5027845
0.4168648
0.4765463
0.5919676
0.605087
0.5093013
0.5652334
0.5097103
0.6237309
0.6100509
0.5969618
0.5655311
0.5034546
0.5663979
0.5597582
0.4482119
0.4908454
0.4091265
0.4680123
0.7324971
0.5815351
0.5013871
0.5825322
0.6236728
0.6574411
0.5685298
0.5501076
0.6624112
0.5400434
0.4876976
0.682215
0.5066337
0.5373118
0.46385
0.6240191
0.5839038
0.6265919
0.5118055
0.6237513
0.7078357
0.6710208
0.635155
0.6480563
0.5185992
0.7240576
0.6617835
0.5284897
0.6796012
0.5602733
0.7449062
0.6017456
0.6630916
0.7352323
0.6927929
0.6304846
0.6785626
0.5658812
0.5316605
0.6684835
0.7394887
0.7361623
0.6436282
0.7427265
0.6042823
0.6556631
0.6669379
0.56529
0.6662735
0.5298883
0.7571203
0.7171469
0.7506585
0.769882
0.7992019
0.7081023
0.5549171
0.7534043
0.6579265
0.7431955
0.7471171
0.6960262
0.6554778
0.5706517
0.4952937
0.690633
0.7408321
0.7811018
0.728941
0.8072216
0.6679282
0.6574984
0.7773218
0.7095305
0.6501166
0.6979761
0.7880921
0.7912219
0.6401289
0.7794835
0.7392293
0.6529362
0.6537492
0.8330734
0.7042014
0.8041159
0.9079397
0.6645491
0.7211767
0.7592215
0.752457
0.5759011
0.8553364
0.7035843
0.6830103
0.7195454
0.9723226
0.7393739
0.7293455
0.8151268
0.7904916
0.7154526
0.8586218
0.7842663
0.7590209
0.6098159
0.6592993
0.7985819
0.8004779
0.893396
0.7962323
0.8020903
0.8388557
0.9299413
0.8048897
0.7071901
0.9177971
0.7896025
0.7081091
0.8637135
0.6340211
0.7864985
0.7612404
0.75827
0.7804441
0.8127388
0.8128883
0.8483005
0.7672553
0.7874052
0.8887685
0.7564645
0.8519218
0.8016136
0.8834073
0.882781
1.052581
0.9513951
0.8282622
0.8823448
0.8726348
0.8914877
0.7984464
0.9585727
0.984446
0.8216482
0.9194157
0.7506417
0.7581667
0.6998224
0.9091608
0.7439722
0.9585969
0.9385694
0.9051617
0.8984365
1.010882
0.8707755
0.8522835
1.010343
0.8656677
1.025757
0.9848003
0.761585
0.9153447
1.0078
0.842135
0.8370461
0.7500311
0.8529732
1.024014
0.771765
0.8652453
0.8597448
0.7326571
0.9081655
0.9629825
0.897922
1.116319
1.030065
0.9444895
0.9952858
0.8923312
1.019477
0.9832132
0.8876383
0.9903069
0.9747854
0.9618083
0.9707079
0.8092814
1.010427
0.7887832
1.030966
0.9200497
0.984024
0.8564856
0.9719666
0.9671226
0.878766
0.9033247
1.066428
1.00308
1.053101
1.000828
1.010063
0.9158184
1.055229
0.9594013
1.089528
0.9999642
0.8972741
1.02094
1.089584
0.9342015
0.9123992
0.8475679