0.1391598
-0.9785405
-1.010401
-0.7879947
-0.9172695
-1.056256
-1.011709
-0.8691378
-1.091643
-1.003339
-1.030737
-1.059442
-0.9692461
-1.004728
-0.8497604
-1.025614
-0.8277065
-0.9227242
-0.9589109
-1.018056
-0.8508549
-0.9227546
-1.032946
-0.8521172
-1.097501
-0.9101304
-0.7753135
-1.046899
-0.9017845
-0.8577449
-0.9161664
-0.9007297
-0.975269
-0.8747088
-0.8193331
-1.170199
-0.9986134
-0.9572487
-0.9192048
-0.8945592
-1.080252
-0.8468058
-0.7447892
-0.9846294
-0.9244375
-0.8379861
-0.8729462
-0.8830631
-0.9047991
-0.7652137
-0.8229081
-0.9485809
-0.8344081
-0.8744882
-0.8220109
-0.7556368
-0.9174441
-0.8408897
-0.9440031
-0.7948542
-0.8926616
-0.948736
-0.8139951
-0.8287462
-0.9288667
-1.078639
-1.04103
-0.7590392
-0.7725312
-0.7931898
-0.8500177
-0.7118162
-0.9142445
-0.7848499
-0.8976941
-0.8467442
-0.8153695
-0.9021194
-0.9036882
-0.7892039
-0.6891585
-0.9012084
-0.7860674
-0.8781723
-0.8002711
-0.8658793
-0.9089551
-0.8191344
-0.7894193
-0.761728
-0.8627736
-0.8560888
-0.8429838
-0.8012568
-0.8393052
-0.9410418
-0.682812
-0.6740781
-0.8800221
-0.6794326
-0.7114844
-0.889448
-0.9027772
-0.7980902
-0.8076493
-0.7028883
-0.754083
-0.6669714
-0.7487489
-0.8863833
-0.8416388
-0.8105564
-0.6641343
-0.7743961
-0.7967417
-0.6659538
-0.7065612
-0.7419995
-0.8706755
-0.6489203
-0.8665528
-0.7490917
-0.7583338
-0.7324003
-0.711431
-0.8303229
-0.6915947
-0.6715936
-0.7928351
-0.7307846
-0.7180893
-0.7304716
-0.8046504
-0.7643569
-0.713794
-0.5850418
-0.8197943
-0.7295637
-0.6664959
-0.8161548
-0.7551943
-0.7025562
-0.8195838
-0.7418841
-0.6498575
-0.7607606
-0.8099367
-0.6317257
-0.7257995
-0.679994
-0.7075881
-0.5864899
-0.6098403
-0.7594809
-0.5779296
-0.7396158
-0.6554709
-0.6784914
-0.7933638
-0.6853913
-0.6721538
-0.7285686
-0.6379093
-0.7890396
-0.6908022
-0.7010028
-0.695123
-0.7315418
-0.6781213
-0.6664085
-0.7324854
-0.5597698
-0.7114822
-0.6631529
-0.5421887
-0.6076923
-0.5112582
-0.6914858
-0.60648
-0.8276049
-0.5283433
-0.6106049
-0.5571838
-0.6675365
-0.5455294
-0.5180244
-0.7685868
-0.6397326
-0.531913
-0.5231871
-0.7261174
-0.5443929
-0.5928282
-0.6745983
-0.6876613
-0.7788524
-0.6168209
-0.5938077
-0.6109766
-0.6847593
-0.6954883
-0.4835713
-0.6890302
-0.6373113
-0.6256395
-0.6143009
-0.5384592
-0.7389081
-0.567905
-0.6134695
-0.6156293
-0.5670614
-0.6841831
-0.5867839
-0.6867916
-0.600173
-0.6413528
-0.5218341
-0.5310185
-0.5056924
-0.5929572
-0.532546
-0.6716769
-0.6122494
-0.5029977
-0.5757503
-0.6208021
-0.6484989
-0.519301
-0.4287171
-0.6335934
-0.418072
-0.3751113
-0.3672548
-0.4703482
-0.6770756
-0.6526711
-0.3421618
-0.4312612
-0.494547
-0.5299776
-0.5184182
-0.6182369
-0.6933984
-0.5292487
-0.5144058
-0.4637467
-0.4063521
-0.4378448
-0.6052841
-0.5060517
-0.3092989
-0.5792072
-0.4098973
-0.3602999
-0.5279676
-0.6281829
-0.3809026
-0.4273206
-0.3990909
-0.4826207
-0.4585297
-0.3566955
-0.4369136
-0.6094689
-0.5222208
-0.4506211
-0.5703532
-0.2275819
-0.5601925
-0.4476665
-0.4919718
-0.3478508
-0.2519319
-0.3271727
-0.4258134
-0.4409666
-0.4119305
-0.2985674
-0.5637125
-0.3660112
-0.4504778
-0.4247012
-0.4924674
-0.2330894
-0.3725593
-0.2735541
-0.4772984
-0.4614547
-0.5827607
-0.3607381
-0.4360243
-0.3679732
-0.2850023
-0.319972
-0.4001259
-0.4124959
-0.4943712
-0.372613
-0.380712
-0.459211
-0.4862804
-0.3824699
-0.4094961
-0.4469554
-0.4780043
-0.2461668
-0.437513
-0.4148927
-0.3008431
-0.3663412
-0.3599689
-0.3120103
-0.2330462
-0.2921445
-0.1004822
-0.4514026
-0.3806292
-0.3351611
-0.4180162
-0.4723388
-0.4410283
-0.3875388
-0.1745821
-0.1999268
-0.2452991
-0.413144
-0.4664645
-0.472707
-0.3588016
-0.3722657
-0.2560194
-0.4213325
-0.250908
-0.3861825
-0.314412
-0.4395373
-0.2837618
-0.1716462
-0.2529049
-0.128857
-0.183303
-0.2002278
-0.3467374
-0.4940658
-0.2395657
-0.3106649
-0.3221009
-0.1858954
-0.3963432
-0.2752931
-0.2487924
-0.103737
-0.0477212
-0.31204
-0.3949177
-0.2995219
-0.1115418
-0.3510962
-0.3912182
-0.495123
-0.2058939
-0.3177583
-0.3567688
-0.30146
-0.4076472
-0.3329068
-0.3094993
-0.1659816
-0.2078961
-0.4178786
-0.3271194
-0.04178196
-0.2245276
-0.2459067
-0.2273514
-0.2889052
-0.278359
-0.301536
-0.2600599
-0.2330272
-0.2214083
-0.3167849
-0.229656
-0.2896101
-0.2055848
-0.1093591
-0.1882899
-0.06576075
-0.2843382
-0.2912252
-0.1792706
-0.1115318
-0.1623453
-0.2176103
-0.1223373
-0.2443923
-0.2685268
-0.1921301
-0.1281348
-0.2495474
-0.2536693
-0.287847
-0.2342997
-0.1634105
-0.2316349
-0.2564766
-0.2151921
-0.3319624
-0.05121139
-0.2406427
-0.1787226
-0.1795472
-0.1680057
-0.1253052
-0.1886834
-0.1072206
0.006944749
-0.2033554
-0.1952629
-0.1859816
-0.1333956
-0.155999
-0.003661141
-0.2418739
-0.216476
-0.1854446
-0.07742231
-0.1726064
-0.1639814
-0.1691479
-0.08342649
0.04166458
-0.2133601
-0.2027756
-0.1758246
-0.2614818
-0.08450578
-0.1437686
-0.2749585
-0.1044492
-0.07577641
-0.1114151
-0.01734183
-0.03561534
-0.15833
-0.01160623
-0.1513108
0.01952173
-0.07301122
0.03347715
-0.1466664
-0.1666801
-0.1358361
0.05406053
0.006464752
-0.08748335
-0.0456469
-0.178055
0.007182524
0.03615617
-0.05502795
-0.02179309
-0.07147757
0.03954765
-0.0887045
-0.1313727
0.07331825
-0.1389623
-0.1131231
-0.1148897
-0.1376203
0.04641923
0.008731841
0.02388242
-0.125519
-2.942626e-05
-0.1017291
0.0263512
-0.1389915
-0.1020905
-0.111969
-0.03518559
-0.07454014
0.05272041
-0.0497311
-0.09377915
-0.03204376
-0.05347294
-0.0386494
-0.01936011
-0.1476813
-0.03241209
0.1393361
0.01134807
-0.02157328
-0.08398003
0.1047546
-0.01859418
0.1193991
-0.2277339
-0.2333122
-0.0660678
-0.01470592
0.07228323
0.02597196
-0.07665333
-0.0585269
-0.1100674
0.02515473
-0.1255809
0.008521436
-0.01860468
0.1387237
0.0801386
-0.09611033
-0.01984467
0.1216016
-0.1493117
-0.01370048
0.04142861
0.05333098
0.09587829
-0.1207882
0.1143608
-0.07613765
-0.01453989
-0.00968196
0.006979363
-0.1447571
0.1193376
0.03897859
-0.06048151
-0.07015349
0.3182283
-0.03125692
0.02670435
0.02566873
0.1149511
0.2315279
-0.03575897
0.02685729
-0.04643376
0.01429254
-0.06188106
0.1557584
0.06419299
0.1100236
0.1171351
0.1374205
0.1385192
0.195434
0.2071398
-0.09959447
0.2238965
0.172553
0.3367677
0.1783344
0.4154675
0.1613139
0.1127398
0.08239317
0.2465534
0.1614199
0.1078455
0.1851723
0.04051966
0.01817604
0.07490298
0.1532964
0.1176184
0.1051605
0.132487
0.1116533
0.0929198
0.1948166
0.2409806
0.2121423
0.1652379
0.05287325
0.1143089
0.02903339
0.09255906
0.1961536
0.1198216
0.06823973
0.1260844
0.1415708
-0.004079081
0.1659582
0.2325612
0.2503658
0.193417
0.2563389
0.2897307
0.2223026
0.2581682
0.1864976
0.2529637
0.1231808
0.06654488
0.243438
0.1140915
0.3064409
0.1476246
0.1445135
0.3206154
0.2191057
0.2261077
0.3139822
0.3392777
0.1463594
0.2443908
0.1111682
0.09204495
0.249413
0.2811183
0.1050307
0.1262182
0.1351449
0.2191512
0.1985218
0.1235192
0.1574269
0.3293872
0.04231878
0.328172
0.3078275
0.2034582
0.3277458
0.1858382
0.155511
0.2926433
0.2390858
0.1244324
0.1801767
0.1439341
0.3680011
0.3567582
0.2344365
0.3475859
0.3703575
0.342759
0.4494836
0.3012985
0.2491003
0.3837838
0.3421667
0.1675409
0.2327215
0.3318555
0.3412427
0.3109526
0.2645435
0.3573396
0.2485771
0.2647872
0.3270736
0.2424971
0.2578901
0.2965131
0.2287614
0.430723
0.3683314
0.3292107
0.505607
0.2496949
0.411219
0.1963685
0.3792857
0.3822606
0.3195006
0.3876782
0.3335655
0.2044008
0.3221674
0.327478
0.3614614
0.3939718
0.3111207
0.334336
0.3807651
0.294339
0.4559545
0.5497912
0.4527084
0.1670768
0.3513055
0.4300328
0.5136464
0.2827467
0.4583627
0.2412133
0.468881
0.2558814
0.2915831
0.4639441
0.4480789
0.5137643
0.4000126
0.41882
0.403161
0.382899
0.5035395
0.3715487
0.4742327
0.4078642
0.4316958
0.517678
0.4640061
0.4556216
0.4419358
0.4715471
0.4198033
0.5247542
0.3954535
0.3618288
0.4092252
0.3921151
0.5106215
0.4636553
0.455187
0.4123948
0.391725
0.5079162
0.4941686
0.4145179
0.5333994
0.5351232
0.5608467
0.4814104
0.4999403
0.5698965
0.5410742
0.6501474
0.583178
0.4862177
0.4395898
0.5870844
0.5046768
0.5769494
0.5803108
0.4961999
0.3473989
0.3655375
0.405178
0.4777831
0.5512144
0.5246143
0.4960999
0.4965442
0.5088385
0.5320518
0.4917064
0.5235631
0.4868612
0.3802262
0.4936801
0.5366653
0.5005715
0.5832138
0.5142259
0.561108
0.6493872
0.5225989
0.5466914
0.3918221
0.5702221
0.521474
0.5710838
0.5436501
0.4115374
0.5881169
0.5556862
0.6007475
0.5792333
0.353257
0.5789494
0.5605791
0.6037047
0.6961918
0.6088276
0.6191087
0.6310263
0.6670792
0.518191
0.7363348
0.5448479
0.5675629
0.4504032
0.7278372
0.5409025
0.6097224
0.5648362
0.5027344
0.5467438
0.6321164
0.7309059
0.6730482
0.6773632
0.4633314
0.3921136
0.5996277
0.5511658
0.5719818
0.7113205
0.6288008
0.7221095
0.4975864
0.5295479
0.6964434
0.6467103
0.6296353
0.5404869
0.500641
0.47663
0.7293754
0.819299
0.6245487
0.6730046
0.7132864
0.6933065
0.5847301
0.6888535
0.6023858
0.6927289
0.7161466
0.6668512
0.6608996
0.6047694
0.4432895
0.6556422
0.6919128
0.6920576
0.7110084
0.6530402
0.6067368
0.6800123
0.5758545
0.8500137
0.5403972
0.7466779
0.7731658
0.6865159
0.7849402
0.6353504
0.5701578
0.8347837
0.706315
0.6974261
0.6245682
0.673844
0.9388882
0.5904073
0.6014842
0.7735083
0.6889083
0.7862382
0.6957695
0.7708545
0.6947379
0.6900777
0.7567065
0.7825251
0.5991674
0.868751
0.74638
0.6653059
0.6303366
0.7588681
0.6403124
0.8153755
0.6596241
0.6894814
0.859382
0.7704901
0.8909979
0.8609693
0.7531751
0.6495007
0.7607844
0.7324598
0.7746136
0.7141157
0.6919803
0.6999158
0.9478184
0.7312446
0.6501932
0.6659168
0.8046494
0.8364279
0.8178372
0.8160754
0.73263
0.7729091
0.7824314
0.8537152
0.7931591
0.7593645
0.8607432
0.8332868
0.9821338
0.6508506
0.7565412
0.6898566
0.7564933
0.835939
0.836648
0.8095149
0.8022346
0.9409238
0.818499
0.7907284
0.7796856
0.7764977
0.7939165
0.7812039
0.8695423
0.8695474
0.9934374
0.8317439
1.031047
0.761294
0.7556763
0.5978009
0.7084247
0.8603792
0.7778404
0.8495303
0.7674427
0.8323016
0.8864558
0.9324591
0.8454817
0.8538042
1.125079
0.7072741
0.8814332
0.9644283
0.8795377
0.8496918
0.896531
0.9477889
0.8314729
0.9782654
0.7982309
0.8421194
0.8327463
0.9332363
0.9748457
0.8550866
0.78451
0.9197428
0.9027367
0.9013665
0.8471582
0.9636038
0.982635
0.9633124
0.9536038
0.7563851
0.9361943
0.9116209
0.9884405
0.9646649
0.9406713
0.8341554
0.9734396
0.939248
0.8117357
0.883726
0.7966049
0.9623315
0.7986911
0.9317621
1.067115
1.026676
1.013271
0.9550108
0.9082167
1.066588
1.052847
1.090351
0.9931599
1.003254
0.9336931
0.886769
0.8691103
1.065932
0.903168
0.7972462
0.9254292
0.8958609
1.077845
0.9587687
0.9833095
0.9729637
0.932517
0.9234028
1.019535