0.02643462
-0.9640982
-1.040568
-0.9526858
-1.068297
-0.9356351
-0.9890812
-0.997234
-1.123611
-0.9982281
-0.9334368
-0.9502443
-1.010446
-0.9655284
-0.9463794
-0.940816
-0.9375042
-0.8579132
-1.005978
-0.9361678
-1.016067
-0.9506462
-0.8357928
-0.9229359
-1.082911
-0.8854083
-0.8996818
-0.937939
-1.044595
-0.9437579
-0.9251929
-0.911948
-0.8822861
-0.9886468
-0.8845899
-0.9090147
-0.9072535
-0.8354774
-0.9071313
-0.919062
-0.675371
-0.7534121
-0.8686615
-0.8805557
-0.9893471
-0.7999683
-0.982853
-0.9509022
-0.9430485
-0.9170529
-0.8286141
-1.024553
-1.027873
-0.6747737
-0.7713591
-0.7890441
-0.8667687
-0.9773826
-0.863861
-0.8245659
-0.7154629
-0.8346279
-0.9549853
-0.9701866
-0.8845596
-0.8213515
-0.9565236
-0.8300911
-0.8448215
-0.7977202
-0.7917783
-0.6358123
-0.7364005
-0.9758369
-0.9802259
-0.8520532
-0.8161562
-1.031571
-0.7224995
-0.8319447
-0.842864
-0.8372959
-0.8843609
-0.8543157
-0.8218558
-0.8164768
-0.6445271
-0.8999543
-0.7869145
-0.935215
-0.8164946
-0.8253081
-0.7362053
-0.8812413
-0.7507892
-0.709445
-0.7111323
-0.8405599
-0.7146584
-0.8316088
-0.8137209
-0.7494351
-0.7786861
-0.8868941
-0.9013295
-0.9175995
-0.7245292
-0.7238451
-0.9132442
-0.7212913
-0.8705281
-0.784568
-0.8003249
-0.7109667
-0.6910791
-0.7801821
-0.6900052
-0.6961911
-0.8723935
-0.7233138
-0.8090258
-0.7284672
-0.8686466
-0.8224796
-0.7193643
-0.6066461
-0.7112181
-0.9242055
-0.7320284
-0.7102617
-0.7099168
-0.5680344
-0.7595797
-0.814986
-0.7596962
-0.7706931
-0.6910595
-0.5153723
-0.5168054
-0.707683
-0.7694033
-0.6728841
-0.7707605
-0.7870934
-0.7751268
-0.7190693
-0.6183543
-0.6975346
-0.6394798
-0.6805471
-0.7027559
-0.6935666
-0.7223475
-0.6393812
-0.7383948
-0.6285664
-0.7507767
-0.6654186
-0.5792795
-0.5782927
-0.638023
-0.5674246
-0.5480077
-0.616676
-0.6724086
-0.671206
-0.6285978
-0.6720258
-0.8336854
-0.5872275
-0.6310099
-0.6045011
-0.6569097
-0.6966336
-0.6064978
-0.7657948
-0.6601027
-0.7487403
-0.6549706
-0.8142247
-0.5064808
-0.6708552
-0.5876809
-0.7002884
-0.581733
-0.5642878
-0.5142367
-0.6469006
-0.6748594
-0.5844633
-0.6783378
-0.5648201
-0.6400756
-0.6770835
-0.671619
-0.5350441
-0.5653482
-0.5475921
-0.5037784
-0.5033163
-0.6242602
-0.576655
-0.6588478
-0.5329365
-0.6319177
-0.7231344
-0.6340919
-0.7621093
-0.4996554
-0.4770595
-0.5584506
-0.5697892
-0.5703384
-0.5035381
-0.6338324
-0.6087526
-0.5425787
-0.5570629
-0.5654331
-0.6659515
-0.3772134
-0.539696
-0.5610473
-0.5363666
-0.6045272
-0.5062365
-0.5734396
-0.7320313
-0.5034945
-0.500252
-0.5391198
-0.5651772
-0.4985472
-0.4652682
-0.6749481
-0.5147191
-0.7201174
-0.4957872
-0.5383897
-0.6536171
-0.6380307
-0.5022966
-0.52118
-0.5067911
-0.5914858
-0.6084369
-0.4706467
-0.4759434
-0.5498858
-0.3904349
-0.4227015
-0.5328102
-0.6682247
-0.5148436
-0.5172933
-0.456219
-0.4732795
-0.6561278
-0.5155334
-0.4643496
-0.443027
-0.506373
-0.5998804
-0.5227725
-0.2610743
-0.4468516
-0.4330477
-0.490094
-0.4904684
-0.3965285
-0.3964899
-0.3295936
-0.406425
-0.6418318
-0.5884243
-0.3714652
-0.4226433
-0.5378953
-0.3850329
-0.3895722
-0.5569156
-0.4025182
-0.5176977
-0.3595335
-0.4881673
-0.5906445
-0.3121813
-0.4323713
-0.3438325
-0.44275
-0.2657
-0.4329377
-0.5654006
-0.3434505
-0.3389797
-0.4376336
-0.424568
-0.5191689
-0.3315164
-0.3632264
-0.400602
-0.4625119
-0.4379622
-0.4796567
-0.4279688
-0.4476781
-0.3189346
-0.4972058
-0.4775619
-0.4199888
-0.2969962
-0.5139833
-0.4104842
-0.4595401
-0.4325356
-0.3209384
-0.4306107
-0.5076558
-0.2237768
-0.3473577
-0.3187066
-0.3001155
-0.4138138
-0.3616905
-0.3343266
-0.5022563
-0.5152679
-0.212741
-0.2686011
-0.2846408
-0.2825323
-0.3379058
-0.347395
-0.304453
-0.1904852
-0.3860452
-0.4731036
-0.2221714
-0.3266561
-0.326708
-0.2847455
-0.3769145
-0.3838482
-0.4090699
-0.2885277
-0.2716303
-0.304668
-0.2014448
-0.229579
-0.33061
-0.3463358
-0.3581189
-0.3743875
-0.2653807
-0.2356245
-0.2289313
-0.2144784
-0.277215
-0.3198151
-0.2793958
-0.2715058
-0.2361925
-0.2789877
-0.3916615
-0.2981113
-0.1750072
-0.2575328
-0.3365571
-0.2561027
-0.4381212
-0.1821004
-0.2346564
-0.2223634
-0.3645041
-0.41577
-0.262473
-0.265058
-0.2489734
-0.2946518
-0.2284427
-0.0855245
-0.1266856
-0.4118332
-0.3040107
-0.3776314
-0.2672451
-0.1106032
-0.2209297
-0.2661364
-0.2230994
-0.2294005
-0.1512852
-0.2041278
-0.2128311
-0.3827731
-0.3509532
-0.3348301
-0.3228863
-0.2012494
-0.2215554
-0.09328967
-0.0635781
-0.2363249
-0.3205933
-0.119394
-0.1756987
-0.1378058
-0.1301734
-0.148555
-0.1088883
-0.1766276
-0.08493308
-0.1404809
-0.141382
-0.1658786
-0.1307528
-0.182982
-0.1050472
-0.02117826
-0.1895242
-0.151979
-0.3065186
-0.2117234
-0.1698167
-0.1546352
-0.06110368
-0.1234552
-0.1747148
-0.06798304
-0.0749914
-0.1156548
-0.07798699
-0.2346775
-0.0399629
-0.1000771
0.01524055
-0.1528885
-0.09651453
-0.154347
-0.08250257
-0.08231488
-0.1799511
-0.309926
-0.1505823
-0.2314196
-0.1977108
-0.2331798
-0.239534
-0.07783929
-0.03924013
0.0236085
-0.1341918
-0.1733542
-0.05883616
-0.07726591
-0.0005019849
0.01572636
-0.1433631
-0.01046677
-0.08463763
-0.07594524
-0.109949
-0.1624452
-0.03862635
-0.02009948
-0.1227223
-0.1499965
0.009949903
-0.1445718
-0.06025396
-0.05353217
-0.1195323
0.05279448
-0.1075898
0.03273552
-0.05368229
-0.146068
-0.07486623
-0.0789673
0.0004567348
-0.0841241
0.0837225
-0.05861566
-0.09575916
-0.02240431
-0.1585141
0.08467077
-0.03200812
0.124079
-0.08969033
-0.08783054
-0.0261272
0.07529594
-0.04057465
0.01533544
0.0757358
-0.1053563
-0.09305988
0.04288883
-0.007615572
-0.07423602
-0.1775473
0.06419317
-0.0226223
-0.08920186
0.07415982
-0.0123441
0.21065
0.1684015
-0.1263142
0.05691151
-0.1029751
0.08329141
-0.02722992
0.1005846
0.1013491
0.08382936
0.2287579
0.130713
-0.03812008
0.01525038
-0.09432223
-0.01695999
0.1309953
0.2115068
0.06864386
-0.07894549
-0.0663972
0.1765929
0.06500322
0.1244936
0.01699045
-0.0222454
0.2046805
0.0935687
0.1296368
0.02114083
-0.0383847
-0.008416757
0.2591661
-0.09625153
0.04980537
0.1379991
0.03525603
0.1472309
-0.03012598
0.2197057
0.03894082
0.09645461
0.1524914
0.02497451
0.1433946
0.03635546
-0.01171875
0.1450128
0.2054014
0.1130772
0.09911923
0.1409848
0.2607373
0.181279
0.1532012
0.07068699
0.1614545
-0.009905466
0.1547215
0.09270504
-0.05218707
0.07894375
0.2171987
0.09860213
0.1160939
0.08206378
0.09898629
0.1781947
0.1473459
0.08997288
0.009093737
0.1177969
0.186226
0.1612744
0.3315138
0.2591036
0.1605998
0.2319623
0.204412
0.1319936
0.1809118
0.1329946
0.1543171
0.2566441
0.1421278
0.2488786
0.1366171
0.1960528
0.203056
0.02471567
0.2344496
0.2479969
0.3307401
0.292194
0.3570821
0.1005898
0.3093986
0.1412806
0.2961287
0.1137341
0.2957339
0.2152575
0.3282139
0.2928381
0.192007
0.2275122
0.2673574
0.3480026
0.3238481
0.3223311
0.1724072
0.2878117
0.2316937
-0.0317207
0.1794048
0.1790279
0.1854898
0.25193
0.3249261
0.275702
0.3687826
0.2380187
0.3425887
0.2574427
0.2063991
0.0889652
0.3450862
0.1735092
0.4422559
0.2817394
0.2140365
0.3215536
0.2114058
0.3200532
0.3888117
0.3159944
0.3334704
0.3980078
0.3788768
0.1860336
0.1144528
0.2801073
0.1101199
0.2526995
0.2879196
0.3291904
0.2703101
0.3685212
0.2556982
0.2053604
0.2982576
0.2609029
0.2615641
0.4302052
0.1428856
0.316107
0.3385639
0.3114343
0.3870244
0.2151513
0.3814328
0.2349096
0.3017074
0.2544105
0.3491122
0.2264044
0.3274361
0.2661623
0.4410433
0.4712437
0.3459365
0.4076161
0.375772
0.5164051
0.2358276
0.3044362
0.3453868
0.3859434
0.3510978
0.3465173
0.4018138
0.2641619
0.3289581
0.3921373
0.4061709
0.3779857
0.581016
0.3822818
0.3533694
0.3794662
0.4584178
0.3846147
0.5298949
0.3844691
0.5052612
0.3142849
0.3694957
0.4427386
0.3486109
0.404977
0.2980453
0.3093893
0.3358541
0.4117851
0.4298718
0.5823788
0.5046207
0.512331
0.2771778
0.3549322
0.4509377
0.4034172
0.3970638
0.4977534
0.5123172
0.4360436
0.5846134
0.3708797
0.4522151
0.4330281
0.3229129
0.5181564
0.3986387
0.5794189
0.5780995
0.324716
0.2771368
0.5224215
0.4881474
0.3786647
0.5312309
0.5880783
0.4871624
0.4225318
0.5305781
0.5779628
0.3811701
0.488847
0.5851898
0.3593214
0.5650327
0.6835147
0.4606445
0.5015836
0.5380417
0.6792893
0.4724675
0.3326737
0.6198236
0.6008079
0.6455022
0.5256647
0.7342448
0.5132228
0.483795
0.5708121
0.5797425
0.4772868
0.5166789
0.4069482
0.4880128
0.6050832
0.6101813
0.5237166
0.542895
0.5149764
0.6362183
0.6162053
0.5964019
0.5624646
0.4914692
0.5638305
0.5774499
0.4827937
0.4915307
0.4108047
0.4693069
0.7253258
0.5663935
0.5063472
0.5757083
0.6283127
0.6458273
0.5697034
0.5674387
0.674363
0.5142408
0.4839312
0.6685286
0.5004997
0.5153896
0.4371757
0.6103628
0.5855717
0.6315987
0.5017117
0.6201202
0.7076754
0.6567582
0.6277431
0.6605812
0.5309052
0.7309843
0.6651189
0.5288929
0.6579417
0.5511182
0.733243
0.6191477
0.6593999
0.7221532
0.6722987
0.6152969
0.6786337
0.5422706
0.5300484
0.6552188
0.7375631
0.7360124
0.6427738
0.7220685
0.6102045
0.6688161
0.6663984
0.5765475
0.6780185
0.5356392
0.7251488
0.7379035
0.7566162
0.7479293
0.8115512
0.7183465
0.5654209
0.7528197
0.6626325
0.7306186
0.7422594
0.7039525
0.6506113
0.5649015
0.5112815
0.6828979
0.7258441
0.7540046
0.7476285
0.763127
0.6577059
0.6819808
0.8062722
0.7062419
0.6385298
0.6995068
0.7874869
0.7629012
0.6335059
0.7757032
0.7290514
0.6407358
0.6562938
0.8310872
0.6929943
0.8070282
0.8935389
0.6880143
0.7044955
0.7483284
0.739179
0.5870082
0.8505557
0.6998128
0.6807753
0.7197078
0.9535173
0.7556144
0.7388907
0.8187763
0.7724884
0.7225376
0.8649642
0.7790578
0.7972884
0.6010599
0.6507439
0.7962507
0.8068111
0.8955872
0.8055346
0.7768266
0.846503
0.9399066
0.819204
0.713005
0.9235929
0.7923114
0.690692
0.861461
0.6430548
0.7830135
0.7400651
0.77944
0.7818816
0.7773906
0.8103665
0.8527446
0.7736073
0.8187647
0.8808773
0.7315108
0.8440936
0.8101156
0.8792581
0.8993944
1.041805
0.9538507
0.8240822
0.8911306
0.8799189
0.8823494
0.7963652
0.9530549
0.9863741
0.8305077
0.920164
0.7545261
0.761031
0.7143552
0.9081733
0.7520366
0.9661369
0.9366919
0.885687
0.8763237
0.9874494
0.8608018
0.8463142
1.007047
0.8803653
1.025963
1.004559
0.7565743
0.932541
0.9854796
0.842039
0.8241854
0.7652331
0.8691457
1.019546
0.7792687
0.8878052
0.8610707
0.7146145
0.9141258
0.9568365
0.9004221
1.114356
1.030972
0.9524457
0.9818995
0.9001706
1.012989
0.9767483
0.9090097
0.9960781
0.9788509
0.9430606
0.9730293
0.7914453
0.9907673
0.8107654
1.039314
0.9229272
0.9997321
0.8471562
0.9697435
0.9774109
0.9000306
0.9062525
1.086666
1.008043
1.033301
0.9928506
1.015013
0.9062474
1.068437
0.9345754
1.057621
1.019777
0.9047149
1.044063
1.097273
0.9392542
0.9057872
0.8497956