-0.03254855
-1.017145
-0.9961902
-1.037071
-0.9457193
-0.9570538
-1.032724
-1.075752
-0.9335539
-1.003981
-1.023505
-1.063801
-1.033895
-0.8558457
-0.930394
-1.055071
-0.9014896
-0.9403895
-0.9230309
-0.932078
-0.9660198
-0.9855688
-0.9737482
-1.089462
-0.8884391
-1.084183
-0.9696055
-1.019903
-0.9609537
-0.9211212
-0.970882
-0.977367
-0.9655919
-0.9869823
-0.9517933
-0.8561367
-0.8930632
-1.142871
-0.9512077
-0.9312068
-1.005774
-0.9260341
-0.8435399
-0.7884419
-0.9452427
-0.9634892
-0.8701672
-0.9214219
-1.044933
-0.8709466
-0.9405674
-0.779496
-0.9148573
-0.9814307
-0.8363253
-1.034036
-0.9003987
-0.8442002
-0.8782076
-0.99289
-1.070467
-0.9352848
-1.024599
-0.7720198
-0.9403294
-0.7975012
-0.7413385
-0.8369414
-0.7525401
-0.8757533
-0.8702795
-0.9212298
-1.015315
-0.99237
-0.7401333
-0.9144443
-0.8524713
-0.7144114
-0.8523407
-0.839822
-0.6790517
-0.949537
-0.919313
-0.8406519
-0.8582506
-1.000597
-0.7115153
-0.8678441
-0.878951
-0.9878775
-0.7894143
-0.7410583
-0.8885745
-0.6934564
-0.6104
-0.8502024
-0.745718
-0.8189601
-0.7823309
-0.8537462
-0.6972993
-0.943271
-0.6471741
-0.8108253
-0.8452225
-0.7872213
-0.7342151
-0.768061
-0.8980784
-0.7336285
-0.8317912
-0.7522938
-0.7942118
-0.8022495
-0.8040185
-0.7832919
-0.763444
-0.6262627
-0.7614829
-0.7359229
-0.6857299
-0.873461
-0.7796376
-0.6813555
-0.8235472
-0.7036646
-0.5854303
-0.7702402
-0.7955588
-0.736052
-0.7967796
-0.7876807
-0.82403
-0.723393
-0.6717861
-0.7416425
-0.7925464
-0.5872727
-0.768409
-0.6016081
-0.6556694
-0.8122682
-0.6639929
-0.8494793
-0.752011
-0.6180652
-0.7513913
-0.6197096
-0.818961
-0.8119764
-0.6648809
-0.8358561
-0.7790336
-0.6132469
-0.5928069
-0.5989501
-0.6319022
-0.7378152
-0.645625
-0.6382079
-0.8203286
-0.5984849
-0.7557732
-0.6530323
-0.6492761
-0.6338313
-0.7483334
-0.6860969
-0.5558722
-0.6788906
-0.6549263
-0.6725814
-0.6710046
-0.6208408
-0.6772809
-0.6760276
-0.6712967
-0.7511279
-0.7173468
-0.6377683
-0.689462
-0.6317237
-0.6254829
-0.7727103
-0.6676362
-0.5565262
-0.6680997
-0.541901
-0.5569266
-0.6353322
-0.6378865
-0.4390188
-0.5517411
-0.5437171
-0.5769415
-0.6251479
-0.531051
-0.5032627
-0.6800206
-0.6556762
-0.6756179
-0.5927895
-0.5661776
-0.5030032
-0.7213497
-0.5467515
-0.6611489
-0.6471203
-0.5442732
-0.7132953
-0.5536408
-0.4564636
-0.5626793
-0.6261946
-0.5753908
-0.6291225
-0.5241012
-0.6137149
-0.5499069
-0.6072301
-0.5500126
-0.5265761
-0.4718947
-0.5575877
-0.607401
-0.6196877
-0.4616827
-0.3583225
-0.6129926
-0.5029835
-0.6104771
-0.649977
-0.2828992
-0.5150102
-0.5878351
-0.6598542
-0.6756296
-0.4172824
-0.3995667
-0.4841273
-0.4722828
-0.5037265
-0.6211566
-0.4732199
-0.6266287
-0.5678197
-0.448647
-0.5047688
-0.4960725
-0.4919879
-0.4285551
-0.4848065
-0.5874153
-0.5125588
-0.4479053
-0.4556586
-0.5085384
-0.4949927
-0.4358085
-0.3105544
-0.6244286
-0.5240262
-0.3742699
-0.4696447
-0.5317031
-0.4579934
-0.6059853
-0.439221
-0.4637326
-0.3968686
-0.341302
-0.4382754
-0.409618
-0.4960002
-0.4586731
-0.3713052
-0.3422719
-0.5517905
-0.4944054
-0.4177083
-0.3804423
-0.4563925
-0.3918129
-0.538841
-0.3631354
-0.4791279
-0.3381616
-0.5073539
-0.6312405
-0.2590458
-0.3043733
-0.2893497
-0.6019743
-0.3171432
-0.4979986
-0.3444651
-0.3296504
-0.3951965
-0.3384414
-0.4825087
-0.342257
-0.5008149
-0.3673847
-0.4594424
-0.4202333
-0.4689717
-0.6017471
-0.461951
-0.3810287
-0.3920304
-0.4043204
-0.4663241
-0.3803157
-0.3296035
-0.458758
-0.2559344
-0.365044
-0.2259951
-0.2683754
-0.3799034
-0.5516125
-0.3855225
-0.3465828
-0.441061
-0.3826607
-0.3354677
-0.3700835
-0.5361442
-0.2744082
-0.3026793
-0.372017
-0.4525938
-0.3895376
-0.3484263
-0.3935937
-0.268318
-0.3044697
-0.3312584
-0.2559907
-0.28323
-0.281712
-0.3572001
-0.3462392
-0.404492
-0.2812753
-0.297979
-0.2106481
-0.3490045
-0.3476489
-0.4573436
-0.338164
-0.3693553
-0.26376
-0.222843
-0.2010552
-0.2705171
-0.1817394
-0.3398417
-0.16487
-0.357347
-0.4964434
-0.3265482
-0.2418033
-0.2549803
-0.3179778
-0.2358498
-0.3206687
-0.3180551
-0.3570286
-0.3136453
-0.2736226
-0.2026393
-0.2561144
-0.3331833
-0.3703958
-0.3187813
-0.1730468
-0.3443935
-0.2367874
-0.2220175
-0.2643779
-0.2680138
-0.2420577
-0.2257868
-0.1885545
-0.3097323
-0.2634588
-0.119754
-0.2491569
-0.228914
-0.2190262
-0.05989674
-0.2150107
-0.3448465
-0.2101266
-0.3817559
-0.112791
-0.05671668
-0.1814411
-0.1869509
-0.1994751
-0.1739977
-0.1091768
-0.2723356
-0.07582577
-0.1304493
-0.2029818
-0.01308504
-0.2031562
-0.2277552
-0.09363384
-0.1776103
-0.1042907
-0.1516966
-0.247194
-0.1056801
-0.1679856
-0.2357388
-0.2579954
-0.1915952
-0.09435147
-0.219083
-0.2144896
-0.1079661
-0.1284538
-0.2006135
-0.1964223
-0.264236
-0.2263489
-0.2368847
-0.2978083
-0.1268294
-0.06341689
-0.2292477
-0.1806333
-0.06058898
-0.07189348
-0.276077
-0.1477924
-0.1946096
-0.002739514
-0.1763554
-0.1355396
-0.01752009
-0.2088185
-0.1297379
-0.2166688
-0.1685897
0.0617669
0.09460981
0.04199223
-0.04787919
-0.1735001
-0.1117105
-0.01714799
-0.1181175
-0.1162392
-0.2001698
-0.05824707
-0.01364853
-0.1774441
-0.2895353
-0.06427077
-0.03822521
-0.04820767
-0.1124032
-0.1227176
-0.1087116
0.04983219
-0.06472918
-0.00481763
-0.1139812
-0.1220566
0.01850735
0.0121633
-0.06172521
0.02863489
-0.1272862
0.09920944
-0.1151124
-0.09819408
-0.1891423
-0.1638308
0.007297485
0.1437281
-0.1408519
-0.06672466
-0.09899324
-0.0009451466
0.09920463
0.03357016
-0.004816298
-0.04615563
0.1087367
-0.008065724
0.0008151896
-0.0907886
0.005997391
-0.07535212
-0.01265953
0.01025011
0.1662542
-0.01511536
-0.2306725
0.09091712
0.01721081
-0.0727762
-0.08799858
-0.0259742
0.1426152
-0.1125685
-0.01136828
0.1783137
-0.02922758
0.0659001
0.1364975
-0.1005372
0.03848333
0.01043858
0.09503221
0.05499079
0.09509429
0.06146038
-0.03704017
-0.0287728
-0.02300051
0.1369497
0.0871593
0.0001075389
-0.02166514
0.1672847
0.03549607
-0.02359081
0.07383332
0.05672116
0.03260067
0.1183938
0.04253807
0.06622393
0.02616001
0.04985947
0.01657731
0.06692303
0.06907584
0.2034093
-0.02948179
0.2139987
0.04598653
0.09878724
0.2484894
0.1426158
0.05134542
-0.09991586
0.2315629
0.07738921
0.1453158
0.06230602
0.129586
0.1197357
0.1838783
0.09865593
0.1907378
0.164288
0.1727856
0.1640225
0.105367
0.2558326
0.2513688
0.1934018
0.2435999
0.0628344
0.1971719
0.1897663
0.2578214
-0.04244058
0.1007953
0.1877828
0.1425181
0.0509261
0.103508
0.1870377
0.1341585
0.1470213
0.1057494
0.15691
0.188018
0.2835651
0.1980228
0.099678
0.251268
0.1307315
0.1800998
0.2881145
0.1092785
0.3045209
0.2534436
0.2044902
0.0328789
0.1396129
0.1596814
0.08372902
0.2883523
0.08562243
0.1400887
0.2194109
0.1197917
0.2361635
0.2379643
0.2348304
0.1778952
0.316215
0.2139829
0.2250922
0.3546585
-0.1356143
0.2229641
0.07178322
0.3100581
0.3028832
0.2835621
0.3091402
0.2924519
0.3651739
0.1759473
0.2854261
0.3733953
0.3071757
0.1279216
0.2226238
0.2937623
0.3040405
0.131469
0.2979903
0.2293848
0.1534109
0.1611507
0.1664649
0.3151828
0.2925259
0.314321
0.221521
0.1883759
0.2770591
0.1072669
0.2573702
0.3457701
0.2637825
0.415471
0.2458791
0.2823603
0.4523954
0.3365937
0.321293
0.2192738
0.3322624
0.3747005
0.3893331
0.2848694
0.3906348
0.3065848
0.4239382
0.4663285
0.1572322
0.3047108
0.399364
0.3000571
0.1577808
0.5168238
0.1452537
0.4058337
0.2658299
0.3293839
0.3143755
0.3423682
0.3539347
0.3029911
0.3449598
0.3381292
0.4430849
0.3024779
0.2586587
0.2681391
0.4634459
0.3821952
0.3932726
0.2977478
0.4918893
0.2980687
0.3601781
0.2878479
0.3822271
0.4078025
0.4166005
0.3732996
0.4155936
0.4385972
0.3386694
0.1313982
0.4270919
0.3132429
0.3909041
0.3460125
0.3725335
0.5487208
0.3437452
0.4434048
0.3480809
0.4281466
0.3951785
0.2782999
0.2810075
0.3374265
0.2627965
0.3091264
0.5037631
0.40675
0.4563095
0.4477063
0.358057
0.5131203
0.4539055
0.3460728
0.4271662
0.5883115
0.329725
0.6509067
0.4703435
0.4370328
0.5268969
0.5215143
0.4894083
0.4214978
0.401763
0.2822388
0.5140681
0.3505494
0.4479741
0.416875
0.5685001
0.3661033
0.5203378
0.628595
0.5114852
0.4584838
0.5788228
0.542149
0.6173897
0.5398617
0.5671257
0.5743642
0.5224121
0.2963956
0.5107467
0.3503121
0.5115467
0.5443978
0.6042261
0.4423744
0.4618866
0.5764018
0.7107747
0.4434333
0.4437441
0.5555511
0.5749193
0.6639042
0.5628165
0.7395438
0.5417099
0.4710925
0.587687
0.5445988
0.4717571
0.4408684
0.6499345
0.5310801
0.5671198
0.5016298
0.6018811
0.7186125
0.6257659
0.4730779
0.4945072
0.4911053
0.6333318
0.5630201
0.4969466
0.611838
0.7286515
0.5797488
0.46707
0.7674655
0.6235688
0.4850994
0.512987
0.4557941
0.6605333
0.6447907
0.6415507
0.6167527
0.6752208
0.6254108
0.4166076
0.6059798
0.6636306
0.7714572
0.7085386
0.6778123
0.7084177
0.710238
0.6270261
0.6277091
0.5719614
0.6770048
0.6395063
0.6200021
0.661636
0.6903026
0.4589912
0.617441
0.6256545
0.4932976
0.6878422
0.6583159
0.6800513
0.6339622
0.5449369
0.4983051
0.6871221
0.6792293
0.8384538
0.5764973
0.6922133
0.5643399
0.5680986
0.7409337
0.6835919
0.6767018
0.6562267
0.7048275
0.667667
0.590992
0.6077793
0.656001
0.6506247
0.8198396
0.5513751
0.7836727
0.6387341
0.6143598
0.5792551
0.5123665
0.6448947
0.7868905
0.7628037
0.7938046
0.600236
0.7545956
0.6854091
0.6796204
0.7286223
0.6182066
0.5753299
0.8852364
0.6852115
0.7564772
0.5710584
0.7675918
0.6475434
0.6708282
0.6643867
0.8247119
0.8097966
0.7365541
0.8238413
0.7820679
0.744877
0.7808652
0.9495522
0.688882
0.7530831
0.6660563
0.6881385
0.7681481
0.7764339
0.6950511
0.7485302
0.6894289
0.7185772
0.8230475
0.8457624
0.6459364
0.914937
0.7937925
0.7215241
0.5706041
0.7711235
0.7061345
0.7269715
0.8769027
0.7072643
0.7269235
0.9147983
0.7818724
0.6859121
0.8991331
0.6656591
0.8803154
0.9470953
0.9389277
0.8728561
0.9110497
0.7771194
0.8431602
0.930092
0.8538652
0.9120709
0.8820729
0.8554971
0.8434791
0.811262
0.8892604
0.9660535
0.9419228
0.7726645
0.7696201
0.7879683
0.7928022
0.8350575
0.8319363
0.7244018
0.8831252
0.8195963
0.9518218
0.9917428
0.9672516
0.9774469
0.8539071
0.8852895
0.8406534
0.8635128
0.8081277
1.003829
0.8745721
0.9038809
1.047288
0.9546998
0.8227603
0.9009718
1.04444
0.9307479
0.9983633
0.8877297
0.7009678
0.8922337
0.881974
0.9672134
0.978648
1.008365
1.076162
1.045645
0.9489505
0.9634607
0.964366
0.8394185
0.8663344
1.031367
0.9931908
0.8657453
0.8669174
0.938831
0.9844434
0.8984215
0.9934559
1.065443
0.9329521
1.099787
1.123756
0.9012819
0.8887053
1.041017
1.062999
0.8848913
0.8917429
0.9482259
0.8090981
0.9981288
1.000629
0.9307495
0.8755658
1.053143
0.8854326
0.8890245
1.119399
1.023353
1.038179
1.188283
0.8523184
0.967567
0.9723991
0.9871479