-0.03341759
-1.039293
-0.9709941
-1.042094
-0.9537454
-0.950371
-1.04581
-1.097933
-0.9478173
-1.008504
-1.009902
-1.059094
-1.015039
-0.8783231
-0.9240373
-1.060434
-0.8976876
-0.921516
-0.899279
-0.9203612
-0.9427771
-0.9789626
-0.9916933
-1.096445
-0.879381
-1.082596
-0.9632554
-1.00567
-0.9592696
-0.9208071
-0.9732388
-0.9606396
-0.9699104
-1.008222
-0.9460356
-0.8601802
-0.9120697
-1.165345
-0.936712
-0.950951
-0.9897657
-0.9195007
-0.8392232
-0.8084656
-0.9692296
-0.96031
-0.8715666
-0.9331776
-1.011321
-0.8681106
-0.949511
-0.7988028
-0.917949
-0.9793847
-0.8675231
-1.026899
-0.9036461
-0.8337591
-0.8871252
-1.003668
-1.051762
-0.9174013
-1.035017
-0.7806959
-0.962319
-0.7775405
-0.7289873
-0.8541719
-0.7627528
-0.8776757
-0.8894188
-0.9179143
-1.022281
-0.9897582
-0.7138279
-0.9108951
-0.8415788
-0.7096223
-0.8729999
-0.8370525
-0.6856605
-0.938453
-0.9188767
-0.8473485
-0.8837238
-1.002175
-0.718555
-0.8558146
-0.8673598
-0.9730947
-0.766027
-0.7169111
-0.8850118
-0.6831078
-0.6152399
-0.8569815
-0.7546242
-0.8002595
-0.7532767
-0.8479228
-0.7252104
-0.9655495
-0.6597129
-0.791682
-0.8216901
-0.8210481
-0.7463348
-0.7796424
-0.8854233
-0.7363576
-0.8115656
-0.7516832
-0.7878263
-0.7636671
-0.7805057
-0.781606
-0.790639
-0.6333629
-0.7419403
-0.7327267
-0.6994034
-0.8526843
-0.7616328
-0.6900126
-0.7884839
-0.7182275
-0.5876896
-0.7793333
-0.8159218
-0.7230915
-0.7942212
-0.7921035
-0.8144355
-0.704907
-0.6566356
-0.7450742
-0.7961306
-0.5945449
-0.7668288
-0.6097325
-0.6568936
-0.8132785
-0.663823
-0.8586494
-0.7679695
-0.6152743
-0.7412643
-0.622687
-0.7954542
-0.8095943
-0.6489878
-0.8377283
-0.7785722
-0.599124
-0.6066978
-0.5958647
-0.5865758
-0.767767
-0.6240984
-0.6649546
-0.8226662
-0.5994163
-0.7445171
-0.6518659
-0.6738216
-0.6526509
-0.7653747
-0.6827192
-0.5614442
-0.6431771
-0.647145
-0.6899595
-0.6624962
-0.6144054
-0.6596775
-0.6652358
-0.6727567
-0.7672272
-0.7096382
-0.6495044
-0.7025256
-0.6302025
-0.6304367
-0.7534841
-0.6642863
-0.5704219
-0.6584331
-0.5441117
-0.5912307
-0.6499341
-0.6142377
-0.4222571
-0.551364
-0.5421348
-0.5990538
-0.6356768
-0.4977527
-0.5028922
-0.6733045
-0.6585608
-0.6675599
-0.5703819
-0.5655555
-0.5051129
-0.7247393
-0.5367575
-0.6835309
-0.6449978
-0.5406184
-0.7125562
-0.5724253
-0.4519528
-0.5593976
-0.6374355
-0.5680335
-0.6152894
-0.5291781
-0.5903038
-0.5468296
-0.6047864
-0.5472442
-0.5250524
-0.460275
-0.547962
-0.609325
-0.6270449
-0.4597262
-0.3428776
-0.6178514
-0.5233631
-0.6161431
-0.6146263
-0.2561428
-0.5145485
-0.5851913
-0.6534464
-0.6619619
-0.4396
-0.4171256
-0.5023237
-0.4647052
-0.4898224
-0.6361669
-0.4762673
-0.6305037
-0.5825428
-0.4600321
-0.4874966
-0.4804972
-0.4643517
-0.4188668
-0.4761654
-0.5853488
-0.489536
-0.4386894
-0.4703222
-0.4944086
-0.4979216
-0.4470532
-0.3012296
-0.6199307
-0.5039522
-0.3509157
-0.454733
-0.5298671
-0.4648847
-0.6040724
-0.4457432
-0.4854258
-0.4386171
-0.337785
-0.4415882
-0.4161972
-0.4924946
-0.4552564
-0.3672033
-0.3430475
-0.5495402
-0.5105818
-0.4112183
-0.3784518
-0.4340611
-0.3912915
-0.5432242
-0.3592194
-0.4933907
-0.3437796
-0.513809
-0.6415142
-0.294579
-0.3086632
-0.2924257
-0.5769612
-0.2951334
-0.5074522
-0.3314327
-0.3494208
-0.3979405
-0.3300498
-0.4829408
-0.3368127
-0.4809991
-0.375151
-0.4692536
-0.4072234
-0.4920506
-0.609523
-0.4493136
-0.359875
-0.4043964
-0.4002566
-0.4664378
-0.3889096
-0.3398341
-0.4625319
-0.2459935
-0.3521223
-0.2095447
-0.2555533
-0.3854657
-0.5583245
-0.3889388
-0.3384714
-0.4438961
-0.3806901
-0.3310953
-0.3819155
-0.527337
-0.2770742
-0.303986
-0.3846784
-0.4306747
-0.3692389
-0.347964
-0.4166585
-0.2707941
-0.2928921
-0.3406638
-0.2820563
-0.2607013
-0.2931316
-0.3632172
-0.3238016
-0.3878684
-0.2888681
-0.2913503
-0.1987454
-0.3385362
-0.3291528
-0.4652732
-0.3504041
-0.3618366
-0.2840706
-0.2543024
-0.2055227
-0.2721919
-0.1808231
-0.35441
-0.1669401
-0.3466691
-0.504719
-0.2955433
-0.2707938
-0.2564727
-0.3176179
-0.2097295
-0.3293103
-0.3324426
-0.3520715
-0.3336802
-0.2762186
-0.2097123
-0.2374728
-0.3629703
-0.3494351
-0.3214447
-0.1598297
-0.3278361
-0.2572006
-0.2010274
-0.2621457
-0.2687473
-0.2513667
-0.238873
-0.1864775
-0.3141461
-0.2379045
-0.1158139
-0.2616201
-0.2590074
-0.2118598
-0.07263141
-0.219592
-0.3463495
-0.2111695
-0.3743566
-0.1018397
-0.0477964
-0.1887898
-0.1860445
-0.2063332
-0.1501086
-0.1155096
-0.2522153
-0.06573404
-0.1390051
-0.1848032
-0.03728228
-0.2140802
-0.2341904
-0.1185853
-0.1753638
-0.09537847
-0.1253374
-0.2295807
-0.1327609
-0.1590884
-0.220948
-0.2739832
-0.2079836
-0.1013376
-0.2254401
-0.2092865
-0.1043308
-0.116394
-0.1882516
-0.1840842
-0.2685875
-0.2362868
-0.2434376
-0.2892182
-0.1035494
-0.06034447
-0.2180755
-0.1724432
-0.07608699
-0.09393981
-0.2831043
-0.1574945
-0.1901506
0.004808656
-0.1616448
-0.1448105
-0.01208786
-0.2197264
-0.1236433
-0.2227247
-0.1748275
0.08426995
0.1112468
0.02542426
-0.0654479
-0.1675742
-0.08061956
-0.02694554
-0.1322154
-0.122973
-0.1800432
-0.03919595
-0.007744941
-0.1658179
-0.2892344
-0.08318009
-0.04782163
-0.02709482
-0.1133937
-0.152646
-0.1219216
0.06101634
-0.07003179
0.01162396
-0.1010463
-0.1354717
0.02735317
0.00419516
-0.05437753
0.02845784
-0.1404747
0.09725817
-0.106919
-0.1226185
-0.1736881
-0.1587259
0.02865505
0.1643472
-0.1269183
-0.05385707
-0.09968562
-0.004621204
0.09532696
0.04290208
-0.01677816
-0.04281917
0.1002992
0.005491002
0.01596646
-0.0993736
0.007415149
-0.09223203
0.0003489031
0.01053771
0.1770325
-0.01486577
-0.2331741
0.09909069
0.02746755
-0.07862071
-0.08931258
-0.01339632
0.1559752
-0.1176207
0.0005215862
0.1553776
-0.01092464
0.07304103
0.1460027
-0.1124249
0.01906701
-0.01380381
0.1086945
0.07396071
0.1024021
0.04897727
-0.05097657
-0.02826624
-0.01694036
0.1414459
0.08201731
0.007391438
-0.01910698
0.1440693
0.05495545
-0.02253445
0.05816788
0.04542383
0.02253545
0.1421788
0.03234893
0.07985748
0.03295713
0.06037322
0.01697309
0.06198956
0.06486501
0.203814
-0.03380951
0.2143062
0.03816756
0.1362614
0.2631837
0.1315602
0.06987928
-0.0885212
0.2220636
0.09027113
0.1155144
0.06754415
0.146735
0.1343948
0.1848593
0.1105123
0.1840542
0.1660288
0.1609064
0.1679994
0.1122208
0.2723262
0.260138
0.1937493
0.2682717
0.04895995
0.196909
0.1657446
0.2496909
-0.02457844
0.1176123
0.1916291
0.1565471
0.04040288
0.1035563
0.15252
0.1632963
0.1605805
0.09977304
0.1620551
0.1947882
0.2787297
0.1976118
0.07954567
0.2671652
0.1356999
0.1803971
0.2810324
0.1164379
0.3132983
0.2194907
0.2155453
0.01542591
0.1422022
0.1597363
0.07554006
0.259201
0.05444108
0.1498795
0.2142275
0.1058127
0.2555524
0.2200304
0.2146909
0.1787108
0.3161906
0.2256949
0.2462596
0.3257803
-0.1363181
0.2338695
0.07104135
0.3253661
0.2613245
0.2820044
0.274155
0.2894706
0.3626865
0.1522224
0.2810056
0.3961849
0.2952034
0.1193666
0.2212021
0.283074
0.2964638
0.1388037
0.2980037
0.2149685
0.1494678
0.1434069
0.1540355
0.323472
0.28848
0.3021707
0.2151122
0.1914412
0.3018271
0.1069079
0.2645036
0.3604173
0.2983049
0.3956179
0.232163
0.2776921
0.4439396
0.3549691
0.3393644
0.1993874
0.3388118
0.3721401
0.3900368
0.2859879
0.3986886
0.3098908
0.4204345
0.4608025
0.1523226
0.3044122
0.4101251
0.2997208
0.1578031
0.5141507
0.1481518
0.3979308
0.2632467
0.3224664
0.3272836
0.3403744
0.3791602
0.3277947
0.35079
0.3203483
0.4420674
0.2981072
0.2396732
0.2432785
0.463893
0.3904358
0.3920296
0.3464533
0.4769736
0.2869603
0.3484088
0.3185602
0.3972042
0.4119517
0.4231933
0.3568476
0.408193
0.4269694
0.3307115
0.1444666
0.4166777
0.3023291
0.4041051
0.3198957
0.3640962
0.5229835
0.3489312
0.4565974
0.3233012
0.4290754
0.3872352
0.2809432
0.3012352
0.3333535
0.279461
0.3110343
0.4986483
0.4101801
0.4599928
0.4443563
0.3557292
0.5065027
0.4398393
0.3768623
0.426809
0.5942341
0.3325073
0.6494152
0.4626631
0.4331219
0.5249338
0.5379644
0.4696693
0.4100663
0.3967676
0.3032313
0.5080274
0.3558771
0.4552617
0.405857
0.5640256
0.3782609
0.509527
0.609952
0.5096032
0.4542485
0.5745641
0.541787
0.6067336
0.537239
0.5778765
0.5692139
0.5089304
0.280236
0.5110814
0.3585465
0.5099362
0.5309225
0.5974504
0.4409667
0.4456602
0.5839008
0.7046149
0.4380421
0.4515722
0.5427454
0.5835121
0.6780619
0.558997
0.7372041
0.5423121
0.4770518
0.5679442
0.5358638
0.4508276
0.4263197
0.6436704
0.5237085
0.5734216
0.4935603
0.6233873
0.7346075
0.6231135
0.4780805
0.4988434
0.4839659
0.6110863
0.5823711
0.4947035
0.5940157
0.7396807
0.5817694
0.4490478
0.7652616
0.6271618
0.5060791
0.5486263
0.4304609
0.6354921
0.6268856
0.6452283
0.6186154
0.6814678
0.6394553
0.4276582
0.5993517
0.6475631
0.7871378
0.7034619
0.6805516
0.715142
0.7357744
0.6329712
0.6240012
0.5779033
0.7032568
0.6335695
0.6024909
0.6614326
0.6855066
0.4606591
0.625886
0.6154719
0.4941692
0.694638
0.6832165
0.6628105
0.651266
0.5527369
0.5137513
0.7005264
0.6802989
0.8343959
0.5754931
0.6799268
0.5700873
0.5829176
0.7566637
0.7025566
0.6619441
0.666769
0.6980415
0.6533357
0.6050339
0.6039428
0.664037
0.6626372
0.8346406
0.5560008
0.7914585
0.6253647
0.6456891
0.6067202
0.4987228
0.630559
0.7850471
0.7597038
0.7693889
0.588631
0.7522878
0.6954494
0.671966
0.742873
0.6268608
0.5638908
0.8747959
0.6889904
0.7478813
0.5565134
0.7670078
0.6711678
0.6763963
0.660902
0.8353667
0.8245433
0.7333527
0.8462932
0.808383
0.7537015
0.7673214
0.9386942
0.7036037
0.7271737
0.658337
0.6952474
0.768938
0.7504017
0.6962351
0.7399005
0.6847164
0.7213988
0.8206966
0.8294469
0.6514613
0.9143222
0.7756725
0.7296408
0.5823635
0.7838072
0.7176817
0.730501
0.8689455
0.6954921
0.7264178
0.911123
0.7855322
0.7052166
0.8972892
0.6657677
0.8742781
0.9523634
0.9337157
0.8745494
0.8932323
0.772751
0.8495415
0.8968864
0.8490568
0.9082795
0.8566771
0.8517666
0.8201653
0.8179287
0.8486553
0.9348711
0.9475738
0.7745227
0.7861151
0.7916321
0.7906376
0.856408
0.8353086
0.7229398
0.8952372
0.8206274
0.9233914
0.9856638
0.9507147
0.9425435
0.8509211
0.870376
0.8408642
0.8691008
0.8223165
1.03187
0.8796571
0.9112902
1.049641
0.9611415
0.8169137
0.8702241
1.041133
0.9134756
1.00593
0.9046074
0.698734
0.8762891
0.8785178
0.9489832
1.007851
1.005719
1.066724
1.06049
0.9545919
0.9490119
0.9709417
0.8311611
0.8796677
1.029834
1.015553
0.9036524
0.8801252
0.9327883
0.9813543
0.9053531
0.9708023
1.033061
0.9118626
1.087288
1.120422
0.8999856
0.8991226
1.052753
1.069267
0.877288
0.8842538
0.9393505
0.8262769
1.008599
1.017696
0.9438269
0.87074
1.076907
0.8947736
0.8876434
1.135985
1.034156
1.016942
1.193165
0.8560043
0.964936
0.9404192
0.9709628