0.1292847
-0.9844982
-1.027131
-0.7876864
-0.9099976
-1.056883
-0.9957367
-0.8736375
-1.059559
-0.9881074
-1.026217
-1.070245
-1.002686
-1.019351
-0.848459
-1.021928
-0.8495913
-0.9226377
-0.9637973
-0.9936291
-0.8470829
-0.9260759
-1.02005
-0.8651726
-1.076581
-0.9210863
-0.7767459
-1.034935
-0.8973496
-0.8716547
-0.9268338
-0.9043766
-0.9810061
-0.8630003
-0.813185
-1.173198
-0.9895244
-0.9464337
-0.919787
-0.9035261
-1.066386
-0.8372185
-0.7424896
-0.9861589
-0.9487775
-0.8197699
-0.8797088
-0.9010028
-0.9053438
-0.7630715
-0.8048262
-0.9416348
-0.8413252
-0.8456334
-0.8578951
-0.7489134
-0.9189135
-0.8604282
-0.9411727
-0.8066692
-0.8932006
-0.9272915
-0.8190156
-0.8458579
-0.911663
-1.047801
-1.027381
-0.7665499
-0.7704959
-0.7979443
-0.8306707
-0.7158912
-0.9194485
-0.785535
-0.8872853
-0.8424893
-0.8316816
-0.9068273
-0.9153017
-0.784963
-0.7007588
-0.9254298
-0.8019326
-0.8674542
-0.7834072
-0.870842
-0.9140136
-0.8029141
-0.7899168
-0.7763601
-0.8765339
-0.8358349
-0.8445586
-0.7995216
-0.8351738
-0.9610503
-0.671251
-0.6806898
-0.8754971
-0.6745928
-0.7292845
-0.8798229
-0.9095801
-0.8082087
-0.8277755
-0.7383448
-0.749579
-0.6801225
-0.7622782
-0.8993007
-0.8405966
-0.8305965
-0.6570624
-0.7735075
-0.7882773
-0.6492863
-0.7286148
-0.7559624
-0.8794807
-0.6497976
-0.8493473
-0.758636
-0.7588026
-0.7510829
-0.7256737
-0.8379946
-0.7030943
-0.6705205
-0.7863545
-0.7186911
-0.7119426
-0.7386324
-0.8162837
-0.7549673
-0.7239915
-0.5679701
-0.8136872
-0.7427334
-0.6869902
-0.8140788
-0.73959
-0.6933804
-0.8365657
-0.7376953
-0.6860028
-0.7806483
-0.8079133
-0.6351988
-0.7442717
-0.662227
-0.703907
-0.5953259
-0.6150953
-0.765263
-0.5884282
-0.7422751
-0.6763136
-0.6466757
-0.8231128
-0.6961783
-0.6527875
-0.7473104
-0.6215049
-0.7597246
-0.6928021
-0.7043746
-0.6892101
-0.703181
-0.6699388
-0.6722364
-0.7228671
-0.5438983
-0.7008332
-0.6691021
-0.5774486
-0.6255889
-0.5007528
-0.6876359
-0.5870828
-0.8144915
-0.546093
-0.5875017
-0.5501376
-0.6661265
-0.5653826
-0.4959524
-0.7661688
-0.6352185
-0.5524838
-0.522527
-0.7104429
-0.5481396
-0.6132366
-0.6791977
-0.6856919
-0.7877184
-0.6178044
-0.5917655
-0.5975858
-0.6916108
-0.6996248
-0.4900575
-0.679445
-0.6166115
-0.6284994
-0.6205993
-0.5248409
-0.7484253
-0.5740717
-0.6339296
-0.5816184
-0.5614433
-0.6905655
-0.5864697
-0.6783468
-0.5702983
-0.6134218
-0.5144916
-0.5419318
-0.5038055
-0.5957407
-0.5511314
-0.6849358
-0.6090442
-0.5173938
-0.5516437
-0.6263981
-0.6391466
-0.5210182
-0.4357404
-0.6351396
-0.4256147
-0.3760142
-0.343405
-0.4537054
-0.7133288
-0.6611845
-0.3492799
-0.434437
-0.5057597
-0.5480112
-0.5238716
-0.6240423
-0.7002856
-0.5153099
-0.5237768
-0.4666822
-0.3984073
-0.4185691
-0.6066158
-0.4823915
-0.3536664
-0.5880161
-0.41672
-0.3508107
-0.5216891
-0.6119107
-0.36789
-0.4245593
-0.3799025
-0.4747977
-0.4585569
-0.3607781
-0.4467887
-0.6164387
-0.5133252
-0.4770619
-0.5567076
-0.2247212
-0.5589616
-0.4552052
-0.5066732
-0.346798
-0.245609
-0.3602314
-0.4111509
-0.4489925
-0.3948427
-0.2965398
-0.5600567
-0.3985907
-0.3990984
-0.4338712
-0.4907491
-0.238861
-0.3919949
-0.2391618
-0.4739597
-0.4424264
-0.5711395
-0.3619238
-0.4328256
-0.3841118
-0.2946622
-0.3150513
-0.4230389
-0.4275381
-0.5058232
-0.3576597
-0.3795388
-0.4227228
-0.4900932
-0.3715432
-0.3988001
-0.4571036
-0.4726439
-0.2571207
-0.4536977
-0.4053242
-0.3200733
-0.3978704
-0.3632013
-0.3308104
-0.2475581
-0.2478946
-0.07743398
-0.4415902
-0.369857
-0.3365067
-0.4316213
-0.4836595
-0.4322905
-0.3942499
-0.1711534
-0.196015
-0.2422188
-0.3954751
-0.4683842
-0.4757985
-0.3560472
-0.3824963
-0.268536
-0.4414382
-0.2840387
-0.3968881
-0.2885974
-0.4379506
-0.2937032
-0.2025465
-0.2750032
-0.1142924
-0.1800118
-0.1987308
-0.3651032
-0.4845865
-0.2570615
-0.2948159
-0.3022061
-0.2081374
-0.4105904
-0.2615722
-0.2576454
-0.1200176
-0.03461136
-0.3083656
-0.4075731
-0.2715981
-0.1231295
-0.3508438
-0.3976242
-0.4512571
-0.2315538
-0.3140168
-0.3204597
-0.2876856
-0.4465301
-0.3304174
-0.3199952
-0.174703
-0.2314349
-0.4348355
-0.3063729
-0.06145271
-0.2243597
-0.2517849
-0.2160354
-0.290947
-0.2707741
-0.3156234
-0.270462
-0.2375939
-0.2144595
-0.3406958
-0.216299
-0.2970682
-0.2060815
-0.1318765
-0.1704981
-0.05775959
-0.3047673
-0.2872129
-0.1709012
-0.1239441
-0.176833
-0.22417
-0.1204662
-0.2438778
-0.276187
-0.1757233
-0.1344879
-0.2524186
-0.2392518
-0.2496326
-0.238459
-0.1813818
-0.2213989
-0.252536
-0.2236551
-0.2836137
-0.06312176
-0.2492062
-0.2048146
-0.1905926
-0.1584733
-0.1289569
-0.1694024
-0.101088
0.001303845
-0.2200675
-0.1624125
-0.163613
-0.1398066
-0.1497499
0.008568241
-0.2585748
-0.2057042
-0.1865782
-0.08616569
-0.1831916
-0.1639913
-0.1715986
-0.07451148
0.05207929
-0.2300246
-0.1942586
-0.1799443
-0.2790075
-0.06852543
-0.1375402
-0.2607199
-0.1100398
-0.06001491
-0.1066619
-0.02125278
-0.02948788
-0.1557062
-0.02816528
-0.1197734
0.01374064
-0.05460756
0.03863924
-0.1439779
-0.1677448
-0.1272784
0.04687757
0.01425129
-0.09232898
-0.03025568
-0.1709225
-0.01163506
0.0614016
-0.05284141
-0.007814875
-0.0627821
0.05154747
-0.08259962
-0.1400968
0.09641343
-0.1184063
-0.09296547
-0.1393538
-0.1381146
0.04458378
0.006440577
0.0384455
-0.13773
0.0112007
-0.100051
0.023638
-0.1344478
-0.109323
-0.107572
-0.05029473
-0.1051194
0.04686162
-0.06891865
-0.08711309
-0.0236459
-0.05127196
-0.02979461
0.005696061
-0.1537231
-0.03643629
0.1280332
0.00684824
-0.04577272
-0.05339914
0.1148554
-0.02839139
0.1436957
-0.2207067
-0.2343507
-0.06039023
0.001246033
0.06442085
0.04332381
-0.07187386
-0.05338745
-0.1098249
0.03679183
-0.1356284
0.01464617
-0.009087429
0.1399509
0.09562764
-0.0929169
-0.003210139
0.11112
-0.141152
0.008394593
0.05085038
0.04695097
0.09779445
-0.1271558
0.1039093
-0.06848816
-0.021245
-0.01178395
0.003190058
-0.1215147
0.1402203
0.0143833
-0.07467138
-0.08444631
0.283942
-0.02267196
0.00153849
0.04431475
0.1243955
0.2212252
-0.01028814
0.01935687
-0.06684422
0.02383497
-0.06893658
0.1413534
0.05237494
0.1003347
0.1177627
0.1401572
0.1404984
0.204434
0.2144219
-0.09628664
0.2272151
0.1897387
0.3451822
0.1768112
0.3957445
0.1595856
0.1008315
0.07426101
0.2509827
0.1890916
0.1244454
0.1770338
0.02927106
0.00426955
0.05791918
0.148076
0.1352324
0.09562025
0.1423052
0.1197092
0.08203725
0.2014988
0.2183538
0.1988451
0.146433
0.05581391
0.1046958
0.02191761
0.07895064
0.1770454
0.1213177
0.09156362
0.1255931
0.1332811
-0.009531589
0.1673531
0.2488328
0.2187802
0.2026954
0.2669425
0.2876395
0.2066516
0.2378356
0.1841568
0.2204007
0.1072525
0.0544491
0.251639
0.1255642
0.2800673
0.1297196
0.1574139
0.3081039
0.261242
0.2153736
0.3348207
0.3243191
0.1596322
0.2416986
0.1010652
0.0922696
0.2416159
0.2991753
0.1115334
0.1231434
0.1615603
0.2374265
0.179033
0.1198691
0.1871178
0.3218118
0.07269997
0.3157382
0.2946187
0.2315941
0.3321322
0.195244
0.1383375
0.299267
0.2287583
0.1257908
0.1922806
0.1480198
0.361546
0.3751099
0.2334516
0.3553906
0.3810564
0.349086
0.4321532
0.3141029
0.2381028
0.3709032
0.3595382
0.1672081
0.2358499
0.3271705
0.3351055
0.3210869
0.2849963
0.3463488
0.2533239
0.2569731
0.3252997
0.2581054
0.2575453
0.3062892
0.2235984
0.4237422
0.3559232
0.352662
0.4769974
0.2478213
0.394157
0.1825851
0.3826114
0.3571489
0.3211579
0.3909409
0.3423941
0.2226183
0.3201829
0.3344479
0.3640486
0.3891127
0.301764
0.3445507
0.3970158
0.3036297
0.4467796
0.5356262
0.4534101
0.1712239
0.3365873
0.434753
0.5037693
0.2856596
0.4652529
0.2560044
0.4771121
0.2601839
0.2824008
0.4637478
0.433704
0.519133
0.3954689
0.4051919
0.4047887
0.3678723
0.4897739
0.3598739
0.473817
0.4189918
0.4381234
0.5134092
0.4262107
0.433807
0.4245493
0.477845
0.4158084
0.5242071
0.4141457
0.3344738
0.415286
0.3705719
0.4959684
0.4796287
0.4789083
0.4136501
0.3872501
0.5267845
0.4655389
0.4239759
0.5552789
0.5273825
0.5456602
0.4899206
0.5104205
0.5715507
0.5294447
0.6638087
0.5639493
0.5162992
0.4304098
0.5736597
0.5039397
0.5687056
0.5702153
0.4886213
0.3631159
0.3882643
0.4202549
0.4879116
0.5586626
0.5257942
0.4952272
0.4885153
0.5143127
0.515007
0.4908289
0.5466522
0.5049597
0.3838574
0.4871965
0.526435
0.5043075
0.5864833
0.506778
0.5502825
0.64723
0.5272288
0.5465635
0.3658297
0.576601
0.524308
0.5952707
0.5455164
0.4093592
0.5834444
0.552622
0.6034781
0.5858485
0.3718069
0.6010313
0.5443915
0.5990715
0.6933272
0.6099249
0.6337803
0.6514439
0.6596304
0.5244656
0.7294301
0.5381506
0.5874724
0.4552737
0.7317875
0.5326231
0.5876375
0.5419825
0.513714
0.5406628
0.6249534
0.7282187
0.6721684
0.6511218
0.4787685
0.3946922
0.6000044
0.5337456
0.5648176
0.6997726
0.6134869
0.7304454
0.4653415
0.5182429
0.6899903
0.6623586
0.6116004
0.5637483
0.5133206
0.4662638
0.7268344
0.7982729
0.6293656
0.6678561
0.7046295
0.679674
0.5953719
0.6751009
0.6050534
0.7096002
0.726248
0.6598725
0.6610228
0.613677
0.4324605
0.6598816
0.696906
0.6883208
0.7348754
0.6532834
0.5976829
0.684175
0.5878632
0.854942
0.5500892
0.7306227
0.786269
0.6748276
0.7732509
0.6282849
0.5622023
0.8379972
0.6980139
0.6790822
0.6086121
0.6626245
0.9435378
0.6243042
0.6066829
0.771152
0.6752633
0.7880013
0.7188226
0.80037
0.694659
0.6928566
0.7465547
0.7718228
0.5975818
0.8675253
0.744257
0.6836435
0.6479702
0.7705643
0.6168963
0.8229566
0.6612069
0.6947142
0.8472918
0.7558268
0.8686298
0.8883532
0.7556059
0.6538829
0.7514629
0.7287578
0.7493909
0.7322429
0.6850715
0.7258199
0.9246412
0.7223516
0.6363314
0.6684369
0.8098179
0.8421979
0.8235813
0.8176624
0.7496359
0.7514131
0.7866514
0.8482969
0.8147006
0.7897676
0.8725143
0.8315927
0.9735542
0.6515437
0.7620392
0.7017518
0.7751836
0.8413534
0.833917
0.8184597
0.8063639
0.9433348
0.8100332
0.7746265
0.764954
0.7857108
0.820879
0.7916509
0.8662473
0.8605616
1.001251
0.8152276
1.019631
0.7609166
0.7600016
0.6136124
0.7119457
0.8741787
0.781023
0.8558751
0.7722966
0.8563784
0.9054783
0.9387454
0.8229243
0.8536458
1.117237
0.6840303
0.8956935
0.9533646
0.8739552
0.8755047
0.8732276
0.9214909
0.8322045
0.9828927
0.8048301
0.8649152
0.8584212
0.9214686
0.9872803
0.8485304
0.7841791
0.91367
0.9043493
0.9085919
0.8559367
0.9589616
0.9935106
0.9726807
0.9581488
0.7933544
0.9292721
0.921265
0.9916963
0.9584326
0.92863
0.832021
0.9541946
0.9154875
0.8173978
0.8974167
0.8050774
0.9507245
0.8031228
0.9361886
1.042901
1.04647
1.003622
0.9439601
0.8986166
1.037325
1.043086
1.088609
1.001781
1.0089
0.9175243
0.8927377
0.8737396
1.090031
0.8965519
0.8002653
0.9220805
0.8794324
1.069065
0.9781579
0.9632495
0.9786942
0.9265367
0.9111923
1.000997