-0.03815262
-1.045466
-0.9857438
-1.031314
-0.9543048
-0.9547432
-1.051538
-1.063892
-0.9325415
-0.9943224
-1.037373
-1.065048
-1.011948
-0.8707706
-0.9275716
-1.064338
-0.898915
-0.9216188
-0.9058617
-0.9092154
-0.943888
-0.984702
-0.9743898
-1.094512
-0.8902603
-1.064799
-0.9593454
-1.022555
-0.9590177
-0.9326744
-0.9759617
-0.9677713
-0.9642351
-0.9962882
-0.9314769
-0.8898766
-0.9227717
-1.141424
-0.9397293
-0.9518835
-1.012967
-0.9029871
-0.8424937
-0.7925462
-0.9409433
-0.9700618
-0.8789406
-0.9187172
-1.029052
-0.8499085
-0.944726
-0.7939277
-0.9176091
-0.98207
-0.8526631
-1.020991
-0.9027875
-0.853023
-0.8963725
-0.9902268
-1.046635
-0.9133329
-1.007773
-0.7790355
-0.9525003
-0.8194232
-0.7406247
-0.8284175
-0.7622848
-0.8854761
-0.8586744
-0.9089579
-1.010634
-0.9675478
-0.7188901
-0.9300871
-0.855341
-0.7271306
-0.8631894
-0.8590293
-0.6820166
-0.948642
-0.9357895
-0.8524607
-0.8809966
-1.007502
-0.7202405
-0.8822507
-0.8574687
-0.9896693
-0.7504514
-0.7174058
-0.8713101
-0.6940968
-0.6118025
-0.8263297
-0.7593704
-0.8060279
-0.750208
-0.8512858
-0.7259553
-0.9559368
-0.6320829
-0.8022958
-0.8253743
-0.7821747
-0.7515774
-0.7499933
-0.9042103
-0.7224185
-0.8260087
-0.7359886
-0.7950619
-0.7919198
-0.8006137
-0.7781027
-0.7606304
-0.6326225
-0.7450298
-0.7468631
-0.6969128
-0.8671106
-0.7765814
-0.687831
-0.8066741
-0.7333707
-0.5837894
-0.763597
-0.7992332
-0.7171858
-0.8041506
-0.77247
-0.8363096
-0.6979126
-0.6578545
-0.7430754
-0.778475
-0.606947
-0.7756273
-0.6108085
-0.6819006
-0.8036835
-0.6604941
-0.8377906
-0.7485595
-0.6264159
-0.7390373
-0.6275593
-0.7963746
-0.8154779
-0.6646291
-0.8335875
-0.7901572
-0.605532
-0.6026906
-0.6316073
-0.6156947
-0.746383
-0.6563383
-0.6494867
-0.8182986
-0.5914793
-0.7515881
-0.6470051
-0.653145
-0.6498866
-0.7243825
-0.6918184
-0.5644644
-0.6596606
-0.6490911
-0.712575
-0.666824
-0.6008152
-0.6580649
-0.6714363
-0.6762157
-0.7737439
-0.7331061
-0.6393402
-0.6831452
-0.6239118
-0.627793
-0.7588024
-0.6849057
-0.5589651
-0.6811659
-0.5551359
-0.5707956
-0.6394526
-0.6166536
-0.4602021
-0.5507927
-0.5537863
-0.589853
-0.6149621
-0.5165466
-0.4924386
-0.6781113
-0.652318
-0.6492094
-0.5891262
-0.5769902
-0.5233175
-0.7024405
-0.5366878
-0.6543744
-0.6543558
-0.5590862
-0.6881997
-0.5611189
-0.4831307
-0.5623339
-0.614679
-0.572346
-0.6032583
-0.5137349
-0.5931612
-0.5613941
-0.5880673
-0.5477549
-0.5151359
-0.4482757
-0.5600692
-0.5929957
-0.6259801
-0.4608098
-0.3453995
-0.6038206
-0.4999754
-0.6058439
-0.641391
-0.2655801
-0.5194567
-0.5553155
-0.6483864
-0.6533271
-0.4413023
-0.4098692
-0.4753824
-0.4716093
-0.4945009
-0.6350649
-0.4970529
-0.623621
-0.5682575
-0.4624267
-0.5167766
-0.506122
-0.4670628
-0.4165879
-0.5025198
-0.5896096
-0.4947174
-0.4485641
-0.4397691
-0.5085695
-0.5023925
-0.4537465
-0.3216879
-0.6167417
-0.4945313
-0.3607916
-0.4604189
-0.538031
-0.4496406
-0.5972947
-0.4195955
-0.4762825
-0.4196282
-0.3630495
-0.4301196
-0.4331273
-0.5148222
-0.4555614
-0.3760313
-0.3557349
-0.5587042
-0.5030702
-0.4264094
-0.3508807
-0.4245199
-0.3963082
-0.5551798
-0.3343455
-0.482958
-0.3302542
-0.5141197
-0.6205411
-0.2851692
-0.3009073
-0.298258
-0.5876722
-0.3177139
-0.4830217
-0.3178423
-0.3112507
-0.4078653
-0.3291803
-0.4767461
-0.3443136
-0.4954959
-0.3705232
-0.4625086
-0.4221391
-0.4880114
-0.6215477
-0.4556547
-0.3816881
-0.4086125
-0.4039358
-0.4725001
-0.3834741
-0.3282825
-0.4789359
-0.2620679
-0.3394444
-0.236155
-0.2750338
-0.3830377
-0.5634942
-0.3691732
-0.3274729
-0.4228609
-0.3862066
-0.334197
-0.4092915
-0.5354623
-0.2785236
-0.300196
-0.3634719
-0.429288
-0.3894948
-0.3522706
-0.4015945
-0.2720177
-0.3289872
-0.336099
-0.2795514
-0.2577834
-0.2795164
-0.361609
-0.3374263
-0.3793026
-0.3081248
-0.2681612
-0.2268388
-0.3415769
-0.3438009
-0.4704107
-0.3361507
-0.3653522
-0.2680611
-0.2473978
-0.2134461
-0.285238
-0.2057937
-0.3298365
-0.153486
-0.3528964
-0.4820247
-0.3043925
-0.2573102
-0.2254263
-0.3215874
-0.2289386
-0.3254186
-0.3350026
-0.3586777
-0.3235084
-0.2481483
-0.2070602
-0.2426825
-0.3496715
-0.3795754
-0.3273447
-0.1536296
-0.3445015
-0.2409023
-0.2274587
-0.2577438
-0.2892065
-0.2414802
-0.2253594
-0.2125099
-0.302292
-0.2408685
-0.09746887
-0.2292173
-0.2276718
-0.2010873
-0.06382716
-0.2099093
-0.3575552
-0.2064811
-0.3681606
-0.1122951
-0.07047701
-0.1860039
-0.1769549
-0.2101227
-0.1605592
-0.1135501
-0.256451
-0.07520415
-0.1518791
-0.1711375
-0.04401715
-0.2109242
-0.2373148
-0.1308879
-0.1907843
-0.1115157
-0.1271523
-0.2303522
-0.1049645
-0.1699942
-0.2234787
-0.2678201
-0.1902881
-0.08342506
-0.2279538
-0.2110508
-0.1046313
-0.1316201
-0.2143005
-0.2065658
-0.2781652
-0.2326447
-0.2475616
-0.3012688
-0.1313428
-0.0461432
-0.254339
-0.1936402
-0.07113287
-0.08114721
-0.2890984
-0.1410136
-0.1940538
0.01417646
-0.1822318
-0.1291111
-0.01066749
-0.2363087
-0.1213503
-0.2201625
-0.1788936
0.05010431
0.09415594
0.03109483
-0.05906833
-0.1737622
-0.08462122
-0.01923751
-0.1359635
-0.1106481
-0.193913
-0.06048589
0.002281945
-0.1672194
-0.2835203
-0.07492945
-0.06021834
-0.02288463
-0.1146063
-0.1511295
-0.1257636
0.03861183
-0.09405592
0.008164134
-0.1089953
-0.1221839
0.03701595
0.006023688
-0.04075638
0.02250766
-0.1375453
0.09316498
-0.110306
-0.1235767
-0.1670834
-0.1614799
0.002196417
0.1457375
-0.1475659
-0.04625105
-0.09653221
-0.01119132
0.0863695
0.03369399
-0.01009802
-0.05797057
0.09972434
0.009153116
0.01123873
-0.09969301
-0.01408807
-0.0894258
-0.009711199
0.00529474
0.1681374
-0.03593068
-0.2239124
0.1137112
0.007489206
-0.06398757
-0.08704197
-0.02930867
0.1293235
-0.11271
-0.01159447
0.1920351
-0.01537257
0.07488177
0.1403701
-0.1119933
0.03515473
-0.02522187
0.08678243
0.06141799
0.08354224
0.07497012
-0.04666275
-0.03678623
-0.05412522
0.158218
0.07954484
3.209601e-05
-0.02766464
0.131982
0.0520433
-0.04806662
0.09008689
0.04306489
0.01355566
0.1338072
0.03351236
0.07823739
0.01371022
0.07718452
0.01159184
0.07410596
0.06009194
0.1886799
-0.03895923
0.2177034
0.04705266
0.1146234
0.2563493
0.1505337
0.07279704
-0.1091572
0.2278038
0.06581188
0.1139776
0.07472291
0.1400762
0.1274176
0.2078415
0.09851487
0.2046071
0.2014641
0.174257
0.1692476
0.1285484
0.253068
0.2550456
0.1946953
0.2365323
0.04987551
0.1903971
0.1574625
0.2487047
0.0006538716
0.1082404
0.1816069
0.1536872
0.03524335
0.1086994
0.1609312
0.136598
0.1525619
0.1007227
0.1379539
0.198866
0.2739927
0.2013143
0.1108519
0.2611643
0.1386943
0.1999823
0.2737501
0.127389
0.3196078
0.2489831
0.2008884
0.03023901
0.1329555
0.162497
0.07650619
0.2744132
0.04958076
0.1294272
0.2341062
0.1159338
0.2470968
0.2421635
0.2038543
0.1906969
0.3089492
0.2225162
0.2416538
0.3587952
-0.105921
0.2358473
0.07139518
0.3168592
0.2874127
0.299094
0.2846307
0.3000617
0.3417415
0.1769179
0.2767954
0.3749267
0.3148876
0.1276459
0.2354965
0.2802402
0.2974341
0.1553157
0.2922014
0.2386366
0.149113
0.1427489
0.1666718
0.324023
0.2936538
0.3259617
0.2173844
0.1646485
0.2800432
0.1273279
0.2352986
0.3577047
0.2718369
0.4160125
0.2318937
0.2735534
0.4598033
0.3585969
0.3267342
0.2099584
0.335604
0.3917713
0.3951826
0.2905345
0.4093028
0.3104409
0.4161309
0.4565658
0.1518707
0.3303111
0.3977141
0.2945878
0.1335481
0.5304963
0.1711104
0.4043717
0.2607768
0.3182589
0.3098618
0.3446248
0.3612099
0.3303413
0.3362574
0.337175
0.4511346
0.3112357
0.2520608
0.2433016
0.4716917
0.3914819
0.3707117
0.3070541
0.4860901
0.2852597
0.3577794
0.2997253
0.3866369
0.413769
0.4175621
0.3876001
0.4042526
0.4275454
0.3197743
0.1532691
0.4117214
0.3119354
0.3882158
0.3546714
0.3636047
0.5389479
0.3596683
0.4457021
0.3297846
0.4298983
0.3872685
0.2698296
0.2811713
0.3299069
0.2459288
0.3034205
0.5284259
0.3986252
0.4332323
0.4431786
0.3558443
0.5001727
0.4400145
0.366062
0.4313912
0.611918
0.3240614
0.6562424
0.4601649
0.438663
0.5186906
0.5075262
0.4722012
0.3961709
0.3750848
0.2674084
0.5255944
0.319029
0.4591641
0.4205682
0.5567465
0.3815536
0.5204731
0.6048469
0.4877845
0.4617666
0.5408162
0.5450208
0.6140146
0.5382681
0.5823956
0.5821549
0.5071523
0.3005274
0.5304157
0.3390557
0.5011127
0.5427137
0.5928556
0.4492205
0.4584542
0.5694508
0.7010926
0.4364652
0.4585017
0.5354492
0.5754118
0.6712835
0.5423658
0.7267707
0.5397055
0.4719477
0.5827405
0.5564156
0.4553735
0.4657873
0.6356469
0.4973844
0.5506053
0.5170927
0.6131052
0.7360939
0.6107506
0.4706903
0.501542
0.4666056
0.6266943
0.5646963
0.5136854
0.6211678
0.7335944
0.5968091
0.4652029
0.760315
0.6165578
0.5102807
0.5253416
0.4354326
0.6618589
0.6235336
0.6369203
0.6325165
0.6922193
0.6266808
0.4090732
0.5892909
0.6370017
0.7789607
0.6970577
0.6786298
0.6991797
0.7310163
0.6124478
0.6170771
0.6042737
0.6696186
0.6429679
0.60132
0.6585968
0.6932821
0.4587704
0.644248
0.6139295
0.4896238
0.6920036
0.6664362
0.6805673
0.6220534
0.5705617
0.5201504
0.6968776
0.6794699
0.8412167
0.5936709
0.6811623
0.5556402
0.5899014
0.7386132
0.6895462
0.6889188
0.6662664
0.7192346
0.6397359
0.59042
0.6204988
0.67999
0.6511747
0.8085721
0.5373331
0.7832007
0.6368857
0.6228007
0.5853968
0.5013674
0.6539806
0.7982617
0.7568761
0.7595177
0.596455
0.7541146
0.6657144
0.6777014
0.7454488
0.6151295
0.5880398
0.8586508
0.6978066
0.7495304
0.5472434
0.7708447
0.6296542
0.6655069
0.6550381
0.8640371
0.8184408
0.7392463
0.8482178
0.7816977
0.7468425
0.7622955
0.9487352
0.6920406
0.7273813
0.6725012
0.6994119
0.7618597
0.763799
0.7062458
0.7441944
0.6916128
0.7176785
0.8129746
0.8451391
0.6468725
0.9295385
0.7715966
0.7263251
0.5777256
0.7612141
0.7064107
0.7183485
0.8774968
0.6987283
0.7139908
0.9105708
0.7666588
0.6939612
0.8828881
0.6754125
0.8941392
0.9466525
0.9252466
0.8481006
0.902199
0.7896281
0.8555776
0.915008
0.8335862
0.9172671
0.8778995
0.8613368
0.8172306
0.8264177
0.8475263
0.9588476
0.9579553
0.7911522
0.7722089
0.8165521
0.7939235
0.8295353
0.8377429
0.6983509
0.8867413
0.8198402
0.9511626
0.9750996
0.9669001
0.9798104
0.8604241
0.8871645
0.8352562
0.8641977
0.8193879
1.017419
0.8872371
0.8944254
1.054365
0.9588004
0.8347317
0.8801875
1.036192
0.9221669
1.004726
0.8893528
0.6842048
0.8900147
0.866992
0.9325166
0.9883913
0.995536
1.065611
1.068503
0.9416252
0.9489797
0.9745546
0.8430307
0.8685826
1.024794
0.9784987
0.8866988
0.8583314
0.9383883
0.9649396
0.8805698
0.9759972
1.042934
0.917158
1.11425
1.131947
0.8879518
0.8928428
1.076288
1.049518
0.8744808
0.8734382
0.9580913
0.8233045
0.9912455
0.9987994
0.9421677
0.8669245
1.083572
0.8824219
0.9004697
1.125048
1.027136
1.022072
1.204628
0.8623276
0.9641533
0.9654338
0.9647021