-0.02898267
-1.029713
-0.9590556
-1.020576
-0.9549091
-0.9640642
-1.046492
-1.104575
-0.9188378
-0.988338
-1.005798
-1.0409
-1.041554
-0.8866575
-0.9136607
-1.055682
-0.8856211
-0.9339319
-0.9243822
-0.9232747
-0.9510703
-0.9628573
-0.9832288
-1.102447
-0.8894225
-1.079038
-0.9402943
-1.007946
-0.9530504
-0.9226216
-0.9849544
-0.9717628
-0.9797973
-1.005516
-0.958728
-0.8508244
-0.9040418
-1.141995
-0.9419427
-0.9333483
-1.025663
-0.910418
-0.8265465
-0.7942837
-0.9457603
-0.974054
-0.8896183
-0.9200396
-1.016804
-0.8489447
-0.9187232
-0.7902966
-0.9159957
-0.995909
-0.8581134
-1.028859
-0.8793032
-0.8388875
-0.87787
-1.000411
-1.055418
-0.8945197
-1.035594
-0.8020697
-0.9425571
-0.8214825
-0.7461218
-0.852241
-0.7501132
-0.8848065
-0.8758048
-0.9282195
-1.023334
-0.9907441
-0.7356964
-0.9376854
-0.8524292
-0.7136836
-0.870594
-0.8559226
-0.6840806
-0.9598925
-0.9219592
-0.8754624
-0.8708615
-0.9997504
-0.7263722
-0.8887499
-0.8634313
-1.005417
-0.7606474
-0.719065
-0.8658839
-0.7026913
-0.6324633
-0.8367237
-0.7667579
-0.8120761
-0.764854
-0.8662478
-0.6951144
-0.9387052
-0.6617832
-0.8036031
-0.8331905
-0.7840787
-0.738175
-0.7353688
-0.8971753
-0.7542153
-0.8319638
-0.7354377
-0.7886342
-0.784748
-0.8000552
-0.7812217
-0.7654032
-0.6273555
-0.7733105
-0.7589216
-0.6924969
-0.8511871
-0.7814902
-0.6844902
-0.8210555
-0.71402
-0.5948084
-0.7750356
-0.7895991
-0.7260851
-0.7787944
-0.8094682
-0.8296631
-0.7151885
-0.6548616
-0.7454682
-0.7924994
-0.6046876
-0.7713945
-0.6116235
-0.6679529
-0.8075181
-0.6763718
-0.8401054
-0.7617176
-0.6073832
-0.7304028
-0.6311477
-0.8057268
-0.8114456
-0.6570047
-0.8323136
-0.7941094
-0.6102617
-0.5996958
-0.618672
-0.6267219
-0.764152
-0.6498687
-0.6426094
-0.8003678
-0.5930659
-0.7464236
-0.6518199
-0.649105
-0.6485041
-0.7456917
-0.670094
-0.5351076
-0.6561413
-0.6679345
-0.6803504
-0.6496955
-0.5984694
-0.6717299
-0.6752983
-0.6662091
-0.7503787
-0.7335687
-0.6525868
-0.7204405
-0.6298544
-0.6459831
-0.7729382
-0.6683578
-0.5884354
-0.6713219
-0.5640653
-0.5762587
-0.6466149
-0.6129779
-0.4429629
-0.5506398
-0.5450288
-0.591246
-0.629182
-0.5280876
-0.5008926
-0.6713832
-0.6639978
-0.6620901
-0.5888582
-0.5815889
-0.5069569
-0.7149736
-0.5460295
-0.6890033
-0.638151
-0.5635925
-0.6964009
-0.5497509
-0.4535011
-0.5810445
-0.6467153
-0.5794192
-0.6170895
-0.5318326
-0.5980225
-0.5419067
-0.610483
-0.5569318
-0.5422025
-0.4585524
-0.5599637
-0.6159044
-0.6014558
-0.4581158
-0.3520586
-0.6211454
-0.5045015
-0.6226341
-0.6160191
-0.2625446
-0.5064417
-0.5490979
-0.6506392
-0.6612083
-0.410464
-0.4089853
-0.4834042
-0.4702159
-0.4670372
-0.6088705
-0.4812717
-0.6181066
-0.568729
-0.451471
-0.5104098
-0.4927293
-0.4731164
-0.4267497
-0.4723865
-0.5929856
-0.4908773
-0.4254023
-0.4394542
-0.516929
-0.5011473
-0.4343508
-0.306688
-0.6227682
-0.5162289
-0.3640294
-0.4745365
-0.5299451
-0.4319933
-0.6148187
-0.4182408
-0.483101
-0.4019968
-0.3523884
-0.4137667
-0.4093287
-0.5003921
-0.436907
-0.3781991
-0.3623725
-0.5545513
-0.4948169
-0.4209465
-0.3770273
-0.4434756
-0.3850244
-0.5294989
-0.3769904
-0.492524
-0.3285839
-0.502402
-0.618213
-0.2679377
-0.3137697
-0.3066317
-0.5841505
-0.310921
-0.5153075
-0.3394825
-0.3470602
-0.4134645
-0.3350526
-0.4762093
-0.3365031
-0.4856283
-0.3746191
-0.4559667
-0.4034527
-0.504537
-0.6079633
-0.4573841
-0.366777
-0.4155738
-0.3987584
-0.4729209
-0.3960398
-0.3165237
-0.475023
-0.2565535
-0.3579922
-0.2209666
-0.2719389
-0.3806343
-0.5710138
-0.3782869
-0.3598504
-0.432777
-0.3862998
-0.35574
-0.3741127
-0.5377308
-0.2732294
-0.2893067
-0.3882627
-0.4357964
-0.358925
-0.3410345
-0.3888781
-0.2730456
-0.3055965
-0.3382426
-0.2663591
-0.2675573
-0.297016
-0.3632269
-0.3364096
-0.3945102
-0.2980004
-0.269919
-0.2307913
-0.3206713
-0.3524012
-0.4874574
-0.3545737
-0.3682833
-0.2678587
-0.254178
-0.2006944
-0.2729608
-0.1776324
-0.3396818
-0.1885103
-0.3429929
-0.4959561
-0.30242
-0.2558679
-0.2559461
-0.331974
-0.2150916
-0.3279108
-0.3229041
-0.3495867
-0.3016518
-0.2633385
-0.1963533
-0.2540204
-0.3590986
-0.3777823
-0.3289566
-0.1621991
-0.3377251
-0.2269198
-0.2098509
-0.2681342
-0.276782
-0.2380617
-0.2431588
-0.2083683
-0.3250729
-0.2444
-0.1175454
-0.2331455
-0.2586429
-0.2056277
-0.0693607
-0.2301283
-0.3544245
-0.2189796
-0.3900547
-0.1199189
-0.06378091
-0.1886739
-0.1524503
-0.2035189
-0.1584194
-0.09872959
-0.2527977
-0.08377185
-0.1293887
-0.1885314
-0.03947669
-0.1882244
-0.2543862
-0.1206485
-0.1790781
-0.1105188
-0.12321
-0.2342477
-0.1110216
-0.1718298
-0.2294718
-0.2627898
-0.194716
-0.09577494
-0.2153207
-0.2325054
-0.1247301
-0.1445112
-0.201766
-0.1859015
-0.2861895
-0.2269853
-0.2310635
-0.3023266
-0.1081158
-0.03260803
-0.243507
-0.1764341
-0.08138263
-0.07731342
-0.279057
-0.1358774
-0.1916166
0.01822016
-0.1655597
-0.1346882
-0.004086948
-0.2035664
-0.1261898
-0.2140107
-0.1723252
0.04873144
0.07900136
0.01930958
-0.0595077
-0.1643249
-0.07785967
-0.02424892
-0.1298853
-0.1180301
-0.1880885
-0.05997772
-0.004028447
-0.1628565
-0.2618271
-0.09117441
-0.05635892
-0.03175908
-0.08623476
-0.146049
-0.1347528
0.05676979
-0.07374265
-0.002391329
-0.1005481
-0.1241833
0.01580705
0.007091546
-0.06052863
0.02412671
-0.1487893
0.07619562
-0.1110145
-0.1091797
-0.173213
-0.1425078
0.03911553
0.1535527
-0.1214822
-0.03838134
-0.08761733
-0.0273377
0.08302332
0.04372294
-0.02648929
-0.05146615
0.1209229
-0.009568799
0.01238336
-0.08507458
-0.01026396
-0.06156773
-0.01758532
-0.004522522
0.1493885
-0.01460757
-0.2244155
0.1088302
0.01377821
-0.06872701
-0.09293052
-0.01485213
0.1453993
-0.1153417
0.00853053
0.1569543
-0.003131332
0.06963407
0.1499164
-0.09840186
0.03452511
-0.01402645
0.1022937
0.08143742
0.07857221
0.07272013
-0.04289362
-0.01599953
-0.0321417
0.1286148
0.06688276
0.006372437
-0.01682621
0.1374165
0.05345322
-0.01922317
0.05178268
0.03270617
0.03676377
0.1270745
0.04676184
0.07394861
0.02060859
0.0458311
0.02584671
0.06277359
0.06846543
0.1978576
-0.04102621
0.2118657
0.05292044
0.110285
0.2652635
0.1432133
0.06290854
-0.1059693
0.2175789
0.08581908
0.1213195
0.07448901
0.1372759
0.1038526
0.1880072
0.09208708
0.1959264
0.181361
0.1747617
0.1798299
0.1070082
0.2460688
0.254925
0.1872326
0.2505364
0.05313548
0.2015495
0.1681471
0.2524731
-0.01346359
0.1227181
0.1940874
0.1499079
0.06315523
0.1039905
0.1760631
0.1403407
0.1283287
0.08541648
0.1545225
0.1962589
0.2778753
0.1826641
0.1026358
0.2553295
0.1123166
0.1974228
0.2866964
0.1192056
0.3138129
0.2274088
0.2034346
0.03092173
0.1457194
0.1503049
0.06973814
0.2902926
0.05261829
0.1432242
0.2022348
0.126906
0.2383724
0.2242088
0.2076828
0.1928161
0.3120015
0.2144764
0.2477629
0.3345587
-0.1468806
0.2450125
0.06883493
0.3204459
0.2845194
0.2854592
0.286481
0.265211
0.359428
0.1778642
0.3053175
0.3957427
0.309734
0.1224361
0.2285122
0.2747746
0.2887133
0.1423622
0.3002589
0.2151406
0.1483557
0.1692262
0.1391171
0.3296338
0.2880703
0.2909612
0.2233845
0.1855999
0.2696357
0.1095464
0.2482498
0.3760239
0.2726863
0.4017253
0.2499816
0.2685896
0.4502561
0.3439756
0.3255112
0.1975335
0.3339771
0.389679
0.4147724
0.2689917
0.379316
0.3012885
0.4191004
0.4658329
0.1577869
0.3333266
0.3998621
0.2833532
0.1476622
0.5337302
0.1707923
0.3750751
0.2625429
0.2893058
0.3160253
0.3458314
0.3750809
0.3387696
0.345107
0.3308837
0.4405966
0.302676
0.2619749
0.2669483
0.4623985
0.394033
0.3961915
0.3346827
0.4872184
0.2804463
0.3477343
0.2990295
0.3867939
0.4126346
0.411525
0.3589914
0.3964041
0.418146
0.316256
0.1549754
0.4433023
0.3298349
0.4031599
0.3373636
0.3711776
0.5498442
0.3552317
0.4566533
0.3337467
0.4415779
0.404864
0.27544
0.2825729
0.3467066
0.2520495
0.3333348
0.5100442
0.4078224
0.4701863
0.4368152
0.3463336
0.5041898
0.4468381
0.3566736
0.4244703
0.6064897
0.3373241
0.6566664
0.4777805
0.453989
0.521962
0.5351181
0.4919335
0.4351171
0.3915583
0.2842528
0.4989184
0.3123806
0.456577
0.442635
0.5730782
0.3724987
0.4970573
0.6156332
0.5066125
0.4724399
0.5644579
0.5372737
0.6241607
0.5557675
0.5734647
0.5585959
0.5006797
0.2909224
0.5167927
0.3563929
0.4982413
0.5303306
0.5919781
0.4447484
0.4603588
0.5779275
0.6942006
0.4380435
0.4616513
0.5552926
0.5924852
0.658895
0.557761
0.7057564
0.5335222
0.4810005
0.5816481
0.5504038
0.4506719
0.4472505
0.644932
0.5286386
0.5884796
0.5095792
0.6238122
0.7310482
0.6200222
0.4597971
0.4933987
0.4837533
0.6423329
0.5669439
0.4961897
0.6113404
0.7460824
0.5917838
0.4650985
0.7654621
0.612363
0.5065545
0.532287
0.4548262
0.641493
0.6238393
0.653737
0.6092474
0.6647942
0.6196348
0.4193474
0.5762333
0.673276
0.7718571
0.7009307
0.6893529
0.7093579
0.7216746
0.6234879
0.6314831
0.578201
0.6910005
0.6256715
0.5890091
0.6599626
0.6728658
0.4614213
0.6358336
0.6102725
0.5147411
0.7031744
0.6685175
0.6717245
0.6227134
0.5671858
0.519199
0.6935286
0.6868581
0.8172767
0.5696992
0.6754939
0.559277
0.5710866
0.7420088
0.6937251
0.6700708
0.6604817
0.6945413
0.6621892
0.6159708
0.6036299
0.6541755
0.6659705
0.8099531
0.5348786
0.7973826
0.6311388
0.637122
0.6021171
0.5213056
0.6303655
0.7875777
0.7637804
0.7780907
0.5998849
0.7459817
0.6781609
0.6680259
0.7439839
0.6066132
0.5745394
0.8812539
0.6974075
0.7542549
0.5636486
0.7732282
0.6508771
0.6803093
0.6622296
0.849166
0.8199145
0.7426004
0.8304771
0.7924622
0.7412989
0.7620892
0.9379377
0.6988355
0.7554477
0.6730381
0.6942324
0.7727463
0.7454328
0.699966
0.7499873
0.685815
0.7139422
0.8317946
0.8476292
0.6521158
0.9306871
0.7878935
0.7179606
0.6016078
0.7815671
0.7185141
0.7240443
0.8571958
0.7008551
0.7215798
0.9141403
0.7892246
0.7028652
0.903499
0.6706991
0.8989336
0.9395099
0.9453308
0.874352
0.9025218
0.7756335
0.8498972
0.9349025
0.8513383
0.918278
0.8691764
0.8554342
0.807446
0.824032
0.8543475
0.9648154
0.9426032
0.7628299
0.7997465
0.8109244
0.7914804
0.8429358
0.8090277
0.7022158
0.8899159
0.8290798
0.9481572
0.9885087
0.9725317
0.9748175
0.8625561
0.8940072
0.8408104
0.8710978
0.8313615
1.019445
0.8980238
0.8947442
1.035398
0.9532534
0.8201641
0.8927908
1.057686
0.9171455
0.9814406
0.8974343
0.6882257
0.883176
0.8738989
0.9470056
0.9929153
1.003705
1.07157
1.069701
0.9565819
0.9605443
0.9594464
0.8259392
0.8679972
1.032252
0.9942488
0.8976529
0.871267
0.9460761
0.9904321
0.9018839
1.011887
1.038848
0.9256301
1.081621
1.102933
0.9113778
0.8885496
1.067365
1.074379
0.8535398
0.8838333
0.9491074
0.8080131
0.9944477
1.004765
0.9299617
0.8574788
1.071309
0.9038392
0.8925236
1.130188
1.021373
1.045867
1.194874
0.8353789
0.9666277
0.9725203
0.9560354