-0.02202888
-0.961999
-0.9773181
-0.9814923
-1.083382
-0.9298482
-0.8820571
-0.9519484
-0.8732557
-0.996423
-1.08936
-1.080152
-1.084451
-0.9461083
-0.9004028
-1.004256
-0.9741889
-0.9537476
-1.01992
-0.9195938
-1.110004
-1.084945
-0.9770621
-1.10706
-0.9423708
-0.7792606
-0.967687
-1.084762
-0.8982959
-0.9564244
-1.039344
-0.9033193
-0.8507182
-0.9823414
-0.9606127
-1.086766
-0.9996369
-1.083037
-0.8693256
-0.8919209
-0.746903
-0.8319226
-0.9368795
-0.9565893
-1.028005
-0.8797387
-0.9919903
-0.976245
-1.028673
-0.8670026
-0.9284922
-0.8276148
-0.9178108
-0.8782553
-0.9234118
-0.9505277
-1.027306
-0.9485458
-0.8220268
-0.837732
-0.8431162
-0.8907365
-0.9911648
-0.8509905
-0.7798587
-0.8665275
-0.8535396
-0.9445669
-0.9395556
-0.8904449
-0.7874123
-0.8276266
-0.7991972
-0.9172415
-0.7393132
-0.7938199
-0.8672326
-0.8491883
-0.8010921
-0.9095215
-0.8733016
-0.7713884
-0.7575673
-0.7850851
-0.7164211
-0.9627166
-0.8105895
-0.822323
-0.8714678
-0.680066
-0.6958456
-0.9572761
-0.8008282
-0.8424979
-0.9247043
-0.6977009
-0.6878698
-0.9022557
-0.7483895
-0.7865053
-0.7438933
-0.9233969
-0.7655574
-0.8643606
-0.7467761
-0.8570287
-0.8558837
-0.8883208
-0.9164789
-0.7460078
-0.790156
-0.7672094
-0.7337958
-0.840133
-0.700599
-0.8863351
-0.5791546
-0.9496327
-0.8900219
-0.7673685
-0.7302821
-0.8191166
-0.6998144
-0.8884045
-0.8001445
-0.8828558
-0.7751316
-0.712982
-0.7393186
-0.899417
-0.830684
-0.6141638
-0.6153208
-0.844616
-0.6418511
-0.8522346
-0.7743785
-0.8190165
-0.6145516
-0.7061518
-0.7120003
-0.860713
-0.7020603
-0.5329733
-0.72329
-0.7229414
-0.7501419
-0.7533478
-0.6238779
-0.566944
-0.7169
-0.7368938
-0.6921597
-0.7105964
-0.6536584
-0.6208714
-0.6728917
-0.8206697
-0.6269495
-0.6407126
-0.7570627
-0.5831311
-0.7389207
-0.5666632
-0.6796375
-0.6626894
-0.628976
-0.7532876
-0.6293901
-0.6570877
-0.6459226
-0.516207
-0.4756884
-0.5976935
-0.7891965
-0.5202376
-0.6792063
-0.6792774
-0.5548851
-0.8176665
-0.7739686
-0.625823
-0.712666
-0.6533762
-0.7169287
-0.7134901
-0.5974194
-0.806283
-0.6068542
-0.6521322
-0.7278794
-0.5695772
-0.5055761
-0.5344209
-0.5878226
-0.6753199
-0.6347008
-0.6674545
-0.7230287
-0.5920257
-0.6296396
-0.5987169
-0.541943
-0.5477705
-0.6265635
-0.5365471
-0.621137
-0.523582
-0.6464636
-0.4742957
-0.5523299
-0.6699295
-0.6151786
-0.5168788
-0.6625558
-0.5573535
-0.6102142
-0.4289163
-0.4750816
-0.7100927
-0.6566194
-0.6429085
-0.6063491
-0.6157721
-0.5411964
-0.4144788
-0.4207797
-0.6963618
-0.6914465
-0.5380323
-0.5819797
-0.5030304
-0.3788373
-0.6214005
-0.5384072
-0.3992098
-0.503769
-0.4160996
-0.4687213
-0.3846693
-0.6602614
-0.4888767
-0.5525883
-0.4389773
-0.43296
-0.4859073
-0.3829066
-0.5199559
-0.6063735
-0.5488072
-0.5133373
-0.4049512
-0.50012
-0.3720403
-0.688982
-0.5572259
-0.5442845
-0.4145359
-0.3665179
-0.5072892
-0.4388261
-0.4914586
-0.3509034
-0.4692987
-0.3051222
-0.5036921
-0.4522068
-0.5190802
-0.582303
-0.4294492
-0.4421542
-0.4962517
-0.5183198
-0.5114976
-0.3681488
-0.3398692
-0.4506308
-0.4950643
-0.3729065
-0.5600779
-0.399281
-0.4746902
-0.3689687
-0.4105907
-0.474948
-0.4314132
-0.4804528
-0.5352977
-0.3600681
-0.2709143
-0.4138744
-0.3404369
-0.5344977
-0.3143416
-0.4398978
-0.6300008
-0.3230846
-0.5057343
-0.416765
-0.3086159
-0.4790803
-0.2845956
-0.297727
-0.3703132
-0.4192785
-0.2654189
-0.3393062
-0.5802191
-0.1938048
-0.3347284
-0.2688805
-0.313519
-0.4032847
-0.452355
-0.3071886
-0.3310935
-0.3482703
-0.2894539
-0.4307615
-0.3077569
-0.3771132
-0.3362963
-0.3688058
-0.4484414
-0.3169852
-0.2897769
-0.3162705
-0.4180201
-0.3843528
-0.3804266
-0.5070744
-0.4122255
-0.3175241
-0.3727186
-0.3067641
-0.3542143
-0.2960838
-0.3549853
-0.2950617
-0.4069756
-0.3558512
-0.285513
-0.2110837
-0.3229996
-0.3862511
-0.3250541
-0.3885539
-0.2878859
-0.249518
-0.4075731
-0.3678601
-0.2877096
-0.2702906
-0.2014664
-0.4821025
-0.04693979
-0.07862604
-0.2351161
-0.2212991
-0.3047037
-0.2973458
-0.2636245
-0.3193125
-0.3975794
-0.261154
-0.2284359
-0.3267353
-0.3755655
-0.1719929
-0.277703
-0.2210541
-0.2431785
-0.3114025
-0.2327382
-0.3549426
-0.2639704
-0.3722301
-0.4015835
-0.2164759
-0.2539718
-0.07871761
-0.322433
-0.2859838
-0.3372557
-0.3373445
-0.2158978
-0.2989234
-0.3772295
-0.2525106
-0.2241388
-0.1761253
-0.2763173
-0.2584125
-0.2614583
-0.4085702
-0.2381099
-0.2166181
-0.2127056
-0.1229532
-0.3880293
-0.1925515
-0.09706834
-0.138164
-0.1567736
-0.1600916
-0.1946389
-0.1697752
-0.2007083
-0.1197917
-0.2933847
-0.1711645
-0.146093
-0.1935049
-0.1316396
-0.05576605
-0.08799257
-0.3317785
-0.3885163
-0.2209416
-0.2465378
0.03307387
-0.1938967
-0.1690864
-0.1366406
-0.2149681
-0.06888427
-0.199445
-0.1659887
-0.1140099
-0.07057285
-0.08156992
-0.1096406
-0.03287413
-0.06731108
-0.1228629
-0.09934032
-0.2767912
-0.3606009
-0.1194595
-0.2473366
0.05737317
-0.08639799
-0.2377832
-0.1143173
-0.1455633
-0.1685301
-0.2470822
-0.1564594
-0.02381486
-0.003034841
-0.1591549
-0.1419326
-0.08252915
-0.1521356
-0.1804661
-0.05514193
-0.1684914
-0.02549355
-0.08150764
-0.1113445
-0.1945892
-0.02167627
0.01835452
-0.01570888
-0.02590275
-0.1250162
-0.07221953
-0.0004142834
-0.01278952
-0.1527376
-0.09585774
0.05606364
-0.0889364
-0.06090952
-0.09214253
-0.1016701
-0.04604389
0.009768417
-0.1045306
-0.04099271
-0.1059409
-0.09228744
0.04815637
0.1091946
0.0149436
0.0009772879
-0.09427862
-0.1212276
0.01624752
-0.07791945
-0.0525369
-0.001722984
-0.1610813
0.1744749
-0.04211652
-0.04927207
0.0162659
-0.01614782
0.09680911
-0.1118363
-0.04673501
0.06716603
-0.04457784
0.06391193
-0.0233405
0.01057415
-0.01854766
-0.1330329
0.0459594
0.0310379
0.08259229
-0.06588266
-0.02413226
0.07670449
-0.001792624
0.0783706
0.05920624
0.02586841
0.03664801
-0.09437652
-0.03371084
0.1866386
0.01625308
-0.02369856
0.2760191
0.03144644
0.01544653
-0.0004874505
0.1258709
-0.02032068
0.1617841
0.1117263
0.09297833
0.1772076
0.07576411
-0.02601053
0.005448507
0.1883277
0.1519148
0.09347373
0.09764615
-0.006787297
0.03752608
0.07543049
0.1144918
0.08492774
0.08521552
0.1341525
0.2639033
0.1027563
0.1170501
0.07746447
0.02388004
0.1978136
0.04252441
0.1360461
0.2061981
0.208354
0.0825124
0.08593165
0.1408851
0.1483477
0.1031804
0.2302042
0.06262816
-0.03279753
0.1548498
0.1139271
0.1860092
0.1542165
0.2219426
0.1693532
0.2220975
0.09787655
0.09570702
0.1854295
0.09021771
0.1606874
0.2411916
0.2234013
0.156547
0.1734175
0.2257905
0.2893226
0.08939604
-0.01736013
0.1237259
0.08507224
0.2191496
0.2942365
0.3255668
0.2853787
0.04866195
0.229191
0.2498789
0.2885209
0.2327141
0.1381474
0.2738669
0.06709387
0.1990576
0.2187331
0.2983956
0.1923831
0.1010351
0.1877816
0.2634663
0.1950031
0.2983133
0.1919516
0.2883542
0.3039288
0.200559
0.254395
0.1962646
0.2395378
0.29079
0.1631857
0.2740715
0.1088656
0.2400067
0.191966
0.1784524
0.2511641
0.2006134
0.2831682
0.2861468
0.2065097
0.1366336
0.2546517
0.3218089
0.06288707
0.1316247
0.4333753
0.2800493
0.03730187
0.2032962
0.4061283
0.2614377
0.2697689
0.3352433
0.3010704
0.3271674
0.2998889
0.2990405
0.2570816
0.2660077
0.244381
0.3321289
0.3469061
0.355565
0.3186511
0.3009402
0.3857714
0.3335111
0.3320618
0.2515505
0.2778823
0.2800849
0.2359179
0.3156685
0.3243634
0.3303367
0.1940845
0.3758023
0.4115737
0.2531601
0.2946609
0.3776855
0.278837
0.4463983
0.3207748
0.188257
0.3352507
0.4564304
0.4319571
0.3442044
0.2071467
0.4127128
0.2260175
0.4023178
0.2580337
0.3242999
0.3167958
0.3597192
0.4355746
0.4876911
0.3775071
0.5369214
0.4527505
0.4209927
0.4136892
0.3127873
0.5533052
0.2482799
0.3983628
0.24518
0.2751089
0.3296685
0.400055
0.4258375
0.3497248
0.4695181
0.3763009
0.4054772
0.3087283
0.4720861
0.367657
0.4702874
0.3694736
0.6245729
0.4192057
0.5533355
0.3543333
0.3395564
0.3926812
0.3788211
0.5154432
0.3989359
0.2906597
0.3414152
0.4427578
0.5457969
0.4637247
0.6248379
0.3985548
0.2899791
0.4608625
0.4423535
0.4622237
0.5203462
0.5044133
0.3930814
0.4988622
0.6077718
0.3771496
0.5262946
0.5468432
0.4428631
0.3826938
0.4271572
0.5697733
0.3539489
0.5693753
0.5017976
0.5791488
0.5133845
0.5673309
0.3621513
0.4295311
0.41914
0.577985
0.5556227
0.3922925
0.5624242
0.4242509
0.633286
0.6264337
0.4741503
0.5601757
0.4213686
0.5933132
0.5542753
0.5255064
0.4341237
0.4964283
0.4578355
0.5410231
0.5059808
0.5484084
0.5540859
0.5849017
0.6257631
0.4721184
0.6379099
0.6854727
0.5350769
0.5801817
0.4211583
0.6173019
0.5189284
0.5889285
0.4679489
0.474185
0.7090349
0.5287801
0.504016
0.5908359
0.6251121
0.536937
0.5316381
0.4585421
0.4287312
0.5977048
0.5596534
0.484091
0.6881598
0.6104642
0.6323525
0.6203639
0.5320505
0.6024341
0.5832382
0.6629278
0.7141371
0.5881053
0.7219739
0.6514032
0.5532024
0.5129822
0.6348038
0.7500576
0.5820764
0.6223565
0.5896968
0.6659555
0.4282176
0.5362214
0.6901853
0.5079319
0.7288721
0.5881582
0.7479388
0.74798
0.6264936
0.7131304
0.7595805
0.6322805
0.7573154
0.561813
0.5719584
0.6038039
0.6877965
0.5303009
0.6001318
0.8448553
0.5724721
0.6764254
0.6636127
0.8630724
0.7146885
0.6381647
0.6391337
0.7617974
0.7050877
0.7064556
0.7521267
0.6304747
0.6544733
0.6424978
0.7909253
0.7632502
0.7455508
0.5997981
0.6907556
0.6551524
0.6651437
0.7224577
0.7929679
0.7882034
0.7141015
0.7952928
0.7178033
0.6457826
0.7902478
0.6008021
0.8080689
0.7163457
0.7467983
0.7475924
0.6610295
0.7356703
0.7120099
0.667267
0.7584775
0.7658005
0.7950423
0.8171935
0.666724
0.7230553
0.7011652
0.6840279
0.7974266
0.8611731
0.8593661
0.6821428
0.8267848
0.9218772
0.7833721
0.8409315
0.7416803
0.7627619
0.805469
0.7655521
0.8176407
0.8871457
0.7891959
0.731089
0.9665251
0.7481772
0.8354991
0.7962188
0.8525605
0.8071034
0.7467887
0.76368
0.808113
0.8641406
0.7879566
0.7472395
0.8088224
0.871037
0.9590721
0.8816138
0.7761759
0.7394009
0.9239314
0.9014956
0.8952815
0.9030391
0.8557639
0.9447761
0.8868457
0.9127133
0.9216458
0.6686057
0.9496322
0.8716089
0.8447062
0.7818258
0.7968583
0.8309197
0.8513456
0.9925851
0.9490407
0.8587804
0.8556141
0.8018045
0.7921131
0.9176656
0.8225858
0.8437691
0.8669336
0.6351015
0.9358304
0.8530245
0.85231
0.8685119
1.041296
0.8692876
0.8878612
0.8351632
1.050646
0.8909059
0.9042413
1.045135
1.101734
0.8056824
1.037923
0.9159403
1.043311
1.091293
0.9197834
0.9133255
0.8598417
0.865478
0.9255902
0.8048153
0.9345995
0.9704614
1.03329
0.9500531
1.023958
0.949504
0.8524984
0.8469327
0.7933559
0.9593327
0.9295214
0.8393511
1.006731
0.8373881
1.007597
0.9676142
0.8789262
1.023592
1.086773
0.9769653
0.9928025
1.085354
0.9211858
0.9583394
1.00974
1.032392
1.039572
1.024437
0.7818186
1.05943
0.8796728
1.022027
1.007358