-0.02168877
-0.9620504
-0.9792852
-0.970323
-1.059487
-0.9257446
-0.8834691
-0.9439548
-0.8756649
-0.9910077
-1.106627
-1.077283
-1.061558
-0.9400266
-0.9116596
-0.9953165
-0.987416
-0.9385766
-1.002212
-0.9179174
-1.09408
-1.105856
-0.963132
-1.095453
-0.9416534
-0.7935289
-0.9720549
-1.101374
-0.9096177
-0.9856202
-1.032835
-0.9224611
-0.851972
-0.9852219
-0.9576881
-1.053497
-0.9829391
-1.064818
-0.8637974
-0.8948707
-0.7549223
-0.8504937
-0.9452418
-0.9612081
-1.017532
-0.8813106
-1.005229
-0.9565679
-1.022638
-0.8707174
-0.9060143
-0.8275338
-0.9228998
-0.8998024
-0.9333544
-0.9603948
-1.026476
-0.9481197
-0.8071663
-0.8532901
-0.8367358
-0.921313
-0.9890603
-0.8317312
-0.7983745
-0.8760824
-0.8609382
-0.9629285
-0.9437083
-0.8741156
-0.7808217
-0.8004334
-0.7893413
-0.8933559
-0.735706
-0.811266
-0.8878595
-0.8336132
-0.8006921
-0.8907523
-0.902359
-0.7502628
-0.7677949
-0.773837
-0.7062816
-0.9508795
-0.8087084
-0.846906
-0.8700583
-0.6686636
-0.6945803
-0.9601411
-0.7801032
-0.8487593
-0.9149949
-0.6974269
-0.6800744
-0.9114206
-0.739564
-0.7794425
-0.7396678
-0.9271019
-0.7729573
-0.8602729
-0.7726307
-0.8467018
-0.8499267
-0.8763143
-0.8995666
-0.743097
-0.7824484
-0.7562069
-0.733423
-0.862409
-0.6928864
-0.9032741
-0.5439525
-0.9404785
-0.8804156
-0.7589049
-0.7209013
-0.8167337
-0.6964914
-0.9054949
-0.7894687
-0.9044235
-0.7883755
-0.7273795
-0.7505641
-0.9000388
-0.8611268
-0.6450943
-0.626536
-0.8282024
-0.641092
-0.8410598
-0.7876713
-0.7987225
-0.6189425
-0.6967981
-0.6946033
-0.8856246
-0.6988233
-0.5497064
-0.7302854
-0.7242576
-0.7520063
-0.7723184
-0.624588
-0.5643842
-0.7127482
-0.7400557
-0.6864169
-0.7010934
-0.6718784
-0.6159285
-0.6839172
-0.8040454
-0.6343658
-0.6312858
-0.7441058
-0.5954849
-0.7458965
-0.6045267
-0.6794487
-0.6555288
-0.6301468
-0.7545181
-0.6088484
-0.6395181
-0.6458482
-0.5131244
-0.4813941
-0.5960293
-0.786426
-0.5177713
-0.6681914
-0.7086792
-0.5701663
-0.7977604
-0.7844976
-0.5983573
-0.7033368
-0.6420958
-0.7470307
-0.7056969
-0.5974309
-0.7927611
-0.6200805
-0.6635014
-0.7276942
-0.5635156
-0.4932692
-0.5510401
-0.6002385
-0.6700636
-0.6416975
-0.6697458
-0.7145668
-0.5955349
-0.6042335
-0.5918765
-0.5469227
-0.5369756
-0.6069608
-0.5397737
-0.6384832
-0.5264756
-0.6451399
-0.4603705
-0.5693835
-0.6813926
-0.6118773
-0.5098762
-0.6646566
-0.5390859
-0.6237926
-0.4397125
-0.4707466
-0.7171721
-0.6636746
-0.6678844
-0.6131545
-0.6038386
-0.5528383
-0.4272291
-0.4373823
-0.6852176
-0.6940543
-0.5373219
-0.5536254
-0.5111919
-0.3852184
-0.6020726
-0.5757746
-0.3930329
-0.4892917
-0.4133488
-0.4712166
-0.3856861
-0.6468254
-0.5088312
-0.564309
-0.4408466
-0.4496476
-0.4822644
-0.3920404
-0.5221542
-0.5866276
-0.5273755
-0.5110319
-0.4044817
-0.4937985
-0.3933828
-0.6797071
-0.554458
-0.556202
-0.4151546
-0.3718124
-0.4936729
-0.4565098
-0.4846984
-0.364828
-0.4731281
-0.3226148
-0.4993841
-0.4584817
-0.5249792
-0.5911402
-0.4252179
-0.4342035
-0.4920297
-0.5206988
-0.5046305
-0.3760343
-0.3343575
-0.4598335
-0.498787
-0.3686984
-0.5589401
-0.4040572
-0.4837254
-0.3740901
-0.4088948
-0.4796947
-0.438229
-0.4745103
-0.5050062
-0.3633756
-0.2870475
-0.4027067
-0.337687
-0.5247905
-0.2911021
-0.4218436
-0.6263303
-0.3145532
-0.4882713
-0.4303601
-0.2931782
-0.4754479
-0.3062209
-0.2905678
-0.3650366
-0.4138399
-0.2703404
-0.3499427
-0.5642589
-0.206433
-0.3312361
-0.2672275
-0.3126472
-0.4126151
-0.4366857
-0.3179489
-0.343832
-0.3439024
-0.2878205
-0.4580235
-0.3090913
-0.3443751
-0.3060579
-0.3652072
-0.4436494
-0.3082404
-0.2744977
-0.3162848
-0.4387825
-0.3840548
-0.3500241
-0.5078605
-0.4330202
-0.307707
-0.358259
-0.3006863
-0.3516453
-0.2922155
-0.3301198
-0.3112743
-0.4188726
-0.3721954
-0.2857623
-0.2149003
-0.3225229
-0.3720533
-0.3138889
-0.4026419
-0.2939434
-0.2640932
-0.4225468
-0.365799
-0.2702043
-0.2544583
-0.1933085
-0.4874223
-0.04127081
-0.06157032
-0.2197575
-0.2061604
-0.3156728
-0.3070908
-0.2652813
-0.337037
-0.403655
-0.2495765
-0.2282437
-0.3312368
-0.3687846
-0.1608764
-0.2851811
-0.2324913
-0.2473935
-0.3294708
-0.2355374
-0.3561191
-0.2566933
-0.372859
-0.407183
-0.2165161
-0.2700573
-0.08773101
-0.327862
-0.3169947
-0.3207976
-0.3379302
-0.1896311
-0.3191946
-0.3495123
-0.2330616
-0.214197
-0.1835082
-0.2951674
-0.271361
-0.2666899
-0.4019291
-0.2537886
-0.2132119
-0.2103853
-0.1334965
-0.3690323
-0.1992691
-0.0960768
-0.1582664
-0.1662266
-0.154737
-0.1947287
-0.1934679
-0.2185246
-0.1154509
-0.2963296
-0.154389
-0.1544949
-0.1981562
-0.1016374
-0.08143334
-0.09557587
-0.3309453
-0.3782761
-0.1756056
-0.2296294
0.01497424
-0.2123679
-0.1807551
-0.1316706
-0.196669
-0.09203372
-0.1814074
-0.1463953
-0.1203531
-0.05584053
-0.07330755
-0.1185677
-0.0241819
-0.05421736
-0.1128375
-0.1049866
-0.2405824
-0.3325271
-0.11841
-0.2472613
0.05678372
-0.06394364
-0.2343073
-0.09974724
-0.1474698
-0.1724678
-0.2512816
-0.1312667
-0.03029101
-0.01524645
-0.1692057
-0.143577
-0.0989991
-0.17749
-0.2002007
-0.05531662
-0.1650248
-0.04411272
-0.09634272
-0.09078577
-0.1979143
-0.0184491
0.01062288
0.005105983
0.005376482
-0.125955
-0.05541449
0.01110917
-0.01569769
-0.1595958
-0.08153426
0.05258374
-0.09291222
-0.03524549
-0.08244219
-0.1003423
-0.03431853
-0.008223674
-0.0952319
-0.02295273
-0.1035539
-0.1061713
0.03664609
0.1043682
0.01470605
-0.003603104
-0.1098455
-0.1130494
0.03411395
-0.05672554
-0.06815992
0.006922809
-0.1656642
0.1780455
-0.03782585
-0.04326963
0.01813582
-0.02127415
0.1070215
-0.1134248
-0.04633103
0.0840761
-0.0405376
0.08070977
-0.01490509
0.02234089
-0.03469683
-0.138934
0.04566749
0.03606885
0.08292736
-0.08145992
-0.03484938
0.05099379
0.01221063
0.06470449
0.06344573
0.04482247
0.01301389
-0.1037781
-0.01204227
0.1796855
0.001054171
-0.01322654
0.2804423
0.04219429
0.02206031
-0.0003121146
0.1123276
-0.005697052
0.1441618
0.09771601
0.08676313
0.1876533
0.07444082
-0.02184778
0.0112896
0.1822379
0.1427748
0.1044142
0.1030513
-0.01621153
0.03457982
0.05519657
0.1066667
0.1013523
0.06813829
0.1293384
0.251451
0.09326809
0.123519
0.075155
0.02656319
0.1818679
0.03950177
0.1384404
0.211405
0.1840925
0.07308828
0.05163269
0.1454015
0.1477203
0.1357648
0.2054285
0.05559555
-0.05556831
0.1650826
0.1142855
0.1679358
0.1640657
0.2051228
0.1688526
0.2400082
0.07920763
0.1030464
0.1805718
0.1047925
0.1660556
0.2209113
0.2472303
0.1457475
0.178476
0.197454
0.2920752
0.09096861
-0.01923263
0.140476
0.08869056
0.1985286
0.286529
0.3129494
0.255117
0.06110233
0.2137658
0.2316755
0.2951353
0.2331674
0.1369952
0.2653101
0.08379626
0.1788703
0.2027073
0.3057841
0.1928908
0.09661147
0.1936655
0.2640654
0.1911255
0.3005831
0.1881569
0.2712548
0.2953538
0.19818
0.2461622
0.1583316
0.2106681
0.3260377
0.1736672
0.2833653
0.07901679
0.2366165
0.2029587
0.1916684
0.2408823
0.1985452
0.2806875
0.2805472
0.2081626
0.1322271
0.2790312
0.325649
0.05447435
0.1313223
0.4508296
0.281173
0.04602901
0.1848558
0.397803
0.2765085
0.2826332
0.347276
0.3106188
0.317508
0.3001146
0.3062698
0.2468633
0.2989225
0.2312166
0.3306449
0.3408089
0.3640975
0.3201338
0.3096755
0.3980713
0.3235311
0.3493286
0.2397655
0.2856145
0.3081298
0.2231969
0.3190271
0.2966365
0.3289136
0.1833508
0.3579645
0.410407
0.2510089
0.3188375
0.3673629
0.2731223
0.4520948
0.3157024
0.1972959
0.3493793
0.4552692
0.4548421
0.3447822
0.203432
0.3762156
0.2404704
0.401774
0.2334625
0.3385253
0.3060339
0.3640387
0.4584481
0.4789895
0.3926242
0.5564799
0.4515304
0.4218235
0.4034303
0.309605
0.5535031
0.2559552
0.3937811
0.2652001
0.2807094
0.3340085
0.3977734
0.43837
0.3400045
0.4773568
0.402701
0.3970463
0.2920614
0.4595029
0.3913604
0.4496519
0.3679184
0.6374128
0.4163003
0.5605072
0.3656843
0.357871
0.3805337
0.3847641
0.5026413
0.4164065
0.282248
0.3565209
0.4681353
0.5307646
0.4636911
0.6279579
0.3887065
0.3056623
0.4728109
0.4201966
0.4627753
0.529036
0.5222754
0.3892152
0.5010674
0.6058947
0.3698202
0.5196198
0.5414095
0.4524122
0.4017072
0.4070334
0.5777422
0.3560785
0.5694197
0.5260773
0.5688784
0.4992538
0.5681135
0.3787647
0.4351027
0.4465799
0.5676902
0.5481058
0.3988677
0.5596742
0.4369428
0.6234247
0.6247201
0.4931676
0.544921
0.4389649
0.6190191
0.5448838
0.5145566
0.4354977
0.4823561
0.4761202
0.5553354
0.5211302
0.5366954
0.54311
0.5681064
0.6262403
0.4591927
0.6663711
0.7057093
0.5361573
0.5684519
0.4344872
0.6273845
0.525774
0.5836394
0.4659729
0.4788534
0.6898998
0.5189593
0.4920372
0.5726832
0.6242406
0.5481613
0.5550657
0.460802
0.4272914
0.6100145
0.5685974
0.4841265
0.6799221
0.626082
0.6205502
0.6094267
0.5199507
0.5772367
0.5795127
0.6660504
0.7287876
0.5823473
0.7102627
0.6341276
0.5571925
0.5145336
0.6507318
0.7434491
0.5932153
0.6409043
0.5831506
0.6707762
0.4086615
0.5426303
0.6799547
0.5094087
0.7138433
0.5988721
0.7448178
0.7471647
0.6437275
0.6940625
0.7386438
0.6365409
0.7466723
0.5954812
0.5706088
0.602415
0.670356
0.5561602
0.5881402
0.8474389
0.5582431
0.6713159
0.6815389
0.8653752
0.7329215
0.6523136
0.6161292
0.7674221
0.6854534
0.7196725
0.7290936
0.6496188
0.6570094
0.6398581
0.7918492
0.7771684
0.7136014
0.6240559
0.6849785
0.6632628
0.685196
0.7347502
0.7970566
0.7809158
0.7178647
0.7824886
0.7085007
0.6512699
0.7945783
0.5945804
0.8286372
0.7148499
0.7415634
0.737141
0.6661334
0.7423764
0.7004389
0.6754705
0.729243
0.7692019
0.7694161
0.8287804
0.6421062
0.7126796
0.7042085
0.6637859
0.8191923
0.862771
0.8694201
0.703716
0.8508929
0.9177716
0.7834962
0.8537066
0.7199831
0.761679
0.8037016
0.7654343
0.7998871
0.9017385
0.7731349
0.7376469
0.9379902
0.749353
0.8303927
0.8042447
0.8111724
0.8087682
0.7579346
0.7661481
0.8202211
0.8474337
0.7728186
0.7627581
0.8366411
0.878037
0.9764003
0.8990292
0.7830444
0.7346711
0.9146676
0.8980027
0.8862535
0.8970892
0.8529099
0.9512296
0.8975747
0.9210902
0.9211542
0.6378959
0.9530347
0.8936558
0.8818896
0.7841707
0.8002055
0.8380419
0.8620796
1.006726
0.9403453
0.8589196
0.8498536
0.8087541
0.7862547
0.9385678
0.8330221
0.8235903
0.8413256
0.6319131
0.9122286
0.8585142
0.8395053
0.8645152
1.036782
0.8798825
0.895523
0.8298234
1.054713
0.8914121
0.9076268
1.047601
1.107011
0.801393
1.034842
0.8988595
1.042615
1.087253
0.8910339
0.8848848
0.858149
0.8820749
0.9148651
0.8228157
0.9322796
0.972312
1.03823
0.9841359
1.006888
0.9218842
0.8493037
0.8599467
0.7709584
0.9697145
0.924896
0.8635285
1.020518
0.8347088
0.9791966
0.9668001
0.9043359
1.042636
1.10746
0.9766215
0.9801113
1.061673
0.9024999
0.956955
1.016995
1.027569
1.01583
1.007159
0.806083
1.051991
0.8983438
1.019364
1.020663