0.1295079
-0.9740108
-1.016251
-0.7868146
-0.9173373
-1.054782
-0.9886432
-0.8736321
-1.064116
-0.9988595
-1.033196
-1.063513
-0.9826555
-0.9924097
-0.8382903
-1.051747
-0.835449
-0.9180032
-0.9617943
-1.001747
-0.8596231
-0.9235349
-1.019045
-0.8678097
-1.07448
-0.9131225
-0.7832954
-1.039002
-0.8897318
-0.8525959
-0.9156816
-0.8987155
-0.9614947
-0.8812036
-0.7911667
-1.170167
-0.9844899
-0.9344934
-0.9225527
-0.888381
-1.074066
-0.8595643
-0.7516327
-0.9835336
-0.944785
-0.8588801
-0.8638358
-0.8984162
-0.9116115
-0.7577
-0.8058384
-0.9301812
-0.8385221
-0.8682101
-0.8442726
-0.7628306
-0.9095115
-0.8373359
-0.9272176
-0.817696
-0.9002751
-0.9350974
-0.8272889
-0.8412429
-0.9384458
-1.071009
-1.011272
-0.7643309
-0.7699719
-0.8034156
-0.8471623
-0.7178953
-0.9110216
-0.7968604
-0.9170105
-0.8584959
-0.819498
-0.9058519
-0.9004411
-0.7948186
-0.7125656
-0.9144913
-0.7961032
-0.8812565
-0.8045482
-0.8503201
-0.9032984
-0.8133741
-0.7852908
-0.7446285
-0.8633624
-0.8564624
-0.8457649
-0.791762
-0.8399878
-0.9641322
-0.658958
-0.6888842
-0.8755096
-0.6645893
-0.7309127
-0.8792904
-0.9068434
-0.8225032
-0.8249225
-0.7296058
-0.7691921
-0.7032915
-0.7605914
-0.9037229
-0.8371862
-0.8144857
-0.670319
-0.7824351
-0.8032103
-0.6601504
-0.715824
-0.7452793
-0.8800976
-0.6614303
-0.858877
-0.7600222
-0.7697221
-0.7578026
-0.7225083
-0.8342056
-0.6945155
-0.6715254
-0.8057665
-0.7461
-0.7252865
-0.7532232
-0.8358292
-0.762451
-0.7243387
-0.5770356
-0.8132535
-0.7121211
-0.6724414
-0.8230414
-0.7486282
-0.7088844
-0.832116
-0.7477777
-0.6799849
-0.7599475
-0.800228
-0.6189171
-0.7273006
-0.6649693
-0.7000165
-0.6059958
-0.6249043
-0.7720492
-0.578908
-0.7436489
-0.6493206
-0.6558033
-0.8138096
-0.7039165
-0.6595022
-0.7542992
-0.629365
-0.7724237
-0.6870208
-0.7001105
-0.6789978
-0.7135547
-0.6664407
-0.6884221
-0.739721
-0.5518003
-0.7159169
-0.6521794
-0.5494759
-0.6199759
-0.4907267
-0.6848829
-0.5952483
-0.7942184
-0.5484598
-0.601456
-0.5596796
-0.6608531
-0.5671232
-0.5134884
-0.7730209
-0.642344
-0.5434831
-0.5210554
-0.7127195
-0.5416199
-0.6151654
-0.6923682
-0.6805471
-0.7878256
-0.6312545
-0.6029295
-0.603107
-0.6715726
-0.6976692
-0.4594857
-0.6730664
-0.6318401
-0.643576
-0.6115727
-0.5239284
-0.7548098
-0.5854499
-0.6204777
-0.6064055
-0.5410125
-0.7045679
-0.6021694
-0.7017373
-0.575179
-0.6244559
-0.5202012
-0.5183425
-0.521695
-0.5893475
-0.5351556
-0.7065062
-0.6304476
-0.5101749
-0.5675905
-0.6166356
-0.6466855
-0.5388599
-0.448512
-0.6367641
-0.4205736
-0.3827276
-0.3543881
-0.4545642
-0.7365051
-0.6344199
-0.3564442
-0.4244314
-0.5169384
-0.5297855
-0.5341793
-0.629961
-0.6986701
-0.5301603
-0.5020497
-0.4635184
-0.4089579
-0.446383
-0.6123203
-0.5117451
-0.3336162
-0.5751036
-0.4112595
-0.3556783
-0.5049243
-0.6165735
-0.3629553
-0.4268906
-0.4031634
-0.4580773
-0.4753075
-0.3643823
-0.4440574
-0.6161794
-0.5103627
-0.4848341
-0.5544649
-0.2488688
-0.5503801
-0.4585964
-0.4778696
-0.3520521
-0.2463637
-0.3493671
-0.4376947
-0.4626344
-0.3991698
-0.2954672
-0.5513138
-0.3763751
-0.4166749
-0.4297923
-0.4993164
-0.2415092
-0.3887034
-0.266894
-0.4547238
-0.4579897
-0.5564236
-0.3559361
-0.4429268
-0.3717106
-0.2958629
-0.349052
-0.4059455
-0.4193887
-0.4966922
-0.3588051
-0.3643744
-0.4405741
-0.4775722
-0.3713649
-0.4186761
-0.4604892
-0.4440729
-0.2157162
-0.4482514
-0.4011052
-0.3180106
-0.3655507
-0.3633466
-0.3158131
-0.2287043
-0.2877114
-0.09101333
-0.461906
-0.3632535
-0.3496219
-0.4182471
-0.4667918
-0.4227322
-0.4028125
-0.1985039
-0.207035
-0.2467586
-0.4079421
-0.4734079
-0.4934146
-0.3606836
-0.3800453
-0.2702754
-0.4293246
-0.2593421
-0.3919375
-0.2977662
-0.4289198
-0.2856842
-0.1973615
-0.260708
-0.1126646
-0.1926677
-0.1888013
-0.3475546
-0.4941493
-0.250401
-0.3018498
-0.3246823
-0.1987113
-0.409837
-0.2628946
-0.2487175
-0.1147341
-0.04948489
-0.3035965
-0.4182507
-0.2748611
-0.1257085
-0.3353026
-0.3788384
-0.4734087
-0.2280998
-0.3164921
-0.3496813
-0.285514
-0.3999034
-0.3271273
-0.3114731
-0.190428
-0.2196363
-0.4383867
-0.3146417
-0.04706964
-0.2284143
-0.216859
-0.216226
-0.2985557
-0.2855869
-0.3197411
-0.2606499
-0.2260515
-0.2249257
-0.3586482
-0.2195712
-0.2982657
-0.2027356
-0.1138871
-0.1839485
-0.05953103
-0.2833753
-0.2881778
-0.1830793
-0.09610842
-0.1701687
-0.2377192
-0.1252276
-0.2417346
-0.2554767
-0.178496
-0.1383157
-0.2498381
-0.2377416
-0.2681703
-0.2562735
-0.1810961
-0.2165789
-0.2639574
-0.2098192
-0.2899023
-0.06087814
-0.2363625
-0.2074282
-0.1811338
-0.1719553
-0.1302022
-0.1793708
-0.1050084
-0.01533422
-0.1836341
-0.1884287
-0.1748542
-0.1287681
-0.1618268
-0.005952651
-0.2427967
-0.2023134
-0.2137821
-0.07064429
-0.1681056
-0.1574726
-0.1684508
-0.07918888
0.03065569
-0.2401025
-0.2190386
-0.1723884
-0.2853368
-0.0652862
-0.1498826
-0.2559209
-0.1223
-0.043071
-0.1329094
-0.003248842
-0.02738145
-0.1557668
-0.02003203
-0.1281916
0.03220792
-0.0361162
0.04363124
-0.1301241
-0.1763737
-0.14725
0.06953554
0.005765261
-0.09035654
-0.05690673
-0.1668822
-0.004749552
0.0395827
-0.04275585
-0.01019251
-0.08360322
0.04237946
-0.0774002
-0.1217128
0.08776399
-0.1373203
-0.1076079
-0.1284529
-0.1432414
0.0393008
-0.006127267
0.03266499
-0.151259
0.01697409
-0.09127521
0.01057678
-0.1477669
-0.1063014
-0.1056153
-0.04544916
-0.09127181
0.05869089
-0.06852312
-0.0903616
-0.03244948
-0.05701279
-0.03986242
0.003852947
-0.1685448
-0.008413997
0.1456754
-0.02242901
-0.04918567
-0.06631596
0.136461
-0.01089583
0.1210922
-0.2140169
-0.2325162
-0.06612331
-0.0124696
0.05677779
0.03503066
-0.07397111
-0.06542052
-0.1165711
0.04090497
-0.1117737
0.001847178
-0.02351347
0.12992
0.06730405
-0.0870415
0.008552613
0.124569
-0.1521613
-0.01509631
0.0387051
0.0389281
0.1140592
-0.1352657
0.1139432
-0.08891446
-0.02477071
-0.02105579
-0.001083757
-0.143039
0.1420282
0.0319247
-0.07376818
-0.06556551
0.2771813
-0.008795241
0.01632509
0.03622755
0.1124348
0.2407096
-0.02128993
0.03170424
-0.03335622
0.008069654
-0.07552652
0.1504728
0.05635699
0.1188681
0.1210991
0.1406484
0.1364081
0.2194546
0.2193411
-0.1048799
0.2198262
0.1993264
0.3528301
0.1917601
0.4029252
0.163685
0.1210483
0.06191043
0.2509396
0.179724
0.1020221
0.163989
0.04101041
0.005214501
0.06442789
0.1557134
0.1212817
0.09887449
0.1516323
0.1390583
0.09829745
0.1949748
0.232734
0.2145882
0.1538774
0.05150052
0.1153479
0.01237629
0.08715834
0.1965939
0.1034087
0.05370122
0.1356333
0.1243113
-0.01658538
0.1718971
0.2564984
0.2404874
0.2015262
0.263882
0.2814837
0.2108549
0.2476084
0.1862633
0.2327723
0.1241783
0.05642157
0.259253
0.1265794
0.2986664
0.1436056
0.1400393
0.3077755
0.2432854
0.2199023
0.3249877
0.3281786
0.1457009
0.2438931
0.1295318
0.08735315
0.2386045
0.2888276
0.1122062
0.1355459
0.1566945
0.2335096
0.1750553
0.1346737
0.1842989
0.3404354
0.04527971
0.3134397
0.2986614
0.2307057
0.3373762
0.1964359
0.1582133
0.2855611
0.2311385
0.13075
0.1980215
0.1310287
0.3513938
0.3597294
0.245185
0.3374142
0.3722463
0.3512286
0.4368356
0.3189884
0.2461855
0.3662193
0.3434144
0.1834377
0.2451563
0.3317667
0.3355249
0.3073281
0.2776097
0.3557461
0.2530075
0.2572153
0.3188427
0.2365632
0.249136
0.3113784
0.2250193
0.4292903
0.3733902
0.3258898
0.4800647
0.2545346
0.428665
0.188487
0.3978184
0.3691216
0.3145504
0.3865346
0.3490452
0.2155797
0.3324906
0.3035487
0.378158
0.3748117
0.298171
0.3513322
0.383724
0.3008806
0.4429917
0.5652087
0.478595
0.1613146
0.3530717
0.4159166
0.5153873
0.2649264
0.462595
0.2384346
0.4936914
0.2680764
0.2819648
0.4663079
0.4291984
0.5206507
0.4076894
0.4064717
0.4085537
0.3856782
0.5020962
0.3653958
0.460659
0.4021228
0.4320781
0.5137454
0.4535511
0.4565326
0.4253142
0.4539205
0.4016337
0.5239496
0.416446
0.3442153
0.4198149
0.4048211
0.4899568
0.4720847
0.4661167
0.4001366
0.3979238
0.5199816
0.467746
0.4384602
0.5416216
0.5472843
0.5447282
0.4758427
0.5086339
0.5659311
0.5374035
0.6591917
0.5548398
0.4988248
0.4154542
0.5909536
0.5053479
0.5757353
0.5556025
0.4897311
0.3423585
0.3773323
0.4120519
0.5258595
0.529735
0.5177685
0.4909414
0.4887617
0.4966029
0.5125812
0.4925115
0.5252783
0.4770537
0.3851932
0.5012298
0.5389167
0.4939224
0.5947603
0.5248708
0.5466708
0.6447586
0.5123112
0.545206
0.3711939
0.570435
0.5043525
0.5944685
0.5320864
0.3926993
0.5845405
0.5416417
0.600178
0.5900776
0.3775037
0.5788718
0.550657
0.6066373
0.7029482
0.6024775
0.6101085
0.6336577
0.671212
0.5188135
0.74121
0.5452957
0.5844382
0.454112
0.7270813
0.5427448
0.6053644
0.5423076
0.4960249
0.5755894
0.6206462
0.7364222
0.6587461
0.6559801
0.4742474
0.4010083
0.5887561
0.5515098
0.566535
0.6622237
0.6126097
0.7033622
0.493265
0.5314531
0.7018142
0.6490611
0.6276232
0.5373038
0.5183429
0.480087
0.7078644
0.8035796
0.6345709
0.6548788
0.7107777
0.6694728
0.6036505
0.6687658
0.6061491
0.7004818
0.7167133
0.6505215
0.6397911
0.6095425
0.4330756
0.6697645
0.6712377
0.6813969
0.7176388
0.6636255
0.6041308
0.689192
0.5695387
0.8402293
0.5399507
0.7167235
0.7770598
0.7073847
0.7962043
0.6415796
0.5652465
0.8377952
0.7025726
0.6886968
0.60428
0.6601043
0.9281619
0.608227
0.6061197
0.7740299
0.6750182
0.8075871
0.6963699
0.7939485
0.6868507
0.7007917
0.7460951
0.7912638
0.6051077
0.8782828
0.7658025
0.6777699
0.6594609
0.7535426
0.6347254
0.8468244
0.6563263
0.7039624
0.8370277
0.7582704
0.8796309
0.8855318
0.7469928
0.6720471
0.7453722
0.7301359
0.7747265
0.7290548
0.7032194
0.699701
0.9395884
0.7338073
0.6547328
0.6690289
0.8071151
0.8317625
0.8243942
0.8186453
0.7383637
0.7611855
0.7749406
0.8696803
0.7947745
0.782436
0.8532028
0.8416303
0.9819939
0.6281783
0.7842691
0.6915793
0.7581934
0.8425834
0.8480006
0.8002293
0.8235014
0.9471187
0.808213
0.7718981
0.7765863
0.7865388
0.7960019
0.7731943
0.8768753
0.8739345
0.9893024
0.8231439
1.037594
0.752547
0.7553878
0.6086539
0.6968428
0.8654375
0.7730495
0.8565306
0.7559844
0.8369002
0.9010251
0.9360154
0.8358309
0.8463191
1.113063
0.688577
0.8998501
0.956222
0.8705731
0.8520645
0.8772583
0.9399634
0.8475561
0.9827896
0.8241766
0.8559978
0.8338991
0.9416595
0.9827993
0.8640628
0.7665915
0.9421714
0.914203
0.9126161
0.8326774
0.9749915
1.007126
0.9752917
0.9522999
0.7877276
0.9198006
0.9192635
1.005133
0.9581789
0.947231
0.8375453
0.9816325
0.9740897
0.8098336
0.9018918
0.8223007
0.9832795
0.8069224
0.94549
1.046904
1.015995
1.006501
0.9401843
0.9004174
1.041153
1.062663
1.107172
0.9954715
1.028532
0.9218413
0.8876921
0.8793172
1.079472
0.9102021
0.8223277
0.9375461
0.8964272
1.081439
0.9607983
0.9448168
0.9793806
0.9302748
0.8932434
1.014544