-0.0292547
-1.113816
-0.9751923
-1.037005
-0.9259717
-0.9158811
-0.8983174
-0.9248117
-0.9730955
-1.130478
-0.9368764
-0.9374904
-0.9723395
-0.9930003
-0.8683269
-1.024641
-1.007687
-0.766548
-0.9753284
-1.026741
-0.9821381
-0.7780803
-0.9203983
-0.9981872
-0.864287
-0.9127079
-0.9897512
-0.9368254
-0.9535969
-0.9182371
-0.7685822
-0.9126836
-0.8261809
-1.020189
-0.9493294
-0.8601258
-0.9894299
-0.902115
-0.9797497
-0.8946948
-0.8640887
-0.9459375
-0.939645
-1.049421
-0.9635737
-0.9968708
-0.9893179
-1.062531
-0.9244608
-0.882051
-0.9299502
-0.9534583
-1.012237
-0.9078872
-0.8965587
-0.987977
-0.8300397
-0.804568
-0.9119927
-0.9249746
-0.8659205
-0.8973504
-1.037611
-0.9925843
-0.8073455
-0.870614
-0.8306559
-0.8845976
-0.7127263
-0.9375108
-0.8997635
-0.9618362
-0.9186578
-0.9498731
-0.9613491
-0.806811
-0.8974401
-0.8847812
-0.7201549
-0.8264524
-0.7891607
-0.8845811
-0.803798
-0.9406926
-0.947394
-1.009254
-0.8325969
-0.759435
-0.7941557
-0.8039681
-0.9086668
-0.9467816
-0.7292686
-0.9124036
-0.7589856
-0.8988411
-0.7826994
-0.7673533
-0.9248709
-0.7703026
-0.839191
-0.7563702
-0.7858606
-0.8006528
-0.7194751
-0.7548532
-0.8565848
-0.5704637
-0.7557944
-0.7899696
-0.8945087
-0.8216381
-0.8310205
-0.8031619
-0.546146
-0.7957836
-0.8127706
-0.749712
-0.7768615
-0.6688624
-0.8699381
-0.7018318
-0.8995759
-0.6807701
-0.6753082
-0.8139892
-0.7899631
-0.7894146
-0.7720358
-0.8503428
-0.8230892
-0.7507409
-0.8431018
-0.6148506
-0.7022496
-0.7848062
-0.8095496
-0.6902261
-0.7344299
-0.7954846
-0.6931666
-0.7375788
-0.7468222
-0.4941961
-0.8215261
-0.6441545
-0.7411599
-0.4794102
-0.6365936
-0.6661896
-0.69864
-0.6277279
-0.666987
-0.6420602
-0.7109549
-0.769893
-0.6807961
-0.7162539
-0.5716451
-0.8080928
-0.7287719
-0.6305202
-0.5759122
-0.6025218
-0.6196103
-0.7158117
-0.7154729
-0.6857295
-0.6891931
-0.6361336
-0.5837067
-0.6560805
-0.6149332
-0.4986085
-0.7517112
-0.5899065
-0.7930347
-0.5877253
-0.7871212
-0.6030995
-0.5618243
-0.6148969
-0.6440696
-0.5790371
-0.5981414
-0.5939813
-0.7202924
-0.6735243
-0.577544
-0.5460376
-0.7552575
-0.627925
-0.7436961
-0.559451
-0.5836133
-0.6095195
-0.5446839
-0.6458218
-0.6378246
-0.4642164
-0.5446983
-0.7650765
-0.6306686
-0.6337781
-0.6406921
-0.6452672
-0.5798923
-0.4077744
-0.5896224
-0.4118634
-0.4990895
-0.5579451
-0.5146062
-0.4780591
-0.6007644
-0.6022006
-0.5467302
-0.6835089
-0.5040143
-0.6293224
-0.5700381
-0.518182
-0.6754821
-0.6892665
-0.4071066
-0.6073391
-0.5664472
-0.3879403
-0.49826
-0.5954552
-0.5784558
-0.3707418
-0.6230064
-0.5001022
-0.589884
-0.6274729
-0.4875242
-0.4760435
-0.5464864
-0.4622955
-0.5253486
-0.4539108
-0.5621229
-0.5619032
-0.4238881
-0.592307
-0.5886077
-0.5028483
-0.5814507
-0.6360242
-0.5572568
-0.3679073
-0.6663102
-0.3528423
-0.5487593
-0.5407697
-0.4845508
-0.4602446
-0.4807907
-0.4014006
-0.3475438
-0.4711084
-0.627358
-0.4643698
-0.4891968
-0.5624018
-0.3889935
-0.4090139
-0.432781
-0.5070746
-0.4015592
-0.3549004
-0.4934218
-0.3980425
-0.2984441
-0.3349195
-0.4232768
-0.4797336
-0.3782457
-0.5147997
-0.4433813
-0.3932277
-0.3619398
-0.449931
-0.5181801
-0.3267122
-0.4708625
-0.5084444
-0.2750329
-0.5904628
-0.4427892
-0.3615355
-0.4385552
-0.3922476
-0.4203373
-0.3866717
-0.4311601
-0.5546026
-0.3225282
-0.4309627
-0.5792447
-0.5227262
-0.3951417
-0.5099706
-0.5030891
-0.4715947
-0.3284584
-0.2780614
-0.4335467
-0.456541
-0.5170562
-0.5754758
-0.3822234
-0.3889835
-0.3302883
-0.4492735
-0.47114
-0.3303422
-0.414847
-0.415249
-0.4452081
-0.3738023
-0.376123
-0.2548122
-0.3685744
-0.3886456
-0.4369454
-0.3739297
-0.4228303
-0.2978123
-0.358948
-0.4094839
-0.3476287
-0.3604156
-0.3721724
-0.183705
-0.1729796
-0.1794298
-0.3500576
-0.3608871
-0.3600209
-0.3253972
-0.3116255
-0.3094803
-0.3985611
-0.3743417
-0.2854653
-0.2768278
-0.3741871
-0.2647486
-0.2447696
-0.2019019
-0.3031054
-0.2706228
-0.2036082
-0.3801236
-0.2371037
-0.2088763
-0.3920051
-0.1826714
-0.3593499
-0.2282529
-0.2998388
-0.2477054
-0.2096848
-0.2914754
-0.3563913
-0.4259157
-0.4424479
-0.2684018
-0.2282862
-0.2152304
-0.2974898
-0.3723516
-0.1203582
-0.3749943
-0.2821683
-0.2228236
-0.1502683
-0.3430916
-0.1330022
-0.1348509
-0.2812775
-0.4099218
-0.3835857
-0.1041057
-0.1844795
-0.1998436
-0.1947769
-0.1635014
-0.3367061
-0.314598
-0.3396004
-0.3246419
-0.3163966
-0.1810672
-0.2752852
-0.2442517
-0.150544
-0.2424253
-0.2999465
-0.01310627
-0.05015367
-0.3747677
-0.3305714
-0.203703
-0.2429805
-0.1544077
-0.02058081
-0.1973211
-0.1347931
-0.293708
-0.1674741
-0.2743163
-0.1828201
-0.1107446
-0.1670215
-0.2937314
-0.1967475
-0.179042
-0.1181084
-0.1574896
-0.09777345
-0.1871061
-0.04428391
-0.3478833
-0.133587
-0.02995825
-0.1647331
-0.04434292
-0.1843848
-0.1824828
-0.08836875
-0.1310642
-0.1450936
-0.2386388
-0.06576494
-0.2297732
-0.1207767
-0.2496795
-0.2146219
-0.1483276
-0.1482035
-0.03719142
-0.1601669
-0.07010341
-0.2831953
-0.2704345
-0.1241504
-0.07920773
-0.2180751
-0.0331701
-0.03253636
-0.2248254
0.03712081
-0.2294739
0.01407292
0.006740072
0.004158121
-0.3058928
-0.07400256
-0.04453562
-0.1609468
-0.06352796
-0.1371593
0.06015205
-0.1303595
-0.1189263
-0.04078215
-0.01442648
0.003634806
-0.09692153
-0.1380897
-0.06406029
-0.03704845
0.02125883
-0.1737904
-0.06833298
0.001933571
-0.03042566
-0.05855532
-0.06190103
0.03362484
0.05379532
-0.04268473
-0.0603042
-0.001841242
-0.1930061
-0.05109438
0.0519555
-0.1272
0.1013073
0.02418043
0.02424631
-0.1273528
-0.08260479
0.04039653
-0.1758148
-0.02656472
0.0004156065
-0.1089763
-0.0012625
0.1280361
-0.01840013
-0.04995907
0.1099458
-0.007978128
0.03839218
0.006131221
0.02718172
0.03382839
-0.02405387
-0.009686665
-0.01544539
0.0705845
0.1172489
0.01670198
0.0468646
0.009893101
0.07796667
0.09475928
-0.06421152
0.1555644
0.02662128
0.02136836
0.1200999
0.0209428
-0.08828487
-0.06033773
0.05173958
-0.04673122
0.1965869
0.1164134
0.09180773
0.1668317
0.1511227
0.04488753
-0.03953212
0.1297353
0.1318757
0.06326087
0.1133287
0.09867731
0.0118964
0.1300343
0.02336823
0.131209
-0.01419794
0.1829301
0.0314847
0.2690699
0.1486371
0.1028947
0.02422331
0.1565806
0.2189372
0.1154588
0.01787849
0.09519172
-0.04411984
0.1120604
0.1815202
0.1025988
0.06941507
0.1497015
0.2404439
0.181553
0.01818769
0.1018712
0.153039
0.2304709
0.147659
0.3103034
0.106464
0.1498117
0.03761095
0.1850036
0.1817674
0.1665921
0.1362253
0.1797476
0.1518502
0.1529691
0.02502337
0.07649744
0.2376088
0.3020246
0.1131772
0.1104476
0.2966674
0.1648014
0.1413827
0.1762822
0.1244811
0.2375943
0.06246661
0.2216107
0.2434635
0.1333642
0.345345
0.1784519
0.1554554
0.1235795
0.01939532
0.3414323
0.2323775
0.1419243
0.1995626
0.2007403
0.3535164
0.2399899
0.1536382
0.06599732
0.1613279
0.2570464
0.2187938
0.1045823
0.1507554
0.270763
0.1254283
0.3166998
0.2157367
0.2344304
0.3577423
0.2554575
0.2611494
0.1538411
0.1505322
0.2861295
0.2626554
0.08763618
0.02083937
0.2958098
0.3479965
0.2520631
0.1972821
0.2212617
0.3072177
0.1239728
0.1899943
0.2502377
0.2687855
0.2493317
0.3847503
0.2468504
0.3692081
0.145164
0.2982826
0.3389956
0.2443706
0.4272831
0.344601
0.2610911
0.3892899
0.3806177
0.4436721
0.3566037
0.3089866
0.2888575
0.3975515
0.3185506
0.1603644
0.3204606
0.4269154
0.3867349
0.4331037
0.409994
0.2206493
0.3579888
0.2779498
0.2281508
0.408948
0.4424446
0.3914297
0.2864623
0.3888363
0.2388534
0.4956359
0.5878235
0.5406706
0.3923768
0.554387
0.3423186
0.3969585
0.3232514
0.3555675
0.4295204
0.5728765
0.3062263
0.3691625
0.4907951
0.3517329
0.2305043
0.2465403
0.3362686
0.3064205
0.3180885
0.2769526
0.4574615
0.3860996
0.2618727
0.4111846
0.3852454
0.501876
0.3687692
0.3870964
0.3278349
0.4463181
0.3329999
0.4399747
0.3699283
0.4121741
0.3318605
0.3293479
0.5036415
0.3760658
0.4209334
0.4266741
0.453922
0.3943867
0.2247673
0.3966223
0.306302
0.5787276
0.4615668
0.4981552
0.3670871
0.5745624
0.5133515
0.5119591
0.4456671
0.4413254
0.4567525
0.4075808
0.4641872
0.4260033
0.4648962
0.3882543
0.4532876
0.4142696
0.4174966
0.3515294
0.494299
0.4502769
0.4304039
0.5629462
0.5823469
0.5840861
0.5740472
0.5573835
0.5460153
0.5453451
0.591665
0.613378
0.503885
0.4991546
0.6166313
0.5822073
0.4205642
0.5442261
0.5384631
0.5318442
0.5016599
0.4592285
0.6089757
0.4249646
0.5030189
0.4577644
0.5828933
0.5420553
0.5452981
0.4995288
0.5457572
0.4591282
0.4757582
0.5553633
0.4210316
0.5308729
0.6413374
0.6458285
0.6059212
0.5697501
0.6689561
0.4327473
0.5648069
0.6057353
0.5070833
0.6200254
0.5383777
0.5366272
0.4345585
0.7399828
0.5954821
0.6147428
0.4783126
0.4998183
0.6092543
0.5435642
0.569679
0.6533767
0.5519841
0.5762334
0.4553425
0.6616269
0.5462017
0.4537812
0.4978968
0.5408823
0.6310407
0.6175957
0.6206493
0.6917323
0.7389624
0.6546624
0.7083098
0.5443294
0.5640875
0.688044
0.5808078
0.6270231
0.6366822
0.6858652
0.4390804
0.6794612
0.6933743
0.8352712
0.7251138
0.6722402
0.6841481
0.7597737
0.8321923
0.6747813
0.6334511
0.6627175
0.6811751
0.7403947
0.6756942
0.5959549
0.7262422
0.683079
0.6704587
0.6420922
0.6882273
0.6726486
0.6356324
0.7937473
0.6053176
0.683059
0.5849314
0.6329187
0.7870014
0.7408381
0.7115003
0.7567126
0.7984015
0.7964496
0.6979992
0.7049664
0.7757969
0.5848778
0.8762107
0.6935084
0.7781654
0.7945671
0.6642958
0.7012082
0.6637632
0.7855378
0.7051075
0.6334171
0.6456467
0.7717087
0.6828936
0.8478811
0.8481603
0.7135867
0.6814135
0.8198935
0.7865253
0.6003169
0.788567
0.6780241
0.6942663
0.7635744
0.7199219
0.7467083
0.7062574
0.7756253
0.7934996
0.6919195
0.8501764
0.8823257
0.9236622
0.870486
0.7159749
0.8374021
0.6638948
0.7263246
0.7252557
0.7290827
0.8976417
0.7788055
0.883546
0.6622891
0.8229736
0.8191693
0.8240801
0.7689964
0.8679426
0.7301882
0.8337159
0.7175235
0.8104345
0.8035077
0.8055607
0.7549193
0.7698522
0.9090261
0.825129
0.9732797
0.8525067
0.8978806
0.8394109
0.8230766
0.7531609
0.9768864
0.9038062
0.8771325
0.8292173
1.078663
0.8002912
0.9213877
0.9584206
0.8627873
0.828157
0.8755348
0.759247
0.8721571
0.7208982
0.9352992
0.991548
0.7827087
0.9512867
0.7839057
0.889109
0.9850923
0.8394005
0.9522261
0.838035
0.8699658
0.7404475
0.8916068
0.975028
0.9809109
0.963809
0.9350649
0.7689582
1.095906
0.9680905
0.8572832
0.9343296
0.8628457
0.904181
0.9572254
0.9719127
0.947628
1.028567
0.8918141
0.8965054
0.7904434
0.9045268
1.028498
0.940215
1.035791
0.9694395
1.05432
0.8349114
0.8659637
0.9574106
0.9041243
0.9879277
0.7373278
0.9036996
1.052087
0.9324542
0.8335228
0.9928901
0.9459538
1.024751
0.9418774
0.9965971
1.15688
0.9636714
1.130866
0.9940113
0.9545019
1.015865
0.9255684
1.029293
1.091873
0.8759962