-0.02573864
-1.094516
-0.9684206
-1.057557
-0.9113437
-0.9292889
-0.8970328
-0.9072232
-0.9584657
-1.139455
-0.9303777
-0.9376021
-0.9725545
-0.9738997
-0.8735794
-1.052875
-0.9865664
-0.7552383
-0.9838009
-1.018618
-0.9799901
-0.7835276
-0.9034539
-0.9862526
-0.8749182
-0.8997213
-1.00683
-0.950086
-0.9280874
-0.9396448
-0.7796985
-0.9078389
-0.8219353
-1.012716
-0.9498118
-0.8570901
-0.9693163
-0.8962864
-0.9772446
-0.8647683
-0.8607177
-0.9340687
-0.9246769
-1.083853
-0.9708326
-0.9898363
-0.9680278
-1.036646
-0.9361404
-0.8719491
-0.890509
-0.9475418
-1.008428
-0.8792704
-0.9026759
-0.9765977
-0.8098706
-0.7800708
-0.9173609
-0.924355
-0.8749925
-0.8720638
-1.04327
-0.9972619
-0.8066062
-0.8685638
-0.8521416
-0.8891866
-0.71509
-0.9473293
-0.8957868
-0.9779268
-0.9362341
-0.9423642
-0.9596311
-0.8217141
-0.8937598
-0.8743807
-0.7255166
-0.828193
-0.784061
-0.875207
-0.8108469
-0.9251964
-0.9472471
-1.003369
-0.8296613
-0.7648389
-0.789989
-0.7886573
-0.8998488
-0.9354035
-0.7273324
-0.9261371
-0.7749066
-0.9125102
-0.7947186
-0.7692652
-0.9205299
-0.7558308
-0.8388422
-0.753282
-0.8109844
-0.790004
-0.7273489
-0.7662101
-0.8486575
-0.5850091
-0.7363971
-0.7930478
-0.8819967
-0.8196333
-0.8229302
-0.7902452
-0.5456957
-0.8211995
-0.7932895
-0.7753468
-0.777721
-0.6444209
-0.8704273
-0.7059982
-0.909071
-0.6915706
-0.6801849
-0.8007342
-0.7898159
-0.7882554
-0.7651452
-0.8460818
-0.8242092
-0.747842
-0.8252256
-0.6089942
-0.7152188
-0.8026328
-0.785942
-0.6858331
-0.7422944
-0.8009347
-0.7046713
-0.7547904
-0.7487283
-0.4996523
-0.7972764
-0.6496105
-0.7435686
-0.4767114
-0.6386225
-0.6494614
-0.6900977
-0.6415493
-0.6593002
-0.6333087
-0.7129623
-0.7505645
-0.6608647
-0.6935132
-0.5671903
-0.7929517
-0.7167464
-0.6472634
-0.5663055
-0.6018208
-0.5987787
-0.6997167
-0.7116447
-0.688895
-0.7061605
-0.6210272
-0.5604471
-0.6491548
-0.5955991
-0.5040828
-0.7525904
-0.5840571
-0.8011592
-0.602497
-0.7863538
-0.5846518
-0.5445471
-0.6265479
-0.6308763
-0.5717957
-0.5939186
-0.5998044
-0.704617
-0.6590042
-0.5749191
-0.5726969
-0.7616611
-0.6432645
-0.740154
-0.5618001
-0.6037729
-0.6341806
-0.5440497
-0.6384705
-0.653973
-0.4721148
-0.5601719
-0.7746561
-0.6334894
-0.6299448
-0.6527213
-0.6621311
-0.5750861
-0.4190796
-0.5918422
-0.4121514
-0.5053589
-0.5648514
-0.4902374
-0.4916642
-0.6205786
-0.5912628
-0.540808
-0.6917954
-0.5030158
-0.6483944
-0.5563625
-0.5341439
-0.6689204
-0.6784194
-0.4042405
-0.6074255
-0.57327
-0.3981158
-0.4813153
-0.5938349
-0.5589548
-0.38332
-0.5874511
-0.4959004
-0.5928675
-0.6297855
-0.4761143
-0.4720144
-0.5405615
-0.462526
-0.5113184
-0.4740182
-0.5363119
-0.5817177
-0.4136902
-0.5769953
-0.612607
-0.5160801
-0.5763836
-0.6417283
-0.5551701
-0.3449901
-0.6801237
-0.3379475
-0.528228
-0.5306609
-0.4956659
-0.4552901
-0.4716517
-0.3742118
-0.3818105
-0.4777576
-0.6031667
-0.4463931
-0.4843308
-0.5433698
-0.3922044
-0.4091494
-0.4478363
-0.5103488
-0.4027224
-0.327208
-0.4655956
-0.4014279
-0.3098506
-0.336072
-0.4410769
-0.4521831
-0.3743056
-0.5286547
-0.4327876
-0.4062728
-0.3606773
-0.4725468
-0.529428
-0.3117979
-0.4550389
-0.5009581
-0.2837204
-0.5847935
-0.4529758
-0.352867
-0.4487091
-0.384049
-0.422455
-0.3754146
-0.4048512
-0.5571636
-0.3458004
-0.4423618
-0.5641874
-0.5350383
-0.3886434
-0.4980633
-0.4832362
-0.4576502
-0.3323272
-0.2731423
-0.4343387
-0.4489569
-0.4849865
-0.5825907
-0.3588822
-0.3756351
-0.3429294
-0.4478179
-0.4506731
-0.3356326
-0.4186605
-0.4108918
-0.440762
-0.3567259
-0.3598561
-0.2417958
-0.3742345
-0.3810791
-0.434417
-0.3835978
-0.418356
-0.3042436
-0.3760794
-0.4000403
-0.3509638
-0.3451032
-0.3660402
-0.1726247
-0.1586596
-0.2014642
-0.3359104
-0.3860546
-0.3300756
-0.3418238
-0.2853222
-0.277416
-0.3939968
-0.367371
-0.2910932
-0.2640951
-0.3355803
-0.2554052
-0.2540107
-0.1947671
-0.2825777
-0.2788271
-0.2228608
-0.3477842
-0.2450414
-0.1984955
-0.3898837
-0.1641508
-0.3818367
-0.2167802
-0.3089974
-0.2538277
-0.2027822
-0.2800917
-0.3425441
-0.4139674
-0.4163553
-0.2510394
-0.2337547
-0.2154302
-0.3002348
-0.3865467
-0.1197336
-0.3500142
-0.2845763
-0.2192284
-0.1686564
-0.3479002
-0.1194879
-0.1461822
-0.2702019
-0.4347375
-0.3789475
-0.1176089
-0.1748681
-0.197625
-0.2106631
-0.1779729
-0.3508932
-0.3410462
-0.3323211
-0.3113881
-0.3140582
-0.1599752
-0.273831
-0.2045563
-0.1445741
-0.23058
-0.3191452
-0.00784917
-0.03704454
-0.3613537
-0.3529979
-0.2052252
-0.234551
-0.136503
-0.02503881
-0.2006373
-0.1446385
-0.2942012
-0.1799784
-0.2609971
-0.1752418
-0.1188004
-0.1792746
-0.3003314
-0.2098445
-0.1681427
-0.1348851
-0.1811353
-0.105147
-0.2112252
-0.03750003
-0.3514652
-0.1410184
-0.04252856
-0.1689151
-0.04459085
-0.2107899
-0.1816773
-0.07318132
-0.122326
-0.1331164
-0.2230254
-0.07570972
-0.2205734
-0.1003994
-0.2599908
-0.2026454
-0.1488396
-0.1443952
-0.06291641
-0.151757
-0.06461612
-0.2832396
-0.2497764
-0.1097825
-0.07423577
-0.221716
-0.04601779
-0.00724363
-0.2452043
0.02953992
-0.2038995
0.01415748
-0.007258723
0.00862488
-0.2804437
-0.06402907
-0.04958661
-0.1638858
-0.04109161
-0.141514
0.05804321
-0.114213
-0.1451499
-0.03798468
-0.01776757
-0.002483536
-0.086092
-0.1355706
-0.09261827
-0.03787012
0.0163272
-0.1855273
-0.06661752
0.008276724
-0.02733511
-0.05385222
-0.05746834
0.02875533
0.06515976
-0.01760547
-0.07353027
-0.01878644
-0.1884728
-0.0354836
0.02459126
-0.1173087
0.09961509
0.03404156
0.01847833
-0.1579287
-0.08252393
0.0372737
-0.2037713
-0.01539561
0.01063579
-0.1213509
-0.00697659
0.1355123
-0.008633976
-0.06375757
0.1100835
0.01088911
0.02759494
0.02556483
-0.003729542
-0.002334412
-0.009784363
0.006576943
-0.0003286656
0.0799949
0.134007
-0.0001093016
0.04635727
0.02256124
0.06652157
0.09107694
-0.08826385
0.1422758
0.0135583
0.0199591
0.1224717
0.01989748
-0.1004589
-0.06161885
0.05085519
-0.03172752
0.2133449
0.1079677
0.08461922
0.1591672
0.1372457
0.04712605
-0.04467351
0.1130241
0.1373559
0.05198206
0.1180591
0.1022912
0.01738885
0.1507683
0.02992916
0.1235949
-0.008542315
0.1888039
0.0271005
0.2781397
0.1614061
0.1131207
0.02218915
0.1784424
0.220522
0.1240013
0.05337795
0.07562795
-0.01764936
0.1121119
0.1758396
0.1045269
0.06541094
0.1535067
0.2326002
0.1642105
0.02423216
0.1229884
0.1533831
0.2321675
0.1465394
0.2933161
0.1155318
0.1655375
0.06276347
0.1935112
0.1563042
0.15908
0.1405532
0.1636704
0.1336613
0.1492526
0.001489608
0.06918593
0.2470942
0.2909702
0.1201243
0.1120755
0.3046602
0.1373903
0.1577783
0.1702181
0.1209874
0.2487773
0.05089232
0.211097
0.2579355
0.115263
0.3343507
0.1849035
0.1638546
0.1250759
0.02615325
0.3009023
0.2452213
0.119033
0.2027224
0.2225229
0.3554909
0.2454341
0.1586337
0.05861782
0.1587753
0.2627122
0.2297094
0.09921335
0.1465345
0.2556726
0.1559247
0.3096311
0.2112549
0.2252262
0.3543462
0.2412691
0.2728481
0.1460741
0.1523821
0.2883986
0.2647543
0.09729868
0.02109436
0.2598569
0.3313471
0.2449336
0.1752732
0.2293582
0.2980032
0.1492349
0.2184448
0.2650143
0.2760063
0.2572752
0.3765216
0.2456074
0.366483
0.1331519
0.3162099
0.3036483
0.2322796
0.4276686
0.3171504
0.2819982
0.3866757
0.373474
0.4012305
0.3513217
0.3051084
0.2938231
0.3943803
0.3315932
0.1566324
0.3470236
0.4160258
0.3807839
0.4353936
0.3931488
0.2390723
0.351068
0.2724753
0.2387607
0.4112332
0.4240532
0.4091678
0.2913262
0.3916006
0.280993
0.485376
0.5957927
0.5259664
0.3932515
0.5482799
0.3498263
0.3755258
0.3175442
0.3433588
0.4390118
0.5745146
0.3486768
0.3742716
0.4764852
0.3304294
0.2301897
0.233317
0.3479215
0.3015402
0.3324021
0.2547174
0.4729262
0.3860861
0.2639216
0.3916051
0.391246
0.4888688
0.3745112
0.3652421
0.3236757
0.4579538
0.3482149
0.4330217
0.3612883
0.4140781
0.3052976
0.3393449
0.4814765
0.3888461
0.4531948
0.4250692
0.4403149
0.3939711
0.2348599
0.383685
0.3226026
0.5768205
0.4715539
0.5060759
0.3626171
0.566793
0.5327684
0.5033422
0.4450479
0.4216104
0.4618892
0.4282881
0.4453993
0.4366653
0.4722737
0.37283
0.4467293
0.4095977
0.444627
0.3754126
0.4921894
0.4463189
0.4373918
0.5572425
0.5653589
0.5900863
0.5750609
0.5636227
0.5393838
0.5350119
0.6003731
0.6170469
0.5183374
0.5155322
0.627383
0.5850899
0.4514408
0.5587274
0.5519102
0.5170195
0.513252
0.4671737
0.6272176
0.4258053
0.4956264
0.4584114
0.5800612
0.5387263
0.549731
0.5311913
0.5448166
0.4653818
0.4835418
0.5500703
0.4039749
0.5309599
0.6523443
0.6470459
0.615931
0.5592443
0.6842091
0.4333607
0.589155
0.6202551
0.5045004
0.6133897
0.5438204
0.5273923
0.4275075
0.746987
0.6139997
0.582122
0.4779775
0.5074276
0.5805719
0.5550002
0.5789535
0.6671236
0.5491012
0.5785704
0.4363858
0.6412494
0.5283488
0.4626665
0.4862771
0.5365134
0.6316383
0.6115293
0.6141843
0.7006309
0.7363764
0.6510558
0.7075907
0.5284739
0.5733796
0.6793401
0.5811998
0.6361041
0.6318933
0.6760469
0.4254844
0.6657519
0.6795238
0.8632677
0.7059485
0.6916142
0.6765767
0.7686283
0.8352499
0.6675068
0.6201163
0.6503019
0.6701529
0.7398167
0.6724073
0.6151052
0.7522441
0.6886791
0.6701193
0.6369243
0.6969179
0.6981945
0.6442692
0.7854521
0.5902807
0.6871167
0.5758834
0.6211859
0.8071419
0.7406891
0.7294243
0.766716
0.7717661
0.8018574
0.7048388
0.6969728
0.7495782
0.6202625
0.8756649
0.7039927
0.7683995
0.7802656
0.6700535
0.7127808
0.6810792
0.793087
0.7033656
0.6291693
0.6532845
0.7589306
0.7038235
0.8531769
0.8582894
0.7054351
0.6879118
0.8138242
0.8010266
0.5867315
0.7890018
0.6705994
0.6871389
0.7712429
0.7289849
0.7285209
0.6995427
0.7822507
0.7770528
0.7058368
0.8238903
0.8720762
0.953204
0.882538
0.7315354
0.8238698
0.6854609
0.730195
0.7402004
0.7146246
0.893902
0.7994265
0.8603741
0.6706502
0.8092194
0.8039528
0.8458896
0.7623137
0.8583043
0.7081943
0.8362753
0.7046447
0.8184017
0.7932157
0.8127864
0.7700796
0.7769525
0.9019379
0.8143359
0.9621658
0.8428632
0.8862587
0.8226385
0.8095055
0.761736
0.9768769
0.9063656
0.8765189
0.8307922
1.055006
0.8422115
0.9344555
0.9650455
0.8709743
0.822506
0.8926087
0.7721109
0.8695589
0.751171
0.9183432
0.9929991
0.7834396
0.9526445
0.7722925
0.8826653
0.9896656
0.8492251
0.9446597
0.8517853
0.8590152
0.7428197
0.8939521
0.9716562
0.9756707
0.9661481
0.9253966
0.7679634
1.111727
0.9604174
0.8691561
0.9480918
0.8492019
0.930184
0.9100379
0.9882977
0.9600115
1.048346
0.8840841
0.9128164
0.7904901
0.9064979
1.017515
0.9437806
1.049315
0.9417353
1.054896
0.8386948
0.8503073
0.963817
0.8986218
0.967731
0.7359219
0.9075837
1.049751
0.9300264
0.8235485
1.027593
0.953275
1.024139
0.948316
0.9993664
1.156243
0.9702057
1.127746
0.9809914
0.9488396
0.9972268
0.9087996
1.058548
1.092138
0.889731