-0.0147297
-0.9611875
-0.9451662
-0.9737166
-1.052569
-0.9211972
-0.8549795
-0.9406324
-0.8629618
-0.9927824
-1.098524
-1.073296
-1.082418
-0.939452
-0.8888204
-1.023051
-0.9772273
-0.9593458
-1.036009
-0.9337328
-1.120828
-1.119957
-0.9661991
-1.067886
-0.949806
-0.7881076
-0.9704628
-1.090298
-0.8965713
-0.9626069
-1.030652
-0.9043827
-0.84809
-0.9767575
-0.989632
-1.072557
-0.9964898
-1.079584
-0.8739534
-0.9054195
-0.7488426
-0.845914
-0.9491596
-0.967718
-1.021301
-0.8977887
-0.9768188
-0.9633341
-1.035325
-0.8713559
-0.9228754
-0.8025721
-0.9249201
-0.8789193
-0.9335541
-0.9506786
-1.023266
-0.9438771
-0.8114236
-0.8491946
-0.8269333
-0.9043139
-0.9705251
-0.8448374
-0.782433
-0.8928695
-0.870715
-0.9576281
-0.9192476
-0.8728098
-0.7944079
-0.7853813
-0.8008319
-0.8889614
-0.7404323
-0.7949905
-0.8797024
-0.8328124
-0.7914333
-0.897833
-0.8583047
-0.7539135
-0.7599548
-0.7762315
-0.7149321
-0.9372256
-0.7976901
-0.8266356
-0.888385
-0.6754511
-0.7160658
-0.9432701
-0.7958604
-0.8511153
-0.9024528
-0.7053641
-0.6889704
-0.9086569
-0.7124471
-0.7847569
-0.7515658
-0.9196143
-0.7693657
-0.8721931
-0.7328728
-0.8345083
-0.8394739
-0.8929344
-0.9110144
-0.7582045
-0.8055569
-0.7366026
-0.7381397
-0.861414
-0.7009051
-0.8870063
-0.5674169
-0.9343956
-0.9002897
-0.7732443
-0.7359826
-0.829617
-0.726857
-0.8883436
-0.7887083
-0.8821263
-0.7714663
-0.7207545
-0.7436051
-0.8988313
-0.8434117
-0.6335398
-0.643269
-0.8306629
-0.6232753
-0.865222
-0.7799424
-0.7984556
-0.6155482
-0.6986387
-0.7101395
-0.8715181
-0.6975789
-0.5515017
-0.7215437
-0.7194201
-0.7524089
-0.7696323
-0.6301378
-0.5591456
-0.7318995
-0.7535611
-0.6960618
-0.7201128
-0.6482903
-0.612193
-0.6836163
-0.808422
-0.6306054
-0.6311587
-0.7471438
-0.578398
-0.7644865
-0.5990331
-0.6537403
-0.6755055
-0.6114877
-0.7513294
-0.6087217
-0.6751427
-0.6576036
-0.524944
-0.4684757
-0.6112516
-0.7930542
-0.5056644
-0.6860472
-0.6989225
-0.5559553
-0.8071826
-0.7711617
-0.6197769
-0.7042735
-0.6449742
-0.7301095
-0.6976963
-0.5990419
-0.78594
-0.6246594
-0.6485403
-0.7186649
-0.5599635
-0.4963317
-0.5389583
-0.5867613
-0.672051
-0.6337971
-0.664683
-0.6962705
-0.587214
-0.6229023
-0.588697
-0.5153949
-0.5218338
-0.6250801
-0.5381393
-0.6232448
-0.5064588
-0.6431268
-0.4598835
-0.5770066
-0.6704065
-0.6254854
-0.5240025
-0.6539598
-0.54578
-0.5871414
-0.4449748
-0.4667169
-0.7231166
-0.6632387
-0.6643306
-0.6100732
-0.5861596
-0.5583208
-0.4444976
-0.4312484
-0.7063817
-0.682693
-0.5291593
-0.5815558
-0.5166293
-0.373081
-0.6043692
-0.5708303
-0.4066101
-0.4970649
-0.4147771
-0.4759719
-0.3776666
-0.6658341
-0.494004
-0.5654974
-0.4382438
-0.4365627
-0.4858543
-0.3916805
-0.5165633
-0.5975687
-0.5433884
-0.494227
-0.4049183
-0.5005525
-0.397286
-0.6766789
-0.5493747
-0.5341615
-0.4254936
-0.3730831
-0.5047142
-0.436517
-0.4910626
-0.3797097
-0.4907278
-0.3141823
-0.513067
-0.4305045
-0.4978414
-0.5773544
-0.426625
-0.4248362
-0.5079742
-0.5244301
-0.5237822
-0.3528662
-0.3630673
-0.4452408
-0.4821827
-0.3664296
-0.5621319
-0.3933959
-0.5045313
-0.3825686
-0.4096104
-0.4646225
-0.4250677
-0.4834784
-0.5215717
-0.3320069
-0.2663877
-0.3993412
-0.3470551
-0.5233688
-0.2999276
-0.4066582
-0.6261402
-0.334328
-0.5010594
-0.4201904
-0.3100721
-0.495515
-0.2923354
-0.2936549
-0.3608919
-0.4149736
-0.2635959
-0.3650725
-0.5661173
-0.2107494
-0.3331718
-0.2745454
-0.2946462
-0.4074757
-0.472558
-0.3265509
-0.3243521
-0.3292021
-0.3077494
-0.4102881
-0.30426
-0.3425428
-0.3466916
-0.3545818
-0.4612581
-0.3236198
-0.2635419
-0.3227002
-0.4378111
-0.3758366
-0.3643276
-0.5157659
-0.4373142
-0.3282873
-0.3670242
-0.3059533
-0.3262197
-0.3001291
-0.3510993
-0.2938262
-0.4018605
-0.3594485
-0.2647875
-0.2120719
-0.3351202
-0.3897234
-0.3063349
-0.3830763
-0.2704171
-0.2561474
-0.4200592
-0.3726113
-0.2664052
-0.2557485
-0.2286018
-0.4781873
-0.04139768
-0.07390564
-0.2160518
-0.2111113
-0.3002635
-0.2938392
-0.2718258
-0.3301732
-0.4097429
-0.2314265
-0.2325028
-0.3205371
-0.3531811
-0.1688934
-0.2967972
-0.2220634
-0.2672883
-0.3081904
-0.2670147
-0.3649595
-0.2528931
-0.3774781
-0.4167238
-0.2074527
-0.2536244
-0.108533
-0.318777
-0.2857653
-0.3305706
-0.3332997
-0.1873349
-0.3052037
-0.3720305
-0.2269379
-0.204463
-0.1794284
-0.2975807
-0.2665139
-0.2667528
-0.4071975
-0.2541092
-0.2258869
-0.203026
-0.1344203
-0.3696103
-0.201257
-0.107024
-0.1652241
-0.1782117
-0.1498505
-0.185611
-0.1966112
-0.2078523
-0.1224132
-0.3118444
-0.1686509
-0.1502069
-0.1630468
-0.1228062
-0.08931559
-0.09637514
-0.3134293
-0.3974645
-0.1832173
-0.2468781
0.03249675
-0.2106971
-0.1651886
-0.1293029
-0.2193632
-0.07479704
-0.2066715
-0.1471543
-0.1388215
-0.07459429
-0.09406365
-0.1127465
-0.04424739
-0.05419149
-0.1143222
-0.08177111
-0.2519576
-0.370501
-0.1335452
-0.2282758
0.05867141
-0.08195872
-0.2313633
-0.1166178
-0.1422245
-0.1694696
-0.2561272
-0.1514734
-0.04359114
-0.01263636
-0.1494328
-0.1196822
-0.08126789
-0.161358
-0.1880322
-0.05460351
-0.1416195
-0.03355565
-0.102814
-0.09428486
-0.1826326
-0.02377961
0.001919485
-0.0004634176
-0.01396164
-0.114587
-0.05783877
0.009744605
-0.02861343
-0.1565399
-0.1005633
0.05148316
-0.08079647
-0.05092955
-0.07339219
-0.1157612
-0.04458364
0.01015057
-0.09108019
-0.008287333
-0.09126949
-0.1017805
0.05541031
0.09659515
0.02086178
0.004878109
-0.09894453
-0.100173
0.03167478
-0.05960002
-0.05942214
-0.007766126
-0.1616743
0.1800965
-0.04012367
-0.03494247
0.01975603
-0.026517
0.08316007
-0.1073927
-0.03324608
0.06612414
-0.03753014
0.06573543
-0.03605518
0.01840499
-0.03139851
-0.1513193
0.04096736
0.03443419
0.1006471
-0.08149921
-0.009688248
0.06752348
0.00878174
0.08480284
0.04443706
0.02936735
0.02832572
-0.1071092
-0.03034102
0.1798287
0.02075344
-0.0280101
0.2701981
0.03521576
0.01881641
0.002629174
0.1347427
-0.03635245
0.152949
0.08191621
0.09764519
0.1695091
0.06346243
-0.02612097
0.0134934
0.1904676
0.1392022
0.08732754
0.09267818
-0.03753491
0.05328682
0.06769096
0.1165571
0.1172353
0.09854492
0.1324543
0.2656963
0.0841121
0.1284706
0.0695002
0.0200751
0.1874001
0.03878966
0.1235958
0.2153967
0.2052672
0.0725659
0.0844604
0.1487609
0.1229587
0.09504637
0.2045783
0.04228602
-0.04400615
0.1550678
0.1103572
0.1726353
0.1476498
0.2278912
0.1792115
0.231682
0.09811557
0.09396856
0.1909038
0.110297
0.1656675
0.22347
0.2573077
0.1487944
0.1863834
0.2013622
0.2864411
0.07456391
-0.010772
0.122532
0.06387548
0.219781
0.2916908
0.3139825
0.2757679
0.05655366
0.2032626
0.2379988
0.2733297
0.2284232
0.1580793
0.2462774
0.07116965
0.2014842
0.1945011
0.3072613
0.2048027
0.08928619
0.1702728
0.2502794
0.1942313
0.3186601
0.1953908
0.2763186
0.2970471
0.1793031
0.2381479
0.1827911
0.238269
0.3069951
0.1780742
0.2847258
0.1036382
0.2307712
0.1973435
0.167602
0.2312402
0.2089432
0.2981248
0.2816324
0.1946196
0.1549406
0.2514556
0.3292026
0.04773893
0.1263896
0.4396926
0.273954
0.05220058
0.2137964
0.4043698
0.2930218
0.28485
0.3493809
0.3040597
0.3096808
0.2859036
0.3101985
0.2537625
0.2881799
0.2339028
0.3212361
0.3334947
0.3841404
0.3110145
0.2913619
0.3906956
0.3460418
0.3370968
0.2668504
0.2821367
0.2866672
0.2189621
0.3195429
0.3013668
0.3413697
0.2080865
0.3853458
0.3992462
0.243202
0.2938904
0.3698435
0.2550488
0.4368295
0.2998166
0.2086449
0.34272
0.4552944
0.4335072
0.3260997
0.2225278
0.4002592
0.2352651
0.3906533
0.2438554
0.335747
0.2997317
0.3486937
0.4696268
0.4883363
0.3838441
0.5330909
0.4469174
0.4105105
0.4120748
0.3240941
0.5586627
0.2401996
0.3808855
0.2413449
0.2747608
0.3344266
0.373111
0.4287399
0.3551737
0.4679404
0.4165161
0.4047265
0.3084523
0.4565129
0.3833341
0.4398893
0.3841873
0.6159943
0.4166813
0.543776
0.3682134
0.3445381
0.3986152
0.4012824
0.5125235
0.4065513
0.2878276
0.3545479
0.4703057
0.5302012
0.4607378
0.6302578
0.3899961
0.304957
0.4682491
0.4306479
0.4600449
0.5089318
0.5096739
0.393241
0.51628
0.5985947
0.382505
0.499692
0.5330848
0.4562526
0.3856739
0.4237107
0.5646713
0.3543186
0.5635825
0.5197806
0.5674163
0.4892264
0.5484231
0.3705472
0.4440093
0.427951
0.5872033
0.5544037
0.380994
0.5433228
0.4154258
0.632637
0.6422001
0.4908227
0.5611122
0.4503188
0.6208177
0.5455506
0.5107149
0.4187867
0.5105103
0.4846927
0.563636
0.5209128
0.5334077
0.5348987
0.5991739
0.6139452
0.4696511
0.6746388
0.7258507
0.5262687
0.589681
0.4332384
0.6183881
0.5244589
0.5856382
0.4731651
0.4838188
0.7091148
0.4984214
0.5133868
0.5839757
0.6344152
0.5493307
0.5663791
0.4733055
0.4377222
0.5939814
0.5617784
0.4886289
0.6811472
0.6118878
0.6206232
0.6101736
0.5337038
0.5824895
0.5709759
0.664032
0.7302685
0.5844195
0.7179869
0.6411292
0.5538932
0.502929
0.6392282
0.7461304
0.601867
0.6328689
0.5854646
0.6741179
0.3990624
0.554049
0.69325
0.5075136
0.7218984
0.6099906
0.7477665
0.7364494
0.6394591
0.7106
0.767361
0.6143108
0.7604547
0.5723818
0.5457129
0.6245087
0.687085
0.5287061
0.5907661
0.8336303
0.5689375
0.6614709
0.6701842
0.8525281
0.6944583
0.640735
0.6375623
0.7555618
0.6915642
0.7067392
0.7278463
0.6433314
0.6747481
0.6311182
0.7766039
0.7748296
0.7199443
0.5971687
0.7097977
0.6344193
0.6710065
0.7374669
0.7795687
0.7751235
0.700486
0.7985474
0.6947416
0.6409331
0.7825609
0.5940168
0.8278919
0.7332369
0.7336368
0.7500751
0.6686104
0.7213574
0.72538
0.6776009
0.7453678
0.769675
0.7823685
0.8106813
0.6642825
0.7126916
0.6971155
0.6861338
0.8100481
0.8640071
0.8804685
0.7074829
0.8167551
0.906617
0.7819753
0.8420832
0.7436707
0.7571511
0.8181881
0.7615004
0.8105068
0.9001715
0.7773297
0.7400765
0.9536457
0.7528218
0.8230351
0.8102163
0.8432878
0.8184096
0.7677411
0.7896279
0.8098804
0.8708423
0.7711547
0.7454314
0.8109145
0.8682995
0.9778641
0.8850685
0.7875268
0.7295659
0.9344174
0.9019585
0.8876016
0.9030101
0.8392585
0.9488872
0.8857174
0.9026005
0.9206772
0.656251
0.9543485
0.8699033
0.8773607
0.786041
0.8115288
0.8350445
0.8721973
0.9841201
0.9483077
0.8634883
0.8688709
0.8077665
0.8046804
0.923803
0.8587079
0.8411868
0.8404757
0.6360493
0.9208111
0.8425165
0.8529683
0.8737755
1.048321
0.8947713
0.8986689
0.8057442
1.07353
0.8962201
0.8967887
1.040842
1.094404
0.8246466
1.041978
0.9122237
1.043272
1.065547
0.8955124
0.8933142
0.8608393
0.8808076
0.9224549
0.8034333
0.9024124
0.9911166
1.04196
0.9787405
1.044935
0.9574312
0.8628142
0.8751544
0.7973846
0.9542586
0.9103088
0.8587685
1.020085
0.8241173
1.006051
0.9869703
0.895681
1.045224
1.111706
0.9829526
1.012566
1.061822
0.9311003
0.9857792
1.030647
1.023055
1.011777
1.029105
0.7862829
1.064882
0.9003623
1.028888
0.9943921