0.1364018
-0.9724734
-1.011134
-0.7794641
-0.9057057
-1.059762
-0.9996529
-0.8635702
-1.04435
-1.00483
-1.029203
-1.074933
-0.9781296
-1.013052
-0.8354022
-1.03177
-0.8377996
-0.9265838
-0.9805704
-1.016346
-0.8453027
-0.9273577
-1.035986
-0.8499476
-1.084263
-0.9197901
-0.8001966
-1.028635
-0.8946067
-0.866103
-0.9043314
-0.9003414
-0.958059
-0.8660846
-0.8152655
-1.164426
-0.9993987
-0.9434329
-0.9148637
-0.9003708
-1.075499
-0.8558048
-0.7341054
-0.9929597
-0.9494506
-0.8519218
-0.8788924
-0.8928408
-0.9254612
-0.7556172
-0.7974102
-0.9515141
-0.843279
-0.8390133
-0.8462219
-0.732764
-0.9307476
-0.8384971
-0.9426942
-0.804575
-0.8826496
-0.9349657
-0.8144082
-0.8401264
-0.9184107
-1.08441
-1.034156
-0.7549132
-0.7670858
-0.8046817
-0.8462648
-0.7211638
-0.8891448
-0.7888943
-0.8978915
-0.8572981
-0.8197067
-0.8972127
-0.9125413
-0.7832316
-0.7146652
-0.9148293
-0.802591
-0.8478539
-0.8125408
-0.8718814
-0.8994347
-0.8175132
-0.7769038
-0.7668345
-0.8848402
-0.8553886
-0.8214943
-0.7912772
-0.8424386
-0.9672091
-0.6530975
-0.6834707
-0.8726485
-0.6929799
-0.7251889
-0.8600001
-0.9027625
-0.8022743
-0.8165872
-0.7318308
-0.7585442
-0.6896969
-0.7617005
-0.9016853
-0.8293384
-0.8250146
-0.6812506
-0.7836216
-0.8086944
-0.6721229
-0.7377164
-0.7469123
-0.8789528
-0.6388827
-0.8607569
-0.7806483
-0.7509616
-0.7530623
-0.7231304
-0.8206839
-0.6931365
-0.6753934
-0.7836004
-0.7248984
-0.7246547
-0.7549314
-0.7895168
-0.7587299
-0.7028077
-0.5832892
-0.8221943
-0.7395341
-0.6738749
-0.8163933
-0.7507477
-0.6887527
-0.8195925
-0.7503964
-0.6755088
-0.7437956
-0.8227068
-0.6155496
-0.727316
-0.6704556
-0.7136114
-0.5978711
-0.6023397
-0.7684251
-0.5896574
-0.7582671
-0.6734291
-0.6733381
-0.8062086
-0.703031
-0.6465268
-0.7287909
-0.6251078
-0.7673327
-0.6679793
-0.697027
-0.7020835
-0.7183225
-0.6872968
-0.6754765
-0.7284032
-0.5630055
-0.721232
-0.6822498
-0.5729499
-0.6262614
-0.5049998
-0.6889055
-0.598751
-0.8270437
-0.5503774
-0.6121265
-0.5654117
-0.6616013
-0.5784012
-0.5148528
-0.7919542
-0.6295202
-0.5368182
-0.5133182
-0.7376549
-0.5753158
-0.6132778
-0.68428
-0.6914909
-0.7768703
-0.6458102
-0.5938239
-0.6365473
-0.678813
-0.6997905
-0.4698777
-0.6744555
-0.6120302
-0.6184997
-0.6309686
-0.5257269
-0.7226031
-0.5806359
-0.6276459
-0.6065281
-0.5848732
-0.6857717
-0.5956142
-0.7000269
-0.5837724
-0.639998
-0.5242709
-0.5222105
-0.5161046
-0.5970978
-0.529932
-0.6885822
-0.6179919
-0.5184245
-0.5617675
-0.6183847
-0.6516807
-0.5280872
-0.4297346
-0.6515125
-0.4242049
-0.3609512
-0.3647447
-0.4717837
-0.7119565
-0.6444194
-0.3437061
-0.4282414
-0.5230285
-0.5480193
-0.5185763
-0.6416167
-0.7008785
-0.5367534
-0.5093967
-0.4647811
-0.4052236
-0.4289592
-0.6071887
-0.4966322
-0.3398229
-0.5778185
-0.4046775
-0.357528
-0.5216488
-0.6382523
-0.3652825
-0.4101253
-0.3968029
-0.4921675
-0.4562672
-0.3765192
-0.4390053
-0.6189697
-0.5129829
-0.4465592
-0.5694873
-0.2313853
-0.5502969
-0.4639562
-0.4778042
-0.3608086
-0.2510839
-0.3515824
-0.4337896
-0.463191
-0.3985705
-0.3007187
-0.5435571
-0.3963175
-0.4247911
-0.4216718
-0.5140571
-0.235995
-0.3876215
-0.2441207
-0.4835332
-0.4658522
-0.5576516
-0.3690511
-0.4330083
-0.3803695
-0.282712
-0.3401031
-0.4191441
-0.4183234
-0.4981254
-0.3645035
-0.3876983
-0.444356
-0.4553138
-0.3574977
-0.4071536
-0.4476014
-0.4646613
-0.2457998
-0.4449053
-0.4050394
-0.3181746
-0.3814759
-0.3630351
-0.3178993
-0.2381416
-0.2887317
-0.0690393
-0.4630443
-0.3766286
-0.3497129
-0.4454016
-0.4761154
-0.4505072
-0.3809478
-0.1983152
-0.1933301
-0.2600023
-0.4252574
-0.4593174
-0.491747
-0.350964
-0.3926065
-0.2554355
-0.4460273
-0.2726753
-0.3816745
-0.2968063
-0.4314713
-0.2961672
-0.2083706
-0.258081
-0.1324317
-0.1857848
-0.1914093
-0.368382
-0.5019855
-0.2560507
-0.3030361
-0.3345253
-0.2039445
-0.4125656
-0.262139
-0.2584702
-0.1121588
-0.05613183
-0.2966232
-0.3834558
-0.2777561
-0.1380909
-0.3436924
-0.3836857
-0.4701229
-0.2209842
-0.3152905
-0.3389791
-0.2919225
-0.4019744
-0.3449916
-0.3007576
-0.1698735
-0.234062
-0.4493623
-0.3214477
-0.06136113
-0.2260754
-0.2349738
-0.2116275
-0.2877968
-0.3058724
-0.3143717
-0.2791043
-0.2528603
-0.2161053
-0.3446336
-0.221422
-0.2891215
-0.2021593
-0.111499
-0.1977191
-0.06841759
-0.2842138
-0.2730902
-0.193967
-0.1142981
-0.1870167
-0.2170266
-0.1144665
-0.2609539
-0.2501548
-0.1704372
-0.1468589
-0.2483921
-0.243235
-0.271499
-0.2606234
-0.1666337
-0.2127466
-0.2652719
-0.2037956
-0.3094694
-0.06227592
-0.2539816
-0.1951524
-0.1972881
-0.166072
-0.1127512
-0.1772282
-0.08936487
0.004851159
-0.2192348
-0.178232
-0.1761718
-0.1319348
-0.1559184
0.01068764
-0.2495717
-0.2027045
-0.2059311
-0.09130983
-0.1706839
-0.155935
-0.1555527
-0.07328346
0.04679285
-0.2398274
-0.2173847
-0.167822
-0.2752656
-0.05962405
-0.1428479
-0.2616084
-0.1129553
-0.04510149
-0.1257565
-0.01087562
-0.0276831
-0.1357215
-0.02638371
-0.1283458
0.01673589
-0.05821729
0.05682842
-0.1126708
-0.1709055
-0.1215616
0.05708505
0.01489063
-0.09767855
-0.04428084
-0.1604961
-0.0140882
0.04221704
-0.06928677
-0.001895811
-0.06805132
0.05144122
-0.08214527
-0.1450693
0.07784377
-0.115974
-0.1092291
-0.1283475
-0.1418082
0.05995414
-0.004289202
0.03105604
-0.1390159
0.007516377
-0.09414295
0.00247307
-0.1506783
-0.1115187
-0.08961648
-0.03589443
-0.09071484
0.0501949
-0.0651807
-0.09609283
-0.02784287
-0.04638774
-0.04250936
-0.01107729
-0.137105
-0.02151028
0.1414504
-0.01930882
-0.06456997
-0.06192482
0.1287153
-0.01447421
0.1313652
-0.2249973
-0.2259366
-0.06051303
-0.01802559
0.0776952
0.03436007
-0.08312115
-0.06489748
-0.1061481
0.03643665
-0.1225084
0.01938938
-0.01667704
0.1389109
0.08561417
-0.09549619
0.00013695
0.1168587
-0.1460393
0.004979084
0.04154162
0.03977525
0.1077178
-0.1392037
0.1027764
-0.06279235
-0.03582971
-0.02070498
-0.006716565
-0.146348
0.1327468
0.01784377
-0.09155577
-0.05883794
0.3029921
-0.0221557
0.01717507
0.05361297
0.1333849
0.2280697
0.002206207
0.01607682
-0.04833206
0.03306351
-0.08692853
0.1529452
0.08121048
0.114165
0.1026192
0.1347247
0.1375456
0.2050724
0.2121247
-0.0735557
0.2181571
0.205136
0.3427855
0.1689421
0.3881311
0.1637625
0.09865179
0.07451585
0.2534294
0.1714517
0.1336012
0.1863683
0.04535845
0.004836977
0.06821673
0.1529696
0.1151092
0.09900729
0.1473408
0.1328267
0.09588924
0.1918015
0.21086
0.1693024
0.1564124
0.06815123
0.1048353
0.004195995
0.08449062
0.1938346
0.1072074
0.07512897
0.1324169
0.1397729
-0.01014878
0.168354
0.2645199
0.2336758
0.1966886
0.2639529
0.2810042
0.2241069
0.2462242
0.1873006
0.2286623
0.1278437
0.02951892
0.2508695
0.1235716
0.2943101
0.1500722
0.1465445
0.2919986
0.2188068
0.2038619
0.3192999
0.3240597
0.1428372
0.2676296
0.1056466
0.06425407
0.2502735
0.2943927
0.1212979
0.1089089
0.162779
0.2227398
0.1816186
0.1410636
0.1779986
0.3334653
0.06500241
0.309063
0.2974021
0.2051206
0.3390093
0.2072622
0.1679152
0.293515
0.2076817
0.1364466
0.2033156
0.1301356
0.3393553
0.3590548
0.2301866
0.3566849
0.3855306
0.3475662
0.4465719
0.3056805
0.2319896
0.3795166
0.3612246
0.1818693
0.2508361
0.3318149
0.3326814
0.310395
0.2724946
0.3696711
0.2461663
0.2459833
0.3226897
0.2586837
0.2719915
0.2929968
0.2154291
0.4213381
0.3760155
0.3521067
0.5092789
0.2692309
0.3924393
0.1880855
0.3562101
0.3542714
0.320559
0.3993092
0.3666484
0.2143267
0.336087
0.3087178
0.3680792
0.378145
0.322361
0.3366926
0.3999975
0.3115862
0.4392974
0.5600783
0.4574416
0.1572388
0.3563739
0.4038536
0.5255287
0.2711374
0.4559247
0.2348741
0.4630724
0.2887472
0.2665268
0.4711623
0.4375107
0.5124502
0.4148528
0.4217518
0.4093883
0.3686176
0.4885793
0.3640725
0.484843
0.4122093
0.4123453
0.5307432
0.4514938
0.4659001
0.4080752
0.4672264
0.3988952
0.5183169
0.4008044
0.3303135
0.4109344
0.3881907
0.497497
0.4513507
0.464837
0.4035882
0.3916922
0.5193756
0.4669127
0.4306299
0.5261883
0.530052
0.5535687
0.4922594
0.5100894
0.5529323
0.5099031
0.6596936
0.5779271
0.5213118
0.4446066
0.5874314
0.5233914
0.5734458
0.5549818
0.4861622
0.3408047
0.3636446
0.4177761
0.5014731
0.5601915
0.5301224
0.4842904
0.4965279
0.509632
0.5097691
0.4903398
0.545103
0.4878865
0.3642386
0.4853159
0.5144942
0.4920347
0.5821764
0.5139486
0.5643704
0.6202357
0.5208153
0.546442
0.3630017
0.5632748
0.5077212
0.599567
0.5460307
0.4023887
0.5657138
0.5586749
0.6095724
0.5904267
0.3720675
0.5799033
0.5756195
0.5936501
0.6897775
0.6307405
0.6247017
0.644647
0.6763149
0.5213378
0.726297
0.5460881
0.5856139
0.4737048
0.7216662
0.5375592
0.5962737
0.5572148
0.5058215
0.5599148
0.6403278
0.7135387
0.6578047
0.6653073
0.4630839
0.3969277
0.5898843
0.5393798
0.5737959
0.6692996
0.6033273
0.7297175
0.4898748
0.5253214
0.6884766
0.6584579
0.6317146
0.5406055
0.4862257
0.4894678
0.7039153
0.7975857
0.650499
0.679839
0.7150227
0.6998545
0.6234198
0.667981
0.597676
0.7033596
0.7466775
0.6538348
0.6464537
0.6130812
0.440838
0.6780761
0.6945301
0.7089738
0.7320879
0.6614177
0.5879231
0.6850066
0.5848236
0.8451242
0.5377778
0.7133911
0.7620411
0.6874176
0.7877932
0.624804
0.5644952
0.8338059
0.6865389
0.7061242
0.6211815
0.6513746
0.9489249
0.6260101
0.5952204
0.783092
0.6749434
0.791989
0.7016874
0.780751
0.700061
0.6985664
0.7299342
0.7775597
0.5906439
0.8544691
0.7537246
0.6753208
0.6413195
0.7633612
0.625516
0.8408975
0.6742087
0.7012058
0.8439654
0.7695706
0.8878485
0.8803702
0.7700368
0.6848125
0.7503335
0.7239542
0.7719004
0.7304314
0.7033778
0.7097869
0.939734
0.728033
0.6503101
0.6822777
0.8072698
0.8381759
0.8070998
0.8223556
0.7205509
0.7568754
0.7873372
0.8607063
0.8084314
0.7609279
0.84954
0.84401
0.9895964
0.6304973
0.7740045
0.6795399
0.7870049
0.822968
0.8397979
0.782687
0.8127395
0.9606788
0.8190409
0.794166
0.7719685
0.7823773
0.8161037
0.7982722
0.8804012
0.8631591
1.015763
0.8155937
1.034936
0.7565616
0.7784727
0.6186669
0.7013622
0.8503513
0.7850792
0.8796821
0.7480856
0.8422451
0.9078055
0.9320697
0.8327686
0.8629913
1.116837
0.683362
0.8845462
0.9501516
0.8836349
0.8657275
0.8708991
0.9339263
0.8328785
0.9664789
0.8226466
0.8667234
0.8488608
0.9383536
0.9850835
0.8633727
0.7712101
0.9006948
0.8956261
0.9138864
0.8569302
0.9688072
0.9888627
0.9740072
0.9502555
0.7657971
0.9295117
0.9181178
0.9925996
0.9620996
0.9387663
0.8329778
0.9760308
0.9340035
0.8106376
0.9165366
0.8162626
0.9611721
0.811401
0.9416521
1.050807
1.03737
1.035344
0.9376126
0.9128603
1.041962
1.052846
1.092462
0.9813651
0.9895315
0.9256938
0.8814247
0.8809064
1.063204
0.913049
0.8082185
0.9322315
0.8808848
1.069507
0.9555262
0.9680228
0.9668737
0.9300672
0.8933404
1.020422