0.1371832
-0.9598831
-1.001901
-0.7976352
-0.88605
-1.039191
-0.9890435
-0.8566514
-1.055398
-1.017314
-1.045917
-1.077147
-0.9999552
-1.007319
-0.8415783
-1.022041
-0.829675
-0.9162698
-0.9654697
-1.008584
-0.8502454
-0.9505367
-1.025328
-0.8651949
-1.090418
-0.9064438
-0.7656319
-1.04354
-0.8964454
-0.869731
-0.8954307
-0.8909154
-0.9567634
-0.8591632
-0.8010848
-1.16658
-0.9800857
-0.9314588
-0.9151745
-0.8917543
-1.061342
-0.8457991
-0.7480897
-0.9846285
-0.9533478
-0.8352621
-0.8760324
-0.884623
-0.9325959
-0.7594515
-0.7923129
-0.9439817
-0.8419788
-0.8513157
-0.8485795
-0.755943
-0.9275856
-0.8253914
-0.9395728
-0.8074696
-0.8977834
-0.9480689
-0.8008627
-0.8520322
-0.9012793
-1.077838
-1.036192
-0.7671089
-0.7801364
-0.8083988
-0.8244372
-0.7143738
-0.8999352
-0.7807723
-0.898208
-0.848458
-0.8077765
-0.8952749
-0.9170705
-0.802142
-0.7043676
-0.9141197
-0.7953312
-0.871114
-0.8064755
-0.868684
-0.9020269
-0.8254893
-0.8012188
-0.7784549
-0.8724007
-0.8700898
-0.8199929
-0.789515
-0.8359557
-0.970078
-0.6781701
-0.672484
-0.878116
-0.680455
-0.7273937
-0.8865355
-0.932083
-0.822223
-0.8191575
-0.7258685
-0.7649346
-0.679787
-0.773334
-0.880463
-0.8383146
-0.8036814
-0.6847243
-0.7658882
-0.7955508
-0.6651224
-0.7360229
-0.7535642
-0.8845202
-0.6597374
-0.8590307
-0.7690425
-0.7502673
-0.756786
-0.708966
-0.8459186
-0.694642
-0.6714398
-0.7978142
-0.7290911
-0.710756
-0.7442779
-0.8169567
-0.7660102
-0.7045761
-0.5634415
-0.7989533
-0.7283346
-0.6854463
-0.8133943
-0.7521299
-0.7056094
-0.8298025
-0.7460281
-0.6753998
-0.7758811
-0.8095836
-0.6342265
-0.7337394
-0.6709655
-0.7123565
-0.6227908
-0.6056876
-0.7565785
-0.5773594
-0.7355467
-0.6647494
-0.6770789
-0.8232673
-0.7084671
-0.6481032
-0.7333884
-0.6293303
-0.7815091
-0.6987295
-0.6822457
-0.6884512
-0.7214877
-0.6726454
-0.6674453
-0.7528593
-0.5437134
-0.7216404
-0.6660603
-0.5436525
-0.6193554
-0.5003906
-0.7117168
-0.5988872
-0.7987249
-0.5505732
-0.5822394
-0.5525638
-0.6496699
-0.5489876
-0.5071261
-0.7684109
-0.645737
-0.5541559
-0.5265863
-0.729099
-0.5655734
-0.6176311
-0.6806556
-0.6795029
-0.7845174
-0.6400622
-0.5913724
-0.6159367
-0.6839106
-0.6922599
-0.4779034
-0.6564068
-0.5947694
-0.6255506
-0.6288839
-0.5190729
-0.7636935
-0.5602634
-0.636642
-0.6008536
-0.5636746
-0.6997869
-0.5871489
-0.6759104
-0.5824639
-0.6378576
-0.5125321
-0.5294063
-0.5197102
-0.5933784
-0.5215586
-0.6916967
-0.6038843
-0.4967786
-0.5777404
-0.6358116
-0.6326382
-0.5197485
-0.4298876
-0.6252604
-0.4147516
-0.3513668
-0.3579555
-0.4501372
-0.7042177
-0.6455313
-0.3312812
-0.4223621
-0.5026877
-0.5682925
-0.5290263
-0.6263242
-0.6978164
-0.5345786
-0.5089334
-0.4827339
-0.4135946
-0.4262645
-0.6081845
-0.5065952
-0.3454342
-0.5760235
-0.4153277
-0.3691513
-0.5193129
-0.6268008
-0.3776916
-0.4377616
-0.4160226
-0.4738601
-0.455786
-0.3665813
-0.4464215
-0.6208205
-0.5121843
-0.4644083
-0.5628592
-0.2411296
-0.5696351
-0.436733
-0.4958818
-0.355013
-0.2484715
-0.3445765
-0.4248527
-0.4540377
-0.3973104
-0.2958252
-0.5536662
-0.3719413
-0.4369609
-0.4304442
-0.500552
-0.228259
-0.3991757
-0.2731081
-0.4556767
-0.471163
-0.5608036
-0.3569617
-0.4259036
-0.379297
-0.2881141
-0.3349443
-0.4355013
-0.4097856
-0.4877878
-0.3525435
-0.3784452
-0.462942
-0.4795925
-0.372795
-0.4216356
-0.4302469
-0.4722901
-0.2221972
-0.437404
-0.4086928
-0.3039861
-0.3612863
-0.3605378
-0.3120969
-0.2635128
-0.2514147
-0.09195996
-0.4496105
-0.3754583
-0.3583646
-0.4297688
-0.4643757
-0.4178182
-0.3911013
-0.1843427
-0.1748473
-0.2353586
-0.3918069
-0.4645699
-0.48532
-0.3707191
-0.3956576
-0.2495813
-0.4357819
-0.2658301
-0.3923763
-0.3119519
-0.4325158
-0.3009074
-0.1904815
-0.2605964
-0.1128051
-0.1842689
-0.2115866
-0.3538204
-0.4881059
-0.2223977
-0.2935117
-0.3257044
-0.2187301
-0.424631
-0.2427864
-0.2507941
-0.111861
-0.05935059
-0.2978563
-0.4105593
-0.2733214
-0.111315
-0.3513052
-0.3750297
-0.4765603
-0.2144882
-0.3324959
-0.3427244
-0.2870633
-0.4120712
-0.3417728
-0.3100163
-0.1826283
-0.2389779
-0.4336723
-0.3053854
-0.04389717
-0.2199685
-0.2283728
-0.2265439
-0.2901107
-0.2822198
-0.3015831
-0.2736578
-0.2567524
-0.2342152
-0.3357588
-0.2205615
-0.2911441
-0.1928999
-0.1266437
-0.1737643
-0.04327764
-0.2793622
-0.2969802
-0.1573623
-0.1200221
-0.1666373
-0.2004075
-0.140115
-0.2507088
-0.2841674
-0.1706324
-0.1264804
-0.2262118
-0.2314408
-0.2650157
-0.2431294
-0.1727197
-0.2187467
-0.2502443
-0.2125742
-0.3022428
-0.06901296
-0.2568699
-0.2048122
-0.2070004
-0.1681133
-0.1282712
-0.1857221
-0.09156982
-0.007927549
-0.1742655
-0.1738038
-0.1467224
-0.1107291
-0.1510507
0.01958847
-0.2611265
-0.212821
-0.1978912
-0.07790979
-0.1443883
-0.1532976
-0.1767372
-0.07115326
0.02764704
-0.2254836
-0.2173925
-0.1971804
-0.275893
-0.06937882
-0.1495607
-0.2654296
-0.1092287
-0.08081428
-0.09288201
-0.01046613
-0.03553839
-0.1436691
-0.02311608
-0.1388246
0.009937854
-0.05354712
0.03579457
-0.1258601
-0.1641523
-0.1188259
0.04869018
-0.004927163
-0.1014711
-0.03120267
-0.1576714
-0.01032149
0.06337093
-0.06246395
-0.01527925
-0.07221829
0.05698721
-0.08641254
-0.1429196
0.08963682
-0.1424333
-0.09731922
-0.1244928
-0.1220012
0.05834375
0.01161042
0.01573662
-0.1562713
0.02284509
-0.09804984
0.003075952
-0.1484089
-0.1312366
-0.09894523
-0.04123987
-0.07577967
0.06725504
-0.0651016
-0.08172237
-0.04031373
-0.06571773
-0.03238268
0.01184965
-0.1430933
-0.02625306
0.1382274
-0.008327935
-0.06277125
-0.06037292
0.1318355
-0.02412309
0.1323868
-0.2050428
-0.2275897
-0.06775184
-0.01542045
0.06334432
0.01338244
-0.08994923
-0.06076117
-0.1209272
0.06517935
-0.1222398
0.01545899
-0.005414788
0.1518225
0.08982127
-0.08723742
0.005745585
0.1304751
-0.1656978
-0.002596524
0.0373689
0.04457432
0.1148951
-0.1124029
0.09825056
-0.07822716
-0.02196524
-0.009926425
0.02929362
-0.1217422
0.1397392
0.02380853
-0.04562467
-0.05542211
0.2976716
-0.07810931
0.02836818
0.02681228
0.1100016
0.222908
-0.006761901
0.02977595
-0.06647475
0.04768072
-0.08691808
0.1497563
0.06385147
0.1152899
0.09698397
0.1381283
0.1563657
0.2167313
0.2043587
-0.09715052
0.2387743
0.1637048
0.3346933
0.1921265
0.402243
0.1752199
0.1235282
0.1036789
0.2617214
0.165191
0.1202806
0.1595594
0.04457197
0.02527522
0.04983184
0.1697655
0.1252042
0.07305965
0.1430033
0.1506959
0.1077099
0.2026706
0.2377954
0.2032643
0.1534557
0.06005722
0.1013677
0.03107761
0.08570174
0.2045196
0.113514
0.06565072
0.1368595
0.1407514
0.003731414
0.1618783
0.2443196
0.239279
0.2130877
0.2551387
0.294443
0.2168526
0.2463383
0.1825691
0.2256968
0.1294317
0.05371288
0.2423268
0.1297785
0.296399
0.1422801
0.1340808
0.3083461
0.2467415
0.222324
0.3307432
0.3493881
0.1409429
0.2672322
0.1211104
0.08808162
0.2284721
0.2778987
0.1137423
0.1019211
0.1443044
0.2267381
0.1871013
0.1210418
0.1903788
0.3457088
0.05111259
0.3396946
0.2975605
0.2295301
0.3389106
0.1920008
0.1513977
0.3013947
0.2328119
0.1211047
0.1920488
0.1221639
0.3616904
0.3473036
0.2444971
0.360814
0.4013447
0.3255411
0.4324746
0.3292878
0.2397942
0.3669368
0.3601336
0.1953619
0.237951
0.3265741
0.3148951
0.322562
0.2875747
0.3637872
0.2345394
0.2716955
0.3372512
0.2720781
0.2667868
0.2775162
0.22535
0.4364174
0.3797233
0.3210202
0.4934872
0.2487998
0.4063435
0.1978604
0.3656435
0.3819342
0.3148391
0.3846302
0.3580786
0.2206841
0.3097323
0.3315415
0.3632444
0.3936256
0.2823
0.3460676
0.3920535
0.3236485
0.4667231
0.5454257
0.4626264
0.1631634
0.3335574
0.4255832
0.5198495
0.269453
0.454095
0.2287657
0.4698
0.2746622
0.293386
0.4773102
0.4352212
0.530283
0.3934124
0.4105289
0.4083217
0.3591825
0.4831685
0.370108
0.4706098
0.4162365
0.4240734
0.5291884
0.4561958
0.4474696
0.4171471
0.4626321
0.4065747
0.5331356
0.4115705
0.3596054
0.4069206
0.4051337
0.5039305
0.4456173
0.4740609
0.4188183
0.3669609
0.5171627
0.4773573
0.4332727
0.5459235
0.5121351
0.5422313
0.4910992
0.5122808
0.5753264
0.5192117
0.6534463
0.580641
0.4938195
0.4542418
0.5760705
0.5005927
0.5560348
0.5656746
0.4860533
0.3440324
0.3566582
0.421344
0.4840233
0.5411065
0.5510889
0.482574
0.5001101
0.4890642
0.5032572
0.4926758
0.5273917
0.5012219
0.3677714
0.4860617
0.5158489
0.4937766
0.6006746
0.5310838
0.577535
0.6376938
0.5165353
0.562838
0.369003
0.5659805
0.4925274
0.5779994
0.5268915
0.4201654
0.5853684
0.5459685
0.6095291
0.5665729
0.3701883
0.5991446
0.5564018
0.5873863
0.7053851
0.6028771
0.6140443
0.650113
0.6620659
0.5215394
0.729972
0.5322264
0.5964932
0.4713023
0.7248671
0.5212588
0.5767096
0.558772
0.5127902
0.5665487
0.6230289
0.6996961
0.6815307
0.6465363
0.4926207
0.3983298
0.5922572
0.5307993
0.5627855
0.6735563
0.6169045
0.7160366
0.4760925
0.5309282
0.7006787
0.662095
0.6416928
0.5552516
0.4856375
0.46664
0.7275125
0.8039277
0.6409895
0.6825818
0.7045919
0.6979945
0.6111464
0.6671894
0.6141765
0.7021441
0.7061552
0.6438722
0.6449047
0.6063851
0.438567
0.6776555
0.6993014
0.6879895
0.7223256
0.6434557
0.6100417
0.6915062
0.5656953
0.819024
0.5444722
0.7398264
0.777042
0.6893777
0.8074248
0.6243111
0.5575945
0.8285128
0.7031663
0.6873274
0.6040913
0.6583598
0.949316
0.6177268
0.6081405
0.7648583
0.6765124
0.7826615
0.7197248
0.8014107
0.6932995
0.6960913
0.7398021
0.7748906
0.602993
0.8675968
0.7393201
0.6724215
0.6247429
0.75201
0.6078299
0.8398337
0.6779458
0.684598
0.8462807
0.7548731
0.8862548
0.8905246
0.7609244
0.660056
0.743497
0.7312835
0.7742023
0.7242162
0.694842
0.7088667
0.9151954
0.7333746
0.6501274
0.6769845
0.7975768
0.8320484
0.8214643
0.8137822
0.7430964
0.7279819
0.7785137
0.8555431
0.7949913
0.7670892
0.8511933
0.83091
0.9887759
0.6367393
0.7596217
0.6900871
0.7976931
0.8397939
0.8483388
0.7918693
0.8067938
0.9355339
0.8154205
0.7610128
0.7626851
0.783657
0.8132524
0.7876735
0.872185
0.8814481
0.9978303
0.8295276
1.03919
0.755882
0.7635496
0.6081252
0.6946583
0.852861
0.7710949
0.8603493
0.7695881
0.8409095
0.9224952
0.9278445
0.8097466
0.8512282
1.108124
0.6852913
0.897849
0.9459416
0.867434
0.8564432
0.8696484
0.9117182
0.8386468
0.9841548
0.7843953
0.8709726
0.8592856
0.9586464
0.9766288
0.8710071
0.7940707
0.9279256
0.8968006
0.9210897
0.8395698
0.9667389
1.012608
0.9766972
0.9373986
0.7841983
0.9445632
0.9274905
1.005186
0.9685423
0.9358784
0.8583759
0.9638269
0.9413195
0.8028934
0.9194194
0.8094014
0.9690589
0.8078734
0.9465203
1.05012
1.020614
0.9949687
0.9385861
0.9181568
1.042604
1.041377
1.102907
0.9869501
1.012102
0.9161329
0.8911605
0.8835144
1.071735
0.8949044
0.802242
0.9166309
0.8855239
1.047441
0.9530107
0.9690485
0.9744307
0.9415808
0.8988571
1.02883