-0.03694682
-1.086156
-0.9816663
-1.057251
-0.9136787
-0.9320307
-0.8707216
-0.9125139
-0.9791365
-1.124019
-0.9620038
-0.9328811
-0.9894922
-0.9837767
-0.8939249
-1.021633
-0.9830452
-0.7467807
-0.9917854
-1.028567
-0.9802637
-0.7723907
-0.9372938
-0.9946031
-0.8686625
-0.9007304
-0.9747918
-0.9400787
-0.9463271
-0.9411606
-0.7627832
-0.9154366
-0.8239838
-1.046941
-0.9621253
-0.8717391
-0.9431313
-0.9117927
-0.9804624
-0.863144
-0.8639879
-0.9293291
-0.9219338
-1.071591
-0.9768625
-1.001494
-0.9503551
-1.037741
-0.9267303
-0.8596487
-0.9065217
-0.9718497
-0.9984712
-0.9050405
-0.9001151
-0.9887645
-0.8354587
-0.8097246
-0.9091178
-0.920303
-0.8872693
-0.9021325
-1.041385
-1.004495
-0.7953739
-0.8773939
-0.8363153
-0.88161
-0.725739
-0.9277064
-0.9005569
-0.9573423
-0.9128058
-0.9394127
-0.9777445
-0.8158441
-0.919484
-0.8802754
-0.7070585
-0.8146462
-0.7746689
-0.8784132
-0.8280214
-0.950794
-0.9452462
-1.022947
-0.848547
-0.7544743
-0.7881444
-0.814563
-0.9065611
-0.9361169
-0.7194173
-0.9066442
-0.7536005
-0.9022851
-0.7782016
-0.7749515
-0.9146578
-0.7633894
-0.8309963
-0.7532401
-0.8116476
-0.8033967
-0.7221723
-0.7807536
-0.8457568
-0.5865871
-0.7537354
-0.7837156
-0.8759987
-0.8169856
-0.8162932
-0.8003746
-0.5448938
-0.8160161
-0.8075307
-0.7594768
-0.7882067
-0.6413243
-0.8588069
-0.6823999
-0.9000446
-0.6656032
-0.6792629
-0.8062165
-0.8070235
-0.7880299
-0.7827358
-0.8260353
-0.8253868
-0.7415157
-0.8326891
-0.5979811
-0.7043381
-0.8121192
-0.8012832
-0.6699477
-0.7481759
-0.8159962
-0.6887169
-0.7354454
-0.7542615
-0.4768361
-0.8075038
-0.650407
-0.726253
-0.4549393
-0.6526423
-0.6616488
-0.7013824
-0.6292295
-0.6526041
-0.6333917
-0.7066685
-0.7787353
-0.667698
-0.7078878
-0.5734316
-0.8021889
-0.7321894
-0.648791
-0.5791414
-0.5989907
-0.6229247
-0.7117911
-0.7307611
-0.683778
-0.7108255
-0.6345717
-0.5860738
-0.6764822
-0.6126654
-0.4939998
-0.7374657
-0.5714495
-0.7752577
-0.6073519
-0.7761868
-0.5822079
-0.5592383
-0.5987575
-0.6514297
-0.5845304
-0.6034494
-0.5893248
-0.7183875
-0.6795594
-0.5807751
-0.5450885
-0.7611582
-0.634345
-0.7312782
-0.5724458
-0.5911037
-0.6092496
-0.5577358
-0.6227314
-0.6360334
-0.4679001
-0.5470707
-0.785314
-0.6218923
-0.5980071
-0.6587758
-0.6349718
-0.5591257
-0.4031843
-0.5832929
-0.417258
-0.5017109
-0.5665491
-0.4917921
-0.5046269
-0.6259411
-0.5855473
-0.5456933
-0.6653099
-0.5060136
-0.6467593
-0.5760684
-0.5297455
-0.6597085
-0.6767453
-0.4284157
-0.6303899
-0.5698418
-0.3943703
-0.5011541
-0.5839319
-0.5712028
-0.3844584
-0.6107577
-0.4842105
-0.590767
-0.621041
-0.4978235
-0.4786528
-0.5553786
-0.4583854
-0.5183355
-0.4525712
-0.5380309
-0.5721609
-0.4503702
-0.5694871
-0.6318362
-0.4987969
-0.5808206
-0.6519247
-0.5490528
-0.3485136
-0.6803931
-0.3512903
-0.5363304
-0.5440602
-0.4985207
-0.4589587
-0.4861478
-0.4105071
-0.3694942
-0.4866945
-0.5949799
-0.4494508
-0.5031409
-0.5505562
-0.3921561
-0.4082047
-0.4259472
-0.4968932
-0.4187503
-0.341012
-0.4587306
-0.425403
-0.2980124
-0.3502943
-0.420164
-0.4755318
-0.3607367
-0.4998487
-0.4537538
-0.4126286
-0.3516698
-0.4713962
-0.497046
-0.3276031
-0.4724239
-0.5133107
-0.2896089
-0.5869607
-0.4566255
-0.3484451
-0.4501077
-0.387264
-0.4129335
-0.35952
-0.3961583
-0.5584774
-0.3445994
-0.4260138
-0.5671971
-0.5127611
-0.3929122
-0.5223904
-0.4911177
-0.4503999
-0.3277788
-0.2787954
-0.4276677
-0.4485607
-0.5051698
-0.570647
-0.3680879
-0.3875474
-0.34502
-0.442252
-0.4471397
-0.3381342
-0.426193
-0.4230396
-0.4489857
-0.3679181
-0.365777
-0.2318924
-0.3717055
-0.3761779
-0.4304117
-0.3924399
-0.4199297
-0.2850896
-0.3761931
-0.406851
-0.337493
-0.3583955
-0.4014496
-0.1788698
-0.165012
-0.178896
-0.3272699
-0.3716567
-0.3371958
-0.3384584
-0.3100103
-0.3057427
-0.402774
-0.3566422
-0.2701032
-0.2620486
-0.3517084
-0.2521404
-0.2243336
-0.2310966
-0.2808422
-0.2768733
-0.2185312
-0.3710099
-0.262535
-0.1954371
-0.391989
-0.201284
-0.3671241
-0.2168212
-0.3101787
-0.2507516
-0.1995107
-0.2908019
-0.3544394
-0.4239232
-0.4341371
-0.2686871
-0.227487
-0.2118286
-0.3166381
-0.3538358
-0.1206358
-0.3621288
-0.2615859
-0.2337586
-0.1760997
-0.3396912
-0.1209196
-0.1464535
-0.2747232
-0.4281221
-0.3731372
-0.1081752
-0.201606
-0.199481
-0.2171406
-0.175495
-0.3561383
-0.3391073
-0.337759
-0.3168505
-0.3140155
-0.1674339
-0.2799819
-0.2243704
-0.1587726
-0.2420283
-0.2977751
0.002090731
-0.0478317
-0.3592635
-0.3150398
-0.2049991
-0.2573391
-0.1658964
-0.02961875
-0.1813897
-0.1329645
-0.2749678
-0.1559817
-0.2553448
-0.1690296
-0.1113679
-0.1570998
-0.295183
-0.2066417
-0.1790595
-0.1304785
-0.1841844
-0.09518689
-0.2115565
-0.03119277
-0.3602223
-0.1420153
-0.03649903
-0.1634463
-0.04616537
-0.1885901
-0.1830065
-0.08975593
-0.132447
-0.1445209
-0.2228707
-0.05453141
-0.2205097
-0.1153556
-0.2457921
-0.176881
-0.1690007
-0.1424318
-0.05663329
-0.155082
-0.07910533
-0.294204
-0.2520497
-0.1073582
-0.0853365
-0.2281893
-0.0611335
-0.01299301
-0.2455705
0.02699703
-0.1911976
0.007400423
-0.01430922
0.030332
-0.3080984
-0.07007522
-0.06338691
-0.1528531
-0.04410181
-0.1304601
0.06028642
-0.1308887
-0.1291915
-0.04410124
0.0004979048
0.005731005
-0.09613535
-0.1153019
-0.07490249
-0.04609498
0.02257337
-0.1657324
-0.0645798
0.003460308
-0.03159256
-0.06742514
-0.03814056
0.04667897
0.0430832
-0.04720294
-0.07475654
-0.0004356514
-0.1916858
-0.05364931
0.05339218
-0.124654
0.1001765
0.02499304
0.01871246
-0.1512442
-0.09577156
0.03077844
-0.1904419
-0.009135158
-0.002145047
-0.1164996
-0.0136555
0.1456474
0.001777537
-0.05528758
0.09297512
-0.005488834
0.0187445
0.008356938
-0.005774601
0.02818321
-0.02544772
-0.006227007
-0.01090304
0.07019958
0.1341647
0.01095772
0.05326769
-0.003189687
0.08902233
0.1212151
-0.07732323
0.1520313
0.0237266
0.03332109
0.1222244
-0.001147364
-0.07754905
-0.07250442
0.06148995
-0.02220724
0.2228232
0.1277888
0.07253009
0.1727674
0.1506179
0.03844514
-0.05282427
0.1264576
0.1249097
0.01980175
0.1108962
0.09494819
0.01233225
0.1198207
0.03410781
0.1176897
-0.01397005
0.1777753
0.02118211
0.2457995
0.1676004
0.1008059
0.02631984
0.1672492
0.2121242
0.1198785
0.05691214
0.1088651
-0.02924126
0.09372371
0.1702387
0.101032
0.07498237
0.1431135
0.2447346
0.1882234
0.01718309
0.1373654
0.1427962
0.2260462
0.1466574
0.3245348
0.09230996
0.1677674
0.03601145
0.1893128
0.1782366
0.158233
0.1419236
0.1796783
0.1155941
0.1297644
-0.001540729
0.07149649
0.2550025
0.3093232
0.1193549
0.1006315
0.2922511
0.1586604
0.1329523
0.1910119
0.1128737
0.2381177
0.05621296
0.2340787
0.2503196
0.1190882
0.3467333
0.190584
0.1538674
0.1219889
0.02747481
0.3341102
0.2335522
0.1374997
0.2057836
0.203783
0.3282042
0.2342426
0.1630677
0.05693328
0.163833
0.2693735
0.2206049
0.1042583
0.1293024
0.2612797
0.1325636
0.3175968
0.2044227
0.2062898
0.3674552
0.2551379
0.2682032
0.1552306
0.1505785
0.2687799
0.283747
0.1138955
0.03702068
0.2892903
0.3338224
0.2538247
0.1901093
0.2252315
0.2967099
0.1343658
0.1983292
0.2515902
0.2668223
0.2542953
0.3910214
0.2540691
0.3673291
0.1404487
0.3068291
0.3327142
0.248101
0.4042598
0.3007418
0.2698802
0.4074036
0.3846667
0.4287862
0.3413707
0.2978785
0.2923334
0.4091424
0.3172672
0.1694096
0.3190516
0.419723
0.3998822
0.4389773
0.4085212
0.2421895
0.3785827
0.2927219
0.2295983
0.4128492
0.4217478
0.4151845
0.2903589
0.3934676
0.2636724
0.481145
0.5987079
0.5560662
0.3673213
0.5426528
0.3394093
0.3827095
0.3154328
0.3432382
0.433774
0.5711042
0.3321979
0.3750551
0.481685
0.3512492
0.2221011
0.2632642
0.3547414
0.3157284
0.3277566
0.2817438
0.4589857
0.375905
0.2751339
0.4064083
0.3917706
0.5021926
0.3716919
0.363085
0.3317765
0.45129
0.3502144
0.4543477
0.3746633
0.4287671
0.3193782
0.3291381
0.4916744
0.3661766
0.4331696
0.4397521
0.4483531
0.3825905
0.2523395
0.4094484
0.3165076
0.5861225
0.4675836
0.4963759
0.3451388
0.5662032
0.5345368
0.520585
0.4377385
0.4354551
0.4575828
0.4182102
0.4680844
0.4217634
0.456428
0.3740143
0.4563077
0.4240146
0.4176076
0.3790658
0.4947038
0.4482357
0.4518721
0.5558224
0.5732468
0.6029029
0.5694775
0.5618071
0.5619098
0.5484474
0.6138641
0.6075406
0.5064895
0.5327773
0.6225476
0.574623
0.4452717
0.5596509
0.5577017
0.5467245
0.4989396
0.4654551
0.5914124
0.4109596
0.5080306
0.4692855
0.594295
0.5152226
0.5594791
0.4925665
0.5376261
0.4785749
0.4736225
0.5409018
0.4237064
0.5051242
0.6538578
0.6439725
0.6151032
0.5754242
0.6935278
0.4470961
0.5806395
0.6141777
0.5058424
0.6085834
0.5290146
0.5345487
0.4295264
0.7594857
0.6098365
0.5953661
0.481631
0.4967903
0.5960057
0.5539356
0.5746214
0.6462948
0.5558976
0.573378
0.4541909
0.6404008
0.5571927
0.4439498
0.4892064
0.5475387
0.6361037
0.6056886
0.6284516
0.7076037
0.7367541
0.6834893
0.7184042
0.5410533
0.5448946
0.6934211
0.589568
0.644963
0.6241826
0.6972284
0.4214913
0.6731694
0.6865498
0.8378897
0.6961922
0.6620054
0.6865033
0.7395156
0.8296913
0.6614885
0.6291839
0.6697284
0.6771347
0.7351914
0.6809186
0.6093307
0.769733
0.6986908
0.6730404
0.6472109
0.7014929
0.677142
0.6352734
0.791097
0.6025862
0.7006898
0.6107496
0.6417385
0.7960915
0.7254154
0.7350123
0.7547795
0.794733
0.8011404
0.6902231
0.7018396
0.7718824
0.6053324
0.9137297
0.7101745
0.7690966
0.7849502
0.6329218
0.6830427
0.6591464
0.7772114
0.6989781
0.6111216
0.6238788
0.7639888
0.6813856
0.8487753
0.8553054
0.7198032
0.6798886
0.816375
0.8018403
0.5917702
0.7892461
0.6835873
0.7005899
0.7720984
0.7214142
0.7072911
0.7022699
0.7674016
0.772648
0.7019485
0.8273453
0.8633956
0.9266074
0.8565936
0.7448905
0.8345377
0.680003
0.7372811
0.7378024
0.7208993
0.909241
0.8009575
0.8716189
0.656015
0.8296229
0.800437
0.8055331
0.7707112
0.849878
0.7164005
0.818278
0.7058234
0.8065757
0.8029785
0.8036985
0.747373
0.7951806
0.9052345
0.8242907
0.9635419
0.8664839
0.8812753
0.8296875
0.8219813
0.7498753
0.967605
0.9096163
0.875833
0.8324048
1.064517
0.8063514
0.931842
0.9729894
0.8750174
0.8371358
0.881247
0.7789666
0.8701243
0.7167778
0.9266526
0.9894733
0.8011387
0.9643784
0.7797899
0.8594229
0.9986507
0.8591731
0.9356023
0.827938
0.8804427
0.7446968
0.8990758
0.9666802
0.9849858
0.9700124
0.9219928
0.7682771
1.090625
0.9733292
0.8523876
0.9306125
0.8650835
0.9362802
0.9464188
0.9960327
0.9388141
1.049335
0.8964529
0.8984268
0.815828
0.9097617
1.029297
0.9386858
1.046296
0.9444303
1.045334
0.8426443
0.8683672
0.9687016
0.8968633
0.9636812
0.7338697
0.9266392
1.032453
0.9319422
0.8363103
1.005291
0.9599349
1.025294
0.9406813
0.9941834
1.16199
0.9689885
1.110385
0.9990861
0.9449139
1.027183
0.9194262
1.032074
1.103059
0.8839107