0.03152547
-0.9610711
-1.027435
-0.9495418
-1.045381
-0.9440774
-0.9861469
-1.022264
-1.13206
-1.000672
-0.9566848
-0.9416478
-1.015679
-0.9675865
-0.9440297
-0.9542826
-0.9212285
-0.8692852
-1.003605
-0.9594513
-1.032716
-0.954138
-0.8392232
-0.9041373
-1.084419
-0.8447515
-0.8877789
-0.9611115
-1.037333
-0.9421469
-0.9321264
-0.9206821
-0.9046672
-0.9937407
-0.8697435
-0.896365
-0.9137273
-0.8148082
-0.9272618
-0.9140697
-0.6676562
-0.7669564
-0.8633915
-0.9042246
-0.9890474
-0.7854243
-0.9857404
-0.9203038
-0.9396519
-0.9187476
-0.8354565
-1.034221
-1.047197
-0.6923896
-0.7579898
-0.7780992
-0.8816354
-0.9970341
-0.8613756
-0.8235441
-0.7113811
-0.8086852
-0.952831
-0.9590345
-0.8711155
-0.828118
-0.9582636
-0.8276747
-0.8488602
-0.7951115
-0.8039749
-0.6427081
-0.7643697
-0.9865922
-0.9970504
-0.8579406
-0.7957636
-1.015778
-0.7260052
-0.8572278
-0.8376967
-0.8249285
-0.8903536
-0.8457522
-0.8166003
-0.7945291
-0.6561972
-0.8963709
-0.7777559
-0.9184368
-0.8704797
-0.8186777
-0.7269617
-0.8915509
-0.7571345
-0.7021451
-0.7081755
-0.8484064
-0.743491
-0.8309663
-0.8170025
-0.752838
-0.7871724
-0.9282923
-0.8813817
-0.9131658
-0.7301715
-0.7213959
-0.8963577
-0.7028542
-0.858452
-0.7917655
-0.7917298
-0.6958171
-0.6899066
-0.788668
-0.6694955
-0.711674
-0.8712723
-0.7328209
-0.8128491
-0.7215031
-0.8629472
-0.8095116
-0.7027671
-0.6014126
-0.7331903
-0.9092539
-0.7271678
-0.7205753
-0.6879166
-0.5636456
-0.7563173
-0.8189351
-0.7494767
-0.7634938
-0.6963489
-0.5161507
-0.5350434
-0.7272366
-0.7562472
-0.6713569
-0.7806402
-0.7998236
-0.7760782
-0.7358511
-0.6203826
-0.699649
-0.6596902
-0.6941533
-0.6848456
-0.6794868
-0.6901704
-0.6440284
-0.7312198
-0.6319274
-0.7518804
-0.6586146
-0.6029935
-0.5796649
-0.6183878
-0.5822623
-0.5639217
-0.6070745
-0.6603752
-0.6510269
-0.6547473
-0.6640573
-0.8387296
-0.5963498
-0.6401346
-0.6031422
-0.6763866
-0.6927602
-0.5997236
-0.7756911
-0.6828583
-0.7603384
-0.6719823
-0.7922624
-0.5094688
-0.685743
-0.604746
-0.6882774
-0.5991186
-0.5618131
-0.5239897
-0.641279
-0.6789655
-0.5716477
-0.6790436
-0.5811294
-0.6714456
-0.6706464
-0.6858921
-0.5469869
-0.5635319
-0.5418005
-0.5119075
-0.5051885
-0.6296762
-0.5500254
-0.6672984
-0.5287491
-0.6407433
-0.7328848
-0.6283988
-0.7771878
-0.4549728
-0.486273
-0.5506644
-0.5796697
-0.5592113
-0.5215736
-0.6360223
-0.6125395
-0.5470619
-0.5421212
-0.5680304
-0.6647202
-0.3784295
-0.5212487
-0.5453771
-0.5263101
-0.6262641
-0.5215952
-0.5692615
-0.7027178
-0.5017231
-0.5151532
-0.5704953
-0.5616374
-0.5211236
-0.4547429
-0.6828694
-0.5288394
-0.7046703
-0.4985955
-0.5350891
-0.665137
-0.6473649
-0.5215697
-0.485988
-0.4834531
-0.607375
-0.6091387
-0.4668526
-0.4884776
-0.5400972
-0.3984632
-0.4270426
-0.5258904
-0.6778773
-0.4933053
-0.5206383
-0.4757523
-0.4510194
-0.6682122
-0.5245585
-0.4738694
-0.4443944
-0.5075256
-0.5956581
-0.4981442
-0.2659333
-0.4353717
-0.4450812
-0.5052592
-0.5016141
-0.4087483
-0.3676059
-0.3238541
-0.413311
-0.6369179
-0.5938364
-0.3923187
-0.4455162
-0.5191246
-0.403569
-0.3828721
-0.5497235
-0.4005464
-0.5311869
-0.3672871
-0.4997788
-0.5805739
-0.3078037
-0.4455626
-0.3490321
-0.4589877
-0.2782413
-0.4369623
-0.5600209
-0.3549503
-0.3304716
-0.4318785
-0.4368794
-0.50725
-0.3334731
-0.3740015
-0.4043373
-0.4692203
-0.4130092
-0.4708005
-0.4375896
-0.4367049
-0.3200181
-0.4967222
-0.4820957
-0.4355808
-0.2737652
-0.5149703
-0.4137565
-0.4499344
-0.4337997
-0.3302993
-0.4361863
-0.5125285
-0.2124439
-0.3431668
-0.3107636
-0.2861573
-0.4123313
-0.3651101
-0.3268163
-0.5049185
-0.4941458
-0.2034972
-0.2724883
-0.2685718
-0.3069487
-0.3489941
-0.3294534
-0.2979584
-0.1707493
-0.3844226
-0.4824788
-0.2257552
-0.3307401
-0.314801
-0.2927614
-0.3827044
-0.3852928
-0.4047092
-0.3055253
-0.2628465
-0.2955895
-0.2162968
-0.2352934
-0.3506728
-0.3254001
-0.3540468
-0.3582742
-0.2407201
-0.2279816
-0.239059
-0.2262068
-0.2690209
-0.3258043
-0.2970715
-0.2852143
-0.2386032
-0.2842079
-0.4098994
-0.2985628
-0.1616629
-0.2628027
-0.3299153
-0.2353642
-0.4184901
-0.1820748
-0.2320575
-0.2175902
-0.375398
-0.429528
-0.242871
-0.2584762
-0.269664
-0.2881461
-0.2429958
-0.08995058
-0.1143601
-0.4250775
-0.2955184
-0.3649177
-0.2641351
-0.1153636
-0.1994239
-0.2687715
-0.2192066
-0.2267071
-0.1153333
-0.1857327
-0.1959411
-0.374776
-0.3584454
-0.31549
-0.3328204
-0.1898331
-0.2289157
-0.1081595
-0.07453933
-0.2476249
-0.3473146
-0.1226492
-0.1841243
-0.1551008
-0.1389417
-0.1571525
-0.09878783
-0.1757665
-0.09294359
-0.1297898
-0.1619184
-0.1503923
-0.1404592
-0.185147
-0.1374291
-0.03227073
-0.2016243
-0.1357819
-0.3072782
-0.2074632
-0.1766908
-0.1491447
-0.04343706
-0.1309913
-0.1714355
-0.04190098
-0.0710157
-0.08980534
-0.06979178
-0.2180808
-0.045834
-0.1015116
0.005273974
-0.1382358
-0.09237205
-0.1565835
-0.08938837
-0.07113238
-0.1717403
-0.3023889
-0.1566031
-0.2204721
-0.1912697
-0.2343196
-0.2590745
-0.0985217
-0.01904558
0.02336581
-0.1573743
-0.1853831
-0.06091848
-0.09133882
0.01959104
0.02070415
-0.1325559
0.003983757
-0.06744095
-0.08664183
-0.1307382
-0.180439
-0.03110425
-0.0254178
-0.133738
-0.1438444
0.01712829
-0.1302554
-0.06971518
-0.04071628
-0.103072
0.04591714
-0.1140382
0.02838091
-0.042685
-0.1435703
-0.08427946
-0.07735547
0.005566455
-0.08893953
0.07718596
-0.06096746
-0.1273915
-0.01274364
-0.1314192
0.08137185
-0.03144776
0.1302243
-0.08868686
-0.06709166
-0.0126314
0.05448409
-0.03703031
0.02170128
0.09764816
-0.09047365
-0.09851539
0.0290719
-0.01503595
-0.08982371
-0.1791789
0.0760131
-0.0131141
-0.07529957
0.08317643
0.0006816294
0.2265552
0.1528728
-0.1297352
0.04995936
-0.1166063
0.08556799
-0.007415098
0.09373968
0.1016662
0.07356976
0.216128
0.1214913
-0.04690376
0.0330496
-0.09922187
-0.0002203368
0.1131631
0.221133
0.06093871
-0.08498665
-0.05822562
0.1775551
0.07303753
0.1249762
0.02262501
0.004215987
0.1885941
0.05075793
0.1273002
0.0005519181
-0.04405541
-0.02236
0.257553
-0.09687765
0.06098382
0.1142833
0.01540207
0.1249935
-0.03960417
0.2130067
0.04665623
0.117841
0.1266219
0.01691467
0.1372285
0.04134592
-0.00829691
0.1549014
0.2036657
0.1189071
0.1150262
0.1532796
0.2531882
0.188028
0.1353399
0.06860357
0.1677986
-0.001458479
0.169809
0.08563386
-0.05666287
0.1035023
0.225298
0.09389698
0.1382575
0.108615
0.09322637
0.1751774
0.1475419
0.06652675
-0.02027369
0.116076
0.1669842
0.1781644
0.3185211
0.2576102
0.147985
0.2439222
0.2101866
0.124945
0.1757785
0.1159588
0.1471333
0.256807
0.1481721
0.2366547
0.1275545
0.182334
0.216881
0.00854413
0.2401809
0.2426011
0.3210193
0.2644336
0.3552847
0.107475
0.3166053
0.1460915
0.3113647
0.09601027
0.2941993
0.1923841
0.3088651
0.2850009
0.2093352
0.2396672
0.2704025
0.3631713
0.3348675
0.3067708
0.1968675
0.2877271
0.2288616
-0.02251637
0.1942337
0.1772834
0.2126729
0.2769041
0.3335698
0.2684098
0.341973
0.2273301
0.3394886
0.2496554
0.1853226
0.08932231
0.3298367
0.1742463
0.4386125
0.2849664
0.1897747
0.3240658
0.2167241
0.3110852
0.387733
0.3167026
0.3309111
0.3851313
0.3722135
0.2054866
0.1179382
0.2747835
0.1174683
0.2409591
0.2709949
0.3373603
0.2814759
0.3322834
0.2778961
0.2304684
0.3195149
0.2663268
0.2414448
0.451825
0.1576494
0.317602
0.3272237
0.3017378
0.3835751
0.2149999
0.3595773
0.2561121
0.3091342
0.2584065
0.3497911
0.2266687
0.327725
0.2900085
0.4276189
0.4581313
0.3477392
0.4216574
0.3950993
0.5061797
0.2194243
0.3011007
0.3396386
0.3927375
0.3551054
0.3538592
0.3940778
0.2786148
0.3556507
0.4213527
0.4098262
0.3803039
0.5836134
0.3733435
0.3294539
0.3752315
0.4342277
0.3742458
0.5226681
0.3951977
0.5052109
0.3118344
0.3796914
0.4329471
0.3574913
0.4129497
0.270925
0.3072785
0.3330355
0.4080789
0.4438143
0.5865651
0.4926368
0.5338903
0.2970313
0.3734217
0.4734979
0.4070746
0.4205854
0.4708386
0.5335072
0.4342051
0.5815332
0.3943295
0.4562182
0.4387562
0.2950839
0.5057668
0.3958766
0.5771119
0.5852804
0.3287484
0.2700486
0.5345677
0.5025973
0.3906799
0.5209929
0.5887759
0.4833337
0.4099126
0.5460249
0.5577102
0.3784799
0.511975
0.5402932
0.3437653
0.5327484
0.6638403
0.4521813
0.4867323
0.5359317
0.6601972
0.4672467
0.3148783
0.6220663
0.586587
0.6269883
0.5228274
0.7532118
0.5267463
0.4952672
0.5689867
0.5635327
0.4965543
0.5334119
0.4068969
0.492931
0.5844907
0.5962519
0.5166603
0.5653276
0.5298131
0.6350438
0.6044486
0.6015189
0.5683635
0.4883461
0.5871581
0.5610828
0.4376426
0.4869214
0.4036884
0.4827077
0.7291951
0.581175
0.5275584
0.5964509
0.6298884
0.6442909
0.5886833
0.5522721
0.6696229
0.5381944
0.4988253
0.6661661
0.5146137
0.522599
0.4256037
0.6091819
0.5782001
0.6134189
0.5313421
0.6320401
0.6941762
0.6557304
0.6422236
0.6145666
0.5285261
0.7197743
0.6658455
0.5238597
0.6507671
0.5653845
0.7167618
0.611706
0.6706306
0.7272608
0.6854975
0.6245722
0.6735208
0.5488154
0.5414571
0.6495378
0.7456877
0.7317443
0.6465062
0.7186063
0.5870504
0.6774845
0.6623583
0.5841308
0.6512949
0.5110495
0.7250255
0.7256798
0.7626185
0.7581925
0.7844054
0.7121802
0.5556097
0.7568308
0.6577147
0.7387524
0.7385401
0.7171086
0.6524982
0.5870615
0.5028582
0.6824844
0.7448796
0.7724487
0.731249
0.7866225
0.6596729
0.6716697
0.7742831
0.7111546
0.6401637
0.6828478
0.801107
0.7754097
0.6397287
0.7869955
0.7401466
0.6533851
0.6568449
0.8304533
0.7050182
0.8112262
0.9068916
0.6951478
0.7139428
0.7779413
0.7533325
0.5921775
0.8528861
0.7119496
0.6948466
0.7173515
0.9459008
0.7620395
0.722011
0.8223566
0.7825075
0.7114675
0.8681361
0.7795495
0.7834082
0.6150563
0.6594421
0.7963107
0.7814998
0.8932069
0.8010425
0.7711626
0.8694894
0.9315884
0.8118119
0.7198053
0.9185724
0.7831602
0.6933116
0.8749549
0.6390075
0.776925
0.7453477
0.7653741
0.7656508
0.7996824
0.8007298
0.8411711
0.767488
0.8112822
0.8726497
0.763619
0.8416346
0.7980573
0.8616149
0.892255
1.049066
0.9618139
0.8172017
0.8811379
0.8654405
0.8881404
0.8142469
0.9485162
0.9844458
0.8228848
0.9049727
0.743275
0.7574561
0.6945613
0.8936335
0.7521963
0.9574598
0.9533669
0.9080503
0.8998462
0.9884473
0.8577213
0.8571503
0.9906236
0.8584207
1.032981
1.005348
0.7532841
0.9073918
0.9853615
0.8521782
0.8221678
0.7764152
0.8803734
1.029431
0.7802715
0.8748164
0.8592956
0.713382
0.9002853
0.9391188
0.8822985
1.114705
1.018452
0.9388314
0.9578738
0.8932335
1.004927
0.9659855
0.8949947
0.9994968
0.988753
0.9607697
0.9715703
0.7914663
0.9965258
0.8249825
1.0435
0.9187692
1.01639
0.8525322
0.9667239
1.004649
0.8920293
0.8838717
1.072139
0.9997768
1.047142
1.015255
1.007626
0.9054184
1.050404
0.9582338
1.073745
1.009356
0.9188065
1.034039
1.089036
0.9312269
0.9088837
0.8689107