-0.02772666
-1.080926
-0.9752209
-1.043896
-0.9250105
-0.9177031
-0.8742887
-0.9288083
-0.9672463
-1.132404
-0.94818
-0.9263039
-0.9862039
-0.9658937
-0.8824408
-1.034358
-1.002666
-0.7593569
-0.9735003
-1.005621
-0.9752666
-0.7657607
-0.9284484
-1.005658
-0.8732721
-0.8973298
-1.000676
-0.9339934
-0.9499396
-0.9287285
-0.7836974
-0.9061616
-0.811005
-1.016056
-0.9323818
-0.8668152
-0.9653797
-0.9008964
-0.9759284
-0.8584215
-0.8555313
-0.9235712
-0.9537007
-1.084371
-0.974153
-0.999909
-0.9716198
-1.056085
-0.9370474
-0.8798522
-0.9214248
-0.9499398
-1.000727
-0.892613
-0.9098402
-1.002114
-0.8167013
-0.7984965
-0.9253375
-0.9343053
-0.8690496
-0.9027293
-1.036694
-1.001295
-0.7963788
-0.8596239
-0.8422671
-0.899265
-0.7196251
-0.9412678
-0.8972303
-0.9681622
-0.9383771
-0.953335
-0.9654873
-0.819752
-0.9073156
-0.8831794
-0.7201686
-0.8224833
-0.7846199
-0.8938095
-0.812813
-0.9286451
-0.9521335
-1.008147
-0.8450151
-0.7633181
-0.7981466
-0.8016613
-0.8945545
-0.9552383
-0.7366767
-0.926315
-0.7678873
-0.8897431
-0.7707222
-0.7552687
-0.9360314
-0.7540893
-0.8258193
-0.7688594
-0.8002755
-0.7799522
-0.7200563
-0.7498657
-0.8492329
-0.5842838
-0.754863
-0.7977135
-0.888584
-0.8152062
-0.8182172
-0.8032608
-0.5381284
-0.8053763
-0.8018696
-0.7637471
-0.7666323
-0.6486037
-0.8779193
-0.6707991
-0.8945357
-0.6882628
-0.6888468
-0.8080738
-0.7967329
-0.8051209
-0.7614801
-0.8529046
-0.8135376
-0.7493002
-0.8454304
-0.6027754
-0.7101806
-0.7975052
-0.801692
-0.6867417
-0.7420891
-0.8082503
-0.6827722
-0.7376734
-0.7415178
-0.5014708
-0.8008686
-0.6452405
-0.7424607
-0.4897415
-0.6566184
-0.6530505
-0.6958894
-0.6187693
-0.6684099
-0.6495472
-0.7272086
-0.752067
-0.6705823
-0.6963393
-0.5914503
-0.8124327
-0.723692
-0.6311696
-0.5747073
-0.603713
-0.609793
-0.7165948
-0.7242814
-0.6878871
-0.6889361
-0.6198035
-0.581317
-0.6727351
-0.6190838
-0.4924971
-0.7381967
-0.5883195
-0.795937
-0.6041435
-0.7934877
-0.5840719
-0.5802003
-0.6193335
-0.6542985
-0.563704
-0.5942282
-0.6152235
-0.7168294
-0.6697979
-0.5975324
-0.557887
-0.7578445
-0.63801
-0.7355874
-0.5550867
-0.5979477
-0.6239375
-0.5577103
-0.6313665
-0.6512424
-0.4775314
-0.5671297
-0.7677794
-0.6304611
-0.6180578
-0.6474634
-0.6416311
-0.5662301
-0.4149986
-0.5846966
-0.4099195
-0.5024849
-0.5765649
-0.5183655
-0.5025758
-0.615853
-0.5935252
-0.5538178
-0.6681437
-0.5097119
-0.6369708
-0.5714527
-0.5148981
-0.6648191
-0.6882553
-0.4064708
-0.6301059
-0.573563
-0.3850206
-0.4917882
-0.5758506
-0.5698423
-0.3855793
-0.6074202
-0.4819536
-0.5726686
-0.6321529
-0.4902789
-0.4622548
-0.5463794
-0.472526
-0.52841
-0.4478479
-0.5710272
-0.5719435
-0.4269603
-0.5809617
-0.6126912
-0.5240702
-0.578234
-0.6380021
-0.5539032
-0.3478446
-0.668911
-0.3736657
-0.530895
-0.555025
-0.4885937
-0.4771488
-0.4864169
-0.4021099
-0.3787188
-0.4802082
-0.6190448
-0.4732383
-0.4959081
-0.5530664
-0.3930945
-0.4271797
-0.445246
-0.4937516
-0.4166592
-0.3500457
-0.4791039
-0.3982921
-0.3026467
-0.3331778
-0.4622622
-0.4544229
-0.3916857
-0.5205168
-0.4468476
-0.4204975
-0.3470034
-0.4709433
-0.5267213
-0.3281552
-0.4726771
-0.5183015
-0.3100669
-0.5923056
-0.4463229
-0.3757397
-0.4574085
-0.3698266
-0.4053119
-0.3868251
-0.4150215
-0.5417452
-0.3476519
-0.4124664
-0.5834888
-0.5138311
-0.3636319
-0.495431
-0.5077726
-0.4493673
-0.3390205
-0.2776667
-0.4429631
-0.4578437
-0.5159132
-0.5784131
-0.3672436
-0.3688926
-0.3406722
-0.4544501
-0.4435199
-0.3390372
-0.4165489
-0.4274917
-0.4452642
-0.3728194
-0.3673019
-0.2516657
-0.3467301
-0.3791451
-0.4421851
-0.3683425
-0.4112754
-0.2882916
-0.3593696
-0.4076043
-0.3571159
-0.3323456
-0.360695
-0.1731935
-0.1750496
-0.2041887
-0.3524235
-0.3736284
-0.3326083
-0.3377069
-0.3237716
-0.3013707
-0.4040365
-0.3545331
-0.2943975
-0.2504968
-0.3536135
-0.2532416
-0.250463
-0.2066506
-0.2825106
-0.2770295
-0.2148042
-0.3636698
-0.2571436
-0.1976451
-0.3844567
-0.1861957
-0.3567605
-0.2357065
-0.2844105
-0.254809
-0.2160663
-0.2772006
-0.3633679
-0.4109352
-0.4128577
-0.252117
-0.2164816
-0.1960582
-0.3076122
-0.3694141
-0.1272929
-0.3673082
-0.2789496
-0.2125224
-0.1388827
-0.3408514
-0.123914
-0.1405487
-0.2856083
-0.424996
-0.3693319
-0.11832
-0.1882306
-0.1833588
-0.193791
-0.1666823
-0.3488382
-0.3273103
-0.3217749
-0.3152797
-0.33622
-0.135006
-0.2700067
-0.2024464
-0.1444183
-0.2370855
-0.3122663
-0.0008713565
-0.03073801
-0.3591611
-0.3384017
-0.2190941
-0.2576658
-0.1571564
-0.03187582
-0.197505
-0.1587471
-0.2683279
-0.1880303
-0.2652453
-0.1671088
-0.1046101
-0.1793337
-0.2974931
-0.1816428
-0.182963
-0.1297018
-0.1726918
-0.1230279
-0.20713
-0.02519095
-0.3510438
-0.1352682
-0.03039709
-0.1536595
-0.06063183
-0.192816
-0.1830999
-0.09000426
-0.1120559
-0.1426942
-0.2274274
-0.07880754
-0.2299788
-0.1089169
-0.2486412
-0.2068687
-0.1494258
-0.1564395
-0.0737677
-0.1513135
-0.07149426
-0.2862245
-0.2671547
-0.1091203
-0.08174082
-0.2102193
-0.03263751
-0.02414486
-0.2306756
0.03051981
-0.21033
0.006084939
-0.004221022
0.0003383187
-0.3067353
-0.06902596
-0.06381559
-0.1418885
-0.04618871
-0.1302404
0.05788549
-0.1113762
-0.1382779
-0.04544915
-0.02016091
-0.01239077
-0.1094783
-0.1127154
-0.07477165
-0.05095919
-0.001449758
-0.1722932
-0.06356791
0.0005033537
-0.03827521
-0.07972226
-0.05322311
0.03523547
0.04669008
-0.04290324
-0.05925774
0.002096285
-0.2055416
-0.05346019
0.04628168
-0.1235041
0.1066346
0.02949035
0.02017502
-0.1479484
-0.09519155
0.04365668
-0.208913
-0.01556739
-0.006154035
-0.1211856
-0.01315574
0.1329722
-0.02850672
-0.04406311
0.1155233
-0.00878589
0.02169189
0.009135893
0.01405581
0.02436008
-0.0280267
-0.006301098
-0.0006588964
0.05394216
0.1262479
-0.004914003
0.05572692
0.007230954
0.05223776
0.1010854
-0.07586434
0.1278991
0.03987234
0.03320386
0.1201739
0.02644546
-0.09550657
-0.07260693
0.0553174
-0.02913316
0.1888714
0.1122173
0.08468343
0.1738122
0.1204999
0.0347145
-0.04808287
0.1123588
0.1391063
0.04062875
0.1059436
0.1098213
0.0007665289
0.1351031
0.02387949
0.1083622
-0.01479992
0.2084028
0.03040698
0.2660367
0.1459554
0.1089353
0.0109017
0.15929
0.2397241
0.1156143
0.03778927
0.1100535
-0.03837715
0.1095479
0.1841695
0.1040004
0.07024798
0.1591888
0.2531873
0.2001213
0.02896456
0.1290329
0.1423978
0.2259053
0.1536667
0.3190096
0.1367535
0.1694464
0.03505458
0.2032935
0.1770031
0.1604856
0.1486287
0.1817575
0.1416521
0.1527917
0.01497248
0.08981389
0.2432569
0.3095299
0.1390639
0.1281422
0.2819584
0.1509016
0.1641777
0.1725634
0.1071436
0.2554486
0.05439208
0.2146224
0.2419883
0.09928357
0.330631
0.1806746
0.1669824
0.1015927
0.02217767
0.3183666
0.2291903
0.1240807
0.203672
0.198857
0.3489879
0.2383033
0.1623426
0.07005847
0.1752143
0.2487623
0.2393796
0.1038874
0.12658
0.2625733
0.1571057
0.3316101
0.2149096
0.2313675
0.3722042
0.24414
0.2664487
0.1410847
0.1512471
0.289988
0.2805032
0.08865444
0.02548873
0.2850625
0.3424651
0.2527829
0.1838242
0.233432
0.2912525
0.1577547
0.1931993
0.2619211
0.2517525
0.2412117
0.3956774
0.2466292
0.374248
0.1343519
0.3108481
0.3217893
0.2373308
0.4055194
0.3289027
0.2763974
0.3935295
0.3825383
0.4307608
0.3654862
0.3088817
0.316018
0.3738031
0.3293112
0.15436
0.3094408
0.4210787
0.4009396
0.4352649
0.4239343
0.2453625
0.3442704
0.2911602
0.2362398
0.4054675
0.4468552
0.4009376
0.282062
0.3940156
0.2880474
0.4917514
0.5926105
0.5508691
0.3926927
0.538789
0.3407068
0.3898662
0.3222469
0.3406071
0.4305695
0.554479
0.3378308
0.3657905
0.4877945
0.3303097
0.2218833
0.2657076
0.3623663
0.3180458
0.3304032
0.2669605
0.4867573
0.3767332
0.251925
0.3952975
0.3958898
0.4934189
0.3754566
0.3626747
0.3263714
0.4214619
0.336193
0.4473326
0.3782255
0.3958944
0.3152653
0.3405802
0.4967252
0.3916183
0.4307031
0.4301622
0.4370137
0.3822931
0.2503196
0.4120081
0.314343
0.5641682
0.4801453
0.5093784
0.3520951
0.5740168
0.5258894
0.5045753
0.4464724
0.4575814
0.4541408
0.4018324
0.4644581
0.4492534
0.4702577
0.3733917
0.4312041
0.4036119
0.4348718
0.3829371
0.4942022
0.4452641
0.4539935
0.5477001
0.5744047
0.6209174
0.5485203
0.5678038
0.5419992
0.5372928
0.6113825
0.6310714
0.5287795
0.5294749
0.6254155
0.5749579
0.4317573
0.551086
0.5451155
0.5206073
0.5106929
0.4773343
0.5992407
0.4175496
0.506692
0.4449649
0.5974367
0.5283737
0.5462433
0.5064022
0.5227608
0.4833423
0.4750218
0.558666
0.4169811
0.5140083
0.6419148
0.6566804
0.6032078
0.5525126
0.6764454
0.4416871
0.5789446
0.6093082
0.514397
0.6184043
0.531312
0.5301971
0.4182198
0.7568912
0.6082106
0.5864681
0.4649381
0.5056459
0.6006137
0.5519624
0.5852427
0.6594167
0.565558
0.5570753
0.440381
0.643653
0.5321493
0.4417508
0.5011528
0.5249886
0.6218696
0.6432462
0.6210649
0.7047647
0.7273569
0.6481638
0.7342742
0.5371198
0.5590195
0.6735644
0.5866454
0.6336843
0.6491669
0.69694
0.4473832
0.6727429
0.6898395
0.8551363
0.7199308
0.661618
0.6828764
0.7256993
0.8461518
0.6617247
0.6271278
0.6667957
0.6793249
0.7505166
0.6796373
0.6278344
0.7536062
0.6961251
0.6614984
0.647887
0.6723941
0.6868988
0.6205373
0.8044437
0.6065701
0.6824544
0.5887194
0.6349802
0.7948553
0.7303876
0.7236394
0.7598381
0.7994893
0.8051662
0.6815102
0.6762308
0.7686786
0.6190766
0.9015188
0.7031027
0.7717683
0.7835809
0.6434459
0.6989372
0.6540663
0.7780057
0.6927127
0.6147072
0.6364641
0.7621851
0.7108759
0.8400656
0.8331598
0.713808
0.6806924
0.8104201
0.7861733
0.5884061
0.7736177
0.6753779
0.6853649
0.7618199
0.7234587
0.7360636
0.6724714
0.7703008
0.7678892
0.699505
0.8282223
0.8594314
0.9498265
0.8667677
0.7411164
0.8265486
0.671363
0.7259101
0.718506
0.7306265
0.8929981
0.8136557
0.8718271
0.6732002
0.8288945
0.8132112
0.8180741
0.7668021
0.8504275
0.7326657
0.8088277
0.7071638
0.8107042
0.8184423
0.7975055
0.7517841
0.7952548
0.9010725
0.8156033
0.962835
0.8427494
0.8997372
0.8003515
0.8404038
0.7710257
0.9727565
0.9027635
0.8684216
0.8150941
1.060111
0.8211562
0.9269135
0.9466003
0.8954156
0.8326919
0.8697048
0.7760002
0.8686638
0.7225879
0.9214885
0.9912978
0.7956229
0.9383985
0.7998261
0.8855301
0.9917654
0.84774
0.9428464
0.8499645
0.8615306
0.7286823
0.899884
0.9784287
0.9737368
0.9624868
0.9228157
0.7753482
1.100371
0.9699748
0.866023
0.9421125
0.8652617
0.9114697
0.9483636
0.9969537
0.9549517
1.034689
0.9003902
0.9150764
0.8196094
0.9139998
1.024606
0.9320942
1.043145
0.9580032
1.044404
0.8607562
0.8752036
0.9784996
0.9153173
0.9716327
0.7347032
0.8946877
1.022804
0.9314819
0.8374677
1.014199
0.9475781
1.03175
0.9361606
1.014174
1.167674
0.9671076
1.116853
0.9895262
0.9483921
1.003607
0.9039629
1.039051
1.077693
0.872722