0.110645
-0.9688854
-1.018236
-0.7746755
-0.9122057
-1.051766
-1.011201
-0.8754528
-1.074004
-1.000655
-1.057087
-1.069396
-0.9836032
-1.000446
-0.8323627
-1.041785
-0.8368952
-0.9240205
-0.9763679
-0.9982771
-0.8394931
-0.9219524
-1.012126
-0.8483554
-1.102762
-0.9296073
-0.7820035
-1.02924
-0.8951499
-0.8539318
-0.913286
-0.8998597
-0.9856187
-0.8570936
-0.8204145
-1.168693
-0.9909304
-0.9671684
-0.9268505
-0.8963962
-1.05567
-0.8545539
-0.7473036
-0.998401
-0.924162
-0.8522149
-0.8816457
-0.8684489
-0.9032616
-0.745874
-0.8002277
-0.9327521
-0.8442034
-0.8669294
-0.8525246
-0.736851
-0.9303628
-0.8304537
-0.9557058
-0.8017645
-0.8836048
-0.9299559
-0.8221141
-0.8428931
-0.9313694
-1.062959
-1.015343
-0.7606357
-0.7679064
-0.7860901
-0.8611472
-0.7156202
-0.9049391
-0.7719709
-0.9183534
-0.8413201
-0.8205086
-0.9105003
-0.91629
-0.7835866
-0.7137988
-0.9176491
-0.8067505
-0.8588679
-0.8238521
-0.8519522
-0.8954043
-0.8069712
-0.7887295
-0.7682328
-0.8624202
-0.8720286
-0.8200114
-0.8045087
-0.8527224
-0.9619771
-0.6586342
-0.672081
-0.8672279
-0.6890393
-0.7130091
-0.8808692
-0.9009247
-0.8240892
-0.8191255
-0.697094
-0.7502196
-0.6770127
-0.7622195
-0.9158823
-0.855132
-0.8192944
-0.671072
-0.7809022
-0.7903353
-0.6741163
-0.7336589
-0.7471713
-0.8794453
-0.6585171
-0.841177
-0.7637737
-0.747469
-0.7471374
-0.706559
-0.8415331
-0.6779065
-0.6704538
-0.7980633
-0.7170372
-0.7247616
-0.7521284
-0.8293146
-0.7602398
-0.719653
-0.5855266
-0.8226429
-0.729776
-0.6665771
-0.7989838
-0.7581177
-0.7089292
-0.8223891
-0.7485642
-0.6665006
-0.761225
-0.8007534
-0.6217846
-0.7400187
-0.6564162
-0.7181027
-0.5875861
-0.5982924
-0.7503533
-0.580208
-0.7504197
-0.6640049
-0.6627083
-0.8024204
-0.7064273
-0.6481654
-0.7422431
-0.6206597
-0.762443
-0.6876049
-0.6960155
-0.6795068
-0.7293379
-0.6834273
-0.6850004
-0.7273605
-0.5484332
-0.7047234
-0.6361186
-0.5562552
-0.641269
-0.5294684
-0.6861292
-0.5755224
-0.7838249
-0.5486257
-0.5961208
-0.5653732
-0.6651882
-0.5447599
-0.5204681
-0.7741732
-0.6244612
-0.5461922
-0.5139839
-0.7258
-0.5520212
-0.6041662
-0.6849295
-0.6686672
-0.7713157
-0.617124
-0.5950105
-0.598755
-0.6947662
-0.6864177
-0.4884639
-0.6675028
-0.6161735
-0.6225854
-0.6230039
-0.5289857
-0.7345765
-0.5762254
-0.6296448
-0.5873996
-0.6012477
-0.7129158
-0.5959755
-0.6974339
-0.5923153
-0.6228869
-0.5124506
-0.5433625
-0.514506
-0.5861421
-0.5159319
-0.6900598
-0.6124767
-0.5279837
-0.573739
-0.6333289
-0.6438095
-0.5271339
-0.427453
-0.6262541
-0.4195871
-0.4003673
-0.3313762
-0.4404705
-0.7043625
-0.6320945
-0.3450292
-0.4311377
-0.5283435
-0.5267996
-0.5010181
-0.6598473
-0.6846766
-0.5395744
-0.5339478
-0.4811164
-0.3966451
-0.4243735
-0.6069152
-0.4913447
-0.3169242
-0.6102086
-0.4247374
-0.3289644
-0.5061289
-0.6262541
-0.3844848
-0.4250466
-0.3944947
-0.4987004
-0.461457
-0.3699275
-0.450414
-0.61518
-0.5021565
-0.488306
-0.5716336
-0.2312056
-0.5815323
-0.4703523
-0.4796568
-0.3433857
-0.2413805
-0.3480463
-0.421231
-0.4464898
-0.3900924
-0.3105963
-0.5668144
-0.384217
-0.4583972
-0.4321875
-0.5003017
-0.2463261
-0.3984129
-0.2582164
-0.4611945
-0.4587612
-0.5676531
-0.3465257
-0.4342075
-0.3847243
-0.2814493
-0.32061
-0.4128537
-0.4158543
-0.4999257
-0.3635992
-0.3662202
-0.454833
-0.4751261
-0.3868307
-0.4111663
-0.4437669
-0.4791109
-0.2435585
-0.4292013
-0.4166216
-0.3191885
-0.37644
-0.3612299
-0.3450904
-0.2327249
-0.2590296
-0.08153574
-0.4675501
-0.3708415
-0.3419839
-0.4295793
-0.4528684
-0.4286954
-0.4037173
-0.1955139
-0.2177285
-0.250387
-0.4029468
-0.4658842
-0.4867389
-0.3704598
-0.3711785
-0.245087
-0.4172348
-0.2542567
-0.3867808
-0.2913075
-0.4299922
-0.2845148
-0.1946779
-0.2819977
-0.09784167
-0.1974955
-0.2190697
-0.3516085
-0.4941269
-0.2536454
-0.2996366
-0.3350172
-0.2085687
-0.401874
-0.2546407
-0.2490702
-0.1215003
-0.0566512
-0.2984069
-0.395722
-0.2681283
-0.1206258
-0.3527607
-0.3789525
-0.4645843
-0.2131336
-0.3302466
-0.3383745
-0.2769388
-0.4299063
-0.3401618
-0.3154713
-0.1791523
-0.227428
-0.4510567
-0.3263006
-0.04094913
-0.2248356
-0.2499474
-0.2220477
-0.2875777
-0.2769692
-0.2899193
-0.2648202
-0.2384937
-0.2176845
-0.3557988
-0.2301297
-0.2969898
-0.2005222
-0.1052394
-0.1611804
-0.06472562
-0.2911267
-0.31105
-0.1845459
-0.1217675
-0.1797828
-0.2208299
-0.1263183
-0.2408175
-0.2700959
-0.1720036
-0.1453858
-0.2337441
-0.2294018
-0.2651666
-0.235453
-0.1626873
-0.2125312
-0.2731694
-0.2197557
-0.2997834
-0.07005467
-0.2585598
-0.1987594
-0.1762105
-0.1548291
-0.1180132
-0.1694824
-0.09685188
5.180375e-05
-0.1984736
-0.1739872
-0.1663941
-0.1341851
-0.1568344
0.004611546
-0.2438989
-0.2208446
-0.2079523
-0.08273104
-0.143648
-0.1753367
-0.1570576
-0.05776225
0.02722526
-0.2357411
-0.2232366
-0.1901482
-0.2813608
-0.07828881
-0.1324878
-0.2655662
-0.1063291
-0.06132044
-0.1061813
-0.03174745
-0.04416434
-0.1520951
-0.0322777
-0.1499211
0.03987577
-0.07206312
0.0614562
-0.1337137
-0.1613303
-0.1165818
0.06777349
0.005548546
-0.09700952
-0.03269523
-0.1519797
-0.003324136
0.0515348
-0.06020235
0.004311963
-0.08266648
0.06127054
-0.07323907
-0.127768
0.08191094
-0.1288231
-0.09821026
-0.1217115
-0.14417
0.06275467
0.00430651
0.03262472
-0.1450916
-0.005938137
-0.07824941
0.02129941
-0.1533861
-0.1011686
-0.09517357
-0.0479948
-0.08783599
0.04676167
-0.04380252
-0.07860622
-0.005137023
-0.03133648
-0.0296693
0.008244508
-0.1388805
-0.01868348
0.1370692
0.005977116
-0.04770369
-0.07287436
0.1062651
-0.02891561
0.1207987
-0.2420678
-0.2258447
-0.06136128
-0.01338951
0.08342078
0.009532995
-0.07756272
-0.06881859
-0.0949014
0.03232314
-0.1286507
0.002918488
-0.02158462
0.1530872
0.07661432
-0.0967279
0.01136001
0.1291513
-0.1582872
0.003311965
0.0411332
0.04241248
0.1054188
-0.1341743
0.1119098
-0.06740405
0.001118119
-0.009150264
-0.008837836
-0.138267
0.1332359
0.0212728
-0.07079397
-0.06792079
0.283527
-0.0219761
0.01149474
0.02908535
0.1167325
0.221485
-0.02289876
0.03161034
-0.06385707
0.02590065
-0.08188634
0.143643
0.0705263
0.1158389
0.1135659
0.1367692
0.1401407
0.2051533
0.2089432
-0.1135647
0.229556
0.1637838
0.3398428
0.1985241
0.3856321
0.1702456
0.1029485
0.08252286
0.2538611
0.1637918
0.1095915
0.1806842
0.0407397
-0.002822212
0.0657127
0.1570894
0.1289282
0.1066665
0.1413099
0.1213547
0.07938521
0.1910573
0.2217845
0.1828743
0.1531559
0.06235186
0.1164079
0.02940025
0.07859355
0.1879058
0.1112719
0.09295571
0.1356522
0.1396488
-0.02568182
0.1725773
0.2615588
0.2229136
0.2052981
0.2463266
0.273746
0.2400245
0.2301899
0.1798277
0.2391485
0.1423013
0.04841762
0.2450917
0.1215517
0.2985411
0.1501511
0.162511
0.3159785
0.2522263
0.2074803
0.3305152
0.3400421
0.1290167
0.2510396
0.09633849
0.09612408
0.2430966
0.3110236
0.1118138
0.1321416
0.1643006
0.2302991
0.1929369
0.1211963
0.1864412
0.3440875
0.04805377
0.3125271
0.2929223
0.2308667
0.3293451
0.1758057
0.1392559
0.28603
0.232274
0.1367697
0.1865852
0.1194908
0.3407854
0.3585843
0.226446
0.3464095
0.3889389
0.3611031
0.4535342
0.3205338
0.2376792
0.3511372
0.3580211
0.1792887
0.2168738
0.3371352
0.3214502
0.3233528
0.285107
0.3428573
0.2516361
0.273764
0.3168156
0.2550342
0.2639198
0.3163689
0.1975745
0.4403448
0.3778037
0.3555318
0.4964087
0.2598273
0.416541
0.2040744
0.3758028
0.3751153
0.306542
0.4015329
0.3420067
0.1981821
0.313591
0.3078561
0.3709347
0.3887662
0.2784145
0.3442227
0.3835311
0.3210534
0.4519538
0.5451143
0.4451642
0.1638899
0.3392486
0.4183867
0.5491168
0.2858544
0.4637731
0.2455399
0.4697686
0.2728828
0.2831949
0.4684244
0.4294912
0.537775
0.4152254
0.4195912
0.4207716
0.3810707
0.4766735
0.3508867
0.4731147
0.4192561
0.43903
0.5383513
0.4451461
0.4514283
0.4127048
0.4625755
0.3987925
0.5107736
0.4073738
0.3712372
0.4319757
0.3819341
0.5036059
0.4684616
0.4570925
0.4102666
0.3861278
0.518348
0.4744774
0.4302412
0.5428477
0.5174775
0.5310617
0.4800033
0.5127686
0.5652364
0.531902
0.6491304
0.5573484
0.5027694
0.4613133
0.5800739
0.5138357
0.5645919
0.5628483
0.5008468
0.3292538
0.3779266
0.4176069
0.5033959
0.5533062
0.5028339
0.4896258
0.499263
0.5206319
0.5233124
0.4844938
0.5359924
0.5012066
0.3815109
0.4898733
0.5184419
0.4781011
0.590511
0.5199418
0.571346
0.6194774
0.5173341
0.5623463
0.3886673
0.5706061
0.494752
0.5813545
0.532439
0.3958259
0.6080446
0.5588445
0.5982457
0.5728723
0.3566696
0.5867591
0.5609499
0.5873321
0.7114251
0.6091609
0.6355295
0.6368905
0.6628876
0.5119277
0.7348663
0.5395873
0.5831574
0.4581626
0.71406
0.5422309
0.6158669
0.5773538
0.4921842
0.5791484
0.6338068
0.6973877
0.690028
0.6749995
0.4591955
0.3931889
0.5855825
0.5366982
0.5560213
0.6878936
0.6119579
0.7349665
0.4564134
0.5299862
0.6795943
0.6680595
0.6230369
0.5530302
0.500236
0.4745436
0.6924826
0.7916213
0.6306623
0.6655116
0.723565
0.6967155
0.598511
0.6747338
0.5833777
0.7143568
0.6954384
0.6533269
0.6318129
0.6091525
0.4340744
0.6815181
0.6980303
0.6868483
0.7260314
0.6558683
0.6046371
0.7119702
0.5637483
0.8439801
0.5330413
0.7299234
0.76668
0.6892579
0.7912053
0.6403865
0.5458588
0.8227791
0.6921747
0.7006223
0.6126064
0.6648524
0.9528322
0.6243379
0.6112804
0.7720203
0.6686134
0.777453
0.7093039
0.7857877
0.6837747
0.6933774
0.7304576
0.7836511
0.5998711
0.866054
0.7492899
0.6837059
0.6462225
0.765597
0.6259855
0.838529
0.6570463
0.6895796
0.8547803
0.7676923
0.8844609
0.8763913
0.748185
0.651085
0.7419364
0.7310556
0.7660038
0.7233313
0.6914387
0.7116527
0.9478284
0.7116033
0.6609356
0.6632931
0.8169649
0.8336332
0.8013383
0.8217765
0.7452891
0.764235
0.7773951
0.8619697
0.7934061
0.7804121
0.8755642
0.8343815
0.9854107
0.6385674
0.7639608
0.7034886
0.7701787
0.8527731
0.8519982
0.7939393
0.8032773
0.944825
0.8144256
0.7891136
0.7762183
0.7859639
0.8010492
0.8037025
0.8542732
0.8521538
0.9884379
0.8191027
1.051797
0.7443043
0.7746212
0.592342
0.6973574
0.8780704
0.7874398
0.863081
0.7444841
0.8467485
0.9121062
0.93962
0.8132314
0.8524176
1.123842
0.6997537
0.8926489
0.9562065
0.8733034
0.8760609
0.8870581
0.9355466
0.8305969
0.9919109
0.7923785
0.8626722
0.8583899
0.9448548
0.9867508
0.8440581
0.7747269
0.9322151
0.8997388
0.9112328
0.8351634
0.9864934
1.011262
0.9756869
0.9450734
0.7695338
0.9254781
0.9363116
1.017425
0.9409244
0.9271342
0.8687255
0.9527555
0.9464355
0.8151057
0.8919164
0.8278916
0.9873967
0.8052172
0.9505969
1.046885
1.037208
1.002914
0.9562649
0.9084456
1.03716
1.03633
1.102679
0.9825709
0.9984517
0.9215579
0.8959949
0.8891456
1.074971
0.8895873
0.802011
0.9245808
0.8623475
1.070426
0.9415339
0.9808978
0.977048
0.9238861
0.8934167
1.011976