0.03512753
-0.9625608
-1.038606
-0.9417279
-1.041348
-0.9398965
-0.9818769
-1.031319
-1.130499
-0.9985051
-0.9453758
-0.9627199
-1.012404
-0.9754578
-0.9479319
-0.9433895
-0.9205406
-0.8474153
-1.018921
-0.9563726
-1.012854
-0.9796309
-0.8513282
-0.9114729
-1.104041
-0.8572779
-0.8864165
-0.9625679
-1.053113
-0.9468396
-0.9238644
-0.9092408
-0.8914521
-1.004918
-0.8850993
-0.8928407
-0.9010571
-0.8057345
-0.9371696
-0.9144761
-0.6739536
-0.7571601
-0.8489528
-0.8917207
-0.9806169
-0.7997081
-0.9684419
-0.9468781
-0.9307031
-0.915488
-0.8335053
-0.990798
-1.041618
-0.6803576
-0.7749919
-0.7794118
-0.8757811
-1.0027
-0.8579335
-0.8385165
-0.7004899
-0.8202166
-0.9551231
-0.9552144
-0.8839124
-0.8083494
-0.9548611
-0.8291767
-0.860679
-0.8054719
-0.8126878
-0.6480442
-0.7531036
-0.988619
-0.9998091
-0.8451444
-0.7903435
-1.029095
-0.7248269
-0.8618666
-0.8438961
-0.8427534
-0.9002207
-0.8589343
-0.824146
-0.7915924
-0.6561561
-0.9038333
-0.7664465
-0.9162929
-0.8451036
-0.8209355
-0.7392058
-0.8871356
-0.7504426
-0.7139942
-0.712222
-0.8534587
-0.7171645
-0.8182978
-0.8039384
-0.7605436
-0.8083938
-0.882899
-0.888326
-0.9316397
-0.7282639
-0.7279112
-0.9110287
-0.7064331
-0.8840665
-0.7905273
-0.7882341
-0.7126999
-0.6975678
-0.7751055
-0.6917639
-0.7319534
-0.8737561
-0.7549373
-0.8137412
-0.7497772
-0.8542495
-0.8192717
-0.7394
-0.6212434
-0.7153005
-0.9352971
-0.739662
-0.7078725
-0.7257152
-0.5552768
-0.7551843
-0.8419662
-0.7616373
-0.7721669
-0.6946158
-0.5286909
-0.5263218
-0.7097148
-0.7754593
-0.6598385
-0.7831217
-0.800967
-0.7892059
-0.7307494
-0.5949862
-0.7109466
-0.6587226
-0.6956964
-0.6853956
-0.6880462
-0.7094182
-0.6503646
-0.7416119
-0.6364796
-0.7412902
-0.6330289
-0.601043
-0.5736143
-0.6389315
-0.5900936
-0.5627395
-0.612489
-0.6647036
-0.6640768
-0.6314438
-0.6611111
-0.8233222
-0.5904062
-0.6485108
-0.6040279
-0.6916628
-0.6773035
-0.6193582
-0.7650568
-0.6704577
-0.7630175
-0.6536646
-0.8110604
-0.5068179
-0.6788885
-0.5839999
-0.6934803
-0.5695859
-0.5661553
-0.510048
-0.6507553
-0.6706965
-0.5858003
-0.678985
-0.5755929
-0.6470251
-0.696263
-0.6880038
-0.5427896
-0.5664168
-0.5360545
-0.4934935
-0.4920417
-0.6163994
-0.5741378
-0.6460439
-0.5294994
-0.646292
-0.7431454
-0.6297463
-0.7770604
-0.4730906
-0.4821007
-0.5513171
-0.5594902
-0.5557599
-0.5102172
-0.6439675
-0.6110116
-0.5380195
-0.5382385
-0.5550348
-0.6946711
-0.3684418
-0.5501019
-0.5600973
-0.5430025
-0.613115
-0.5362119
-0.5547813
-0.7418441
-0.4925025
-0.5076738
-0.5775914
-0.558287
-0.5098223
-0.4547509
-0.6801655
-0.5203064
-0.7021025
-0.5021443
-0.5402617
-0.6546916
-0.6509183
-0.5330543
-0.5057314
-0.4984561
-0.6087629
-0.6133625
-0.4734198
-0.4786429
-0.5441036
-0.3897165
-0.4372943
-0.5342819
-0.6524038
-0.4908495
-0.5090289
-0.4551592
-0.4731707
-0.6572558
-0.5345403
-0.4889887
-0.4580538
-0.5200536
-0.5923307
-0.5032866
-0.2817422
-0.4440378
-0.4266943
-0.4948983
-0.4914061
-0.3947914
-0.3627443
-0.322399
-0.4228637
-0.6177907
-0.596179
-0.3983209
-0.4197663
-0.5058656
-0.3782698
-0.3862035
-0.5630528
-0.3985638
-0.5379918
-0.3596061
-0.5076389
-0.5976485
-0.327805
-0.4384715
-0.3591727
-0.4571825
-0.2660606
-0.4465685
-0.5768267
-0.3692205
-0.3306946
-0.4215083
-0.4384629
-0.5272372
-0.3222983
-0.3585261
-0.4084562
-0.4691263
-0.4298997
-0.4754974
-0.4142453
-0.435925
-0.3284139
-0.4994975
-0.4842356
-0.4455647
-0.2807505
-0.4766757
-0.3859541
-0.4661329
-0.4342029
-0.3536848
-0.4485654
-0.5215759
-0.2354894
-0.3476599
-0.3177107
-0.3058858
-0.4280297
-0.3764161
-0.327513
-0.5020116
-0.4910537
-0.1869943
-0.2726592
-0.2772244
-0.2709514
-0.3498814
-0.3446746
-0.3023108
-0.1748028
-0.3974398
-0.4730281
-0.2351518
-0.3148548
-0.3166411
-0.3013372
-0.3838117
-0.4014342
-0.4169886
-0.3045495
-0.2872667
-0.3196874
-0.2148643
-0.2494813
-0.3509962
-0.335784
-0.3613082
-0.3631801
-0.2540355
-0.2338916
-0.2298939
-0.2171543
-0.2810298
-0.3349255
-0.2867202
-0.2699941
-0.2373904
-0.2727492
-0.4000245
-0.2989725
-0.1577938
-0.2588173
-0.3429491
-0.2323455
-0.4279775
-0.1898336
-0.2405251
-0.2185896
-0.3753869
-0.4240214
-0.2529875
-0.2680586
-0.2208931
-0.2966788
-0.2297587
-0.08103086
-0.1233523
-0.4212682
-0.2888953
-0.3866389
-0.2765563
-0.1150732
-0.2081669
-0.2515715
-0.2329751
-0.2260126
-0.1275914
-0.1952985
-0.2057854
-0.3672905
-0.3732795
-0.3268384
-0.3194042
-0.2019196
-0.229072
-0.08527971
-0.06345226
-0.22637
-0.3442697
-0.1270892
-0.1798681
-0.1285195
-0.1496363
-0.1717223
-0.09934003
-0.1831831
-0.0715366
-0.1554447
-0.145464
-0.1627064
-0.1435124
-0.1811774
-0.1581851
-0.01795692
-0.1976055
-0.1423669
-0.2970888
-0.230792
-0.1640855
-0.1494853
-0.03559222
-0.1409258
-0.1868335
-0.0663756
-0.06129953
-0.1097844
-0.0703346
-0.2237723
-0.0474457
-0.1135623
0.03789308
-0.1111281
-0.116133
-0.1536225
-0.1009681
-0.08122204
-0.1664352
-0.2925015
-0.1618105
-0.2163323
-0.1852135
-0.2414542
-0.2370557
-0.09082884
-0.02048654
0.001957294
-0.1397598
-0.192955
-0.05522132
-0.08035797
0.01832381
0.03686396
-0.1309734
0.005789562
-0.0804061
-0.08990088
-0.1325496
-0.1678513
-0.01926807
-0.03239694
-0.1196299
-0.1449082
0.01925471
-0.1624704
-0.07097216
-0.04078495
-0.1080981
0.07553184
-0.1114017
0.02433969
-0.04774051
-0.1686969
-0.08865266
-0.08634184
0.002260212
-0.0944943
0.07583035
-0.03174928
-0.09185284
-0.02964264
-0.1549165
0.06920388
-0.02527674
0.1340709
-0.1231676
-0.07370704
-0.01172618
0.05141096
-0.02802627
0.03122539
0.08646607
-0.1178573
-0.09653078
0.03714348
0.005935283
-0.09138035
-0.1777065
0.07919256
0.005073243
-0.08248473
0.07307497
-0.01551197
0.2163858
0.1461746
-0.1293118
0.05064266
-0.1120528
0.1022964
-0.02104629
0.09144467
0.1023218
0.08833012
0.2092232
0.1245887
-0.0358634
0.01836947
-0.0773922
0.006459698
0.1237879
0.2202546
0.07024086
-0.08517013
-0.06358126
0.1563666
0.07064748
0.1439689
0.04248128
0.003723157
0.1911181
0.08701217
0.1413025
0.02884419
-0.05207833
-0.02063223
0.2544399
-0.1069634
0.0532903
0.1252577
0.04072327
0.1459996
-0.05191341
0.2433283
0.01952666
0.1116097
0.1530872
0.006306698
0.141122
0.03615018
-0.002694273
0.1579474
0.1828295
0.1056381
0.1145603
0.1520645
0.2686626
0.20177
0.1476817
0.07652559
0.1709478
-0.001281087
0.1576032
0.07866125
-0.03611529
0.08703212
0.2096401
0.0745189
0.1416878
0.1013661
0.08429279
0.1574841
0.1402213
0.07664546
-0.01368093
0.1206334
0.1793367
0.1511187
0.3135853
0.2741067
0.1316335
0.2341179
0.1816277
0.1283578
0.1659736
0.1137994
0.1429469
0.2727854
0.1353415
0.251424
0.1495264
0.2084507
0.2132252
0.01865173
0.2378971
0.2638079
0.31792
0.2853356
0.3430637
0.08175483
0.3040334
0.150936
0.293159
0.1010133
0.3134685
0.1979987
0.3113581
0.273501
0.2022842
0.2352502
0.2600559
0.3368895
0.3401842
0.3149556
0.1868089
0.2813175
0.2339185
-0.02351455
0.2018817
0.1766997
0.2185269
0.284957
0.3230573
0.2597104
0.3325903
0.2413672
0.3534053
0.2760978
0.2030226
0.08345708
0.3332781
0.1799395
0.4484665
0.2817109
0.1893034
0.3385153
0.2218226
0.319241
0.3890022
0.3390231
0.3493299
0.3896737
0.3609513
0.1953847
0.1134696
0.2590579
0.1132568
0.2418164
0.2854366
0.3469254
0.2807534
0.3531035
0.2572298
0.2351265
0.3014278
0.2728051
0.2690138
0.4069525
0.1445687
0.3445575
0.3203102
0.3144905
0.3726331
0.2168093
0.3698324
0.2539091
0.3184789
0.2683393
0.3438189
0.2369671
0.2977614
0.2707624
0.4568686
0.4652567
0.3483481
0.4318688
0.3846869
0.503346
0.2421843
0.3024932
0.3348099
0.3737916
0.3685966
0.3649224
0.3904613
0.2672846
0.3555282
0.3951391
0.4084534
0.379583
0.5802679
0.3793411
0.3247138
0.3688572
0.4554749
0.3797586
0.5076777
0.3763006
0.4935088
0.298057
0.3927835
0.4427937
0.3577842
0.3887019
0.2850969
0.3105526
0.3412945
0.4115802
0.4379077
0.5684211
0.5159115
0.5364723
0.2902703
0.3636327
0.4861322
0.4077357
0.411835
0.4853708
0.5082607
0.4320194
0.5849304
0.370783
0.4522409
0.4333029
0.2963122
0.5138159
0.3851309
0.5870617
0.5758933
0.3449
0.2622907
0.533911
0.4788552
0.393425
0.5073467
0.6008825
0.4846787
0.4187942
0.5349819
0.5593378
0.3720305
0.5134969
0.5691502
0.3516214
0.5425558
0.6804311
0.4580394
0.4931227
0.5319395
0.6434542
0.4749281
0.3293326
0.62569
0.6289503
0.6380518
0.5148479
0.7452236
0.5181585
0.499729
0.5609982
0.5807737
0.4667447
0.4944495
0.4017185
0.4999494
0.5948108
0.6001478
0.5219149
0.5616905
0.5210686
0.6176689
0.6061273
0.6127412
0.5819474
0.4951774
0.5862079
0.5576613
0.4514604
0.5040195
0.3925663
0.4773882
0.7301055
0.5896003
0.4993722
0.5887226
0.6457126
0.6368552
0.5872352
0.5596843
0.6792367
0.543838
0.4826469
0.6711787
0.4938485
0.5500988
0.4417757
0.6274139
0.5738844
0.6147314
0.512903
0.6246696
0.7039985
0.6498725
0.6446544
0.65866
0.519838
0.7063847
0.6858114
0.5406765
0.6354157
0.566731
0.7370157
0.6352577
0.6743159
0.7346655
0.6833387
0.6336111
0.6689486
0.575093
0.52898
0.6486642
0.7226906
0.7285357
0.6423355
0.7211917
0.5987379
0.6630821
0.6827599
0.5621798
0.6767082
0.5494488
0.7356459
0.734274
0.7705299
0.7816954
0.8008879
0.7146056
0.556995
0.7640472
0.6675937
0.74227
0.7276702
0.7215245
0.6455484
0.5779512
0.5039729
0.6597505
0.7276457
0.745529
0.7584593
0.778948
0.6716073
0.6858904
0.7961866
0.7165552
0.6349235
0.6925937
0.8021803
0.7925558
0.6332763
0.7777216
0.738986
0.653497
0.6642176
0.8293375
0.7044085
0.793268
0.9065688
0.6762008
0.6975437
0.7630602
0.7351739
0.5834419
0.8609857
0.7106472
0.6886916
0.7241206
0.9523484
0.7838644
0.7513266
0.8184422
0.8090616
0.7236905
0.8481363
0.7978165
0.7691722
0.6220459
0.643205
0.8116617
0.8054171
0.9004629
0.809682
0.8039397
0.8446649
0.9405161
0.8107376
0.7112852
0.9233398
0.7942154
0.6825537
0.8731674
0.6415721
0.7918408
0.7557129
0.7859269
0.7811129
0.802487
0.7912182
0.8558653
0.7703565
0.7998655
0.8636311
0.7554653
0.8385808
0.7992416
0.9032913
0.882898
1.037602
0.9592025
0.8145946
0.8836071
0.8469667
0.8927096
0.7916835
0.9527402
0.9781146
0.8237625
0.915435
0.7339527
0.7515832
0.6991747
0.8916346
0.741293
0.9448704
0.9515265
0.89448
0.8979838
0.9830566
0.86565
0.8558599
1.002534
0.8519877
1.022612
0.998995
0.7555839
0.9104389
1.008752
0.8650813
0.8244349
0.7695495
0.8826397
1.001263
0.7750176
0.8859006
0.8599627
0.7018147
0.9012318
0.9493834
0.9094764
1.130655
1.033692
0.9695963
0.9806281
0.8986066
0.9996415
0.9705385
0.890014
0.9942231
0.9969123
0.9676955
0.9799752
0.812574
1.002179
0.8292409
1.031909
0.9079799
1.008471
0.85939
0.9549244
0.9893817
0.8806218
0.8917413
1.078025
0.9985582
1.029371
1.024428
1.016645
0.9027689
1.061507
0.9462896
1.056742
1.018197
0.9246247
1.022087
1.091188
0.9434216
0.9228503
0.8521369