0.134776
-0.970555
-1.028807
-0.7547193
-0.9071694
-1.040218
-0.9781601
-0.8615368
-1.064762
-1.006402
-1.024554
-1.071769
-0.9671075
-0.9955234
-0.8358216
-1.036567
-0.8466634
-0.9243208
-0.9908998
-0.9912186
-0.8367977
-0.9204644
-1.010838
-0.8587977
-1.092929
-0.919559
-0.787751
-1.023054
-0.8615451
-0.8485977
-0.9233727
-0.9146266
-0.9646861
-0.8769443
-0.8033964
-1.181189
-0.9885258
-0.9314944
-0.9266624
-0.8921136
-1.061695
-0.8529921
-0.7379815
-0.9964216
-0.9329754
-0.8392691
-0.8766572
-0.9009906
-0.8893241
-0.7495999
-0.7844827
-0.9251507
-0.8432023
-0.8355927
-0.8666551
-0.7381505
-0.9230411
-0.8285671
-0.9523094
-0.8148014
-0.8694315
-0.9250728
-0.8074923
-0.8419929
-0.9193618
-1.070476
-1.041212
-0.7638761
-0.7860901
-0.7847044
-0.8536178
-0.713473
-0.9100512
-0.7784643
-0.9031987
-0.8591743
-0.8289751
-0.9137022
-0.8938414
-0.7832926
-0.7044636
-0.9090973
-0.788757
-0.8820566
-0.8116208
-0.8491637
-0.888452
-0.8125132
-0.7751451
-0.7710715
-0.8692402
-0.8566874
-0.8158522
-0.805923
-0.832736
-0.9560746
-0.6701756
-0.6762066
-0.8749185
-0.6778267
-0.7313272
-0.8892494
-0.8979277
-0.8179377
-0.8298289
-0.7135359
-0.7433929
-0.6916309
-0.7596476
-0.899978
-0.8203446
-0.7993803
-0.6609702
-0.7710602
-0.8020207
-0.665279
-0.7177974
-0.7587065
-0.8855316
-0.6481831
-0.8498105
-0.7728313
-0.7430676
-0.745851
-0.7054316
-0.8401787
-0.6849689
-0.685805
-0.8044279
-0.717094
-0.7285777
-0.7404537
-0.8238396
-0.7647535
-0.716158
-0.5849797
-0.8035156
-0.7439958
-0.6750417
-0.8094128
-0.7612692
-0.7100352
-0.8234181
-0.7355234
-0.6632047
-0.7638436
-0.796634
-0.6485667
-0.7140676
-0.6636442
-0.6933008
-0.5892845
-0.6221958
-0.7492755
-0.5848783
-0.7331138
-0.6674901
-0.6700216
-0.8171013
-0.7095832
-0.654431
-0.7562526
-0.6280534
-0.7794121
-0.6785568
-0.6979251
-0.6916612
-0.7187343
-0.6856705
-0.6765099
-0.7250227
-0.5400261
-0.7171265
-0.6683331
-0.5511312
-0.6269114
-0.5026943
-0.6999759
-0.5956119
-0.7922572
-0.5322196
-0.6074069
-0.5630524
-0.6499748
-0.5539986
-0.5063571
-0.7742856
-0.6289703
-0.5445963
-0.5215587
-0.7286847
-0.549209
-0.5918678
-0.6691654
-0.6848772
-0.787802
-0.6498357
-0.5791069
-0.6142663
-0.6974082
-0.7051712
-0.4909063
-0.6738904
-0.6243818
-0.6250212
-0.6171958
-0.5007606
-0.7301731
-0.5692215
-0.6342021
-0.6103926
-0.5774809
-0.6810551
-0.5982064
-0.6774282
-0.5796041
-0.6217726
-0.5021661
-0.5287214
-0.5300706
-0.5634113
-0.543886
-0.6842051
-0.6138346
-0.5031041
-0.5795581
-0.6248523
-0.6302792
-0.5183574
-0.440443
-0.6414314
-0.4273008
-0.3682299
-0.3583732
-0.4738363
-0.6977149
-0.6360247
-0.346771
-0.4304191
-0.5245835
-0.5563853
-0.5125223
-0.6230989
-0.7034476
-0.5333761
-0.5174806
-0.4722077
-0.4182256
-0.4290643
-0.5815518
-0.5007895
-0.3315566
-0.5953155
-0.4185245
-0.3337135
-0.5149679
-0.6301373
-0.3790517
-0.4418548
-0.3989503
-0.482103
-0.4833912
-0.3736062
-0.441912
-0.6082711
-0.5098034
-0.4874463
-0.5731139
-0.2376605
-0.5626923
-0.4605434
-0.5034706
-0.3487327
-0.247247
-0.3410489
-0.4201626
-0.4526202
-0.3873259
-0.2976598
-0.5729999
-0.384614
-0.4323404
-0.4527422
-0.5177358
-0.2318752
-0.3840146
-0.2519801
-0.4695386
-0.439995
-0.5775023
-0.3499677
-0.4412706
-0.3701293
-0.2936552
-0.3319444
-0.4251865
-0.4081119
-0.5054335
-0.3750171
-0.3752674
-0.4291142
-0.4738603
-0.3712886
-0.4071113
-0.4697199
-0.457315
-0.240289
-0.4229025
-0.4041436
-0.3106314
-0.392138
-0.3633454
-0.330123
-0.2591473
-0.2536153
-0.07702892
-0.4649967
-0.3620616
-0.3262406
-0.461935
-0.4668462
-0.4135535
-0.3995653
-0.1962061
-0.215078
-0.2476121
-0.3933901
-0.4674114
-0.4765138
-0.348919
-0.390182
-0.2589386
-0.4168819
-0.2676996
-0.3849384
-0.2946803
-0.4298155
-0.2945132
-0.1896914
-0.266462
-0.1107619
-0.1978499
-0.1914292
-0.3370306
-0.4873069
-0.2545782
-0.2980796
-0.3354433
-0.2055452
-0.4149571
-0.2467256
-0.252399
-0.1157371
-0.05392467
-0.3074712
-0.4195998
-0.2890965
-0.1070564
-0.351946
-0.4012599
-0.461482
-0.2097056
-0.3238868
-0.3276118
-0.2759241
-0.4376016
-0.3435791
-0.2989935
-0.1857788
-0.237662
-0.455348
-0.3305098
-0.06594777
-0.2298514
-0.2439921
-0.2291201
-0.2929202
-0.2780485
-0.3086639
-0.2704355
-0.2396406
-0.2267084
-0.3542704
-0.2185964
-0.2887032
-0.225039
-0.1125387
-0.1546396
-0.05403248
-0.3035735
-0.2925724
-0.1829218
-0.1218107
-0.1971588
-0.2068994
-0.1014068
-0.2539779
-0.2848131
-0.1695732
-0.1214084
-0.2436303
-0.2503823
-0.2709189
-0.2528399
-0.1847623
-0.2150888
-0.2575743
-0.2184047
-0.2993299
-0.05771046
-0.2604821
-0.2035804
-0.1790425
-0.1738074
-0.1120378
-0.194228
-0.101545
-0.0123637
-0.2031608
-0.1793895
-0.1590441
-0.1451281
-0.164005
-0.001530264
-0.2424883
-0.183603
-0.2020149
-0.0912502
-0.1567498
-0.1565664
-0.1529479
-0.07401245
0.04069738
-0.235656
-0.1901028
-0.1833076
-0.2714271
-0.07132415
-0.1224419
-0.2683555
-0.1132604
-0.06515283
-0.1286119
0.0002252091
-0.02702992
-0.1640887
-0.001787987
-0.1353189
0.01419438
-0.05395139
0.0410026
-0.1463862
-0.1629793
-0.1289641
0.04903147
-0.01316579
-0.113213
-0.04978355
-0.1689823
-0.006723791
0.05006527
-0.05580694
-0.0219186
-0.06517676
0.05318534
-0.08466046
-0.1383024
0.09062439
-0.1453284
-0.08769504
-0.1269023
-0.152639
0.04400331
-0.005063103
0.02654862
-0.1447215
-0.01156791
-0.08944374
0.006476517
-0.1541252
-0.1007331
-0.1017381
-0.04498284
-0.09886664
0.06400485
-0.06610319
-0.09510428
-0.03106818
-0.04425166
-0.04079247
0.006589038
-0.1459602
-0.01323719
0.09929919
-0.01201295
-0.06398071
-0.0648826
0.1229966
-0.01856065
0.1384456
-0.2332661
-0.234853
-0.07560775
-0.01103133
0.05908093
0.02162948
-0.08862871
-0.04903679
-0.1153649
0.0366429
-0.1091964
0.004067546
0.01029514
0.1549906
0.1026484
-0.09269427
0.03326406
0.1187313
-0.1581554
0.005993872
0.03684762
0.04919514
0.1142871
-0.1398336
0.1115072
-0.06598137
-0.0283667
-0.02286793
-0.01411896
-0.1397379
0.1357559
0.03556053
-0.07774076
-0.06468931
0.2952212
-0.02437805
0.0181883
0.0334405
0.1372627
0.2038187
-0.02048101
0.0388916
-0.04458071
0.02091984
-0.08358458
0.1657743
0.07485155
0.1113062
0.1266728
0.1337069
0.1309591
0.2033127
0.2221328
-0.1080788
0.218097
0.1454666
0.3321604
0.1693374
0.3996238
0.1721013
0.1030931
0.09635157
0.2585284
0.1690471
0.1139867
0.1805883
0.03015893
-0.001968788
0.0538838
0.1592811
0.1407489
0.1084225
0.1223757
0.1274367
0.09477441
0.1761624
0.2339635
0.1997201
0.1608486
0.06841591
0.1063757
0.0243554
0.0733457
0.1924871
0.1287308
0.0794781
0.1268902
0.124672
-0.007433962
0.1505399
0.2550313
0.2084749
0.1914245
0.2676614
0.2910726
0.2227365
0.2437582
0.1677009
0.2039067
0.1378345
0.06087057
0.2467428
0.1325507
0.286837
0.1329461
0.1447257
0.3104583
0.2386596
0.2180032
0.3369121
0.342982
0.1474437
0.2648919
0.1251044
0.08869924
0.2361526
0.2798012
0.1198947
0.1208841
0.1741989
0.2254377
0.1767445
0.1284959
0.1854078
0.3389488
0.05142326
0.3315148
0.3033295
0.23274
0.3381939
0.1972331
0.1437601
0.2828915
0.2383128
0.1058823
0.2195262
0.1308862
0.3384673
0.3385568
0.2434751
0.3487597
0.3764289
0.3460118
0.4521697
0.3137699
0.2514553
0.3683391
0.345778
0.1698246
0.2224991
0.338633
0.3173283
0.3126935
0.2747144
0.354396
0.2507908
0.2556874
0.3162898
0.2498057
0.2808572
0.3106879
0.2205134
0.4537457
0.3800522
0.3328604
0.5033805
0.257455
0.4132547
0.1705227
0.3863265
0.3519296
0.3347276
0.3844702
0.3596417
0.2132212
0.3114591
0.3227061
0.3791687
0.3928536
0.2732706
0.3354833
0.3759122
0.3025725
0.4445356
0.5569573
0.4775878
0.151709
0.3509879
0.4213779
0.4825691
0.2670672
0.4568783
0.2403672
0.4678964
0.2595469
0.2796078
0.4441782
0.4388768
0.5469755
0.4081089
0.4100844
0.39395
0.3688247
0.4779146
0.3787672
0.4726726
0.4130013
0.4345676
0.5098783
0.4430296
0.4421906
0.3872608
0.4728047
0.3996197
0.5301276
0.4129473
0.3479354
0.41939
0.3966399
0.4981635
0.4668688
0.4733099
0.4087024
0.3950652
0.4985271
0.4699769
0.4211527
0.5354252
0.5222278
0.5544357
0.4677294
0.5051873
0.5729056
0.5363901
0.6538752
0.5731598
0.4878263
0.4286091
0.5653338
0.5134763
0.5712236
0.5694042
0.4957878
0.3564973
0.3668056
0.4149544
0.5046546
0.5590929
0.5295892
0.4834552
0.4923296
0.4975073
0.5282829
0.4901979
0.5259951
0.4941112
0.3877267
0.4799626
0.5012991
0.4972943
0.5861994
0.5338072
0.5732043
0.6465269
0.5346246
0.5681134
0.3679035
0.5704033
0.51625
0.586199
0.5437516
0.4141358
0.5807715
0.5685624
0.59089
0.5752804
0.3588674
0.5858383
0.5736749
0.6044156
0.6903876
0.6224724
0.6356573
0.6400154
0.6569586
0.5219851
0.7412639
0.54962
0.5903155
0.448815
0.7302068
0.544316
0.5881277
0.5609587
0.5170143
0.5510107
0.6230065
0.724805
0.6679748
0.6644587
0.4726474
0.3877047
0.6074764
0.5394555
0.5654579
0.6766421
0.6165449
0.6990999
0.4824104
0.5101673
0.7001266
0.6712101
0.6220231
0.5476083
0.5040554
0.4707129
0.7024148
0.8093329
0.6038957
0.6618377
0.7209014
0.7036275
0.5882678
0.670468
0.6018357
0.7155608
0.7230083
0.6493367
0.6613366
0.6066281
0.4348229
0.669186
0.6834406
0.6850016
0.7258564
0.6442383
0.6041581
0.6909118
0.5671898
0.8369477
0.5386507
0.7351253
0.7797513
0.7010663
0.7890416
0.6308242
0.5707108
0.8351259
0.6980051
0.7008152
0.6064538
0.6467829
0.9301942
0.6187376
0.6055383
0.761825
0.6831266
0.7856224
0.71159
0.7782619
0.6849273
0.6944788
0.7374827
0.7709365
0.5925514
0.8873058
0.7545152
0.6855174
0.65527
0.7633647
0.6253767
0.8229369
0.6552831
0.6844902
0.8430109
0.756225
0.8912153
0.8837869
0.7705032
0.662561
0.7512813
0.7317615
0.7741156
0.7223605
0.7075035
0.7123665
0.9152683
0.7357767
0.6425298
0.6570086
0.8131649
0.8411076
0.8214214
0.8256635
0.7383008
0.7523357
0.771151
0.8600511
0.7836656
0.7661364
0.8584228
0.8423958
0.9934479
0.6427374
0.7805323
0.6988448
0.7602891
0.8086546
0.8436395
0.8094574
0.8161595
0.9500632
0.8229049
0.7802664
0.7845686
0.7853062
0.8196027
0.8015858
0.8484395
0.8625935
1.00654
0.8216808
1.020822
0.7244972
0.7631691
0.6038858
0.7030802
0.8695425
0.7843197
0.8697449
0.757937
0.8453429
0.8862786
0.9330158
0.8177694
0.8557798
1.127083
0.6986532
0.8891448
0.9683732
0.8794065
0.8695535
0.8918446
0.9324284
0.8400771
0.9844277
0.8170116
0.8746377
0.8677674
0.9409045
1.007126
0.8587285
0.7781264
0.9264084
0.904064
0.9128794
0.8343453
0.9752247
1.004001
0.9764015
0.9577041
0.7682337
0.9296058
0.9317371
1.009451
0.9472667
0.939274
0.8619331
0.9724945
0.9325798
0.8332351
0.9060399
0.7981933
0.9661632
0.8076552
0.9401962
1.067279
1.014448
1.014755
0.9371652
0.9275327
1.038475
1.050958
1.099125
1.003974
1.03441
0.9183762
0.8789415
0.8846535
1.063416
0.9136364
0.8018471
0.9233402
0.8841705
1.081105
0.9648173
0.9514322
0.9771371
0.9405641
0.9062156
1.007132