-0.0141237
-1.023339
-0.9787375
-1.029446
-0.9451026
-0.9693853
-1.052493
-1.094155
-0.9494278
-1.004633
-1.019177
-1.046959
-1.016151
-0.8694755
-0.9191299
-1.076339
-0.8921155
-0.9254996
-0.9027088
-0.9185467
-0.9481907
-1.00711
-0.9682827
-1.092296
-0.904356
-1.078566
-0.9572089
-1.005197
-0.9527393
-0.9200961
-0.9588221
-0.9700771
-0.9560041
-1.003345
-0.9541285
-0.8604919
-0.9136343
-1.161416
-0.9445512
-0.9408594
-1.009887
-0.9263131
-0.8364061
-0.790748
-0.9670565
-1.002899
-0.8755133
-0.9075958
-1.020044
-0.8361104
-0.9376029
-0.7826363
-0.9111384
-0.9944049
-0.8500532
-1.019892
-0.9051204
-0.8520795
-0.9117644
-0.9937469
-1.069439
-0.8941613
-1.033923
-0.7899189
-0.954455
-0.7970887
-0.7372354
-0.8405426
-0.7612898
-0.8703815
-0.8949282
-0.9197688
-1.007214
-0.9815026
-0.6968927
-0.9184884
-0.8602856
-0.7335998
-0.858158
-0.8678587
-0.6763376
-0.9668198
-0.9251766
-0.8380626
-0.877514
-0.9980481
-0.7381261
-0.8785069
-0.8604916
-0.9943092
-0.7712358
-0.7377736
-0.8875117
-0.6935885
-0.6187329
-0.842941
-0.773237
-0.8119573
-0.7577398
-0.8462394
-0.7154608
-0.9270453
-0.6576633
-0.7956985
-0.8214751
-0.78881
-0.7509131
-0.7644492
-0.8935526
-0.7369045
-0.8098787
-0.7401445
-0.7851253
-0.7841975
-0.785375
-0.8028127
-0.7833999
-0.6241383
-0.7708937
-0.746054
-0.7021982
-0.8483895
-0.756218
-0.700918
-0.805046
-0.6882103
-0.5747035
-0.7731991
-0.8025818
-0.7288679
-0.8031283
-0.7868918
-0.8473815
-0.7060323
-0.6522335
-0.7291138
-0.7906861
-0.6048439
-0.7872085
-0.6215418
-0.6647812
-0.8210334
-0.6558531
-0.8381746
-0.7528137
-0.6361589
-0.7287259
-0.6182983
-0.8092024
-0.8182898
-0.6574834
-0.8307199
-0.783753
-0.5866399
-0.5999221
-0.6269038
-0.6032337
-0.7408019
-0.6431047
-0.6540446
-0.7927093
-0.5893757
-0.7467546
-0.6386943
-0.6563951
-0.6276015
-0.741447
-0.7018704
-0.5498594
-0.6578539
-0.6545242
-0.6954549
-0.6598312
-0.6234969
-0.6785851
-0.6632114
-0.6806518
-0.7479664
-0.7402935
-0.6490468
-0.6853601
-0.6266035
-0.637485
-0.772233
-0.6770233
-0.5592472
-0.6676887
-0.5704236
-0.5917871
-0.6667621
-0.6244854
-0.4431986
-0.5563943
-0.5534641
-0.5831782
-0.6187684
-0.5248886
-0.501644
-0.6897666
-0.6323317
-0.6601213
-0.5896041
-0.5658762
-0.4976512
-0.725234
-0.547536
-0.6648791
-0.650931
-0.532533
-0.7051922
-0.5543038
-0.4584584
-0.5696856
-0.6271819
-0.5733261
-0.6325598
-0.5395913
-0.593865
-0.5596285
-0.6020782
-0.549239
-0.5160191
-0.4604428
-0.5730157
-0.5880381
-0.6260008
-0.4620511
-0.3364297
-0.6046193
-0.5300088
-0.60122
-0.6266006
-0.2766897
-0.5161309
-0.5765683
-0.6495422
-0.6789391
-0.4369195
-0.4202383
-0.5002046
-0.4608508
-0.487361
-0.6419955
-0.458457
-0.6453522
-0.5576421
-0.4473239
-0.5070182
-0.5026863
-0.4853736
-0.4387402
-0.498887
-0.5854654
-0.4934802
-0.4455234
-0.4661759
-0.4982848
-0.5137098
-0.4438572
-0.3076095
-0.6115717
-0.4961438
-0.3574455
-0.4629485
-0.5215884
-0.4359396
-0.6008268
-0.4355006
-0.483684
-0.4073576
-0.3392834
-0.4454998
-0.4067661
-0.5060212
-0.4559219
-0.3604921
-0.3698868
-0.5508475
-0.5035975
-0.3921396
-0.3660052
-0.4309431
-0.3997607
-0.5328764
-0.3527904
-0.4702892
-0.3487301
-0.5106327
-0.6385018
-0.2608086
-0.3142329
-0.3203328
-0.5841955
-0.3289885
-0.4900735
-0.332759
-0.3141751
-0.403015
-0.3531139
-0.4752951
-0.3330088
-0.4764724
-0.3837363
-0.4575882
-0.4310487
-0.4873559
-0.622864
-0.4639596
-0.3728483
-0.4106486
-0.4012938
-0.4668995
-0.4046328
-0.3277828
-0.4819668
-0.2674307
-0.3630195
-0.2107129
-0.2646293
-0.3822867
-0.5566439
-0.3912119
-0.3389647
-0.4297217
-0.4107366
-0.3583526
-0.3870802
-0.5346509
-0.2848718
-0.2934693
-0.3727408
-0.4482438
-0.3824235
-0.3419424
-0.4057683
-0.2629871
-0.3058433
-0.3250604
-0.2823465
-0.2860734
-0.2774561
-0.3642457
-0.3337229
-0.3984429
-0.3072749
-0.2575825
-0.2068532
-0.3371251
-0.3405972
-0.487014
-0.3460837
-0.354363
-0.2747783
-0.2421134
-0.1784664
-0.2736829
-0.1858965
-0.3663077
-0.1885236
-0.3630062
-0.5108574
-0.3083753
-0.2602661
-0.2451656
-0.3440361
-0.2278385
-0.3352879
-0.3215948
-0.3510615
-0.3156139
-0.2746412
-0.221284
-0.2536216
-0.3277956
-0.3495379
-0.3220598
-0.1592495
-0.3277807
-0.2265836
-0.2252876
-0.2640482
-0.2674634
-0.2657414
-0.2294386
-0.2069396
-0.2887121
-0.2361509
-0.1076232
-0.2470469
-0.2448525
-0.2175838
-0.06011134
-0.2208366
-0.3590676
-0.2134313
-0.362553
-0.1017976
-0.06189936
-0.1723687
-0.1927648
-0.1829454
-0.1547537
-0.1145013
-0.2365778
-0.07103086
-0.1288389
-0.1722296
-0.03989882
-0.1981493
-0.2303657
-0.1081154
-0.1887686
-0.1120868
-0.140869
-0.2328444
-0.1169315
-0.1629729
-0.2286518
-0.2534149
-0.2196283
-0.1113935
-0.2256967
-0.2059167
-0.1073296
-0.1290667
-0.2207873
-0.179338
-0.2666813
-0.2206442
-0.2460233
-0.3024867
-0.1170553
-0.03478238
-0.2440526
-0.1771756
-0.06828204
-0.07447583
-0.2814899
-0.1459101
-0.1927135
0.002918782
-0.194092
-0.1214003
-0.003304889
-0.2161427
-0.1286066
-0.2110782
-0.1802643
0.06195534
0.07875669
0.02615452
-0.05370636
-0.174932
-0.07396779
-0.01343872
-0.1379049
-0.1147194
-0.2066564
-0.04504859
0.003603417
-0.1646962
-0.2822348
-0.07062045
-0.03270055
-0.02275453
-0.108943
-0.1719779
-0.1312105
0.0552327
-0.07809878
-0.006112848
-0.127945
-0.1160213
0.03155121
8.444511e-05
-0.05511804
0.03549684
-0.1415397
0.1040115
-0.1098987
-0.1011662
-0.1718121
-0.1627775
0.03249677
0.1555167
-0.1147688
-0.05319848
-0.08353318
-0.003563525
0.08373098
0.04261471
-0.002194771
-0.0472923
0.08291367
0.008011662
0.03378938
-0.08487856
-0.01514417
-0.06873087
-0.03602603
0.01933259
0.1827562
-0.007889908
-0.2168047
0.1078082
0.02177011
-0.05785434
-0.09246939
-0.02421984
0.1552988
-0.109766
0.00253384
0.1624926
-0.01949245
0.07411308
0.1384115
-0.112084
0.04581379
-0.01892015
0.09534826
0.07509809
0.08531255
0.0729542
-0.04382379
-0.03389739
-0.0321115
0.1345532
0.08751962
0.009115049
-0.01633324
0.1442779
0.06134266
-0.05015066
0.06190481
0.0512379
0.01766544
0.1480802
0.03135305
0.07821787
0.01834342
0.05263065
0.008507922
0.07081032
0.06792029
0.2004386
-0.04041438
0.2261434
0.03807873
0.1134856
0.2696734
0.1407972
0.05544184
-0.09793413
0.2273807
0.07046355
0.1004961
0.06810078
0.1392311
0.1137808
0.1936261
0.1035665
0.1993309
0.1854603
0.1672087
0.1886985
0.1095561
0.246237
0.2494946
0.1946356
0.2505754
0.04854102
0.1881293
0.1819583
0.2470374
-0.0201051
0.1126222
0.1908532
0.1591999
0.04150299
0.08352457
0.1504139
0.1445558
0.1489726
0.1322993
0.1389522
0.1742536
0.2905827
0.1675868
0.102601
0.2531744
0.1580024
0.200242
0.2740957
0.1074966
0.3142863
0.2417007
0.1955985
0.02143199
0.1387322
0.158022
0.08816492
0.29235
0.07862223
0.1517552
0.2015673
0.1258924
0.2543765
0.2208796
0.2195097
0.1890633
0.2968268
0.2123478
0.2324932
0.349349
-0.1295534
0.2365017
0.07977986
0.2923037
0.29296
0.2894965
0.267512
0.2913557
0.369833
0.1865393
0.2980591
0.4028159
0.2936141
0.117818
0.246168
0.2732862
0.2904994
0.1338518
0.3034435
0.2291109
0.1483572
0.1642666
0.1326354
0.2977631
0.2947321
0.3231549
0.2136096
0.18628
0.2651581
0.103832
0.2404767
0.3584149
0.2566163
0.4217025
0.2366739
0.2776053
0.4373785
0.3501665
0.3252384
0.2118111
0.3454767
0.3853666
0.4068126
0.2771621
0.4063626
0.3119322
0.4084719
0.4468641
0.1546563
0.344236
0.397268
0.2733112
0.15226
0.5248465
0.1571041
0.3935555
0.2610683
0.3218567
0.3305471
0.3531216
0.3712014
0.3178464
0.3408981
0.3429297
0.4390645
0.3057725
0.2677746
0.2484811
0.4645011
0.389396
0.376127
0.3206404
0.4788415
0.2894293
0.3517451
0.3017726
0.3845737
0.3971595
0.4359942
0.3768188
0.4034132
0.4316363
0.3209261
0.1479548
0.4182389
0.2948253
0.4060287
0.3298166
0.3572576
0.5303806
0.3717925
0.426535
0.3429958
0.4367917
0.3691184
0.2959751
0.2825206
0.3398392
0.2710986
0.3058262
0.5000393
0.4067827
0.4475697
0.449969
0.3376292
0.5150088
0.4353688
0.3804821
0.4254088
0.6040368
0.3365283
0.6616723
0.4745245
0.4425125
0.5070002
0.5281511
0.4658508
0.4080741
0.3942987
0.2934271
0.4993377
0.33888
0.4445826
0.4355771
0.5705115
0.3817896
0.5238635
0.6037813
0.51291
0.4691306
0.5740988
0.5444321
0.6240549
0.551236
0.5690986
0.5674043
0.5131737
0.2917735
0.5215113
0.3354638
0.493355
0.5514706
0.6278908
0.429935
0.4516386
0.5766524
0.7071723
0.4597589
0.4657334
0.5441009
0.57313
0.6581424
0.5442203
0.703911
0.5492931
0.4735884
0.580442
0.5367205
0.4679528
0.4438876
0.6388277
0.5032517
0.5620108
0.5220194
0.6125095
0.7437682
0.6062397
0.494443
0.4874688
0.4903942
0.6259427
0.5601143
0.5077604
0.6085284
0.737538
0.5567351
0.442662
0.7529251
0.5959482
0.5222793
0.5302842
0.4274865
0.6190523
0.6371215
0.6481281
0.6084611
0.6900688
0.6350627
0.4193047
0.6175477
0.6459556
0.761972
0.6987397
0.6581039
0.7183521
0.7226425
0.607298
0.6366192
0.5793177
0.6910076
0.6448369
0.5854858
0.6665242
0.6855106
0.465771
0.6359759
0.6214505
0.5131804
0.6996755
0.6730248
0.6735882
0.6449854
0.5567058
0.4991631
0.6874639
0.6676033
0.8445678
0.5743006
0.6837452
0.5630132
0.5802053
0.7378343
0.7032834
0.6644803
0.6566419
0.6906006
0.6612757
0.6164066
0.6176951
0.6563196
0.6507584
0.810414
0.5396185
0.7871905
0.624913
0.6165335
0.5894396
0.5365325
0.6295798
0.7862524
0.7452248
0.7663612
0.6048009
0.7519067
0.6903697
0.6881924
0.7468393
0.6115542
0.5612089
0.8551884
0.6851469
0.7618816
0.5504101
0.7648343
0.6411694
0.6755034
0.6808423
0.8339822
0.8204477
0.7428137
0.850121
0.7888885
0.7584355
0.7570431
0.9340641
0.6957767
0.7455756
0.6740343
0.6735962
0.7686575
0.757976
0.6992491
0.7355161
0.6790585
0.7172473
0.8189158
0.8304726
0.648055
0.9150854
0.7663959
0.7142078
0.5709379
0.7593771
0.7122161
0.7280391
0.861844
0.7074261
0.7220946
0.9200726
0.7691619
0.6940809
0.8837297
0.6734842
0.8804221
0.9344234
0.9284914
0.8609909
0.8878148
0.7925478
0.8437831
0.9299561
0.8469454
0.922291
0.8752725
0.8625042
0.8132632
0.8188161
0.8408102
0.9419927
0.9522914
0.7772478
0.7710106
0.8248705
0.7977423
0.8254691
0.8362383
0.7203032
0.8802334
0.8166484
0.9390761
0.9791785
0.9654411
0.9653145
0.8581191
0.8840838
0.8414757
0.8681987
0.8067316
1.004888
0.890455
0.9038675
1.038841
0.9452527
0.8349431
0.8753744
1.030737
0.9218116
1.001173
0.8958078
0.7024451
0.894551
0.8640729
0.938385
0.9930113
0.9954579
1.058934
1.067075
0.9464471
0.9426503
0.9573497
0.8368213
0.8622908
1.020253
0.9836334
0.8751232
0.8657749
0.9464315
0.9610851
0.8749015
0.9997196
1.064033
0.9134935
1.092574
1.11682
0.9041432
0.9096124
1.032845
1.078154
0.884067
0.8821762
0.9431213
0.8274923
0.9929985
1.003634
0.9401165
0.8542949
1.063762
0.9047189
0.9104387
1.137442
1.026634
1.046831
1.179468
0.861783
0.9731839
0.9552457
0.9744739