-0.03469376
-1.097289
-0.9814734
-1.045954
-0.9277552
-0.9396747
-0.8902297
-0.9276163
-0.9765123
-1.136539
-0.9241317
-0.9173509
-0.9705004
-0.9812033
-0.901704
-1.012606
-1.016204
-0.7525641
-0.9975164
-1.014201
-0.9832151
-0.773011
-0.9014722
-0.9724983
-0.8663015
-0.9069944
-0.9813054
-0.9218654
-0.936835
-0.9339104
-0.7776917
-0.9261765
-0.8193822
-1.031699
-0.9418092
-0.8745629
-0.9698371
-0.9163167
-0.9784175
-0.8825851
-0.8484921
-0.9521612
-0.9349099
-1.080232
-0.9813623
-1.020906
-0.9874072
-1.077699
-0.9363056
-0.8772839
-0.9103428
-0.9548734
-1.007248
-0.8857413
-0.9005025
-0.9996871
-0.8326351
-0.7859079
-0.9283395
-0.9219527
-0.8761225
-0.908073
-1.064027
-0.9916916
-0.8002495
-0.8765145
-0.8437621
-0.9002147
-0.7262591
-0.9346261
-0.9208875
-0.975053
-0.9214387
-0.947426
-0.9444076
-0.8253528
-0.9130774
-0.8912011
-0.7100983
-0.8268068
-0.7740954
-0.8840111
-0.8307658
-0.9517028
-0.9527618
-1.006381
-0.846732
-0.7531283
-0.812455
-0.7993886
-0.901214
-0.9693491
-0.7175964
-0.915343
-0.7522036
-0.9040031
-0.7685132
-0.7620976
-0.9271871
-0.7550069
-0.8324857
-0.7652612
-0.796626
-0.7809609
-0.722737
-0.7571462
-0.8551121
-0.5870924
-0.7562039
-0.8060272
-0.8635452
-0.8301938
-0.8248661
-0.7825775
-0.5440037
-0.8238871
-0.7904161
-0.7457286
-0.7839238
-0.6421841
-0.8703785
-0.6905287
-0.9063091
-0.6945044
-0.7016815
-0.8358225
-0.7985589
-0.7985031
-0.7705883
-0.8557111
-0.826226
-0.7308918
-0.8286372
-0.6197484
-0.707391
-0.812204
-0.7928216
-0.6844712
-0.7427444
-0.8015918
-0.6740683
-0.7502406
-0.7711874
-0.5120163
-0.8117717
-0.6575199
-0.7462165
-0.4804479
-0.6351824
-0.6599869
-0.6980884
-0.6015237
-0.668653
-0.635967
-0.7098406
-0.7684233
-0.6785957
-0.7103083
-0.5831826
-0.8015789
-0.742282
-0.6446819
-0.5696847
-0.5998362
-0.632192
-0.7206326
-0.7356192
-0.6694353
-0.6768638
-0.6296054
-0.5710109
-0.664015
-0.6032383
-0.4904278
-0.7419518
-0.5824021
-0.7629663
-0.6136138
-0.7808344
-0.5889363
-0.5451138
-0.6001394
-0.6317018
-0.5709568
-0.5899674
-0.5947551
-0.7175899
-0.6629361
-0.5770947
-0.5439446
-0.7864655
-0.6447081
-0.7433035
-0.5608689
-0.5912518
-0.6043323
-0.5522075
-0.6310209
-0.6412395
-0.4585227
-0.553315
-0.772877
-0.6163175
-0.6126226
-0.6486295
-0.6485841
-0.5606563
-0.4192626
-0.6177685
-0.4221252
-0.5124079
-0.5688209
-0.4986882
-0.4975261
-0.6290032
-0.5897331
-0.5579583
-0.6795405
-0.5081457
-0.6537087
-0.5687646
-0.5463495
-0.6700184
-0.6841576
-0.4023583
-0.6249874
-0.5777296
-0.3911736
-0.4893666
-0.5932499
-0.5448949
-0.3856561
-0.6002661
-0.504102
-0.5972804
-0.6356705
-0.4751349
-0.5012731
-0.5563445
-0.4838478
-0.5146568
-0.4574411
-0.5483829
-0.5735154
-0.433861
-0.5643773
-0.6025808
-0.5013764
-0.582893
-0.6509954
-0.5404535
-0.3648567
-0.663168
-0.3560744
-0.5246871
-0.5375472
-0.493817
-0.4569022
-0.4795141
-0.4155839
-0.3677618
-0.4831467
-0.6082343
-0.4702999
-0.5026806
-0.5482871
-0.3965323
-0.4058538
-0.4234294
-0.4901093
-0.4108969
-0.3640315
-0.477206
-0.4090375
-0.3046116
-0.3654683
-0.4616606
-0.4652243
-0.3891746
-0.5117702
-0.4418741
-0.4027978
-0.3595635
-0.4557689
-0.5085853
-0.3425831
-0.4567131
-0.5227127
-0.2643838
-0.5980403
-0.4396811
-0.3712021
-0.4486223
-0.3919458
-0.4202676
-0.3874513
-0.4051004
-0.5410938
-0.3365118
-0.4228527
-0.5835497
-0.531173
-0.3939471
-0.5087985
-0.4762547
-0.4587275
-0.3297726
-0.2883321
-0.4362457
-0.459673
-0.4923184
-0.5747729
-0.3817435
-0.3952188
-0.3279321
-0.464536
-0.4651166
-0.3327137
-0.4360476
-0.4251727
-0.4283274
-0.3617612
-0.358221
-0.2470195
-0.3744423
-0.3957611
-0.4283264
-0.3672146
-0.4399812
-0.2787402
-0.3711793
-0.4049955
-0.3571981
-0.3464287
-0.3843081
-0.1948071
-0.1863576
-0.1828521
-0.3435292
-0.396357
-0.3402144
-0.3417793
-0.3165341
-0.2956462
-0.4023124
-0.3414453
-0.2886596
-0.2582746
-0.3688611
-0.2518932
-0.2426176
-0.1936141
-0.2787232
-0.2818005
-0.2063662
-0.3371974
-0.2435107
-0.2032741
-0.3676719
-0.1962337
-0.3580253
-0.2205902
-0.3150766
-0.2434403
-0.1949895
-0.26329
-0.3652963
-0.412035
-0.4211969
-0.2753972
-0.2232307
-0.2105025
-0.3071617
-0.3783472
-0.131002
-0.3661719
-0.2843216
-0.2311911
-0.1677831
-0.3612198
-0.1406164
-0.1454377
-0.2837967
-0.4276249
-0.3872384
-0.1098999
-0.1719017
-0.1992809
-0.2190428
-0.159499
-0.354929
-0.3407581
-0.3189156
-0.3275165
-0.3096451
-0.1734344
-0.2873942
-0.2223216
-0.1469103
-0.2386187
-0.2922481
-0.003886799
-0.03554631
-0.361049
-0.3443412
-0.2023766
-0.2604158
-0.1820545
-0.01628361
-0.1984619
-0.1347885
-0.2693707
-0.1684395
-0.2630009
-0.164285
-0.1137466
-0.1683665
-0.272548
-0.1864705
-0.1770214
-0.1157893
-0.1766141
-0.1029295
-0.2138665
-0.03356149
-0.3621053
-0.1304474
-0.04472021
-0.1731622
-0.04087597
-0.2038088
-0.1956561
-0.0906037
-0.1032749
-0.1314924
-0.2193508
-0.06266805
-0.2175349
-0.09654658
-0.2512744
-0.1930071
-0.1719328
-0.1478809
-0.05064847
-0.1625036
-0.04854287
-0.3001002
-0.2644554
-0.1191823
-0.06931363
-0.2237192
-0.05123246
-0.02155322
-0.2135271
0.03124795
-0.2206533
0.002734474
-0.02221963
0.01645854
-0.2960983
-0.07651812
-0.04499282
-0.1601113
-0.04155839
-0.1520181
0.04622957
-0.1077041
-0.1480732
-0.03525209
0.002695886
-0.008630582
-0.1058989
-0.1285202
-0.05231114
-0.07940518
0.01790628
-0.166353
-0.0703789
-0.003727051
-0.0331523
-0.06501958
-0.03689532
0.04926773
0.05127171
-0.03319421
-0.06560612
0.004834811
-0.1804543
-0.03451515
0.03758246
-0.1067033
0.101926
0.01850605
0.02121393
-0.1506352
-0.06766042
0.03719511
-0.2005018
-0.01843537
0.003599732
-0.1259199
0.001963132
0.1332203
-0.01289852
-0.0470927
0.09286012
0.006483267
0.02209577
0.03307892
0.01329879
1.07244e-05
-0.03979318
0.0004671251
-0.004099796
0.07455161
0.1201336
0.003121886
0.0369699
0.01176218
0.06787655
0.09949543
-0.07229718
0.1451285
0.02256181
0.01987894
0.142059
0.0278139
-0.0903306
-0.06566697
0.06823782
-0.01682986
0.2218647
0.1133468
0.07359571
0.1676157
0.1420212
0.05008343
-0.0381891
0.105013
0.1464339
0.03457471
0.1083885
0.1074223
0.006209229
0.1254879
0.03514101
0.1227977
-0.001228975
0.1879356
0.0320195
0.2530201
0.1586833
0.09653397
0.01176404
0.1678403
0.21848
0.132146
0.06269407
0.1119614
-0.01169345
0.1236428
0.186655
0.1171122
0.07098318
0.1648664
0.2447772
0.1835507
0.0307057
0.1153185
0.1499276
0.2478281
0.1358262
0.3192465
0.1064715
0.1771744
0.04725006
0.1939329
0.1762638
0.1621546
0.1392691
0.2066819
0.1323547
0.1462792
-0.01371742
0.07210765
0.2310334
0.2961201
0.1500878
0.12203
0.298591
0.1577045
0.1711013
0.1834157
0.1430967
0.2509627
0.06698183
0.2133332
0.2434486
0.1145894
0.3290917
0.1928008
0.181539
0.1206376
0.03640276
0.3053605
0.2408387
0.134301
0.2055928
0.1908859
0.3636111
0.2392741
0.155445
0.05600835
0.1780087
0.2533218
0.2249105
0.1070945
0.1529953
0.2382107
0.1452369
0.3107544
0.2072895
0.2258049
0.3552215
0.2672942
0.2870431
0.1782808
0.1502886
0.2902977
0.2791449
0.1014379
0.04400261
0.3038452
0.3233288
0.2520173
0.1836934
0.2301634
0.2859874
0.1472449
0.2101147
0.2626654
0.27532
0.2441851
0.4004747
0.2577903
0.3808251
0.1232966
0.3172129
0.3103535
0.2405978
0.412096
0.327147
0.2612284
0.3984136
0.3619682
0.4145164
0.361385
0.3080255
0.2735162
0.3906245
0.3233234
0.1542877
0.3423626
0.4211049
0.386507
0.4382091
0.4023401
0.2149014
0.3616745
0.2821287
0.2264247
0.3973736
0.4394933
0.4000175
0.2916771
0.3934935
0.2685985
0.4945645
0.5826383
0.5659458
0.4034075
0.5425916
0.345971
0.394545
0.331231
0.3334943
0.4343249
0.5463553
0.3258468
0.3660053
0.4790933
0.3340289
0.2330265
0.2502098
0.3538058
0.2998573
0.3251193
0.2830478
0.47204
0.378897
0.2721996
0.4207543
0.3907822
0.5067376
0.3727506
0.3823315
0.3181751
0.4441994
0.3607792
0.4306347
0.3500099
0.4049398
0.3115617
0.3323367
0.4863671
0.3928742
0.4216131
0.428105
0.4396044
0.4039564
0.2401717
0.3984934
0.3188212
0.5840088
0.4743973
0.4997468
0.3579687
0.5739789
0.526759
0.533329
0.4316921
0.4331644
0.45009
0.4115119
0.446275
0.4201362
0.4503086
0.3616884
0.4441749
0.4075152
0.442407
0.3722337
0.4816786
0.4505178
0.4521967
0.5693773
0.5723453
0.6073851
0.556071
0.5605418
0.5446348
0.5454226
0.6123985
0.6091657
0.5202538
0.5221067
0.6402
0.5719461
0.4270623
0.5511328
0.5472441
0.5472067
0.503499
0.4857665
0.6033273
0.4269394
0.5128504
0.4745703
0.5780653
0.5250491
0.5516383
0.4915335
0.5492302
0.4856997
0.4797291
0.5672392
0.4120373
0.508847
0.64826
0.6587754
0.6084527
0.5515502
0.6512402
0.4175252
0.5703174
0.6120143
0.499854
0.6093179
0.5129408
0.5304787
0.4243016
0.7319685
0.6317267
0.5877508
0.4790049
0.4830177
0.5949387
0.5632246
0.5850148
0.6769444
0.564488
0.5608443
0.4419622
0.6542093
0.5436856
0.4530275
0.4655967
0.5325562
0.6146832
0.6423757
0.6052981
0.7136922
0.7291038
0.6563307
0.7257005
0.5305036
0.5416574
0.6751878
0.6071132
0.6272927
0.6359376
0.6931057
0.4539569
0.6638546
0.696445
0.8501881
0.7305067
0.6546854
0.6834421
0.7506906
0.8251016
0.6719499
0.632468
0.6673128
0.668527
0.7511144
0.6821612
0.6102863
0.732541
0.6854585
0.6546771
0.6188083
0.707142
0.6970126
0.6134047
0.7705798
0.5973332
0.702437
0.6181739
0.6367462
0.7805435
0.7275834
0.7132358
0.7568424
0.7946756
0.7919274
0.6955492
0.6975471
0.7641906
0.6192487
0.900107
0.6887148
0.7520373
0.7819879
0.6408662
0.6954102
0.6774219
0.7829554
0.6915057
0.6161182
0.6090057
0.7471919
0.6768157
0.8362495
0.8618019
0.701862
0.6869656
0.8038572
0.7999105
0.5910987
0.783571
0.6815144
0.6745813
0.7721371
0.7042951
0.7105796
0.7082616
0.7616876
0.7851351
0.6858188
0.8400635
0.8688268
0.9417764
0.8611122
0.7373724
0.8287549
0.6912611
0.7392349
0.7366962
0.6958932
0.8916052
0.8163146
0.8700565
0.6444867
0.8259005
0.8151012
0.8250713
0.7627483
0.8504447
0.7333264
0.8285139
0.696423
0.8170267
0.7929504
0.8016844
0.7743817
0.7848795
0.896539
0.8218522
0.9637179
0.8559498
0.8929832
0.815561
0.8359195
0.7613933
0.97456
0.9062214
0.8718864
0.829571
1.055612
0.8217345
0.9246349
0.9512271
0.8922984
0.8259291
0.8938744
0.780813
0.871434
0.708555
0.9208654
1.004129
0.7860068
0.9408538
0.7796379
0.8878296
0.9849127
0.8370233
0.9465084
0.8507451
0.8667512
0.7270318
0.8986675
0.9747216
0.992738
0.9676212
0.905714
0.7640435
1.102511
0.9635508
0.869435
0.954724
0.8464721
0.909593
0.9346617
0.9928852
0.9257258
1.027553
0.9080105
0.9145593
0.8006382
0.9258688
1.018933
0.9412799
1.044908
0.9548579
1.046243
0.8283272
0.8606343
0.9751425
0.9125784
0.9791391
0.744212
0.912953
1.053809
0.9370373
0.839775
1.035362
0.9607409
1.01326
0.9486822
1.011826
1.148541
0.9682325
1.110209
0.9938657
0.9354667
1.019288
0.9136089
1.044978
1.078196
0.8557244