-0.01205046
-0.9689806
-0.9428832
-0.9660269
-1.088966
-0.9281565
-0.872862
-0.946318
-0.8653237
-0.979172
-1.104563
-1.072729
-1.087669
-0.9499621
-0.8921993
-1.02986
-0.9684556
-0.9310652
-1.026497
-0.9444086
-1.098288
-1.095814
-0.9635678
-1.086933
-0.9665894
-0.7806914
-0.9409247
-1.097058
-0.9215869
-0.9718617
-1.04476
-0.8941037
-0.8409568
-0.9887976
-0.9559042
-1.051876
-0.9931597
-1.078123
-0.8401323
-0.8931829
-0.745983
-0.8376079
-0.9523057
-0.9509118
-1.030515
-0.8701923
-1.017833
-0.9443659
-1.041892
-0.8700725
-0.9170976
-0.8357259
-0.9234861
-0.8969182
-0.9345285
-0.9535712
-1.013751
-0.960831
-0.808758
-0.8531323
-0.8348856
-0.8923116
-0.974579
-0.8495165
-0.7710891
-0.9010902
-0.8716144
-0.9383568
-0.9464932
-0.8919087
-0.7904439
-0.80449
-0.8035593
-0.9093683
-0.7520237
-0.8116596
-0.8875692
-0.8580619
-0.7743151
-0.8868647
-0.8753689
-0.7538644
-0.7600217
-0.7845824
-0.7123082
-0.9670853
-0.7989379
-0.8324461
-0.8788768
-0.6771126
-0.6807044
-0.950582
-0.7860809
-0.8495576
-0.9336732
-0.6777185
-0.7039054
-0.9141783
-0.73039
-0.7825568
-0.740032
-0.9286872
-0.7645037
-0.8712026
-0.7662573
-0.8433959
-0.844262
-0.8916108
-0.8893573
-0.733899
-0.799548
-0.7469217
-0.7096824
-0.8539235
-0.6778803
-0.8885694
-0.5697536
-0.9422584
-0.8989739
-0.7663617
-0.7344324
-0.8286476
-0.713562
-0.8817776
-0.7893826
-0.8977267
-0.7864516
-0.7046086
-0.748966
-0.8858038
-0.8495908
-0.6271972
-0.6246158
-0.8398092
-0.6358344
-0.8610234
-0.7738972
-0.7987505
-0.5993047
-0.6967478
-0.6733308
-0.8741866
-0.7036102
-0.5581507
-0.7359532
-0.7019127
-0.7657613
-0.751088
-0.6287487
-0.5574654
-0.7136873
-0.7519044
-0.6622564
-0.6961108
-0.6505873
-0.6234604
-0.6832675
-0.8199275
-0.6235083
-0.6407855
-0.7595878
-0.6057331
-0.7564186
-0.5977702
-0.6589929
-0.6518835
-0.6394792
-0.7421816
-0.6260023
-0.6620081
-0.6746338
-0.5080863
-0.4667543
-0.6173563
-0.7916997
-0.5226987
-0.6714049
-0.6918728
-0.551254
-0.8012339
-0.7876547
-0.6159144
-0.6995493
-0.6395524
-0.7328767
-0.7124336
-0.5845949
-0.7973278
-0.6102222
-0.6536116
-0.7146359
-0.5482103
-0.5130237
-0.5451954
-0.5824263
-0.6983547
-0.6447707
-0.65773
-0.7022962
-0.6114387
-0.6226361
-0.6010482
-0.5364494
-0.542407
-0.6317936
-0.5464688
-0.6282364
-0.4997428
-0.6423468
-0.4720899
-0.579336
-0.6759083
-0.6165926
-0.5210397
-0.6782002
-0.5492066
-0.6137227
-0.4467566
-0.4774255
-0.7192068
-0.6403376
-0.6218423
-0.6044665
-0.5981973
-0.5435649
-0.4251675
-0.4590701
-0.7028268
-0.6850838
-0.5392666
-0.5950964
-0.4969645
-0.3823872
-0.6034433
-0.5708493
-0.392232
-0.4945369
-0.3962258
-0.4812804
-0.3744433
-0.672751
-0.5027857
-0.5610932
-0.4232462
-0.4520556
-0.489824
-0.3867861
-0.5129543
-0.6005154
-0.5368411
-0.5039762
-0.4105038
-0.5020048
-0.3851342
-0.686531
-0.537072
-0.5533729
-0.4116642
-0.3696391
-0.4871564
-0.4439142
-0.4915827
-0.3644479
-0.4715964
-0.3087509
-0.5094497
-0.4343503
-0.5101594
-0.5759871
-0.4436876
-0.4253634
-0.4950506
-0.5088739
-0.4843376
-0.3890712
-0.347658
-0.4520361
-0.4919941
-0.3556325
-0.5680909
-0.4052625
-0.4931794
-0.3752859
-0.4020322
-0.4710153
-0.4527765
-0.4787574
-0.5260842
-0.3634884
-0.2877516
-0.417979
-0.3495706
-0.5372694
-0.2961594
-0.427432
-0.6200602
-0.3175235
-0.5003512
-0.423541
-0.3002763
-0.4865077
-0.2801952
-0.2762661
-0.3431978
-0.4000213
-0.2556166
-0.3364755
-0.5714839
-0.1982982
-0.3432951
-0.2643345
-0.3039361
-0.3905861
-0.4513781
-0.3060609
-0.3527049
-0.3483135
-0.2923533
-0.4343729
-0.3073348
-0.3589276
-0.3339251
-0.3812534
-0.4610812
-0.302144
-0.2697685
-0.3234858
-0.4514922
-0.3765194
-0.3645855
-0.5096987
-0.4351139
-0.2953961
-0.3755517
-0.2834515
-0.3346753
-0.2985059
-0.3398316
-0.3007922
-0.4078448
-0.347684
-0.2894159
-0.2107449
-0.3345514
-0.4023069
-0.3136445
-0.3778193
-0.2847072
-0.2592894
-0.4270768
-0.369224
-0.2971479
-0.2425944
-0.2111852
-0.4834506
-0.06605408
-0.06576927
-0.2300834
-0.2206184
-0.3076592
-0.2997036
-0.2600341
-0.3201053
-0.4150682
-0.2317292
-0.2382071
-0.3428641
-0.3687927
-0.1518827
-0.280734
-0.2356378
-0.2445725
-0.3175895
-0.2501605
-0.3709621
-0.2669694
-0.3897761
-0.4052109
-0.227488
-0.2462195
-0.08820707
-0.3499265
-0.312297
-0.3394444
-0.325857
-0.2125907
-0.3108547
-0.3576923
-0.2441169
-0.2206952
-0.1929126
-0.3154802
-0.2732107
-0.252022
-0.4028275
-0.2364214
-0.2301481
-0.2180787
-0.1323341
-0.3588558
-0.205558
-0.1020237
-0.1457916
-0.1669111
-0.1502687
-0.1913695
-0.1945916
-0.205244
-0.1191863
-0.3057415
-0.1666142
-0.1734055
-0.1774888
-0.1228716
-0.08091447
-0.07810651
-0.3166359
-0.3790804
-0.1722504
-0.2358839
0.02626183
-0.2004805
-0.1722149
-0.1318389
-0.2194396
-0.06801995
-0.2025129
-0.146095
-0.1303278
-0.05536462
-0.07700245
-0.09696597
-0.03398982
-0.05090558
-0.1305071
-0.08289312
-0.258211
-0.3574092
-0.1299999
-0.2471687
0.07682847
-0.08238441
-0.2125205
-0.1163963
-0.1328933
-0.1928859
-0.2607472
-0.1414157
-0.02842803
-0.002643026
-0.1693204
-0.1129911
-0.07598115
-0.1539814
-0.2023123
-0.05019826
-0.145714
-0.02416098
-0.07809501
-0.1197441
-0.1660565
-0.02799278
0.01767339
0.01396679
-0.01668842
-0.1194432
-0.02645748
0.004392611
-0.02347875
-0.1564748
-0.1003165
0.03920687
-0.09034506
-0.02844638
-0.08628075
-0.09559983
-0.0252523
0.006405715
-0.07201459
-0.04460265
-0.0989344
-0.07923228
0.03948586
0.1064413
0.04129027
-0.004233276
-0.1046689
-0.1217321
0.03224867
-0.0465338
-0.06632106
-0.007699928
-0.1887222
0.1690362
-0.01862561
-0.04204329
-0.0005121389
-0.0221058
0.1011024
-0.1236228
-0.04856897
0.08468519
-0.04328297
0.07523936
-0.02607213
0.02481904
-0.02510181
-0.1448421
0.03681587
0.03127781
0.1056552
-0.08029604
-0.03032187
0.08025888
0.0003337008
0.05458595
0.05537311
0.02812198
0.006878751
-0.09041002
-0.02575487
0.1767226
0.01591734
-0.01572959
0.2713712
0.04741111
0.0110207
-0.004959185
0.1274533
-0.03881358
0.1547164
0.1176239
0.06304388
0.1791487
0.07000395
-0.02570628
0.01102038
0.1723517
0.1413845
0.09257122
0.1105944
-0.02131096
0.05272326
0.06817524
0.1143043
0.09365731
0.08576547
0.1434254
0.2642098
0.09731428
0.1325994
0.07097437
0.03126636
0.1833719
0.03357426
0.1467711
0.1994318
0.2124237
0.08101535
0.0802885
0.1562635
0.1383512
0.1224228
0.2175183
0.0567262
-0.04447209
0.1560733
0.105467
0.1646882
0.1404472
0.2353521
0.1751537
0.218408
0.1062605
0.0993456
0.1928597
0.1083528
0.1690313
0.2178078
0.2508927
0.1590829
0.1731902
0.2095569
0.2906828
0.0923426
-0.01809292
0.1155504
0.08692807
0.2054354
0.3023672
0.3099523
0.2685048
0.04574508
0.2119603
0.2371739
0.283302
0.2383411
0.1316286
0.2615718
0.06822364
0.2078507
0.1837381
0.3194189
0.1791992
0.09354059
0.2036476
0.2658764
0.2022566
0.3011356
0.1888493
0.2851408
0.3009481
0.1922304
0.2566388
0.1688327
0.2322016
0.310555
0.1757518
0.2725669
0.09583094
0.2326198
0.1863705
0.1695045
0.2310964
0.1819429
0.3062424
0.3074028
0.1982601
0.1413138
0.2589701
0.3290077
0.0482063
0.1260533
0.4375769
0.2758822
0.05091418
0.2040272
0.4049227
0.274395
0.2840809
0.3539921
0.3042496
0.3206075
0.3083387
0.3040858
0.2481532
0.2831404
0.2419992
0.3271088
0.3391448
0.3710454
0.3242289
0.3140827
0.3909636
0.3464786
0.3429407
0.2657527
0.2830786
0.2940734
0.248669
0.2931615
0.3172684
0.3237547
0.18678
0.373464
0.4047817
0.2440921
0.3014804
0.3776648
0.2624815
0.4323592
0.32191
0.1927675
0.3553986
0.452718
0.4688002
0.3357249
0.2144318
0.4048738
0.2361162
0.3894185
0.2514116
0.3420954
0.3041669
0.3554266
0.4572347
0.4877572
0.3798056
0.5521044
0.4471506
0.4335947
0.3863364
0.323065
0.5645683
0.2549952
0.402313
0.2445594
0.2643295
0.3520562
0.3901398
0.4436705
0.3327453
0.464241
0.3642047
0.4128913
0.2958934
0.4862523
0.3737115
0.4726886
0.3946509
0.6263111
0.4361291
0.548675
0.371842
0.3479182
0.3874534
0.3898502
0.5154443
0.4141117
0.2866079
0.3593183
0.4493279
0.5392719
0.4516062
0.6187684
0.3875401
0.3010358
0.4668732
0.4225016
0.4623794
0.5142627
0.5111494
0.3940218
0.4984789
0.6011725
0.3829969
0.5300524
0.5406237
0.4555962
0.3993148
0.426152
0.5629501
0.3376244
0.5605294
0.5068856
0.5697664
0.5048455
0.5621864
0.3624569
0.4168689
0.4375911
0.5791611
0.5579811
0.4029938
0.5429596
0.4310805
0.6105673
0.6335239
0.5013822
0.5417311
0.4300638
0.6003025
0.5589852
0.5200851
0.419208
0.4871713
0.4687901
0.5765851
0.5146807
0.5518453
0.5417076
0.5821526
0.633785
0.4698255
0.6523371
0.6778698
0.5267352
0.5708296
0.4267492
0.6512378
0.5049317
0.5947321
0.482586
0.4645719
0.7046542
0.51398
0.5090304
0.5772292
0.6349804
0.5498764
0.5487544
0.4590212
0.4296387
0.6192305
0.5589066
0.4789048
0.663417
0.6102926
0.6307809
0.6161241
0.5128436
0.5760899
0.5748675
0.6685207
0.7165975
0.5795494
0.7057837
0.6394247
0.5482346
0.502108
0.6513791
0.746954
0.6060153
0.6297352
0.603122
0.6721329
0.4298556
0.5414473
0.6841931
0.5134464
0.7204334
0.5948327
0.7365441
0.7343291
0.6475247
0.6882468
0.7393691
0.6341014
0.7527287
0.5740276
0.5540194
0.6163569
0.6920353
0.5228803
0.5947179
0.8519587
0.5517223
0.6780307
0.6644885
0.8606353
0.7240575
0.6340671
0.6236673
0.7600737
0.6952163
0.7238559
0.7386226
0.6545682
0.6564429
0.6456241
0.7734659
0.7674622
0.7345913
0.5950462
0.7011298
0.6630142
0.6674389
0.7204418
0.8115523
0.7845883
0.7109013
0.7805444
0.7138684
0.6452201
0.7831677
0.5969891
0.8196925
0.7123238
0.7490908
0.7376975
0.6795574
0.7437082
0.7063469
0.6777145
0.7461526
0.7661673
0.7826238
0.8177881
0.6689909
0.7129509
0.7046687
0.657341
0.814547
0.8514001
0.8592965
0.6921943
0.8251151
0.8950321
0.7847633
0.8602094
0.7244444
0.7645222
0.8153885
0.7590246
0.8144819
0.9193045
0.7961576
0.7293555
0.9451865
0.7465167
0.8282848
0.785194
0.8332676
0.8122835
0.7497705
0.7525978
0.810608
0.8805632
0.7698573
0.7527861
0.8041513
0.8678308
0.9766692
0.8990522
0.7772955
0.7385176
0.9327745
0.9131736
0.8892636
0.9026407
0.8519111
0.9612723
0.8691116
0.9132857
0.9314991
0.6544071
0.9474241
0.8695097
0.8679379
0.8076342
0.8147999
0.8439
0.886327
1.005473
0.9401424
0.8555327
0.8386903
0.7996194
0.7905215
0.9318364
0.829462
0.8335649
0.8263688
0.6298138
0.9210127
0.8734687
0.8324007
0.8892141
1.030936
0.8714847
0.9083564
0.8138868
1.06643
0.8915293
0.9043854
1.010012
1.093236
0.815214
1.041605
0.9141449
1.052761
1.085398
0.9041012
0.9021294
0.8560813
0.8873056
0.9281488
0.8116775
0.9157303
0.9883002
1.037048
0.9591563
1.045288
0.9432904
0.8619151
0.8443225
0.7946344
0.9642954
0.9141684
0.8508833
1.0179
0.8529783
0.9766742
0.9574072
0.8958412
1.032411
1.118767
0.98924
0.9929902
1.075053
0.9245698
0.9773324
1.042984
1.021327
1.015122
1.028943
0.7974404
1.050846
0.9009661
1.00238
1.013195