-0.02064005
-1.023469
-0.9747255
-1.025429
-0.9406134
-0.9513188
-1.060594
-1.083389
-0.9196375
-0.9905913
-1.033778
-1.042874
-1.011991
-0.8835963
-0.9229149
-1.076213
-0.8841086
-0.9190084
-0.900102
-0.9104188
-0.9459717
-0.976366
-0.9862974
-1.108355
-0.9036245
-1.081886
-0.9318352
-1.011257
-0.9561902
-0.9373225
-0.9740009
-0.9751463
-0.9709718
-1.006604
-0.9335777
-0.8779683
-0.8985771
-1.144066
-0.9617111
-0.9454272
-1.008136
-0.915815
-0.8392509
-0.7977188
-0.9540558
-0.9645153
-0.8785096
-0.9411478
-1.05124
-0.8643065
-0.9337071
-0.7926564
-0.9031888
-0.9950623
-0.8312273
-1.042005
-0.9175008
-0.8347433
-0.9027845
-1.006948
-1.058453
-0.9009291
-1.033892
-0.793561
-0.9677002
-0.815195
-0.7331616
-0.856055
-0.7461348
-0.8704601
-0.8745906
-0.8993553
-1.013894
-0.9777916
-0.7039896
-0.9365319
-0.8461454
-0.7138542
-0.8548108
-0.8341405
-0.6851823
-0.943879
-0.9197031
-0.8285352
-0.8730086
-0.988578
-0.7154642
-0.8604533
-0.8450108
-0.9838082
-0.7812855
-0.7289396
-0.8859046
-0.6960162
-0.6185524
-0.8291928
-0.745795
-0.8043689
-0.7601531
-0.8450634
-0.7078689
-0.9299366
-0.6399858
-0.8103209
-0.825813
-0.7791173
-0.7712834
-0.7683976
-0.8798386
-0.7373457
-0.834329
-0.7552286
-0.8097076
-0.7850379
-0.8017631
-0.7842973
-0.7657512
-0.639761
-0.7544931
-0.7544853
-0.7132436
-0.8531567
-0.769379
-0.6810245
-0.8218862
-0.7083887
-0.5865673
-0.7719876
-0.8056631
-0.7200833
-0.8043833
-0.7753935
-0.818751
-0.7157724
-0.6433667
-0.7493206
-0.7882274
-0.5840507
-0.8022799
-0.6111471
-0.6427668
-0.8031112
-0.6677654
-0.8294619
-0.7376394
-0.6220593
-0.7467261
-0.6111935
-0.7991666
-0.8041628
-0.6487227
-0.8114667
-0.7939191
-0.602911
-0.6269207
-0.6303557
-0.6062188
-0.7583359
-0.6475197
-0.6567803
-0.8306283
-0.5853472
-0.7265383
-0.6550896
-0.6595742
-0.6456197
-0.7480311
-0.7045035
-0.5445527
-0.6636595
-0.6501276
-0.6800359
-0.68269
-0.6188122
-0.6509183
-0.6954432
-0.6681577
-0.7476909
-0.727697
-0.6192936
-0.6946228
-0.6196754
-0.6433695
-0.7539958
-0.6895727
-0.5596933
-0.6674441
-0.547988
-0.6022687
-0.6405662
-0.6271766
-0.4314343
-0.5470481
-0.5633023
-0.5815838
-0.6251935
-0.5252203
-0.4900576
-0.6781772
-0.6655781
-0.6619191
-0.6008082
-0.5491851
-0.4956078
-0.7068444
-0.5392462
-0.6737006
-0.6222681
-0.5456583
-0.7004054
-0.5473781
-0.4765719
-0.571477
-0.6317336
-0.577488
-0.6276959
-0.5436896
-0.5994023
-0.5689567
-0.5724733
-0.5498686
-0.5201814
-0.4561572
-0.5704534
-0.6065884
-0.6201356
-0.4483109
-0.3549761
-0.6158645
-0.5302765
-0.6264317
-0.6284751
-0.2614786
-0.5202214
-0.5722898
-0.6383048
-0.6645257
-0.4209981
-0.4057564
-0.4915696
-0.4653908
-0.4784003
-0.6397228
-0.4737831
-0.6133271
-0.5468021
-0.4548184
-0.5047782
-0.5056937
-0.4804274
-0.4375998
-0.4931135
-0.5867314
-0.484645
-0.44892
-0.4619566
-0.5175935
-0.4919118
-0.4497485
-0.3116011
-0.6220279
-0.4971199
-0.378296
-0.4683379
-0.5306161
-0.4439029
-0.5977964
-0.4350026
-0.4732274
-0.3996592
-0.3533125
-0.4039247
-0.4135422
-0.5017603
-0.4646356
-0.3771123
-0.347132
-0.560655
-0.5083159
-0.400646
-0.3743646
-0.445377
-0.3994204
-0.5556058
-0.3350884
-0.458159
-0.3277627
-0.501192
-0.6200441
-0.2825164
-0.3081602
-0.2915632
-0.5998483
-0.3303811
-0.4941979
-0.3392274
-0.3254607
-0.4242003
-0.3634294
-0.4791851
-0.3474512
-0.462732
-0.363178
-0.4525249
-0.4498612
-0.4813103
-0.6100128
-0.4622345
-0.3504605
-0.3943751
-0.3913361
-0.4735084
-0.3922887
-0.3206163
-0.4786728
-0.2760998
-0.3492108
-0.2177969
-0.2650307
-0.3987088
-0.5513599
-0.3699455
-0.3394329
-0.4337177
-0.4103153
-0.3550781
-0.3875547
-0.5174302
-0.2853943
-0.3104342
-0.3704899
-0.4418301
-0.3876854
-0.3589199
-0.40831
-0.2710874
-0.3143128
-0.3340244
-0.2653921
-0.2805786
-0.282857
-0.3608684
-0.3282643
-0.397145
-0.2934017
-0.2828191
-0.2207025
-0.3368306
-0.3392933
-0.4787917
-0.3455909
-0.3699497
-0.2685247
-0.2457432
-0.20153
-0.2751657
-0.1781524
-0.3471377
-0.1756035
-0.3617851
-0.4918886
-0.3070715
-0.2600913
-0.2241478
-0.322078
-0.219745
-0.3412657
-0.3155977
-0.3338384
-0.3205457
-0.2808548
-0.2048103
-0.2593812
-0.330432
-0.3660852
-0.3311699
-0.171497
-0.3316405
-0.2294214
-0.2180299
-0.2545937
-0.2767021
-0.2480576
-0.2463214
-0.2038598
-0.3129021
-0.2449085
-0.1098249
-0.2386358
-0.2414797
-0.20139
-0.0613484
-0.220698
-0.3590661
-0.1918879
-0.3813463
-0.1194576
-0.06194835
-0.2005631
-0.1671272
-0.1922293
-0.1536057
-0.1067417
-0.2780883
-0.0694022
-0.1369733
-0.1693684
-0.04407378
-0.1975778
-0.2302445
-0.09416011
-0.1675623
-0.1243526
-0.1500242
-0.2292452
-0.1130074
-0.1530167
-0.2102197
-0.2532611
-0.2104407
-0.1087098
-0.213687
-0.1993474
-0.1070704
-0.1201792
-0.2325017
-0.2022279
-0.2767126
-0.2429789
-0.2313845
-0.3226704
-0.1143358
-0.04143354
-0.2409435
-0.2021569
-0.06870523
-0.06061411
-0.2913059
-0.1496245
-0.2112297
-0.007414462
-0.1900493
-0.1348273
-0.002567941
-0.2210567
-0.1120547
-0.212164
-0.1680704
0.04943807
0.09010744
0.03152027
-0.08055865
-0.1814893
-0.09877059
-0.01658265
-0.1380512
-0.1096412
-0.2267746
-0.05343925
-0.004941074
-0.1555782
-0.2794332
-0.06437399
-0.04350557
-0.000833314
-0.1024639
-0.1471861
-0.1323985
0.06079556
-0.04295143
0.003060421
-0.1190741
-0.1095367
0.01721644
0.004478967
-0.04533534
0.002587586
-0.1356807
0.07829952
-0.0928456
-0.1029677
-0.1693537
-0.1698286
0.02672027
0.1687533
-0.1417669
-0.05085237
-0.07621317
-0.01140907
0.08421809
0.04988116
-0.002089285
-0.04883057
0.1019259
0.0130351
0.01889511
-0.0974105
-0.008431845
-0.07904349
-0.01924835
0.007548235
0.1506366
-0.007163592
-0.2311116
0.1058459
0.002651608
-0.07149385
-0.09515873
-0.01367972
0.155199
-0.0963056
0.003897705
0.1823373
-0.007353703
0.08362134
0.1628931
-0.1094904
0.04070093
-0.01781842
0.08511523
0.08711906
0.09967966
0.05821808
-0.03315114
-0.02171301
-0.02587031
0.1451476
0.08771843
0.01196994
-0.02262421
0.1414767
0.05765881
-0.05318821
0.06325042
0.05976402
0.03287139
0.1454175
0.02644359
0.09489167
0.01906258
0.06871095
0.01512902
0.04405502
0.06104723
0.2126567
-0.04445619
0.1960273
0.01768557
0.117361
0.2591637
0.1194365
0.06835226
-0.1029565
0.2240193
0.0914104
0.09441815
0.05885998
0.1425821
0.1203556
0.1973276
0.1079326
0.1945831
0.1951268
0.1613365
0.1536959
0.1245148
0.2436986
0.2631368
0.2108496
0.247375
0.04468673
0.1937779
0.1699296
0.2468497
-0.01479413
0.1149084
0.2095992
0.1518828
0.04158892
0.07742658
0.1626446
0.1484994
0.1582149
0.08719781
0.160493
0.1963435
0.2866097
0.1895733
0.1065103
0.2541767
0.1382191
0.1846787
0.2768287
0.1211363
0.3087018
0.2178715
0.216764
0.03056658
0.1317811
0.1430917
0.08515406
0.3007764
0.06913492
0.1359154
0.2051695
0.1272731
0.2496958
0.2530087
0.2237603
0.2029056
0.3271277
0.2300883
0.2423916
0.3430717
-0.1432492
0.2315714
0.0862197
0.3098421
0.2809372
0.2741912
0.2825006
0.2802437
0.3535285
0.1768024
0.2908983
0.3790501
0.3196359
0.1069026
0.233288
0.2708571
0.2904068
0.1214955
0.3116504
0.2228796
0.1451816
0.1579574
0.1589195
0.3092833
0.2985026
0.3127415
0.2388339
0.1837886
0.2984042
0.1207282
0.2490068
0.3504821
0.2763399
0.4295565
0.2518693
0.2684646
0.4429762
0.3437463
0.3280165
0.2244287
0.3366197
0.3783489
0.4103922
0.2996811
0.3858223
0.3025661
0.4206107
0.4730298
0.163236
0.2949712
0.4043577
0.2973144
0.156057
0.520025
0.1701941
0.3851422
0.2791779
0.3262887
0.3164894
0.3457906
0.3755538
0.3402212
0.3445368
0.3150115
0.4518854
0.3078073
0.2688855
0.2498951
0.4760231
0.3883335
0.3817817
0.3256763
0.491669
0.2766218
0.348843
0.3151087
0.3822568
0.4123313
0.3969429
0.3440826
0.4018719
0.4483773
0.342742
0.155308
0.4142335
0.2872375
0.3816335
0.3296883
0.3488349
0.5284883
0.3686965
0.4464743
0.3408068
0.4461211
0.3914961
0.2772677
0.2736766
0.3499826
0.2516593
0.2985248
0.511712
0.4138213
0.4403999
0.4599135
0.3687136
0.5237949
0.4533515
0.3664373
0.4266276
0.6068758
0.3452372
0.656618
0.4664452
0.4575277
0.5300118
0.5250171
0.4736376
0.4156514
0.390888
0.2959353
0.5164446
0.3349347
0.4659269
0.4283198
0.5634712
0.3619653
0.5206757
0.6097814
0.5075881
0.4496472
0.5791009
0.5508734
0.6028932
0.5424488
0.5746359
0.5456955
0.4916227
0.2906421
0.5281684
0.3488823
0.5021658
0.5378439
0.5886493
0.4385034
0.4657238
0.596416
0.7212487
0.4547734
0.4539607
0.544286
0.5731577
0.6727832
0.5411263
0.7422788
0.5345782
0.489103
0.5758908
0.5313607
0.4652668
0.4528134
0.6438
0.5253163
0.5732298
0.4900734
0.5939293
0.7220231
0.6020131
0.4779988
0.4906678
0.4817084
0.6197557
0.5660251
0.5085141
0.6159801
0.7245797
0.5678396
0.4387231
0.7641318
0.5979472
0.5087514
0.5369096
0.4449371
0.6379615
0.6229517
0.6535029
0.6111179
0.6806324
0.6303316
0.4107461
0.5994954
0.6770657
0.774911
0.7061609
0.6943501
0.7293883
0.7234884
0.6115108
0.6269837
0.5843443
0.6868885
0.6357672
0.6055618
0.6688866
0.6846829
0.4453209
0.6487434
0.6270177
0.5070408
0.6871613
0.6624244
0.6832669
0.6424665
0.5639909
0.5271484
0.6836974
0.709326
0.8113259
0.5898585
0.6843808
0.5635842
0.5597251
0.738842
0.6740819
0.6676964
0.6592851
0.7075977
0.6504132
0.5887484
0.6033392
0.6659349
0.6625565
0.8253408
0.5430685
0.7859751
0.6446629
0.6429806
0.5814115
0.5014346
0.6158777
0.7823274
0.747306
0.7624905
0.5841558
0.74458
0.6665388
0.6879853
0.7411931
0.6250629
0.5751991
0.8556844
0.6860665
0.7604872
0.5734076
0.7498237
0.6496801
0.654231
0.647207
0.853476
0.8250011
0.753978
0.8378135
0.8104118
0.7505584
0.7622519
0.944885
0.6898079
0.7452144
0.67789
0.688626
0.7721167
0.7568784
0.7068046
0.7187657
0.7030605
0.7248934
0.836481
0.8605358
0.6556528
0.9082979
0.7897634
0.7046854
0.5765415
0.7558362
0.7171099
0.7145151
0.8660546
0.7204325
0.7183205
0.9154471
0.7759733
0.7035056
0.9040545
0.6703859
0.8671643
0.9587383
0.9355017
0.8485243
0.9100445
0.7654643
0.8450331
0.9236049
0.8639072
0.9168117
0.8833258
0.8485844
0.8268458
0.8329887
0.8670958
0.9528757
0.9339148
0.7920184
0.772703
0.7857218
0.798856
0.8337378
0.8266267
0.7165769
0.8967198
0.8226519
0.9437579
0.9807454
0.9753386
0.9571058
0.8426439
0.8964724
0.8336164
0.8617819
0.8103573
1.006931
0.8853069
0.9018768
1.047122
0.9684705
0.8267428
0.8833758
1.039578
0.9321473
0.9839095
0.9049333
0.703431
0.9089588
0.8551992
0.9378244
0.9865929
0.9847806
1.053235
1.057758
0.9291159
0.9406017
0.9573286
0.8565436
0.8577281
1.023224
0.9973722
0.8794915
0.8815897
0.9442287
0.9900204
0.8911148
1.008685
1.055332
0.9207174
1.086155
1.126162
0.8856431
0.8989275
1.065209
1.067079
0.872762
0.8879338
0.9410724
0.8198304
0.992556
1.003536
0.9283802
0.8644298
1.063205
0.8963303
0.8935666
1.128806
1.019042
1.029586
1.16911
0.8662051
0.9601611
0.9676211
0.9626601