-0.03666074
-1.093093
-0.9498771
-1.051671
-0.9210318
-0.9104716
-0.8855548
-0.9232116
-1.002798
-1.147114
-0.9450068
-0.9440907
-0.9750083
-0.9732287
-0.8893919
-1.033189
-1.005818
-0.769456
-1.001183
-1.025683
-0.9680896
-0.7779321
-0.924953
-0.9867408
-0.869715
-0.9058139
-0.9968048
-0.9283606
-0.9531509
-0.9393113
-0.7743951
-0.9097068
-0.8154413
-1.008947
-0.9378084
-0.8488688
-0.9672235
-0.9188052
-0.9816862
-0.8673271
-0.8521306
-0.9776077
-0.9460576
-1.083587
-0.9915911
-0.9907513
-0.9738404
-1.047337
-0.9401856
-0.879714
-0.9084621
-0.957423
-0.9994769
-0.8897728
-0.875181
-0.992651
-0.8446103
-0.8011306
-0.894426
-0.9420979
-0.8629749
-0.8901455
-1.044593
-1.018978
-0.8030381
-0.8791602
-0.8635938
-0.8936072
-0.7229595
-0.9479987
-0.9086189
-0.9720892
-0.9304835
-0.9418814
-0.9785598
-0.8207488
-0.9221555
-0.8810192
-0.7115237
-0.842987
-0.7858566
-0.8718301
-0.8148116
-0.9374705
-0.9465272
-1.013053
-0.8418355
-0.7495488
-0.7894558
-0.7856131
-0.9116888
-0.9524351
-0.7496897
-0.8807112
-0.7689257
-0.8984435
-0.7723108
-0.7750845
-0.9341477
-0.7532734
-0.8393744
-0.7514666
-0.8039555
-0.7769054
-0.7403483
-0.747814
-0.8308223
-0.5716595
-0.7338651
-0.7945979
-0.8906877
-0.8031324
-0.8357888
-0.7861316
-0.5441167
-0.8163569
-0.7972028
-0.7743367
-0.7740206
-0.6641141
-0.8684011
-0.6890385
-0.9017928
-0.6720545
-0.6896738
-0.8005547
-0.807834
-0.7445718
-0.7727995
-0.8398048
-0.824446
-0.7395362
-0.8263467
-0.6122283
-0.6994189
-0.8029413
-0.7948383
-0.6993114
-0.7511861
-0.8212451
-0.679238
-0.7556176
-0.7477563
-0.5024387
-0.806295
-0.6504655
-0.7311218
-0.477608
-0.6399753
-0.6508212
-0.7022897
-0.6257133
-0.660189
-0.6452267
-0.7150471
-0.758713
-0.6707727
-0.6879737
-0.5945736
-0.8099128
-0.7236086
-0.6349738
-0.5934439
-0.6173262
-0.597353
-0.7123555
-0.7306453
-0.6906304
-0.6844368
-0.625878
-0.5809942
-0.6761887
-0.623603
-0.4952259
-0.752224
-0.5682158
-0.7928713
-0.6207681
-0.7698583
-0.5964
-0.5617035
-0.6025576
-0.6366053
-0.5793022
-0.5993102
-0.5951797
-0.7139559
-0.6602374
-0.5790446
-0.5522744
-0.7660999
-0.6397423
-0.7520117
-0.5774364
-0.6011684
-0.6363188
-0.5430955
-0.6202341
-0.646976
-0.4665127
-0.5686152
-0.7842452
-0.6167145
-0.6278066
-0.6546352
-0.663931
-0.5656389
-0.4090725
-0.5885558
-0.4112138
-0.4913062
-0.5752135
-0.4994819
-0.5028336
-0.6022524
-0.578201
-0.5716805
-0.6723385
-0.4905418
-0.6570636
-0.58806
-0.5528129
-0.6748509
-0.6989934
-0.4095042
-0.630941
-0.5559122
-0.3664017
-0.5075205
-0.5875992
-0.5722054
-0.3738984
-0.6117911
-0.4825369
-0.580295
-0.644511
-0.4805679
-0.4740709
-0.5567966
-0.4717151
-0.5216967
-0.4750527
-0.5235171
-0.5838886
-0.4512459
-0.5872057
-0.5985718
-0.4928141
-0.5981213
-0.6366612
-0.5414232
-0.3331456
-0.6602502
-0.362661
-0.5403195
-0.539418
-0.5025985
-0.4692508
-0.4668233
-0.394667
-0.3652192
-0.4739829
-0.6247698
-0.4630223
-0.4915889
-0.5454143
-0.4171665
-0.4170442
-0.4261625
-0.5077579
-0.4111704
-0.3427188
-0.468156
-0.4046152
-0.2985708
-0.3509884
-0.4385239
-0.4801526
-0.3833683
-0.5214806
-0.4561462
-0.4012313
-0.3658861
-0.4522322
-0.5150802
-0.3234547
-0.4635446
-0.499101
-0.2906057
-0.5859957
-0.4331082
-0.3614922
-0.4568033
-0.3824542
-0.397536
-0.3920232
-0.4042565
-0.5511366
-0.3545842
-0.4338534
-0.5749226
-0.5117012
-0.3928362
-0.5094716
-0.5010624
-0.44472
-0.3302281
-0.2806631
-0.4501722
-0.4627937
-0.5076345
-0.5898783
-0.3731138
-0.3770903
-0.3436718
-0.459336
-0.4718329
-0.3421674
-0.4084098
-0.4213948
-0.4329615
-0.380463
-0.3613121
-0.2675109
-0.372014
-0.378683
-0.4318567
-0.355773
-0.4320399
-0.2815326
-0.376207
-0.4187704
-0.3567691
-0.3497414
-0.3946309
-0.1943448
-0.1786872
-0.186929
-0.3347715
-0.3840364
-0.3476304
-0.3323306
-0.3111385
-0.3182699
-0.3987538
-0.3727361
-0.283481
-0.279073
-0.3557004
-0.25147
-0.2306887
-0.1978634
-0.3044236
-0.2761185
-0.2231189
-0.3740281
-0.2521914
-0.2250422
-0.3680664
-0.1739535
-0.3615474
-0.2254063
-0.3016041
-0.2647899
-0.1935811
-0.2848788
-0.3286432
-0.4207896
-0.4213479
-0.2761091
-0.2265957
-0.2206812
-0.3074286
-0.3642045
-0.123934
-0.3522109
-0.2871979
-0.2081235
-0.1696186
-0.3540426
-0.1217251
-0.1270477
-0.2928984
-0.433936
-0.3960223
-0.1064299
-0.1931808
-0.214343
-0.1995275
-0.1688889
-0.3632898
-0.3237474
-0.3187923
-0.3238452
-0.3177263
-0.1619412
-0.295967
-0.2276211
-0.1424748
-0.2267861
-0.2968909
-0.01761611
-0.03554419
-0.3656753
-0.3365246
-0.2121938
-0.2488608
-0.1752768
-0.02404518
-0.17188
-0.1590421
-0.2894423
-0.1718643
-0.2627553
-0.1611572
-0.1080347
-0.1529947
-0.3039493
-0.2139163
-0.1777267
-0.1223697
-0.1665583
-0.08888863
-0.2045687
-0.03700492
-0.3628666
-0.1484375
-0.01627874
-0.1751933
-0.0625625
-0.2076505
-0.1922381
-0.07534437
-0.119196
-0.1362654
-0.1998687
-0.05116918
-0.2282953
-0.09839681
-0.2322518
-0.2069688
-0.1598942
-0.1533881
-0.05245973
-0.1503262
-0.05847821
-0.2953642
-0.253077
-0.1073808
-0.06894213
-0.2186681
-0.02994689
-0.02244468
-0.2292286
0.03159372
-0.2030487
0.000657785
-0.008289777
0.01403025
-0.3008791
-0.08634318
-0.04388565
-0.1522026
-0.0518802
-0.1195194
0.06898384
-0.1214635
-0.1553611
-0.04076226
-0.03463515
-0.03042442
-0.09841103
-0.149414
-0.06082637
-0.0465136
0.004660742
-0.1730166
-0.06527171
0.004277989
-0.03533369
-0.07161122
-0.05501605
0.04506207
0.05638598
-0.03981753
-0.07472958
0.003743023
-0.2150195
-0.04844068
0.05495595
-0.119133
0.08271892
0.02958419
0.0262424
-0.1544348
-0.08810496
0.04218259
-0.184971
-0.02135305
0.009887222
-0.1170046
-0.01707705
0.13848
-0.01054042
-0.05949441
0.1080773
-0.002174469
0.03314348
0.01998401
0.003824403
0.0186885
-0.02532642
-0.01130783
-0.01415936
0.06540492
0.1232062
0.009930911
0.03953847
0.01318935
0.0575691
0.09167804
-0.05742308
0.1488483
0.01895841
0.02690429
0.1163841
0.03385623
-0.09621532
-0.08101464
0.07069621
-0.04113638
0.2068593
0.1259672
0.09522874
0.1789549
0.1436523
0.04190506
-0.05583318
0.1048382
0.1328313
0.04957939
0.09901292
0.1097461
0.01533555
0.143152
0.0266863
0.1146451
0.004581105
0.1926708
0.02264601
0.2655146
0.1644684
0.1184664
0.01065877
0.1735035
0.221731
0.1201354
0.06862489
0.09131097
-0.02964905
0.09549353
0.1870262
0.1159549
0.08888922
0.1742361
0.2572283
0.1858667
0.0267231
0.134888
0.1352922
0.2280017
0.1558216
0.3184323
0.1226775
0.1705373
0.06068022
0.1911157
0.1690048
0.1766873
0.1491263
0.1660215
0.1490094
0.1597837
-0.005005522
0.06544907
0.2435815
0.306855
0.132202
0.1221078
0.3039663
0.1551203
0.1705357
0.1851067
0.120972
0.2394255
0.06487141
0.2367528
0.2561014
0.1138209
0.3239718
0.190948
0.1668258
0.1138833
0.03352041
0.3155136
0.2249047
0.1258425
0.2183888
0.1973669
0.3508473
0.243563
0.1568012
0.06773087
0.1699124
0.2684208
0.2091492
0.1006018
0.1271651
0.2449955
0.1356067
0.3123516
0.1974992
0.2213835
0.3679448
0.2691033
0.2744037
0.1563074
0.1488872
0.2897834
0.2733405
0.09767185
0.01704984
0.3101338
0.3118471
0.2331261
0.189013
0.227999
0.292089
0.1466419
0.2135961
0.2464907
0.2833806
0.2478661
0.4047265
0.2423794
0.3858304
0.1296349
0.308698
0.3196652
0.2447245
0.413886
0.3340866
0.288722
0.4134588
0.3756348
0.3981849
0.3714409
0.3116162
0.2844049
0.3791704
0.3420804
0.1706901
0.309937
0.4234901
0.3890495
0.4315161
0.3939717
0.2267177
0.372351
0.2903066
0.2472145
0.4043495
0.4535361
0.4008496
0.2837547
0.4005499
0.2768639
0.4905999
0.5927738
0.5501531
0.4050508
0.5494338
0.354547
0.4044872
0.3114478
0.3308302
0.4464422
0.5371628
0.3409654
0.3697955
0.4990915
0.3532577
0.2292974
0.2526991
0.3709618
0.3212406
0.3249774
0.2659134
0.4656336
0.3929512
0.2787868
0.4168617
0.3882737
0.5035142
0.3717585
0.3788095
0.3247866
0.4558741
0.3663502
0.4344788
0.3698625
0.4108394
0.3055305
0.3366447
0.4990701
0.3831055
0.4319587
0.4209201
0.4448761
0.4153062
0.2507895
0.4081076
0.3262243
0.5597751
0.4777269
0.4986361
0.3473058
0.5377669
0.5218397
0.5000714
0.4517842
0.4367858
0.4536749
0.4145823
0.4371776
0.4525259
0.4409181
0.3715408
0.4339168
0.4142591
0.4151375
0.3761951
0.5036281
0.4513993
0.4489619
0.5568458
0.5793959
0.5924856
0.5640389
0.5632796
0.5485218
0.557242
0.6059011
0.6200342
0.5257974
0.5360467
0.6383301
0.5682815
0.4578561
0.5237675
0.551982
0.5257914
0.5022871
0.4606343
0.6003751
0.4152486
0.4943623
0.443766
0.5910142
0.5110806
0.559668
0.5004375
0.5362671
0.479133
0.4835806
0.5647326
0.4037752
0.5203683
0.6498071
0.6514367
0.6091941
0.5549426
0.6842735
0.4232772
0.5762653
0.6110121
0.5073023
0.6129091
0.5353178
0.5338465
0.4159952
0.7745098
0.6271893
0.59238
0.4593422
0.4937309
0.6123857
0.5391574
0.5678665
0.6613703
0.5655178
0.5680739
0.4457019
0.6469717
0.5603521
0.4445557
0.4921348
0.5378875
0.6402855
0.6215261
0.603545
0.7108924
0.7330821
0.6461461
0.7533145
0.513685
0.5637657
0.672003
0.5957258
0.6303321
0.6330585
0.6842704
0.433142
0.671874
0.7015066
0.8543208
0.7076086
0.6784831
0.6806821
0.7357526
0.8369185
0.666858
0.619903
0.658676
0.695389
0.7535394
0.6971469
0.5985784
0.7549457
0.6870072
0.6774278
0.6556635
0.6597033
0.6876641
0.6284822
0.7742299
0.6062256
0.6652878
0.5950248
0.6360872
0.7962659
0.7281484
0.7261402
0.7649943
0.7991492
0.796945
0.6860285
0.6668836
0.7646841
0.5955628
0.875912
0.70839
0.7368802
0.7890302
0.6654433
0.7243378
0.6730489
0.7669695
0.6853557
0.60962
0.6384603
0.7495751
0.6994446
0.85172
0.866527
0.723674
0.6755794
0.8104708
0.8119795
0.5700563
0.7993543
0.6628411
0.703056
0.7590312
0.714562
0.7336429
0.6920249
0.7677508
0.7975544
0.7064041
0.8392462
0.8637069
0.9243858
0.8595724
0.7238575
0.8110819
0.6857626
0.7118209
0.7299488
0.7253076
0.9104379
0.8049095
0.8757064
0.6689111
0.8019941
0.7986488
0.8185685
0.7693473
0.8570933
0.7075763
0.8342499
0.6898191
0.8258732
0.7965218
0.8050276
0.7557265
0.7890811
0.8881159
0.8256571
0.9616749
0.8716382
0.9029019
0.8250739
0.8168741
0.7654426
0.9856114
0.9073429
0.8520805
0.8401338
1.064798
0.8228982
0.9482127
0.9631041
0.879527
0.8431157
0.880248
0.7668297
0.8787599
0.7421973
0.9177718
0.9866505
0.7832785
0.94893
0.7780518
0.874343
0.9893018
0.8412423
0.9297553
0.8535926
0.8689
0.741176
0.890397
0.9782067
0.9822918
0.9623261
0.9312292
0.7722045
1.099778
0.9745223
0.8648771
0.9317329
0.8623768
0.912099
0.9459064
0.9857575
0.9545351
1.036116
0.8948075
0.8801238
0.7829769
0.9226086
1.013486
0.9441123
1.044323
0.9499706
1.035201
0.8488846
0.854454
0.967599
0.9263939
0.955776
0.7554028
0.9038645
1.041331
0.9384444
0.8162716
1.029525
0.9370164
1.019646
0.9236061
1.0163
1.15336
0.958685
1.118678
0.9984552
0.9433526
1.019939
0.9216329
1.054403
1.079837
0.8831403