-0.02703003
-0.9515584
-0.962795
-0.9670734
-1.082434
-0.9417271
-0.8439651
-0.9537083
-0.857675
-0.9638307
-1.092537
-1.064969
-1.091639
-0.9426217
-0.8990697
-1.006525
-0.9928749
-0.9405119
-1.032706
-0.9334393
-1.115181
-1.118268
-0.9747441
-1.099097
-0.9349813
-0.7721196
-0.9569123
-1.077085
-0.9186702
-0.9588037
-1.0365
-0.8979793
-0.8406303
-0.9620531
-0.9623884
-1.076286
-0.9703332
-1.063968
-0.8666886
-0.9216675
-0.7567458
-0.8526663
-0.9533608
-0.9588019
-1.023614
-0.8933557
-0.9863941
-0.9686437
-1.036716
-0.8673112
-0.9084439
-0.8223404
-0.9395516
-0.8978176
-0.9308307
-0.9466734
-1.014028
-0.946815
-0.8089264
-0.8534871
-0.8347895
-0.9012256
-0.9823233
-0.8405829
-0.7732022
-0.8729608
-0.8799736
-0.9533457
-0.9323417
-0.8835716
-0.7948669
-0.7951998
-0.8021821
-0.9079424
-0.746134
-0.800124
-0.8790109
-0.8290131
-0.7901939
-0.8928259
-0.8870581
-0.760763
-0.7518044
-0.770835
-0.6880575
-0.9506722
-0.7991464
-0.8394378
-0.8797563
-0.6838769
-0.6899005
-0.9482144
-0.7873082
-0.8475869
-0.8982864
-0.6986252
-0.6981807
-0.9218691
-0.7216565
-0.7915445
-0.743079
-0.9260169
-0.7809228
-0.8788112
-0.7851169
-0.8474513
-0.834113
-0.8787184
-0.9068976
-0.756984
-0.7791615
-0.7307881
-0.7261905
-0.8627579
-0.6749423
-0.8914675
-0.5554234
-0.9398747
-0.9092571
-0.7630735
-0.7099944
-0.8132704
-0.7089019
-0.8848939
-0.7743107
-0.8979906
-0.7659477
-0.7101485
-0.7171991
-0.8904501
-0.8450876
-0.6147051
-0.6459342
-0.8330994
-0.6295315
-0.8456298
-0.7747409
-0.8045643
-0.6170076
-0.7274896
-0.6852768
-0.8705996
-0.7204589
-0.5186227
-0.7359532
-0.7222553
-0.7685025
-0.7524041
-0.6348946
-0.5598553
-0.7284615
-0.7484647
-0.6946363
-0.6938823
-0.655768
-0.6002267
-0.6793936
-0.8204174
-0.6383337
-0.6471556
-0.7560057
-0.5841095
-0.7501044
-0.6147404
-0.6632138
-0.646449
-0.6198363
-0.7552066
-0.602831
-0.6708202
-0.6559875
-0.5233723
-0.4748828
-0.5905269
-0.7734797
-0.4940925
-0.6529606
-0.6983529
-0.5468676
-0.8241375
-0.7718111
-0.5955766
-0.7027254
-0.6196635
-0.72321
-0.6952954
-0.5803651
-0.7971102
-0.6033101
-0.6681473
-0.71995
-0.557437
-0.5036501
-0.5262661
-0.5803317
-0.6910771
-0.6361965
-0.6639927
-0.7088131
-0.5943131
-0.6373077
-0.589746
-0.5299597
-0.5349199
-0.6164713
-0.5390659
-0.6218574
-0.506624
-0.6470305
-0.4641107
-0.5742028
-0.6634484
-0.6292669
-0.533313
-0.6688121
-0.5397688
-0.6029412
-0.4427201
-0.4637572
-0.7108562
-0.6619949
-0.653019
-0.6228839
-0.6233145
-0.5158762
-0.4374881
-0.4218241
-0.7076969
-0.6796894
-0.5392605
-0.5824017
-0.5073536
-0.3797342
-0.6114875
-0.5703283
-0.3994297
-0.4930525
-0.4300647
-0.4835957
-0.3900798
-0.6802459
-0.5073989
-0.5747494
-0.43231
-0.4413202
-0.4813574
-0.3985986
-0.5215353
-0.586594
-0.53207
-0.5122063
-0.4206897
-0.4922389
-0.3912178
-0.6989867
-0.5296591
-0.5364822
-0.4055737
-0.34642
-0.4977043
-0.4514011
-0.4789869
-0.3533404
-0.4767321
-0.3180066
-0.5155941
-0.4449331
-0.5206126
-0.5920281
-0.4170412
-0.4350159
-0.5175072
-0.5157373
-0.5160913
-0.3660656
-0.3421157
-0.4352932
-0.5047741
-0.3794264
-0.5558101
-0.3884354
-0.5051313
-0.3965395
-0.3955878
-0.469748
-0.4238723
-0.4749647
-0.5106686
-0.353115
-0.2769031
-0.4170501
-0.3415266
-0.5178138
-0.3058527
-0.4281166
-0.6290174
-0.3322007
-0.5000414
-0.4238404
-0.3091527
-0.4920053
-0.2866847
-0.2921312
-0.3425875
-0.4026463
-0.2563923
-0.3441162
-0.578736
-0.2004055
-0.3345114
-0.2564124
-0.3173277
-0.4139898
-0.4651313
-0.3333902
-0.365402
-0.3476186
-0.2877872
-0.4530985
-0.3105482
-0.3415313
-0.30968
-0.3594389
-0.4670964
-0.314395
-0.2904459
-0.3222253
-0.4406228
-0.3613741
-0.3589529
-0.5048709
-0.4202552
-0.3042491
-0.3610441
-0.2708899
-0.3563154
-0.2994483
-0.3416697
-0.3037289
-0.3974745
-0.3620283
-0.2524169
-0.1970551
-0.3352009
-0.3704719
-0.3013233
-0.3896394
-0.271495
-0.2691807
-0.4194267
-0.3748772
-0.3019992
-0.2655743
-0.2152355
-0.4930841
-0.03714201
-0.05918203
-0.2079118
-0.214436
-0.3271128
-0.3199961
-0.2660373
-0.3223337
-0.4117508
-0.2304281
-0.2405631
-0.335948
-0.3631376
-0.1661816
-0.291763
-0.2262752
-0.239753
-0.3181817
-0.2444069
-0.3673094
-0.2516075
-0.3895691
-0.3989994
-0.2227138
-0.2612448
-0.08083855
-0.3157864
-0.3143465
-0.3425079
-0.3230366
-0.207488
-0.3066479
-0.3427344
-0.2207732
-0.2021
-0.1840895
-0.291453
-0.2744201
-0.2835638
-0.4059793
-0.2511035
-0.2061475
-0.2139295
-0.1307571
-0.3618424
-0.2069718
-0.1118129
-0.1719034
-0.1740667
-0.1458993
-0.1978745
-0.1883056
-0.2115275
-0.1048404
-0.2895962
-0.1526749
-0.1438655
-0.1772336
-0.109144
-0.08220862
-0.1026259
-0.3132505
-0.3679504
-0.1841706
-0.2458628
0.03236966
-0.1971928
-0.1684145
-0.1293921
-0.2114302
-0.09038037
-0.1958836
-0.1586552
-0.145481
-0.05867547
-0.08935518
-0.1252891
-0.03801819
-0.07086461
-0.1170793
-0.07634871
-0.2807719
-0.3439159
-0.1140949
-0.259598
0.0759773
-0.09000607
-0.2271448
-0.1100493
-0.1577226
-0.1784519
-0.2469805
-0.137664
-0.04072302
-0.01355068
-0.1591116
-0.1307184
-0.08359423
-0.1688929
-0.1922285
-0.04833428
-0.1546313
-0.04656074
-0.08850098
-0.1079502
-0.1934125
-0.03411484
0.01735657
-0.004022809
-0.02220099
-0.1249256
-0.05015911
0.006064817
-0.02691319
-0.179081
-0.08141799
0.0647013
-0.1009145
-0.02158821
-0.07422263
-0.1070423
-0.05613031
-0.0009623471
-0.09005431
-0.03289391
-0.09475166
-0.1192168
0.03551725
0.09159696
0.01728413
0.008033052
-0.09696817
-0.1271154
0.05125439
-0.05269342
-0.06349937
0.01203864
-0.1646939
0.1600952
-0.03681274
-0.04972994
0.01414418
-0.02165878
0.09425036
-0.1015528
-0.04487924
0.09287903
-0.04307286
0.07545311
-0.04801027
0.02540415
-0.05087546
-0.1430122
0.04793838
0.01889541
0.07472121
-0.08922202
-0.03281628
0.07492696
0.009598058
0.06165378
0.0412363
0.04313373
-0.0007065765
-0.09259176
-0.02214196
0.1836693
0.02363103
-0.01688679
0.2694024
0.02567992
0.02688341
0.009517588
0.1229687
-0.04633109
0.1663161
0.1092036
0.08332153
0.1736523
0.0718994
-0.02141801
0.004711487
0.1734637
0.1467886
0.08801521
0.1132223
-0.009894983
0.04360261
0.04193805
0.1059113
0.09409692
0.07848486
0.1380015
0.2426847
0.09735063
0.1290433
0.08063114
0.01385261
0.1977845
0.04061082
0.1409429
0.2030877
0.2236808
0.0575683
0.08936872
0.1560586
0.1276822
0.1277852
0.2073137
0.04593265
-0.02152453
0.1550648
0.1219502
0.1817257
0.1671148
0.2237025
0.1637397
0.2379731
0.09292508
0.09028171
0.2117661
0.110783
0.1593786
0.2266032
0.2293233
0.153893
0.1750963
0.222879
0.3161187
0.07732207
-0.007884618
0.1229578
0.09381064
0.2021228
0.2976776
0.3467812
0.2513688
0.0462488
0.201489
0.2346678
0.2713621
0.2229615
0.1243736
0.2679126
0.09306066
0.1809653
0.2162724
0.2873025
0.1731294
0.09920412
0.1978244
0.2594481
0.1961518
0.3102273
0.1860431
0.2788119
0.2952262
0.1811794
0.2530243
0.1778843
0.2291526
0.3004479
0.1920378
0.2858324
0.0888459
0.2181188
0.1907116
0.1689201
0.2423205
0.198566
0.3106353
0.2878284
0.2055311
0.1340418
0.276244
0.3466453
0.04171923
0.1229538
0.4564396
0.282647
0.05672932
0.2208196
0.4091029
0.2620214
0.2799856
0.3411527
0.299661
0.3051761
0.2998403
0.3006321
0.254731
0.2795969
0.2371415
0.3234741
0.3296801
0.3507168
0.309604
0.3117027
0.3800335
0.3438224
0.3117117
0.256995
0.2685459
0.2985785
0.2283578
0.3153806
0.3137002
0.327872
0.188301
0.3548599
0.3998427
0.2348302
0.2873151
0.3932872
0.2828501
0.4444748
0.3292962
0.1860264
0.3511856
0.4637814
0.4415074
0.3144415
0.2199417
0.3994091
0.2339398
0.3887935
0.2570321
0.3266936
0.3053316
0.3617328
0.4653519
0.475905
0.3903535
0.5495511
0.4593807
0.4187301
0.4013613
0.3137476
0.5560065
0.2477801
0.399057
0.2668163
0.2573333
0.323176
0.3947661
0.4216359
0.3329884
0.4804869
0.3821805
0.3985495
0.3009844
0.4855466
0.3643941
0.4534805
0.3759052
0.6358769
0.4267515
0.5611531
0.3787959
0.3667549
0.388347
0.3799033
0.5137956
0.4282607
0.2940103
0.3517099
0.4637182
0.5405623
0.4521835
0.6142091
0.3873635
0.3093791
0.4592935
0.4314956
0.4513284
0.5112574
0.5268237
0.405469
0.5090791
0.5934302
0.3636527
0.5153318
0.568666
0.4553964
0.3932486
0.40994
0.5659829
0.3439308
0.5613995
0.5217173
0.559032
0.5110238
0.5620016
0.3797214
0.4343494
0.4339238
0.5848052
0.5761664
0.4003567
0.5468741
0.4296987
0.621581
0.6232008
0.48064
0.5421676
0.4320167
0.5807949
0.5344186
0.5116317
0.4283754
0.5031469
0.4746101
0.5647833
0.5374801
0.5344681
0.5334655
0.5967186
0.6367463
0.4551592
0.6557274
0.6909722
0.5311627
0.5792002
0.4189838
0.6334768
0.5251522
0.5652417
0.4657264
0.4934239
0.7067462
0.5276943
0.5149797
0.5941318
0.6408154
0.5423332
0.5399334
0.4660741
0.4319533
0.5901052
0.5598933
0.4799813
0.6743669
0.623482
0.6196134
0.6217583
0.5293802
0.5859059
0.5778693
0.6442765
0.7197155
0.584911
0.7185878
0.6458921
0.5523001
0.5005683
0.6500381
0.7154425
0.597029
0.6493487
0.6059339
0.6831569
0.4212609
0.519429
0.6973724
0.5041342
0.7221308
0.5993307
0.7470199
0.7369472
0.6394654
0.7046541
0.7415848
0.6178908
0.7339555
0.568825
0.5512752
0.5957786
0.6783839
0.5137845
0.5877313
0.8570957
0.5761018
0.6727459
0.6660159
0.8582474
0.7230743
0.6373319
0.6470679
0.7423959
0.700978
0.7151188
0.7467426
0.6500469
0.6590325
0.631599
0.7952902
0.7681554
0.7272852
0.6001598
0.7107554
0.6515063
0.6811516
0.7508724
0.7859338
0.7772496
0.6913407
0.7931327
0.7088259
0.6365835
0.7782224
0.6015957
0.8381349
0.7120453
0.7473863
0.7449397
0.6690591
0.7519034
0.6906982
0.6845734
0.7443479
0.7631071
0.7836237
0.8292378
0.6688602
0.7056966
0.7055197
0.6545929
0.813673
0.8622655
0.8607675
0.6868656
0.8408253
0.9208883
0.7977235
0.8375205
0.74738
0.7612068
0.8150404
0.7775894
0.8050748
0.898982
0.7681182
0.731955
0.9438073
0.7485437
0.8372087
0.7940925
0.8320279
0.8254155
0.7718588
0.7652343
0.8034167
0.8860241
0.7595511
0.7624276
0.7977205
0.8785657
0.9881667
0.888467
0.7916058
0.7440943
0.9150117
0.8932816
0.8793243
0.8912114
0.864318
0.9573925
0.8943794
0.9048245
0.9532335
0.6499591
0.9383154
0.8838716
0.8740434
0.7943308
0.8132668
0.8218284
0.853441
1.002758
0.934517
0.8627333
0.85267
0.8120364
0.8112316
0.9212301
0.8265422
0.8307445
0.8436693
0.630574
0.9318145
0.8254518
0.8352192
0.8767164
1.041777
0.8708934
0.8917647
0.8316168
1.039586
0.8909192
0.8987239
1.025245
1.111697
0.8253358
1.029383
0.8803378
1.063739
1.077597
0.9155579
0.910919
0.8321522
0.8915862
0.9083581
0.7936922
0.9009204
0.998009
1.052616
0.9780366
1.020584
0.9553637
0.851196
0.8564679
0.793454
0.9570663
0.9071834
0.8507336
1.030283
0.8528612
0.9780874
0.9598135
0.8938336
1.024022
1.108907
0.9620537
0.9741085
1.052034
0.9111716
0.9715132
1.012486
1.027919
1.013183
1.016225
0.7962457
1.065886
0.8905957
1.020275
1.024793