-0.007102462
-0.9507796
-0.9751512
-0.9713207
-1.066341
-0.9330307
-0.8840576
-0.954194
-0.8627629
-0.9942454
-1.100177
-1.059791
-1.077267
-0.9259922
-0.8945613
-1.020458
-0.9826988
-0.943831
-1.012718
-0.9261039
-1.101876
-1.093289
-0.9700021
-1.074007
-0.9458878
-0.7729156
-0.9587884
-1.081488
-0.910856
-0.9751762
-1.039729
-0.8877058
-0.840555
-0.9757749
-0.9625341
-1.078336
-0.9873395
-1.089406
-0.8663342
-0.8850571
-0.7502059
-0.8462098
-0.9389879
-0.9469499
-1.011732
-0.8803324
-0.9920165
-0.9848207
-1.024967
-0.8798821
-0.9199021
-0.8192092
-0.9392809
-0.8857798
-0.9403523
-0.9685753
-1.008155
-0.9677884
-0.8092649
-0.8385431
-0.8587714
-0.9241116
-0.9749426
-0.8355784
-0.7969183
-0.8662767
-0.8675947
-0.9476331
-0.9266248
-0.8795959
-0.81161
-0.795562
-0.7851414
-0.8929955
-0.7322105
-0.8097145
-0.8771874
-0.8527707
-0.7965708
-0.8776747
-0.8638901
-0.7608876
-0.7595413
-0.7764031
-0.7029939
-0.9659572
-0.8172057
-0.8543419
-0.8908111
-0.6827673
-0.7076912
-0.946197
-0.7845211
-0.837704
-0.9021301
-0.7001892
-0.6851806
-0.9086488
-0.7370038
-0.7789136
-0.7271619
-0.9336386
-0.7776642
-0.8716038
-0.7649283
-0.8519378
-0.8637494
-0.8814106
-0.9224603
-0.7267476
-0.7969912
-0.7199284
-0.717415
-0.85634
-0.6915075
-0.8871082
-0.5580964
-0.9450411
-0.8724202
-0.7618191
-0.7429092
-0.8219764
-0.7086875
-0.8773511
-0.7904652
-0.8930263
-0.798114
-0.7091764
-0.7602336
-0.8962029
-0.8456873
-0.6369899
-0.627585
-0.8457807
-0.6493475
-0.8569863
-0.8085869
-0.7834176
-0.6131413
-0.7118758
-0.6994859
-0.8898427
-0.7211698
-0.5477418
-0.7225201
-0.7061256
-0.7499271
-0.7740007
-0.6148839
-0.5522412
-0.7062713
-0.7540881
-0.6977738
-0.7001047
-0.6451317
-0.6173581
-0.6815533
-0.8286781
-0.6413556
-0.6485586
-0.7624266
-0.5762964
-0.7584335
-0.6075264
-0.6618205
-0.6673952
-0.6244937
-0.750703
-0.5998104
-0.6691047
-0.6549779
-0.523386
-0.4775744
-0.5931641
-0.79461
-0.5100593
-0.6736054
-0.6959383
-0.5577523
-0.8063851
-0.7687435
-0.6144719
-0.7039746
-0.658599
-0.7319485
-0.6990729
-0.5886503
-0.8031986
-0.5940712
-0.6904464
-0.7167053
-0.5628789
-0.5010558
-0.5351584
-0.6028597
-0.6714654
-0.6176586
-0.6809817
-0.713888
-0.5968092
-0.6190412
-0.5894292
-0.5317842
-0.5239326
-0.6138618
-0.53709
-0.6225592
-0.5044911
-0.6351734
-0.4756616
-0.5756317
-0.6945333
-0.6137219
-0.5322744
-0.6517299
-0.5457762
-0.6096537
-0.428046
-0.4630309
-0.7327308
-0.653079
-0.6451329
-0.605155
-0.5936165
-0.5501593
-0.4368989
-0.4528243
-0.6926856
-0.677885
-0.549072
-0.5895259
-0.5165169
-0.3614404
-0.6140793
-0.5582587
-0.3890992
-0.4879252
-0.4246721
-0.4832496
-0.3821319
-0.6650749
-0.4888882
-0.5468965
-0.4303548
-0.4639487
-0.4845822
-0.382291
-0.5084145
-0.597634
-0.5389358
-0.5065323
-0.3985144
-0.4917097
-0.381975
-0.6949779
-0.5136651
-0.5421376
-0.4110006
-0.3538021
-0.4762037
-0.4321943
-0.484308
-0.348525
-0.4651202
-0.3177144
-0.5175785
-0.4278966
-0.515795
-0.5958046
-0.4317117
-0.4242949
-0.4851236
-0.5203764
-0.5191312
-0.3785271
-0.3635471
-0.4324324
-0.4811283
-0.3643714
-0.5504288
-0.3935595
-0.4811405
-0.3744728
-0.3982043
-0.4966096
-0.4310256
-0.4610042
-0.518026
-0.3610224
-0.2754512
-0.3977878
-0.3440942
-0.5483877
-0.3068032
-0.4262572
-0.6388728
-0.3046423
-0.4806053
-0.4314801
-0.3153077
-0.4761589
-0.2869031
-0.2849785
-0.3623677
-0.4241947
-0.258753
-0.3612367
-0.5714175
-0.1762084
-0.3246528
-0.2562959
-0.3231343
-0.4049398
-0.4573972
-0.3046553
-0.3518517
-0.3442799
-0.2879368
-0.4226917
-0.3125437
-0.3536727
-0.3337996
-0.3681358
-0.4633407
-0.3032699
-0.2866525
-0.329745
-0.4314584
-0.3764321
-0.3618219
-0.5132233
-0.4224939
-0.3062656
-0.3569283
-0.3066026
-0.3578536
-0.3194685
-0.3378189
-0.315848
-0.3934438
-0.3620846
-0.2863849
-0.2097165
-0.3215677
-0.360307
-0.3226587
-0.3857284
-0.269241
-0.269488
-0.4076289
-0.3761251
-0.3036968
-0.2618863
-0.2185438
-0.470534
-0.05017002
-0.05872816
-0.2182492
-0.2099407
-0.3040044
-0.3123906
-0.270122
-0.3134648
-0.3998217
-0.2495897
-0.2376426
-0.3355314
-0.3437717
-0.1467611
-0.2663428
-0.2281634
-0.2524256
-0.3357211
-0.2331046
-0.3768736
-0.2490637
-0.3861959
-0.4067247
-0.2227856
-0.2644186
-0.09362956
-0.3448057
-0.3011197
-0.3493139
-0.3474378
-0.1803579
-0.3213104
-0.3791881
-0.2256327
-0.2117544
-0.1786038
-0.306428
-0.2576328
-0.2615747
-0.4075357
-0.2466442
-0.2212325
-0.226173
-0.1332214
-0.3543421
-0.1930768
-0.1069031
-0.16122
-0.1695689
-0.1712601
-0.2014083
-0.1897257
-0.1959165
-0.100509
-0.3052393
-0.1579414
-0.1521769
-0.1771893
-0.0988452
-0.07535463
-0.1022845
-0.3066039
-0.3718291
-0.1769457
-0.2649888
0.02802514
-0.2031534
-0.1681788
-0.1348136
-0.2267652
-0.06444166
-0.1897307
-0.1484142
-0.1249513
-0.06067074
-0.09761034
-0.1208403
-0.04194965
-0.04627608
-0.1141009
-0.08118295
-0.2475827
-0.3602961
-0.1198229
-0.2663554
0.05303272
-0.06937247
-0.2325414
-0.1168198
-0.141605
-0.1927744
-0.2415392
-0.1410097
-0.02558953
-0.02001776
-0.1795381
-0.1211596
-0.09712317
-0.1755693
-0.1928517
-0.06128603
-0.1571925
-0.02323045
-0.1034891
-0.1069342
-0.1563503
-0.03169759
0.02791175
0.002333219
-0.02160238
-0.1235079
-0.03765779
-0.005598539
-0.02675355
-0.149143
-0.09302211
0.04552849
-0.09934593
-0.03951178
-0.08040127
-0.1289308
-0.04973584
0.008812277
-0.08202066
-0.02542613
-0.09830726
-0.09876717
0.04430231
0.09392233
0.02297087
0.007502512
-0.08998968
-0.1208592
0.03722239
-0.05827253
-0.06842834
0.008778721
-0.1841744
0.1752253
-0.03800943
-0.05838197
0.002501938
-0.02769661
0.09401085
-0.1097529
-0.01762244
0.09206717
-0.03068456
0.06796341
-0.02141465
0.0268309
-0.03815998
-0.1393211
0.02354288
0.0117531
0.09229665
-0.07103698
0.000915854
0.08083138
0.01618183
0.07892761
0.05995328
0.04137036
0.04508842
-0.08897226
-0.007996011
0.1842633
0.01878724
-0.02525464
0.2800508
0.04150015
0.02451709
-0.0248569
0.1151512
-0.04416171
0.1631698
0.102253
0.1019289
0.1722515
0.07891836
-0.03287196
-0.001843852
0.1741704
0.1476391
0.1144955
0.1090063
-0.0136773
0.05158691
0.06329926
0.1105892
0.1076241
0.08430941
0.1378522
0.2619364
0.09083181
0.125069
0.07915221
0.02128759
0.1900279
0.02793986
0.1329645
0.2164216
0.1880883
0.07742048
0.05679719
0.164855
0.146809
0.1113622
0.2165221
0.0389219
-0.05916141
0.1560393
0.1144945
0.1656986
0.1546731
0.2033848
0.1772956
0.2057332
0.07210885
0.1171095
0.1961579
0.1202667
0.1539881
0.2348591
0.2340126
0.134682
0.1868764
0.221866
0.2917212
0.07756859
-0.02321059
0.1523395
0.09183947
0.2033352
0.2933637
0.3210498
0.2734683
0.05659338
0.2158074
0.2235932
0.2958017
0.2403396
0.1400463
0.264793
0.04972371
0.1760591
0.1909413
0.318427
0.18123
0.09829378
0.1880263
0.2647872
0.1863245
0.2985707
0.2079247
0.2901848
0.2946899
0.2042579
0.2386104
0.1889062
0.231134
0.3033568
0.1946824
0.292595
0.09413674
0.234617
0.2020586
0.1654808
0.2399857
0.193113
0.2851466
0.2670847
0.2217613
0.1307017
0.2572384
0.3394841
0.06228478
0.1323203
0.4405687
0.2793263
0.0496335
0.2064716
0.4166852
0.2656814
0.266174
0.3531648
0.2965915
0.3118836
0.3232359
0.3020092
0.2353515
0.2887284
0.2429678
0.3373967
0.3391933
0.3657177
0.3203366
0.2976089
0.3819042
0.3408209
0.337739
0.2778482
0.2903749
0.3005167
0.2467495
0.3298499
0.3283808
0.3229663
0.1776004
0.3801893
0.4184303
0.2395955
0.286491
0.3745863
0.295211
0.4610255
0.3214224
0.1939792
0.3597518
0.4719198
0.4467204
0.3265759
0.2039699
0.3891092
0.2346466
0.4064247
0.2439641
0.3279963
0.3128076
0.360354
0.4857378
0.4834002
0.3687929
0.5418766
0.4629703
0.4302203
0.4045498
0.3142641
0.5375794
0.251589
0.4094017
0.2367781
0.2743507
0.3228663
0.3913968
0.4396921
0.3415526
0.4474869
0.3848713
0.3896912
0.3059288
0.4724956
0.3704081
0.4277851
0.3768479
0.6238066
0.4062417
0.5510322
0.3688739
0.3558715
0.3871901
0.3851309
0.5039298
0.4080099
0.2931848
0.3715108
0.4512049
0.5424541
0.4562695
0.6175911
0.4085275
0.2977892
0.4647684
0.4267858
0.4652308
0.5069102
0.49277
0.377911
0.5183815
0.5872276
0.3818017
0.503694
0.5443024
0.4505997
0.3836445
0.4050087
0.5689042
0.3466067
0.5579077
0.5273376
0.5632014
0.5005086
0.5427999
0.3398901
0.4367509
0.421302
0.5755418
0.5683701
0.397114
0.5397876
0.4055987
0.6236708
0.6358573
0.4958441
0.5596303
0.426199
0.5947512
0.5467798
0.5275927
0.4316448
0.4993787
0.4552847
0.5700018
0.5036262
0.5469004
0.5381699
0.577406
0.6272488
0.4797276
0.6345837
0.7050262
0.5282724
0.5769212
0.431799
0.6377324
0.5146953
0.5776429
0.4671667
0.4670637
0.6915334
0.5210014
0.5191178
0.576924
0.6283469
0.5311591
0.5448935
0.4498816
0.4228336
0.5967085
0.5567606
0.4873664
0.6509879
0.5949393
0.6454883
0.6165397
0.5318911
0.5731656
0.5894143
0.6642571
0.7239684
0.5814655
0.7153376
0.6597063
0.5389362
0.5104425
0.6484879
0.7281541
0.5795634
0.6218555
0.595463
0.6850753
0.4441139
0.5314844
0.66858
0.5081609
0.7157007
0.5912835
0.7505814
0.7560059
0.6439539
0.7017518
0.7499035
0.629413
0.7522722
0.573771
0.5569592
0.5978716
0.6753003
0.5310189
0.5921963
0.8616797
0.5732865
0.676913
0.6438683
0.8527954
0.7330584
0.6396452
0.6502429
0.7637107
0.7039835
0.7155405
0.7542655
0.6482089
0.6504728
0.6275285
0.7809074
0.7728446
0.7249357
0.6133809
0.6977841
0.6487827
0.6677452
0.7406305
0.7940007
0.7759107
0.7082429
0.781001
0.7156959
0.64162
0.7686702
0.5965607
0.8232501
0.7190401
0.7616615
0.7303807
0.6683562
0.7470179
0.6978949
0.6657531
0.7383253
0.7566349
0.7914653
0.8259228
0.6552564
0.7214572
0.7024778
0.6647069
0.8134753
0.8835023
0.8644398
0.6997323
0.8502889
0.9134433
0.791468
0.8472462
0.7448322
0.7566295
0.7888558
0.7628864
0.8002246
0.915193
0.7780286
0.7260747
0.938563
0.761103
0.8205102
0.7826735
0.8157499
0.820679
0.7613619
0.7610502
0.8301122
0.8680184
0.7795685
0.7448783
0.819809
0.8705214
0.9864199
0.8775485
0.7869311
0.7172609
0.9225955
0.906928
0.8833526
0.9022013
0.8432253
0.9552151
0.8884422
0.9265743
0.946938
0.6548466
0.9623704
0.8859725
0.854394
0.7801328
0.8082345
0.8318948
0.8702333
0.9911317
0.9163764
0.847298
0.8479872
0.8259183
0.7988043
0.9290763
0.8289434
0.8370599
0.8514614
0.6281022
0.9320762
0.8454147
0.8348416
0.870338
1.046856
0.8903192
0.8908955
0.8317038
1.061854
0.9037641
0.8898838
1.035389
1.083589
0.8008559
1.052403
0.9064355
1.0607
1.065055
0.9135335
0.8943001
0.8288733
0.8779132
0.9157527
0.8102797
0.9002427
0.9888472
1.056799
0.9527592
1.019418
0.9469708
0.8580798
0.8488528
0.8037297
0.9582859
0.9230483
0.8381911
1.024029
0.8332791
1.003221
0.9549735
0.8985114
1.007119
1.109121
0.9763018
1.000378
1.095034
0.9180424
0.9612682
1.018491
1.017089
1.01296
1.02646
0.8006515
1.040876
0.9083758
1.022145
1.012525