-0.01015036
-0.9725204
-0.9481285
-0.9667875
-1.057753
-0.9341956
-0.8634511
-0.9705862
-0.8665152
-0.9878295
-1.103838
-1.077204
-1.061868
-0.9428153
-0.9053941
-1.023843
-0.965222
-0.9425039
-1.018684
-0.9499081
-1.121809
-1.08858
-0.9613973
-1.090306
-0.9617813
-0.792204
-0.9742507
-1.072909
-0.9121639
-0.9833772
-1.047623
-0.9002701
-0.8403705
-0.983244
-0.9632541
-1.066482
-0.9924001
-1.077041
-0.8620084
-0.8973583
-0.7574908
-0.8337797
-0.9742184
-0.9497268
-1.011144
-0.8913708
-0.9942239
-0.9683771
-1.023445
-0.8686356
-0.9211134
-0.8071227
-0.9297844
-0.8813041
-0.9184539
-0.9372854
-1.016091
-0.9479495
-0.8106619
-0.850231
-0.84019
-0.9138743
-0.9764921
-0.850262
-0.7739701
-0.8797199
-0.8765772
-0.9410887
-0.9532406
-0.8561774
-0.7890011
-0.7852739
-0.7980168
-0.9207484
-0.7395179
-0.7968554
-0.8754366
-0.8433782
-0.8182246
-0.8934064
-0.8834848
-0.7621292
-0.7346399
-0.7958646
-0.7000434
-0.956784
-0.8073992
-0.8235375
-0.8943497
-0.6721922
-0.7152842
-0.9768145
-0.7761639
-0.8584731
-0.9090723
-0.6678027
-0.6883301
-0.8975859
-0.7300222
-0.771741
-0.7578624
-0.9321762
-0.7951034
-0.871642
-0.7537938
-0.8362685
-0.8298327
-0.8928723
-0.9154572
-0.7467005
-0.7907383
-0.7354728
-0.7353358
-0.8422587
-0.6849161
-0.8769091
-0.558934
-0.9491976
-0.8859757
-0.7531439
-0.7207356
-0.8243706
-0.7056524
-0.8765386
-0.7805705
-0.8958808
-0.7982812
-0.7055057
-0.7509682
-0.8925915
-0.8506691
-0.6269552
-0.6353367
-0.8161227
-0.6199224
-0.863689
-0.7897628
-0.7874315
-0.6243767
-0.7083112
-0.6883486
-0.8766018
-0.7154404
-0.5408468
-0.7324675
-0.7267092
-0.7569794
-0.7493149
-0.6317429
-0.5755111
-0.6973242
-0.7394437
-0.6850257
-0.723283
-0.635569
-0.608166
-0.6913642
-0.8232556
-0.6467841
-0.6495608
-0.7481447
-0.5865222
-0.7383005
-0.5918995
-0.6779985
-0.6611746
-0.6191877
-0.7536725
-0.6339421
-0.6677065
-0.645864
-0.5227257
-0.4654463
-0.6045954
-0.779845
-0.5139591
-0.6628288
-0.6790632
-0.5504142
-0.8045812
-0.7645322
-0.6260054
-0.6962101
-0.6353151
-0.7356302
-0.7152069
-0.5771787
-0.7968744
-0.6012012
-0.6488158
-0.7272048
-0.5658125
-0.5087636
-0.5360003
-0.5985111
-0.6830403
-0.6411745
-0.6915644
-0.6995116
-0.5769709
-0.6160368
-0.6123953
-0.5310089
-0.5351156
-0.6168375
-0.5497742
-0.6113187
-0.5101686
-0.6374795
-0.4663211
-0.5859437
-0.6880243
-0.6175756
-0.5290502
-0.6660408
-0.5465713
-0.617641
-0.4507096
-0.4721508
-0.7269046
-0.6487385
-0.6570404
-0.6128411
-0.5954223
-0.5452668
-0.4372483
-0.449929
-0.7005408
-0.6817433
-0.5348622
-0.5896678
-0.519906
-0.3728826
-0.6282138
-0.5661646
-0.3928988
-0.4649872
-0.4227611
-0.4912379
-0.359391
-0.681061
-0.5009033
-0.5457612
-0.4409464
-0.4539462
-0.491854
-0.3950064
-0.5189467
-0.6170522
-0.5464754
-0.5057455
-0.4092972
-0.5141806
-0.3762858
-0.6930836
-0.5376453
-0.5529795
-0.3989852
-0.3605706
-0.4931438
-0.4641467
-0.4885898
-0.3759722
-0.4766934
-0.3361532
-0.5298232
-0.4317489
-0.5121223
-0.582692
-0.4299946
-0.4546372
-0.5032412
-0.5178409
-0.517049
-0.3646947
-0.3606233
-0.4622564
-0.4801982
-0.3710339
-0.5615662
-0.3937098
-0.4725123
-0.3808897
-0.4218411
-0.4942224
-0.4356787
-0.462652
-0.5167713
-0.3592206
-0.2771797
-0.4032367
-0.3427756
-0.5380158
-0.2935474
-0.4009863
-0.6137776
-0.3158199
-0.4885731
-0.4209208
-0.326589
-0.4839801
-0.2863323
-0.2882041
-0.3542869
-0.4142662
-0.2711563
-0.3372585
-0.5727528
-0.1893659
-0.3367724
-0.2544165
-0.3122766
-0.4115743
-0.4661206
-0.3386196
-0.3512957
-0.3423574
-0.2743512
-0.4330455
-0.3087885
-0.3580001
-0.329954
-0.3715352
-0.466722
-0.3343989
-0.2636676
-0.3185612
-0.4357252
-0.3748863
-0.3458766
-0.5043182
-0.4126592
-0.3034234
-0.3456467
-0.2864166
-0.3557371
-0.2883285
-0.3437646
-0.2906516
-0.3987027
-0.3621827
-0.286869
-0.1964089
-0.3240542
-0.3849471
-0.3214436
-0.3800756
-0.2852457
-0.2529866
-0.4076387
-0.3656809
-0.3206197
-0.2616076
-0.1839862
-0.4840055
-0.05058971
-0.07388425
-0.201873
-0.2140016
-0.3180901
-0.3022306
-0.2671095
-0.3120428
-0.4019937
-0.2432345
-0.2419026
-0.3338088
-0.3714716
-0.1714887
-0.3009902
-0.2121083
-0.2364305
-0.3187619
-0.2474131
-0.3681156
-0.2542603
-0.3666411
-0.4028609
-0.2321115
-0.2471571
-0.1103253
-0.3374765
-0.2994175
-0.3571981
-0.3279057
-0.1974689
-0.3253892
-0.3694241
-0.2537655
-0.2291086
-0.205561
-0.3008673
-0.2763245
-0.2731341
-0.4101447
-0.2442377
-0.2063468
-0.239716
-0.1380146
-0.3531393
-0.2137028
-0.1236684
-0.1575987
-0.1626862
-0.1466393
-0.1814295
-0.1836127
-0.2049016
-0.1267057
-0.2926045
-0.1632759
-0.1515451
-0.1885386
-0.1185245
-0.06877187
-0.07751498
-0.3204776
-0.3843447
-0.2038902
-0.2468829
0.03478878
-0.2073621
-0.1658397
-0.1372919
-0.2139795
-0.07292492
-0.1954989
-0.1640191
-0.1372754
-0.06043501
-0.08706692
-0.1128507
-0.02528284
-0.06114201
-0.115036
-0.1065573
-0.2538504
-0.3458498
-0.1376318
-0.2443826
0.05637759
-0.07263166
-0.2292391
-0.1184748
-0.150783
-0.1744392
-0.2348817
-0.1494326
-0.03398985
-0.004108312
-0.1747475
-0.1160483
-0.0874107
-0.1607981
-0.1853281
-0.06457721
-0.1507548
-0.0425496
-0.07595004
-0.09455821
-0.1608179
-0.01335933
0.01573075
-0.007557214
-0.01508563
-0.1352155
-0.07580971
-0.005289407
-0.01729507
-0.1536295
-0.06616133
0.04660232
-0.09152084
-0.02996716
-0.07004491
-0.1066377
-0.03426093
-0.001196622
-0.08019745
-0.03157721
-0.09841544
-0.1133765
0.04934713
0.1027242
0.03902886
0.008095212
-0.08401701
-0.1229135
0.01869967
-0.05084994
-0.06892936
-0.005148368
-0.1856311
0.1528756
-0.04025889
-0.01905676
0.005320298
-0.01003857
0.09400123
-0.112617
-0.03886366
0.05865769
-0.02254246
0.06217606
-0.02138691
0.02356171
-0.02736462
-0.1268794
0.008319613
0.02669154
0.09596052
-0.05637363
-0.04248623
0.05421207
0.02006546
0.07198623
0.04813626
0.04265967
0.02755212
-0.10125
-0.01893589
0.1732085
0.01345791
-0.03263818
0.2722856
0.02845058
0.02149794
0.007244564
0.1460038
-0.04196507
0.1635233
0.1028499
0.1084123
0.1726146
0.08010276
-0.03303084
0.01538262
0.1933075
0.1421782
0.09453153
0.106903
-0.01376105
0.05884382
0.07503355
0.1189393
0.1059618
0.08856232
0.1369588
0.266427
0.09528883
0.1362899
0.068792
0.01508296
0.187823
0.05238359
0.1512707
0.2138429
0.1919874
0.07220992
0.08493156
0.1520715
0.1398993
0.1129486
0.2038314
0.04543832
-0.05456988
0.1696031
0.124665
0.1747694
0.1383979
0.214301
0.1688263
0.2135719
0.08291058
0.1078061
0.2035119
0.09268669
0.1706878
0.2318397
0.2158827
0.1403753
0.1710758
0.194071
0.2794519
0.08823321
-0.01749768
0.1172882
0.08779395
0.2176296
0.2990633
0.323219
0.2617384
0.03150407
0.2122107
0.2217186
0.2855458
0.2278163
0.1299731
0.2575741
0.05130174
0.1735069
0.1874516
0.3044277
0.1819356
0.09567256
0.1777337
0.2680419
0.1891863
0.3058131
0.2019171
0.279471
0.2881956
0.198205
0.256294
0.1972587
0.2212329
0.296564
0.1690883
0.2711767
0.1116702
0.2341128
0.184444
0.1710534
0.2387128
0.1927505
0.2897986
0.2753619
0.2118022
0.1439723
0.2582224
0.325291
0.04519088
0.1441133
0.4317291
0.2842903
0.05736296
0.1989257
0.4172354
0.2814759
0.2872882
0.348355
0.3055498
0.3077888
0.2957712
0.2925178
0.2452443
0.2684159
0.2266673
0.3308795
0.3495237
0.3750212
0.31244
0.2951018
0.381336
0.3498092
0.3334639
0.2630009
0.3054875
0.2960628
0.2385128
0.3212489
0.3009229
0.3298503
0.1950569
0.3609829
0.4124707
0.248507
0.2958899
0.3921212
0.2745775
0.4646754
0.3120487
0.2118563
0.3440037
0.4463403
0.4513808
0.332822
0.2105535
0.4118033
0.234182
0.402456
0.2578117
0.3245648
0.3065828
0.3507882
0.4284028
0.4886385
0.3843236
0.5418811
0.4886731
0.4376925
0.3851827
0.3223892
0.562691
0.2481114
0.3887958
0.2637964
0.2897628
0.3250567
0.3878675
0.4293427
0.3588095
0.4686462
0.3878025
0.4105855
0.3142539
0.4683961
0.3551346
0.4683628
0.3768609
0.641244
0.417334
0.5524465
0.374942
0.339488
0.4100835
0.3866475
0.5132493
0.3979737
0.3039722
0.3608791
0.4448121
0.5423801
0.4567927
0.6223677
0.3956856
0.3107134
0.4838946
0.4431964
0.480782
0.5068394
0.4940123
0.4155645
0.508828
0.5893899
0.3859311
0.5059846
0.5463458
0.4503276
0.3864506
0.4114037
0.5698453
0.3464354
0.5296708
0.5332777
0.5649104
0.5128572
0.546003
0.3794244
0.4438661
0.4260928
0.5750119
0.5647097
0.3832678
0.5296872
0.4343962
0.6345349
0.6303148
0.4925183
0.5383061
0.423428
0.6037878
0.555293
0.5037592
0.4121813
0.5165657
0.4603215
0.5636923
0.5308615
0.5386343
0.5332358
0.5915138
0.6363959
0.4588195
0.6651284
0.7026756
0.5325727
0.5720162
0.439235
0.6253794
0.5359906
0.594169
0.4548085
0.4762447
0.7133529
0.5233012
0.5163204
0.5791181
0.6365174
0.5396699
0.5429615
0.4688419
0.4289938
0.6081865
0.5794567
0.4919389
0.659331
0.6055929
0.6158471
0.6139933
0.5289244
0.5885904
0.5468685
0.6492719
0.730111
0.5840546
0.7061394
0.6519891
0.5530338
0.5163712
0.640792
0.7419594
0.6028463
0.6263583
0.6005884
0.6637052
0.4359115
0.5365456
0.693575
0.5199411
0.7094189
0.5849399
0.7481683
0.7214532
0.6452736
0.6924854
0.7542072
0.6239108
0.7602455
0.5615319
0.5559059
0.6022353
0.6724869
0.5285211
0.58851
0.8332463
0.5561077
0.6812396
0.6560362
0.8556027
0.7145523
0.6382734
0.6397768
0.7607061
0.6910803
0.7232516
0.7496476
0.6584023
0.6597814
0.6468801
0.7757711
0.783622
0.712719
0.6040007
0.7004823
0.6562524
0.6715159
0.7314603
0.7947624
0.7755699
0.700539
0.7934983
0.7220287
0.6284012
0.7926802
0.6035814
0.8286061
0.7123814
0.7505237
0.7388062
0.6793171
0.7421822
0.7226909
0.670538
0.7164979
0.7592963
0.7654097
0.8483517
0.6525705
0.707803
0.7121245
0.6661905
0.8092003
0.8747339
0.8581045
0.6997165
0.8470787
0.8874929
0.7972616
0.8441982
0.7474539
0.77513
0.7982915
0.7645472
0.8192301
0.9063285
0.7814901
0.7503535
0.942473
0.7506753
0.8322021
0.7810518
0.8206571
0.8201609
0.7576621
0.7452597
0.8030807
0.8874182
0.7644454
0.7615622
0.8169148
0.8674077
0.9852745
0.9083213
0.7772263
0.7392964
0.9360994
0.9101
0.883717
0.899476
0.829904
0.9505611
0.8990166
0.8967974
0.9209178
0.6637827
0.9452355
0.8710341
0.8683182
0.7753157
0.7918918
0.8331556
0.8681379
0.9978283
0.9434821
0.8538367
0.8474694
0.807902
0.8097836
0.9277044
0.8270198
0.828888
0.8417397
0.6261421
0.9266552
0.842977
0.8381669
0.8806582
1.042084
0.8841641
0.8892573
0.8231564
1.061582
0.9044186
0.8992492
1.043717
1.09905
0.8036369
1.034865
0.9092169
1.046766
1.07675
0.9183028
0.9001506
0.8459245
0.877429
0.9211678
0.7979494
0.9096435
0.97562
1.037432
0.9633997
1.030573
0.9594688
0.876077
0.8529248
0.7927777
0.9465359
0.908848
0.8397241
1.024717
0.8182881
1.006049
0.9579297
0.8950017
1.028417
1.100484
0.9842292
0.9909538
1.069221
0.9189642
0.9760866
1.019274
1.021546
1.007302
1.027204
0.7929973
1.061073
0.9070946
1.028389
1.011579