-0.03755111
-0.9480375
-0.9634725
-0.9794483
-1.081446
-0.9307744
-0.8496509
-0.94857
-0.8762403
-0.9915543
-1.127209
-1.060031
-1.075058
-0.9543396
-0.8891624
-1.011075
-0.979253
-0.9397623
-1.014358
-0.9421006
-1.093855
-1.109724
-0.9695706
-1.108281
-0.9410051
-0.7924893
-0.9491698
-1.105422
-0.9118235
-0.9693981
-1.033876
-0.8952978
-0.8477017
-0.9755491
-0.9604652
-1.071673
-0.9733562
-1.087503
-0.8690215
-0.8919325
-0.7380297
-0.8447596
-0.9586197
-0.9504053
-1.019506
-0.8842503
-0.9869495
-0.9750449
-1.052384
-0.8907762
-0.9203372
-0.8161128
-0.9168703
-0.8988197
-0.9344511
-0.9560866
-1.025307
-0.9399242
-0.8036673
-0.8426769
-0.8188076
-0.9189446
-0.9853474
-0.8471064
-0.8019492
-0.8646409
-0.8748207
-0.9622919
-0.92952
-0.8691522
-0.788069
-0.8125403
-0.8033041
-0.9138333
-0.7273016
-0.7979167
-0.872681
-0.8442904
-0.8030024
-0.8859477
-0.8578612
-0.7516209
-0.7723238
-0.791438
-0.7178858
-0.9590809
-0.8265245
-0.8476118
-0.8876447
-0.6653798
-0.6834418
-0.9675489
-0.7747333
-0.8502879
-0.9064095
-0.6941126
-0.7041808
-0.8988515
-0.7285799
-0.769443
-0.7366668
-0.9241021
-0.7767364
-0.8716206
-0.7513555
-0.841133
-0.8336614
-0.8938998
-0.8915628
-0.742942
-0.7895025
-0.741444
-0.7100168
-0.8424933
-0.702595
-0.8954875
-0.5651788
-0.9572853
-0.9092607
-0.7750906
-0.7226139
-0.8179619
-0.7096476
-0.8842086
-0.7905789
-0.8918313
-0.7674432
-0.7203989
-0.7368396
-0.8967329
-0.8401421
-0.6155593
-0.6392702
-0.8393704
-0.6341841
-0.8542413
-0.792753
-0.7799542
-0.619175
-0.7102523
-0.6986362
-0.882242
-0.6933634
-0.5682277
-0.7435688
-0.7139446
-0.7621615
-0.7573475
-0.6195087
-0.5803219
-0.7166019
-0.7399387
-0.6722428
-0.6878237
-0.6470755
-0.6295273
-0.6815937
-0.8143342
-0.6309044
-0.6389066
-0.7523065
-0.5933164
-0.7402241
-0.5849347
-0.6483321
-0.6682338
-0.6299975
-0.7519807
-0.6215317
-0.6732457
-0.6533756
-0.514941
-0.4773873
-0.5980053
-0.7766223
-0.5238467
-0.6607085
-0.684879
-0.566763
-0.7896151
-0.7670148
-0.6202711
-0.7107808
-0.6572708
-0.7306811
-0.710304
-0.5718284
-0.7974777
-0.631815
-0.6582046
-0.7070208
-0.5469112
-0.5118088
-0.5454831
-0.6022509
-0.7009111
-0.626255
-0.6587455
-0.7110899
-0.5917821
-0.6130507
-0.6032638
-0.5381235
-0.5247652
-0.6128316
-0.5440369
-0.6243352
-0.4951985
-0.6633416
-0.4795984
-0.5498622
-0.6734723
-0.6081658
-0.5146418
-0.6467361
-0.5596679
-0.5984171
-0.4453041
-0.453942
-0.7304208
-0.6489861
-0.6470375
-0.5953496
-0.6077578
-0.5399942
-0.4504507
-0.4499789
-0.6920726
-0.7036749
-0.5408531
-0.5786353
-0.498613
-0.3698796
-0.6074389
-0.5533728
-0.3949272
-0.479908
-0.3927835
-0.4817256
-0.3645519
-0.6701492
-0.5007004
-0.5604516
-0.4355988
-0.4497104
-0.4872401
-0.3811676
-0.5119919
-0.5984762
-0.5264847
-0.4968693
-0.3975585
-0.48557
-0.3881844
-0.6695847
-0.5464574
-0.5464284
-0.4035653
-0.3649514
-0.4788928
-0.4694561
-0.5081563
-0.3746182
-0.4809893
-0.3230155
-0.5204745
-0.4429098
-0.5130812
-0.5681054
-0.4323688
-0.4385686
-0.4952269
-0.5161371
-0.4953788
-0.3662882
-0.3484002
-0.4449661
-0.4864293
-0.3529737
-0.5588591
-0.3977035
-0.4819093
-0.3866818
-0.3933231
-0.4723978
-0.4442202
-0.4729027
-0.5330949
-0.3494295
-0.282167
-0.4089086
-0.3662881
-0.5349581
-0.294781
-0.4268391
-0.6212114
-0.3211989
-0.5018471
-0.4322851
-0.3233985
-0.4908056
-0.2796017
-0.3065621
-0.3662451
-0.4133451
-0.2611065
-0.3314493
-0.5582828
-0.1964803
-0.33401
-0.2427784
-0.3106651
-0.4055782
-0.4625071
-0.3192596
-0.3537243
-0.343395
-0.2854687
-0.4392854
-0.3055029
-0.339739
-0.3409507
-0.3626386
-0.4556633
-0.3301785
-0.2686156
-0.3257282
-0.4338591
-0.3771245
-0.3567522
-0.4927837
-0.4056332
-0.3011435
-0.3697788
-0.2881477
-0.3385036
-0.2864134
-0.3444282
-0.3069945
-0.4007433
-0.3563494
-0.298185
-0.2029817
-0.337163
-0.3798396
-0.3137473
-0.3842948
-0.2586771
-0.2575666
-0.4092491
-0.3649249
-0.2944561
-0.2556734
-0.1964388
-0.486873
-0.04787605
-0.05354139
-0.2379356
-0.2042649
-0.3157127
-0.3271978
-0.2636952
-0.304848
-0.4008409
-0.229425
-0.2390519
-0.3493399
-0.3693358
-0.1644455
-0.2824406
-0.2146753
-0.2587136
-0.3011019
-0.2502521
-0.3551168
-0.2568836
-0.3731896
-0.3920824
-0.2056204
-0.2600511
-0.08715045
-0.3321103
-0.3065703
-0.3492554
-0.3468885
-0.1966811
-0.3014825
-0.3812652
-0.2435887
-0.2177662
-0.1841997
-0.2809983
-0.2703034
-0.2883493
-0.4244806
-0.2674048
-0.2091017
-0.2036834
-0.1472009
-0.375593
-0.195271
-0.1239418
-0.1537907
-0.1584727
-0.1454437
-0.2020881
-0.1906803
-0.206383
-0.1229656
-0.2962323
-0.1748055
-0.1540615
-0.1683006
-0.1082144
-0.07271064
-0.07912225
-0.3077627
-0.383418
-0.1797523
-0.2349338
0.02811584
-0.2102931
-0.1758985
-0.1267026
-0.2060399
-0.06342622
-0.1972185
-0.148464
-0.1369276
-0.06748452
-0.0838782
-0.09855904
-0.04288156
-0.05504718
-0.1019329
-0.09193369
-0.2472437
-0.3428946
-0.1262768
-0.235023
0.06018847
-0.07605746
-0.2321742
-0.1000264
-0.1281821
-0.1831725
-0.256719
-0.111151
-0.05174144
-0.01498201
-0.1737948
-0.1398457
-0.1039496
-0.1717888
-0.1884299
-0.05293283
-0.1477926
-0.03421734
-0.08469544
-0.1203002
-0.1933713
-0.02649689
0.02249524
-0.002822672
-0.02984836
-0.1210927
-0.07312826
-0.006708986
-0.02876628
-0.1734286
-0.08386191
0.07072921
-0.1022717
-0.03146733
-0.06464113
-0.09386349
-0.05843434
0.0008071808
-0.06624702
-0.02600731
-0.1049371
-0.09877755
0.04702686
0.1059199
0.01518836
0.01975857
-0.1057941
-0.1075343
0.0318655
-0.07417268
-0.07205463
0.01033041
-0.1930836
0.1593515
-0.04174275
-0.02688737
0.00174748
-0.009721405
0.08154349
-0.1243373
-0.04562513
0.09322934
-0.03825092
0.08780088
-0.0132188
0.0252342
-0.02769803
-0.1500033
0.03368619
0.0425671
0.08591173
-0.09092486
-0.01758503
0.0756296
0.005627962
0.0696773
0.04082105
0.03182826
0.04139432
-0.09207486
-0.01388885
0.1907553
0.0371436
-0.03846398
0.2593377
0.04656145
0.01914105
0.01161515
0.1147608
-0.02705067
0.1341622
0.1087725
0.08898219
0.169547
0.06614481
-0.01144807
0.01623234
0.1881138
0.1387446
0.1080257
0.07994526
-0.03924119
0.05050296
0.04845875
0.1306103
0.08281725
0.09685008
0.122236
0.258047
0.09381929
0.1328971
0.07183994
0.04487961
0.1909381
0.05031259
0.148063
0.2065017
0.2046159
0.05813676
0.07708837
0.1401246
0.1287872
0.1143506
0.197906
0.05237034
-0.05846467
0.1560348
0.121093
0.1830036
0.1616153
0.1924413
0.1789776
0.2296451
0.1057009
0.1016139
0.1965436
0.105859
0.1551017
0.2309459
0.2331852
0.1486046
0.1883862
0.2040522
0.2885063
0.08040499
-0.02643018
0.1346901
0.08698272
0.1891736
0.2939253
0.3164794
0.2597541
0.03604593
0.2113651
0.2475148
0.2777579
0.2430247
0.1450783
0.2475425
0.05794772
0.1964766
0.1914521
0.3101266
0.1872675
0.1119669
0.1941584
0.2572735
0.1893693
0.2986577
0.2029839
0.281135
0.2919374
0.2012299
0.2317446
0.182302
0.2478853
0.2995083
0.1901185
0.2883126
0.09548055
0.2498459
0.1929917
0.1663766
0.2375473
0.2052913
0.2908017
0.2825957
0.2116621
0.1536348
0.2632595
0.3285358
0.05723085
0.1136334
0.4289028
0.2920242
0.05049377
0.2040872
0.4071211
0.2762778
0.2709971
0.3351599
0.3031148
0.3191875
0.2931389
0.3035083
0.2636793
0.2888365
0.2402677
0.3311697
0.3394512
0.3798258
0.3032128
0.3045486
0.3821078
0.3404578
0.3294663
0.2614502
0.2627309
0.3031848
0.2479774
0.3210549
0.3006828
0.337383
0.1836954
0.3606958
0.4128198
0.2552589
0.3074089
0.3812174
0.2536279
0.4484261
0.3202387
0.2010903
0.3570615
0.4617666
0.4485724
0.3375387
0.2089533
0.4009757
0.2413427
0.3923308
0.2477989
0.3375498
0.2898923
0.3441384
0.4558939
0.4912649
0.3842347
0.5362599
0.4582331
0.4364209
0.3823983
0.3223456
0.5575801
0.2477512
0.4046558
0.2336226
0.2662043
0.3242252
0.4025841
0.4304993
0.3493826
0.4740537
0.3863438
0.4077262
0.2916617
0.4662329
0.3655884
0.4421271
0.3872526
0.6307215
0.4188066
0.5632549
0.376858
0.3449347
0.3842194
0.3795051
0.4943079
0.416854
0.2982239
0.3575724
0.4561039
0.5375293
0.4715921
0.6093944
0.3945108
0.3087964
0.4659679
0.407317
0.4688917
0.5242942
0.5299691
0.401258
0.5179699
0.5930706
0.3514331
0.5223669
0.5440013
0.4499096
0.3862246
0.4074344
0.5803644
0.3503087
0.5624298
0.5181266
0.565079
0.5192613
0.546846
0.3625612
0.4444225
0.4384929
0.5931118
0.5644745
0.394385
0.546312
0.4309236
0.6237688
0.6195176
0.4763431
0.5519217
0.4299703
0.6070771
0.5476374
0.5044319
0.4305047
0.4927902
0.4857695
0.5647591
0.5175178
0.5405784
0.5426786
0.5957535
0.6226621
0.475358
0.6462724
0.6967823
0.5347796
0.5935187
0.4158805
0.6248545
0.504496
0.6020368
0.4747777
0.4588081
0.6958187
0.5111487
0.5178929
0.6011495
0.6331976
0.5473983
0.5318847
0.4611581
0.4317776
0.5967029
0.5709503
0.5054903
0.6639213
0.6139309
0.6323435
0.6099688
0.5295774
0.5766427
0.5909009
0.6661516
0.7326359
0.5740111
0.7091138
0.6627493
0.5584368
0.5204863
0.6471694
0.7364813
0.5978383
0.6291646
0.5972859
0.6678921
0.4110699
0.5582868
0.6991199
0.513681
0.7167349
0.5888788
0.7509736
0.7462994
0.6482306
0.7051108
0.7669771
0.6231292
0.7444534
0.5852733
0.5523943
0.628757
0.667569
0.543008
0.6013297
0.8298534
0.563441
0.6701941
0.6627046
0.8504514
0.7039415
0.6511373
0.6321315
0.7503501
0.6939179
0.6997909
0.7444755
0.6486121
0.6540602
0.6410783
0.7846938
0.7781993
0.7208729
0.6034306
0.6877959
0.6491612
0.6650894
0.7366467
0.7995331
0.7757947
0.7117699
0.8005302
0.7112443
0.6456464
0.7948146
0.6033583
0.8293954
0.7071104
0.7302694
0.7412496
0.6702124
0.7329348
0.7122366
0.6652073
0.7432796
0.7713712
0.7937923
0.8344551
0.6702656
0.7094565
0.7068558
0.663342
0.8055936
0.8819518
0.864253
0.7139087
0.8406656
0.9004846
0.7694339
0.845569
0.7432556
0.7594959
0.8108868
0.7865553
0.8238501
0.9137252
0.7795045
0.7136373
0.9405902
0.7636498
0.8188177
0.7948091
0.8130759
0.8303529
0.7575097
0.7614223
0.8088911
0.8726409
0.7670512
0.7386919
0.8136365
0.8759607
0.9616094
0.8718973
0.7820926
0.7279353
0.9302459
0.8851139
0.8955894
0.8998843
0.8630797
0.9492542
0.8858441
0.9048043
0.9276188
0.6587536
0.9555927
0.8679165
0.8729543
0.771483
0.7912779
0.8277546
0.8632513
0.9941092
0.9324444
0.8613854
0.8534849
0.8010881
0.7952732
0.9211903
0.8249968
0.836516
0.8491778
0.6506214
0.937329
0.8361994
0.8406083
0.8956512
1.06615
0.8842917
0.9022044
0.8221957
1.068817
0.8844637
0.9003844
1.049323
1.085008
0.8018868
1.037331
0.901377
1.040818
1.083766
0.9055605
0.9016796
0.84135
0.8787737
0.9210829
0.813626
0.9100773
0.9955748
1.0513
0.9581684
1.036135
0.9215231
0.8709895
0.8665432
0.7950277
0.9609469
0.925574
0.8570062
1.024798
0.8378887
0.9800495
0.9665308
0.8850389
1.039002
1.115191
0.9584203
0.9982071
1.062722
0.9061379
0.961487
1.013586
1.011781
1.021018
1.032077
0.7808569
1.063205
0.9002075
1.028941
1.022788