-0.04097678
-1.090926
-0.9662381
-1.032655
-0.9095522
-0.9313533
-0.8994929
-0.9112211
-0.9671446
-1.113295
-0.9383428
-0.9090357
-0.9734549
-0.9782733
-0.8972843
-1.032157
-1.015145
-0.7501708
-0.9966591
-1.017849
-0.9725026
-0.7908404
-0.9305899
-0.9665632
-0.8542024
-0.8962888
-0.9935839
-0.9322245
-0.9592755
-0.9389075
-0.7919275
-0.9136441
-0.8270112
-1.033856
-0.9556443
-0.8740406
-0.9697165
-0.9084042
-0.9750926
-0.8759934
-0.869167
-0.9670932
-0.9366424
-1.082591
-0.9978628
-1.007076
-0.9695418
-1.051088
-0.9402975
-0.8773772
-0.9003692
-0.9358624
-1.031636
-0.8756158
-0.9072532
-0.9745949
-0.8417089
-0.7950956
-0.905353
-0.9479002
-0.8646192
-0.9014122
-1.038615
-1.016828
-0.7906755
-0.8684214
-0.8403732
-0.9015521
-0.7145158
-0.9552589
-0.9209821
-0.9561547
-0.924804
-0.9549375
-0.9627852
-0.8153215
-0.9161512
-0.8899043
-0.7127902
-0.8205732
-0.7713473
-0.8819178
-0.8313753
-0.9412566
-0.9328657
-0.9958492
-0.8195465
-0.7637736
-0.80031
-0.8044779
-0.9190415
-0.9618146
-0.7409044
-0.9197866
-0.7527797
-0.8765921
-0.8104227
-0.7575472
-0.9141976
-0.7699078
-0.8454141
-0.762779
-0.8101564
-0.7846627
-0.7336822
-0.7495515
-0.8377748
-0.5928193
-0.7369771
-0.7900197
-0.8900942
-0.7965487
-0.8283463
-0.7683748
-0.5670608
-0.8121133
-0.8019484
-0.7696262
-0.7739412
-0.6602662
-0.8804283
-0.6974069
-0.9048925
-0.6794799
-0.698489
-0.8088059
-0.7865342
-0.7947495
-0.7484154
-0.8481899
-0.809841
-0.74488
-0.8341992
-0.5968396
-0.6997237
-0.8019251
-0.7935679
-0.6847439
-0.7457698
-0.809498
-0.7000774
-0.7504885
-0.7492153
-0.4971855
-0.8019646
-0.6679868
-0.7336223
-0.4747481
-0.6418306
-0.6607156
-0.7154305
-0.6077722
-0.6618961
-0.6345599
-0.7340115
-0.7724789
-0.6529334
-0.6845266
-0.57852
-0.806086
-0.735088
-0.6511149
-0.5739782
-0.5958673
-0.6025342
-0.7008828
-0.7293897
-0.6961477
-0.6948942
-0.6332775
-0.594746
-0.6853376
-0.6168332
-0.4763612
-0.7530677
-0.5586117
-0.7738382
-0.6211231
-0.7691504
-0.5896704
-0.5748264
-0.6181498
-0.6504364
-0.565794
-0.5886009
-0.6076484
-0.719753
-0.668562
-0.574933
-0.5523356
-0.7674426
-0.6534774
-0.738818
-0.56398
-0.5946294
-0.6298612
-0.5513876
-0.6216077
-0.6478737
-0.4672215
-0.5634689
-0.7755886
-0.6233265
-0.6094882
-0.6573743
-0.6411166
-0.5633962
-0.4288055
-0.5874278
-0.425984
-0.510538
-0.5603617
-0.4923771
-0.4915767
-0.6173374
-0.5849087
-0.5542899
-0.6589962
-0.49452
-0.6501789
-0.5925304
-0.534634
-0.6819207
-0.6727534
-0.4124183
-0.6271159
-0.5755468
-0.3983619
-0.5161454
-0.5693919
-0.5369565
-0.3866751
-0.6143242
-0.4820361
-0.596271
-0.6348003
-0.4975101
-0.4734051
-0.5350336
-0.4782257
-0.5162596
-0.4638066
-0.5409676
-0.5680736
-0.4534861
-0.5796869
-0.6058681
-0.5020418
-0.588666
-0.6458844
-0.56705
-0.3568113
-0.6429639
-0.3400217
-0.5251081
-0.5542297
-0.4803502
-0.4540662
-0.4633473
-0.3986108
-0.3776546
-0.4789734
-0.6042447
-0.4578488
-0.4984883
-0.5417882
-0.3999715
-0.4258769
-0.4445583
-0.4961613
-0.406426
-0.3389136
-0.4639297
-0.4152387
-0.2871991
-0.3519733
-0.4358787
-0.4652046
-0.3834794
-0.499656
-0.4482185
-0.4230296
-0.3669723
-0.4684587
-0.529774
-0.3205983
-0.4945245
-0.5256602
-0.2991964
-0.5722716
-0.4621702
-0.3655509
-0.4570686
-0.3832523
-0.4095744
-0.4009616
-0.398658
-0.5408945
-0.3564596
-0.4244984
-0.5778856
-0.528052
-0.3875624
-0.5230416
-0.4807053
-0.4618165
-0.3416736
-0.2710094
-0.4230722
-0.4511115
-0.496392
-0.5838865
-0.3776067
-0.3809489
-0.3242965
-0.4517756
-0.4427344
-0.3328277
-0.4184897
-0.4238317
-0.4435169
-0.3701653
-0.3697158
-0.255761
-0.3732537
-0.3848252
-0.4246824
-0.3953271
-0.4054748
-0.2851734
-0.3931186
-0.4145261
-0.3405082
-0.3540952
-0.3742481
-0.1717976
-0.1671682
-0.1894813
-0.3464711
-0.3742287
-0.3228132
-0.3322142
-0.3189941
-0.3116746
-0.4075383
-0.3605108
-0.2857329
-0.267629
-0.3569779
-0.2554375
-0.2541635
-0.2045586
-0.2835944
-0.2765133
-0.2132834
-0.3405422
-0.2564475
-0.2066214
-0.3798522
-0.1740603
-0.3638133
-0.2127171
-0.294973
-0.2729625
-0.2009562
-0.2790012
-0.367654
-0.3974432
-0.4277173
-0.2665092
-0.2230213
-0.2078376
-0.296407
-0.3711569
-0.1344586
-0.3786749
-0.259504
-0.2398703
-0.1714246
-0.339284
-0.1337179
-0.1621892
-0.2842582
-0.4193239
-0.3833932
-0.1175857
-0.2177887
-0.1922579
-0.2024473
-0.1660898
-0.3482701
-0.3296661
-0.3383822
-0.3063507
-0.3231496
-0.1564436
-0.284991
-0.2255912
-0.1351392
-0.2337966
-0.3116718
-0.004465266
-0.05534632
-0.3602224
-0.3344976
-0.2460945
-0.2490583
-0.1594432
-0.01995534
-0.2081521
-0.1373638
-0.2802611
-0.1693628
-0.2409392
-0.1406464
-0.1148255
-0.1622755
-0.3114317
-0.2017567
-0.1588248
-0.1335999
-0.1804546
-0.0965383
-0.2092788
-0.04868342
-0.3706732
-0.1346963
-0.03937018
-0.1645015
-0.06364267
-0.2218299
-0.1895509
-0.0795049
-0.1324698
-0.1634094
-0.2207539
-0.05917493
-0.2434677
-0.09123778
-0.2489359
-0.2044564
-0.1565212
-0.1503309
-0.060141
-0.1711266
-0.06236172
-0.2994449
-0.2221118
-0.1165097
-0.0666952
-0.2166038
-0.0354409
-0.01312281
-0.2322264
0.04637122
-0.1923826
0.002422477
-0.01105855
0.0009691439
-0.3057823
-0.04978997
-0.0557925
-0.1363309
-0.03775969
-0.1313554
0.05226634
-0.1110386
-0.1589239
-0.04244088
-0.04035207
-0.01053577
-0.07925556
-0.1343807
-0.08371969
-0.0442148
0.01166848
-0.1851963
-0.04317915
-0.02097793
-0.03114813
-0.07529914
-0.04350582
0.04676566
0.06928831
-0.05318692
-0.08520996
-0.006308693
-0.2178909
-0.0533582
0.05917452
-0.131709
0.1052731
0.01775389
0.02712747
-0.1675681
-0.08609877
0.03242616
-0.1971953
-0.02403679
0.00471971
-0.1194432
-0.0193752
0.1177841
-0.009701592
-0.06437918
0.1108216
-0.001630897
0.04278183
0.003324115
0.004887833
0.01193509
-0.027113
-0.000230291
-0.002250116
0.07461181
0.1208131
0.02315428
0.03538422
0.02611859
0.07976591
0.1075012
-0.06128863
0.1437593
0.02405933
0.03894721
0.1214417
0.02767529
-0.07931679
-0.0652542
0.06719834
-0.02651421
0.2022336
0.1157259
0.09877738
0.1504174
0.1654174
0.03880143
-0.0345315
0.1152679
0.1291401
0.04337249
0.1084881
0.1139085
0.01559581
0.1391886
0.03309519
0.1095056
-0.02410233
0.1942286
0.04015191
0.2477791
0.1456654
0.1036575
0.01005257
0.1525929
0.2054617
0.1074401
0.0568777
0.1044592
-0.04553617
0.1074009
0.1870407
0.1105122
0.08665714
0.1588566
0.2441932
0.1715463
0.02741498
0.1247812
0.1448791
0.2198748
0.152399
0.3010286
0.1233786
0.1486689
0.05421588
0.1893704
0.1729092
0.1593822
0.1460273
0.2094409
0.1432082
0.1460263
-0.005366211
0.07908666
0.2459763
0.304103
0.1086896
0.1305499
0.3053498
0.1467939
0.140261
0.2085761
0.1103102
0.2531135
0.07047224
0.241667
0.2576601
0.1276472
0.337597
0.2059743
0.1749953
0.1034507
0.02801007
0.3002331
0.2451447
0.1407543
0.2107166
0.2193123
0.3349003
0.2365405
0.161499
0.07324905
0.1700584
0.2692456
0.2177418
0.1109197
0.1589025
0.2692779
0.1387961
0.3116341
0.2027129
0.24198
0.3748754
0.2578568
0.2858073
0.1629494
0.1360831
0.2994246
0.2693242
0.11761
0.02306753
0.2902597
0.3438443
0.25049
0.1854687
0.2237793
0.291487
0.1330001
0.2147709
0.2616983
0.2656479
0.2393458
0.387633
0.2385785
0.3736818
0.1392979
0.3059103
0.3012385
0.2282641
0.4182539
0.3061852
0.2733912
0.4029145
0.3862081
0.4166626
0.3711089
0.3020824
0.3112462
0.4114702
0.330932
0.1619325
0.328545
0.4179576
0.3809139
0.4496205
0.4061115
0.2213882
0.3806217
0.270567
0.2568094
0.395172
0.4404976
0.4199487
0.2924742
0.4066389
0.2751423
0.4902575
0.5957646
0.5301216
0.3980129
0.5354519
0.3345651
0.4016684
0.3118149
0.339225
0.4405859
0.5576628
0.340023
0.351186
0.502254
0.3519905
0.229557
0.2335759
0.3411945
0.303795
0.3470498
0.2709133
0.4755892
0.4087371
0.2618418
0.4127485
0.3802727
0.5097034
0.3597167
0.3780608
0.3281318
0.4426875
0.337274
0.4402836
0.370489
0.4099723
0.304764
0.3340364
0.4761657
0.3702513
0.4342356
0.4222699
0.4329248
0.3899181
0.2517517
0.3923169
0.3129047
0.579158
0.4925897
0.4999143
0.3772789
0.5674013
0.5492715
0.4945837
0.4692015
0.4236618
0.4653061
0.4293022
0.4502181
0.4420758
0.4708059
0.380055
0.4348168
0.4285899
0.4289361
0.3806064
0.5044967
0.4453536
0.4413287
0.563402
0.5594393
0.604333
0.5614861
0.5646061
0.5133887
0.535415
0.5998901
0.6120676
0.5003204
0.5349867
0.6257097
0.5726066
0.4517756
0.5447861
0.5697326
0.5320482
0.5039522
0.4808734
0.610299
0.4266215
0.4887371
0.4692954
0.596532
0.5230311
0.5519895
0.5008054
0.521897
0.4470575
0.4911883
0.5566116
0.41327
0.5007829
0.6399315
0.6366437
0.6063503
0.5669889
0.6796509
0.4192461
0.5678782
0.6214413
0.4958931
0.6187543
0.5438284
0.5271861
0.4236534
0.7470734
0.6094786
0.5988986
0.4744621
0.4962867
0.6051953
0.5551492
0.5777896
0.6688647
0.5713899
0.5579431
0.4730758
0.6545821
0.5300097
0.440313
0.4883692
0.5471605
0.6382583
0.6296327
0.5941816
0.7109596
0.7295083
0.6726334
0.7177614
0.5409351
0.551526
0.6963098
0.5907242
0.6409661
0.6266249
0.7039742
0.426052
0.6771441
0.691169
0.8622369
0.7206595
0.6840472
0.6920938
0.7354949
0.8478267
0.6740543
0.6089485
0.6645758
0.6911494
0.7584114
0.6719743
0.6208939
0.7606625
0.6661575
0.6623076
0.6316592
0.6846859
0.6956203
0.6393355
0.7892608
0.6149792
0.6759582
0.5873558
0.6172594
0.7984187
0.7208922
0.7327504
0.7528622
0.798687
0.8007795
0.7029778
0.68705
0.7635864
0.6022716
0.8813061
0.6770055
0.7628634
0.7855889
0.6604255
0.7044852
0.6590011
0.7839056
0.7109489
0.6377047
0.6347259
0.7447107
0.6746509
0.8513872
0.8662416
0.6937192
0.6758084
0.8203786
0.7929755
0.595545
0.8088402
0.671432
0.6945465
0.7819119
0.722797
0.7369733
0.7083014
0.7849241
0.7481158
0.7042724
0.8403127
0.85282
0.9406612
0.8625308
0.7312744
0.8326638
0.6766007
0.7181845
0.7248356
0.7280128
0.9229833
0.7973464
0.8489073
0.6455552
0.8173414
0.79588
0.8146589
0.7456846
0.8678803
0.7229162
0.8196067
0.7155862
0.816447
0.7873627
0.8136624
0.7438993
0.7996305
0.9132626
0.8336335
0.9623982
0.8419376
0.887158
0.8177198
0.8398473
0.7627117
1.002784
0.9090954
0.8662361
0.8167874
1.067781
0.8184829
0.9256165
0.9665391
0.8875262
0.8589776
0.893413
0.7709334
0.8510545
0.7445132
0.9009049
0.993962
0.7774798
0.9380769
0.7710382
0.8962695
0.9887515
0.841948
0.9456205
0.8292418
0.8656833
0.7489019
0.893919
0.9826197
0.9775601
0.9657366
0.9271609
0.7698962
1.106982
1.00294
0.8614349
0.9388745
0.850902
0.9279011
0.9282393
1.00231
0.9538231
1.045025
0.8991775
0.9074599
0.807165
0.9176665
1.020595
0.9473237
1.049422
0.9408829
1.038005
0.8338992
0.8671106
0.9753401
0.9169878
0.9620736
0.7394579
0.9140508
1.051882
0.914188
0.8228717
1.008332
0.9616867
1.041498
0.9457699
0.9990703
1.164668
0.9674096
1.118473
1.000902
0.9406242
1.01393
0.9462341
1.055251
1.090469
0.8576317