-0.01363182
-0.9630915
-0.9563278
-0.9557414
-1.06243
-0.9234842
-0.8630454
-0.9473174
-0.8703813
-1.005622
-1.104274
-1.049928
-1.102663
-0.9363504
-0.9057861
-1.014358
-0.9796964
-0.9446663
-1.009132
-0.9290048
-1.107135
-1.089541
-0.9685678
-1.112409
-0.933507
-0.7966788
-0.9375304
-1.095819
-0.8918545
-0.9634837
-1.042064
-0.8998786
-0.8484609
-0.9641328
-0.9640092
-1.06405
-0.9884993
-1.077418
-0.8917289
-0.8829484
-0.7564502
-0.8476429
-0.9661743
-0.9376532
-1.000073
-0.8915151
-0.9953417
-0.9780177
-1.025682
-0.880245
-0.9143196
-0.8299567
-0.9307832
-0.8877593
-0.9364448
-0.9530208
-1.014625
-0.9435532
-0.7900436
-0.8397356
-0.8363502
-0.9167224
-0.9835245
-0.8515438
-0.7830458
-0.8656809
-0.8551547
-0.9521049
-0.9390024
-0.8725077
-0.7875534
-0.7821999
-0.7960438
-0.9119865
-0.7418788
-0.8174495
-0.892705
-0.8431353
-0.7959948
-0.9141354
-0.8827363
-0.763431
-0.7547219
-0.7815411
-0.6952294
-0.9600863
-0.8108266
-0.8328045
-0.8874819
-0.6574498
-0.7017496
-0.9765032
-0.7666015
-0.8562037
-0.8949466
-0.6887254
-0.6952665
-0.8989907
-0.7212354
-0.7721447
-0.7223288
-0.9183745
-0.7807806
-0.8762673
-0.7473788
-0.8406529
-0.8416379
-0.8982259
-0.8993347
-0.7581431
-0.7895241
-0.7320388
-0.7190916
-0.8455787
-0.70571
-0.9049709
-0.5625155
-0.9522784
-0.8978071
-0.7603093
-0.726381
-0.8334065
-0.7061201
-0.8755112
-0.7975174
-0.8799884
-0.7956288
-0.7099881
-0.7276701
-0.8709256
-0.8475247
-0.6274343
-0.636401
-0.8387909
-0.6311247
-0.8649655
-0.7958728
-0.7899352
-0.6146082
-0.6957233
-0.703272
-0.8729198
-0.7073609
-0.5391951
-0.7377894
-0.7112063
-0.75942
-0.7509976
-0.6166019
-0.5827435
-0.7177795
-0.7249205
-0.6967894
-0.7081631
-0.6762625
-0.6444355
-0.6737895
-0.8057145
-0.6300528
-0.6393266
-0.7660606
-0.5926523
-0.727556
-0.5861028
-0.6687458
-0.674565
-0.6140855
-0.7540924
-0.6146222
-0.6662528
-0.654587
-0.5236542
-0.4650562
-0.5967843
-0.782421
-0.5116913
-0.6578295
-0.6727076
-0.5687789
-0.801399
-0.7722939
-0.6050094
-0.7165751
-0.6415619
-0.7238136
-0.7099068
-0.5803563
-0.7974427
-0.6120064
-0.6509216
-0.7078502
-0.5689665
-0.5013219
-0.5375879
-0.5986105
-0.6828701
-0.6325397
-0.6847382
-0.7090458
-0.6074395
-0.6197147
-0.6171403
-0.5247303
-0.5299206
-0.593516
-0.5588249
-0.6093219
-0.4992253
-0.6521559
-0.4796824
-0.5509543
-0.6644057
-0.6221068
-0.5209971
-0.6450255
-0.5554988
-0.5873421
-0.433504
-0.4968208
-0.7289752
-0.6551555
-0.6570862
-0.6024774
-0.6031337
-0.5559366
-0.4362697
-0.4188994
-0.6926984
-0.6862899
-0.5220571
-0.5873903
-0.5041218
-0.3773697
-0.6283602
-0.5527989
-0.3831335
-0.4900703
-0.4299806
-0.4814212
-0.3756111
-0.6545928
-0.5286729
-0.5659683
-0.4376226
-0.4480238
-0.4795495
-0.3818536
-0.5183772
-0.5960295
-0.5354481
-0.513568
-0.4042744
-0.4980452
-0.3777303
-0.6727531
-0.5405822
-0.5627539
-0.4304836
-0.362447
-0.4914436
-0.4586374
-0.5043616
-0.3651224
-0.4933388
-0.3161889
-0.5154956
-0.4387971
-0.5214903
-0.5772746
-0.4284535
-0.4198678
-0.4963762
-0.4955123
-0.5169384
-0.3795171
-0.35666
-0.4445684
-0.4986341
-0.3729168
-0.5616783
-0.4017374
-0.5064005
-0.3817674
-0.420915
-0.4964484
-0.4314818
-0.4733574
-0.5544806
-0.3538455
-0.2842488
-0.4034789
-0.3531262
-0.5395993
-0.2990492
-0.4368374
-0.6516183
-0.3343235
-0.50862
-0.4290591
-0.3219105
-0.4833153
-0.2770441
-0.2974777
-0.3815583
-0.4177383
-0.2509922
-0.3649861
-0.57239
-0.1827902
-0.3355593
-0.2467622
-0.2902423
-0.4002669
-0.4634274
-0.3182205
-0.3368553
-0.3410347
-0.2769725
-0.441833
-0.3011055
-0.3177593
-0.3437729
-0.3604546
-0.4446298
-0.3233364
-0.2781736
-0.3350751
-0.4296997
-0.3712174
-0.3564885
-0.5172332
-0.4320153
-0.2840772
-0.3668968
-0.3102344
-0.329027
-0.298616
-0.3493355
-0.3028853
-0.3986644
-0.3617781
-0.287837
-0.2021767
-0.3306035
-0.367507
-0.3136005
-0.3816185
-0.2657913
-0.2559774
-0.4219174
-0.3692636
-0.2990116
-0.2603121
-0.2030423
-0.4921959
-0.04620358
-0.05310254
-0.2078489
-0.2126884
-0.2960391
-0.3113133
-0.2765272
-0.3297707
-0.4031891
-0.2479141
-0.23694
-0.3236973
-0.340276
-0.1759106
-0.2869041
-0.2303601
-0.2318168
-0.3197212
-0.2381796
-0.3787764
-0.2587216
-0.3784556
-0.3948377
-0.2134476
-0.267852
-0.08984773
-0.3394477
-0.3041687
-0.3302917
-0.3412762
-0.2042036
-0.3091815
-0.3764124
-0.2465771
-0.2309288
-0.1689784
-0.2965898
-0.2691461
-0.2669975
-0.3992585
-0.2368907
-0.2080117
-0.221395
-0.1233597
-0.381111
-0.2060654
-0.1169812
-0.159784
-0.1690269
-0.1409929
-0.2058393
-0.1902797
-0.2059798
-0.1105696
-0.2843933
-0.1633987
-0.1653388
-0.1808411
-0.1155217
-0.07563972
-0.1013077
-0.3377082
-0.3804665
-0.1933673
-0.2160907
0.02289032
-0.1971046
-0.1734744
-0.1459046
-0.2197465
-0.06781896
-0.1733267
-0.1721572
-0.1391508
-0.0489409
-0.09075707
-0.08940782
-0.04123466
-0.04483995
-0.1168178
-0.08251273
-0.2573564
-0.3430906
-0.1187669
-0.2495069
0.06563858
-0.07291514
-0.230908
-0.1265997
-0.1360869
-0.1898428
-0.2505326
-0.140582
-0.03857623
-0.01636062
-0.1712658
-0.125188
-0.08683498
-0.1541018
-0.1884849
-0.03079432
-0.1620498
-0.03207657
-0.0836764
-0.09155864
-0.1853148
-0.03581966
0.03739171
-0.01077363
-0.02956702
-0.1175635
-0.06586171
0.008416575
-0.008836953
-0.1665033
-0.1138928
0.04374643
-0.07433593
-0.03632372
-0.07916994
-0.1124077
-0.0238946
0.01168315
-0.08963373
-0.03309024
-0.09772229
-0.1092694
0.06535422
0.11334
0.02528314
0.001907524
-0.1083129
-0.1267591
0.01416053
-0.06495848
-0.06978686
0.004193587
-0.1799393
0.1633457
-0.02917239
-0.03412813
0.02680345
-0.01080815
0.09721373
-0.1261307
-0.04002478
0.0714295
-0.04699638
0.06027615
-0.03820812
0.02910634
-0.0452846
-0.1540762
0.03220492
-0.003975104
0.08637398
-0.07852546
-0.02476328
0.08251921
0.006069714
0.05666881
0.03611706
0.03836119
0.01652355
-0.1019585
-0.03625279
0.1761925
0.0001730631
-0.02091672
0.2593976
0.03619347
0.0201528
-0.005050493
0.135186
-0.03114792
0.1501516
0.08457107
0.1013816
0.189527
0.04821746
-0.03484149
0.008983003
0.1801186
0.1350124
0.1107287
0.1069696
-0.02399173
0.06159264
0.06656097
0.1226017
0.08739802
0.09816542
0.1411076
0.2735005
0.1007846
0.1329035
0.08935734
0.01815167
0.1849664
0.04321044
0.1532191
0.2096157
0.2129376
0.06750146
0.08806331
0.1554141
0.1543034
0.1180288
0.2248082
0.07494266
-0.04195908
0.1721776
0.1214087
0.1641558
0.1603948
0.2145412
0.1722353
0.2112861
0.09994997
0.09942545
0.1944879
0.1069499
0.164822
0.2334286
0.2413624
0.1324477
0.18448
0.2139966
0.3091343
0.07744075
-0.02604821
0.1339265
0.08458359
0.2053066
0.2945894
0.3421731
0.2509585
0.03704564
0.18627
0.2374762
0.2823959
0.2307237
0.1274843
0.2653932
0.07253837
0.1958181
0.2065516
0.2996596
0.1785492
0.1241397
0.1814428
0.2641528
0.1901657
0.3070276
0.190707
0.2676133
0.284556
0.1991123
0.2585334
0.1701464
0.2383598
0.2901052
0.1813212
0.2745653
0.09248012
0.2329745
0.1928684
0.1668087
0.2416493
0.2074333
0.2747332
0.2906829
0.2005521
0.1252764
0.2755648
0.3174955
0.06572577
0.1351864
0.4402928
0.2928789
0.04985771
0.2301846
0.3947719
0.2633768
0.2708121
0.3248363
0.2986592
0.3139707
0.3132625
0.3023179
0.2453489
0.2806015
0.2338126
0.3185221
0.3368198
0.3427389
0.3119131
0.310649
0.3804514
0.3423018
0.3351347
0.2549153
0.2861928
0.2970059
0.2356862
0.3410957
0.3114122
0.3573022
0.1796069
0.3719039
0.3957922
0.2503291
0.3163216
0.3682038
0.2569834
0.4500366
0.3234066
0.1981383
0.3523902
0.4504048
0.4397572
0.3393954
0.2129158
0.389318
0.2557788
0.3866899
0.2624617
0.3268357
0.2796962
0.3494082
0.4542637
0.4813611
0.380296
0.519737
0.4546817
0.4348356
0.4090238
0.3100477
0.5411225
0.2569568
0.3920374
0.2555907
0.2712949
0.3463278
0.3887689
0.4346905
0.3467203
0.4698785
0.3814151
0.4094198
0.2980281
0.4659107
0.3821557
0.4544517
0.3712029
0.6255282
0.4095249
0.5702676
0.3833001
0.3668657
0.4095354
0.3836244
0.5182176
0.4026982
0.2931608
0.3682513
0.45271
0.534541
0.4656007
0.6021563
0.3876041
0.3141763
0.4608559
0.4237922
0.4641132
0.5307982
0.530493
0.3971784
0.4907478
0.5991062
0.3733624
0.5097089
0.5642146
0.4550108
0.3975894
0.4303397
0.5724224
0.3730925
0.5463329
0.5158141
0.5828937
0.5070067
0.5573882
0.3611433
0.441025
0.4378949
0.5911496
0.5586594
0.3848552
0.5467622
0.4409901
0.6314257
0.6365587
0.4641672
0.5263307
0.4279436
0.592561
0.5410582
0.5237037
0.4361932
0.5129155
0.4705545
0.5637433
0.5197373
0.5413841
0.5224461
0.581082
0.6284584
0.4654885
0.658119
0.7080156
0.5289644
0.5789728
0.4339563
0.6275849
0.5272562
0.5860651
0.4808075
0.4806691
0.7056463
0.5313578
0.5167041
0.5965318
0.6308242
0.5442504
0.5466772
0.4781464
0.4226661
0.6153912
0.5732619
0.4805204
0.6565181
0.62437
0.6138306
0.6223548
0.5220913
0.5976474
0.5691334
0.6567643
0.7343588
0.5818886
0.7166252
0.6674799
0.5475185
0.5084506
0.6333649
0.7585418
0.6064487
0.6224342
0.6080898
0.6773796
0.4283161
0.5530489
0.702162
0.5070866
0.7119075
0.6043472
0.7447673
0.7339645
0.6404242
0.6961408
0.7506786
0.621617
0.7411771
0.5772721
0.5564002
0.6159927
0.6627926
0.5551161
0.6046189
0.8414286
0.5709858
0.6914552
0.6567872
0.8427052
0.7031763
0.6224318
0.635003
0.7660025
0.6951847
0.7098671
0.7313672
0.6247194
0.6539875
0.6266824
0.7751985
0.7739031
0.7138442
0.6137883
0.685672
0.6460024
0.6805071
0.73939
0.789463
0.7860514
0.699568
0.7943199
0.7094254
0.6359619
0.7977737
0.603901
0.8277255
0.7211273
0.7245239
0.7464383
0.656289
0.7451578
0.7174583
0.6994083
0.7324326
0.737005
0.7772325
0.8134107
0.6663727
0.7131157
0.6966379
0.6772795
0.8119473
0.8764666
0.8695069
0.6913542
0.8428901
0.8956207
0.7835067
0.8439859
0.7381575
0.7580585
0.7981861
0.7696445
0.8182738
0.9067414
0.7692879
0.7347431
0.9487889
0.7468714
0.81741
0.7857435
0.8116872
0.8090943
0.7506353
0.7642212
0.8127097
0.8989408
0.780385
0.757748
0.8215318
0.8747449
0.9861044
0.8852648
0.7950674
0.7283798
0.9395742
0.9130885
0.8784556
0.8852427
0.8389842
0.9535144
0.8964794
0.8923336
0.9250219
0.6469139
0.9665085
0.8695591
0.8561614
0.7796616
0.8055686
0.8173693
0.8654282
1.001187
0.9398206
0.8594745
0.8380011
0.802747
0.8011888
0.9110508
0.8115521
0.826507
0.8424278
0.6305212
0.9223131
0.8633649
0.8463464
0.8841012
1.040501
0.9041365
0.8935974
0.8139202
1.062595
0.8832619
0.8973589
1.04037
1.115196
0.798267
1.02967
0.9013424
1.047903
1.083559
0.9034806
0.9122637
0.8313216
0.8847711
0.9136334
0.7998428
0.897694
0.988647
1.022306
0.9449376
1.031225
0.9387737
0.8635334
0.8551459
0.8164535
0.9543531
0.918624
0.8444648
1.011177
0.8317254
0.9970559
0.9664161
0.886827
1.031423
1.11098
0.9730919
0.981201
1.06239
0.9259633
0.9617508
1.04522
1.0276
1.022886
1.033402
0.7914905
1.054137
0.9060675
1.014347
1.036312