0.1277839
-0.9653417
-1.022678
-0.7587848
-0.9009601
-1.061393
-0.9960797
-0.867391
-1.069072
-1.003362
-1.033322
-1.078107
-0.9825155
-0.9952652
-0.8385068
-1.002845
-0.8374841
-0.9231308
-0.9838339
-1.001562
-0.8233365
-0.9240764
-1.022845
-0.852612
-1.074574
-0.9053876
-0.7929353
-1.038292
-0.8828291
-0.8565719
-0.9255416
-0.9109967
-0.9601819
-0.8625221
-0.8359479
-1.164944
-1.018102
-0.9452419
-0.917689
-0.8928662
-1.075526
-0.8315259
-0.7379519
-0.9770707
-0.9577288
-0.8294276
-0.864966
-0.8918438
-0.9032068
-0.7172641
-0.8021429
-0.9268976
-0.8468179
-0.849801
-0.8541603
-0.7714782
-0.9096965
-0.8331382
-0.9618904
-0.8015078
-0.8850837
-0.9391521
-0.8032019
-0.8425265
-0.9357016
-1.08123
-1.042791
-0.7687969
-0.785122
-0.7628988
-0.8315253
-0.7118251
-0.9156672
-0.7768639
-0.9113783
-0.8601196
-0.8233781
-0.9171365
-0.9044564
-0.802518
-0.7263006
-0.9118304
-0.7984894
-0.8658354
-0.8158119
-0.8498241
-0.8986018
-0.8089689
-0.7773035
-0.7495839
-0.854034
-0.8578151
-0.8537164
-0.8061502
-0.8404491
-0.9598788
-0.6875492
-0.6723619
-0.8915298
-0.6637578
-0.7186825
-0.8810333
-0.903769
-0.8304453
-0.8244637
-0.7264527
-0.7419119
-0.678846
-0.7733196
-0.9030336
-0.8413461
-0.8073924
-0.6967365
-0.7670827
-0.8047321
-0.6699766
-0.7328089
-0.7440972
-0.8766097
-0.6423153
-0.8383031
-0.7583725
-0.7594505
-0.7437009
-0.7168641
-0.8360036
-0.6863231
-0.6880734
-0.8007166
-0.7182181
-0.7182762
-0.7534094
-0.8211328
-0.7718294
-0.714672
-0.5735276
-0.8122476
-0.728012
-0.6633429
-0.8199683
-0.7509025
-0.7164947
-0.8244125
-0.743953
-0.6860247
-0.7667942
-0.7838291
-0.6474556
-0.7343842
-0.6615642
-0.6978081
-0.6061588
-0.608278
-0.7470317
-0.5891791
-0.7388031
-0.6811008
-0.6714197
-0.8177963
-0.6993186
-0.6757508
-0.7568341
-0.6238268
-0.7806401
-0.6945421
-0.7132246
-0.6988107
-0.7053678
-0.6857075
-0.6658844
-0.7384804
-0.5360368
-0.7242928
-0.6487872
-0.5647248
-0.6157988
-0.5199443
-0.7002033
-0.5924394
-0.8133613
-0.5420679
-0.5871424
-0.5550391
-0.6518898
-0.5563772
-0.496094
-0.785058
-0.6330858
-0.5372657
-0.5368462
-0.7114493
-0.5526979
-0.59004
-0.6899526
-0.6746903
-0.7601828
-0.6254091
-0.6073571
-0.6134826
-0.7079496
-0.686854
-0.4692809
-0.6847729
-0.6307925
-0.644685
-0.6153279
-0.5196945
-0.7198521
-0.5897513
-0.6372837
-0.5956874
-0.5830311
-0.6956756
-0.5966653
-0.68006
-0.5876581
-0.633557
-0.5078252
-0.5179532
-0.515412
-0.5872785
-0.545024
-0.6836098
-0.6135779
-0.5211773
-0.5632826
-0.6342735
-0.6403253
-0.5134815
-0.4473385
-0.626357
-0.4290799
-0.3659155
-0.3530724
-0.462452
-0.6958167
-0.6441762
-0.3457003
-0.4239081
-0.5176404
-0.5587834
-0.5199867
-0.6398927
-0.7089853
-0.5320071
-0.4869584
-0.4843504
-0.4145226
-0.4471689
-0.5918474
-0.5201335
-0.3346902
-0.5773365
-0.4021973
-0.34687
-0.4849306
-0.6295282
-0.3644332
-0.416529
-0.3931931
-0.48819
-0.4669875
-0.3599454
-0.4369777
-0.6170127
-0.5145682
-0.4903598
-0.5651124
-0.2307892
-0.5688297
-0.4596709
-0.509627
-0.3430904
-0.2541049
-0.3384822
-0.431711
-0.4387071
-0.3951469
-0.2942597
-0.5619813
-0.3960369
-0.442478
-0.4293411
-0.5070157
-0.236567
-0.3989633
-0.249422
-0.4635607
-0.4646956
-0.5514343
-0.3725778
-0.4323394
-0.3932447
-0.2679708
-0.32786
-0.4253677
-0.4137101
-0.486683
-0.3541308
-0.3985686
-0.4449102
-0.4717092
-0.3732834
-0.4095641
-0.4632012
-0.4693529
-0.2366704
-0.436539
-0.4125249
-0.3232001
-0.3915133
-0.3645562
-0.3165753
-0.2418667
-0.274813
-0.08171611
-0.4617185
-0.3687264
-0.347089
-0.4353617
-0.4639941
-0.4294823
-0.3851715
-0.2083219
-0.1994347
-0.2363838
-0.3971176
-0.4664472
-0.4924768
-0.3474686
-0.3987927
-0.2590708
-0.4360793
-0.2613963
-0.4015143
-0.3104946
-0.425362
-0.28561
-0.1913968
-0.2507492
-0.1233607
-0.1962415
-0.2025847
-0.3600677
-0.4719244
-0.233324
-0.3010841
-0.3129139
-0.196747
-0.4100576
-0.2754203
-0.2625065
-0.1274096
-0.05006193
-0.31068
-0.40488
-0.277087
-0.1192185
-0.347533
-0.3892911
-0.4689005
-0.2088304
-0.3355204
-0.328369
-0.2911866
-0.3994882
-0.3366698
-0.3166306
-0.1586691
-0.2356189
-0.4397116
-0.309318
-0.04403266
-0.2322558
-0.2374529
-0.2110095
-0.2834158
-0.2832272
-0.3117597
-0.267613
-0.2522921
-0.2294
-0.3481664
-0.217461
-0.2836987
-0.2085414
-0.1111603
-0.174253
-0.06548339
-0.2871231
-0.2695961
-0.1778288
-0.1209317
-0.1969495
-0.2266262
-0.1054329
-0.2500224
-0.266086
-0.1721412
-0.1398864
-0.2568504
-0.271294
-0.271313
-0.2322448
-0.1681889
-0.2059476
-0.2504967
-0.1913396
-0.2806351
-0.05436498
-0.2284825
-0.1997386
-0.191579
-0.1713134
-0.1108735
-0.1645095
-0.0933287
-0.007233592
-0.1921513
-0.1837038
-0.1753983
-0.1195206
-0.1585676
-0.0005543645
-0.247558
-0.2056798
-0.1927671
-0.08768463
-0.1585289
-0.1811366
-0.1776147
-0.07995077
0.005972033
-0.2284673
-0.2037807
-0.1767005
-0.2691294
-0.09742986
-0.1487103
-0.2783906
-0.111521
-0.06523912
-0.09764776
3.769413e-05
-0.02897371
-0.156143
-0.02685411
-0.1399554
0.03982294
-0.06636722
0.0477922
-0.136919
-0.1330519
-0.1389076
0.05814971
0.01049285
-0.1069497
-0.06437638
-0.1763154
-0.01337446
0.04521604
-0.05698383
-0.008531716
-0.06078971
0.05223813
-0.09057003
-0.1440205
0.08807992
-0.1443259
-0.1028439
-0.1265995
-0.1627439
0.04562294
0.006596055
0.03175789
-0.1249173
0.01052798
-0.0915124
0.008497572
-0.1303892
-0.09403505
-0.1096875
-0.04529675
-0.1098912
0.05220927
-0.05578535
-0.08345914
-0.016567
-0.04917026
-0.04166334
0.01326684
-0.1342704
-0.02180116
0.1250104
-0.01070361
-0.05336173
-0.06839159
0.1244296
-0.01888467
0.1165079
-0.2174926
-0.2186594
-0.0747681
-0.01060787
0.05409224
0.02026054
-0.07510001
-0.0612192
-0.1071149
0.02824803
-0.1243892
0.01899563
-0.005806019
0.1346723
0.1091414
-0.1122071
0.01397027
0.1176822
-0.1656704
0.008966184
0.04012028
0.03682208
0.1114689
-0.1373168
0.1066293
-0.0937005
-0.01323134
-0.003120534
0.009746231
-0.1309698
0.1377086
0.04385874
-0.07114667
-0.05010616
0.2894605
-0.01361303
0.0216865
0.02406159
0.1377585
0.2184495
0.003587627
0.0303948
-0.05602753
0.01175273
-0.05754204
0.1499548
0.07227065
0.09976748
0.1233535
0.1310261
0.1336242
0.2114461
0.2233712
-0.09638861
0.218266
0.1916526
0.3349542
0.1734063
0.3932688
0.1881204
0.1137777
0.07260654
0.2437496
0.1600572
0.1371639
0.1720383
0.04318706
-0.007976745
0.07585961
0.1572709
0.1386753
0.1196501
0.1361365
0.1256743
0.07297013
0.1925333
0.2256108
0.2061049
0.1675745
0.06762124
0.1223023
0.02020933
0.07718321
0.1985191
0.1230134
0.04762525
0.1514266
0.1357069
-0.0002449966
0.1798998
0.2492897
0.2347166
0.1960565
0.2379493
0.2872757
0.2213825
0.2448141
0.1762777
0.237065
0.1299065
0.04968747
0.2381537
0.1249003
0.2979705
0.1328795
0.1449339
0.3202697
0.247613
0.2506876
0.3293735
0.3436213
0.1424651
0.2624424
0.1069718
0.09231055
0.2341165
0.286629
0.1297501
0.1145352
0.1597099
0.2242249
0.1978604
0.1256304
0.1561787
0.3418295
0.04780982
0.3083502
0.2899565
0.2427223
0.3126245
0.2001476
0.147154
0.2971187
0.2255841
0.1404459
0.198923
0.1421363
0.3362537
0.3642714
0.226598
0.3405349
0.3646361
0.344468
0.4278612
0.3062183
0.2590801
0.3557944
0.3476515
0.1607597
0.2336211
0.3453752
0.3240938
0.3134052
0.2872534
0.361331
0.2637643
0.2672643
0.3332555
0.2510748
0.2537809
0.3046598
0.2164649
0.4296608
0.3595946
0.3183116
0.5074138
0.2569532
0.4314268
0.1788696
0.3639659
0.3813048
0.296117
0.3886965
0.3442264
0.2120526
0.3198419
0.3257984
0.3636362
0.3834965
0.2947354
0.3356772
0.3790726
0.2995538
0.4418525
0.5410964
0.4422386
0.1505505
0.3349975
0.4163944
0.5029401
0.2598265
0.466474
0.2594165
0.4861314
0.2555678
0.2799275
0.4621985
0.4434627
0.5330731
0.3942101
0.3977738
0.4184965
0.3615948
0.4852763
0.3550657
0.460802
0.4215405
0.4281116
0.5075526
0.454448
0.4588165
0.4133863
0.4684817
0.41253
0.5166173
0.416186
0.3558072
0.4313278
0.3856798
0.5104007
0.46636
0.4724689
0.4169621
0.3909089
0.515427
0.4954025
0.4178119
0.5141611
0.5318634
0.5422126
0.4783843
0.5032665
0.5590037
0.5232801
0.6580103
0.5766083
0.5051565
0.4251179
0.5644312
0.5216993
0.5790028
0.5609944
0.4934605
0.3481036
0.3864427
0.3857302
0.4739527
0.5494632
0.5187783
0.4836925
0.4822446
0.5164284
0.5297686
0.4794797
0.5215308
0.488873
0.3717129
0.4950441
0.5149295
0.496836
0.5921842
0.527003
0.5659298
0.6448341
0.4964652
0.5635432
0.3853447
0.588022
0.5146344
0.5836431
0.5419338
0.4074063
0.5897032
0.5513977
0.6113029
0.5619917
0.3801354
0.5773047
0.5517946
0.6014597
0.6861692
0.6025096
0.6111852
0.6394356
0.6776492
0.5312396
0.7279917
0.5412923
0.5910755
0.4560361
0.7182529
0.5284964
0.5777233
0.5566178
0.4817837
0.5581765
0.6172848
0.7413113
0.6547106
0.6563019
0.4803947
0.4097214
0.5909214
0.5388496
0.5724956
0.6897758
0.5938068
0.715272
0.4843216
0.530674
0.6838395
0.6593067
0.6180107
0.5277167
0.5083985
0.4743808
0.7042385
0.8055189
0.6136283
0.6773311
0.7087666
0.6752816
0.5965467
0.6624606
0.6145225
0.7019898
0.7199166
0.6439227
0.6626027
0.6261216
0.4326587
0.6977654
0.6890473
0.6977148
0.7094802
0.6370704
0.6163063
0.6852847
0.5654564
0.848289
0.5409618
0.7278347
0.774233
0.6963977
0.7871261
0.6254171
0.5547365
0.8124659
0.6970107
0.7080044
0.5978026
0.6535078
0.9380924
0.6270085
0.601345
0.7675984
0.680164
0.7958242
0.7020679
0.7826315
0.7001907
0.6966415
0.7353184
0.7878172
0.5972803
0.8658551
0.7595632
0.6960879
0.6399698
0.7551015
0.6231937
0.8029161
0.6735622
0.685838
0.8647265
0.7376799
0.9082588
0.8818221
0.7583795
0.6535848
0.7371206
0.740212
0.774673
0.7198518
0.6952637
0.7340119
0.9315264
0.7301569
0.6343147
0.6786112
0.8104368
0.8523265
0.8300162
0.8283129
0.7178724
0.7424997
0.757991
0.8488633
0.8028738
0.7685236
0.8723421
0.8380056
0.9875321
0.6490209
0.7659444
0.6886355
0.75663
0.8378003
0.8319532
0.8060722
0.8229165
0.9404968
0.7971111
0.7810035
0.7770607
0.7720179
0.8206663
0.7756177
0.8695865
0.8283737
0.9967192
0.8202104
1.044459
0.7637933
0.7480829
0.6102742
0.7114151
0.8788959
0.771717
0.8662796
0.7606798
0.8442187
0.8926402
0.953636
0.8306181
0.8438101
1.130076
0.6704569
0.8912959
0.9703948
0.8722719
0.855551
0.8882929
0.9461799
0.8294656
0.9983497
0.8099219
0.8551971
0.8436489
0.9425297
0.988475
0.856618
0.7785336
0.9203119
0.903803
0.9315934
0.858764
0.9825657
0.9749908
0.9760795
0.9374328
0.7914759
0.9212916
0.9252988
0.9997712
0.974027
0.945007
0.8408401
0.9529859
0.9503861
0.8122477
0.9041455
0.8128846
0.954101
0.7965364
0.9359479
1.033621
1.034278
1.012009
0.9470864
0.9121821
1.034028
1.05032
1.105644
0.9975242
1.023383
0.9357037
0.9021761
0.8739733
1.081928
0.89411
0.8093421
0.922309
0.8870332
1.063153
0.9692313
0.9703033
0.9779523
0.9459218
0.9171971
1.014892