-0.03187057
-1.041954
-0.9700398
-1.040129
-0.9446849
-0.9534319
-1.049534
-1.089951
-0.9370592
-0.9714082
-1.040787
-1.060127
-0.9965395
-0.8864779
-0.9115741
-1.08547
-0.8799194
-0.9245256
-0.918103
-0.9290085
-0.9459655
-0.9869724
-0.9641569
-1.090362
-0.8956706
-1.086719
-0.9622983
-1.01485
-0.9540788
-0.9374936
-0.9571786
-0.9836395
-0.9515687
-0.9965933
-0.9471082
-0.8536502
-0.9052935
-1.147413
-0.9427285
-0.9549964
-1.019069
-0.9261788
-0.837797
-0.7841885
-0.9621868
-0.9830911
-0.8773223
-0.9233681
-1.026412
-0.8635009
-0.9468543
-0.7901831
-0.9057899
-0.9904809
-0.8589822
-1.032318
-0.9127422
-0.841035
-0.8926554
-1.000774
-1.062485
-0.9087344
-1.026641
-0.7984982
-0.9558975
-0.8057033
-0.7506171
-0.8507273
-0.7537411
-0.8873385
-0.8750315
-0.9265176
-1.023188
-0.9730091
-0.7006545
-0.9186436
-0.8451499
-0.7003257
-0.8498475
-0.8500924
-0.6917623
-0.9538579
-0.9148345
-0.8648988
-0.8867485
-1.0019
-0.717468
-0.8742108
-0.8447391
-1.019684
-0.7652868
-0.7485888
-0.8822067
-0.7073812
-0.6068639
-0.835668
-0.7565435
-0.8040601
-0.7615936
-0.8411174
-0.7212554
-0.9430387
-0.6581831
-0.8061421
-0.8510565
-0.7830623
-0.7453849
-0.7779554
-0.8812775
-0.7282412
-0.8164003
-0.7433335
-0.8011322
-0.775751
-0.7862449
-0.7865873
-0.7637775
-0.6380825
-0.7490832
-0.7596649
-0.7058084
-0.8494958
-0.7683713
-0.669714
-0.8174467
-0.7182434
-0.5811951
-0.7683801
-0.8032506
-0.7120607
-0.782723
-0.7674476
-0.8287422
-0.7181127
-0.6653078
-0.7360679
-0.80201
-0.5866979
-0.7941339
-0.6052424
-0.6599133
-0.7864848
-0.6613401
-0.8540256
-0.756041
-0.6221045
-0.7431734
-0.6224963
-0.8018168
-0.8260139
-0.6446835
-0.8405811
-0.77539
-0.5861199
-0.6109403
-0.6227956
-0.5962439
-0.755326
-0.6352723
-0.6400383
-0.8391689
-0.5805284
-0.7461166
-0.6391459
-0.6594017
-0.6376874
-0.7553616
-0.6852229
-0.5681212
-0.6771408
-0.6562603
-0.6997617
-0.6735854
-0.6056567
-0.6435546
-0.6771686
-0.6844326
-0.7593146
-0.7235495
-0.6415118
-0.7017983
-0.6277887
-0.6398012
-0.7727121
-0.6876345
-0.569233
-0.6510956
-0.5471738
-0.5667027
-0.6451824
-0.641358
-0.4424399
-0.5586698
-0.5507587
-0.5922885
-0.643497
-0.5427224
-0.5005903
-0.6832885
-0.6516631
-0.6620049
-0.5836087
-0.5763878
-0.5203335
-0.7187613
-0.564252
-0.6548603
-0.6502898
-0.5470121
-0.7002203
-0.5529659
-0.4716111
-0.5901987
-0.6490202
-0.5731262
-0.6261181
-0.5438555
-0.6049756
-0.5606777
-0.6049984
-0.5423088
-0.5345847
-0.4580862
-0.5625078
-0.6040836
-0.6220984
-0.4846166
-0.3540577
-0.6214185
-0.5235003
-0.6150442
-0.6413941
-0.2799466
-0.5055401
-0.5757011
-0.6498573
-0.6567768
-0.4278253
-0.4093612
-0.4850736
-0.4841562
-0.4721989
-0.6344663
-0.4780411
-0.6267194
-0.5786732
-0.4788222
-0.5169684
-0.5036566
-0.4644119
-0.4346484
-0.4875418
-0.6032651
-0.4863677
-0.4365648
-0.4591389
-0.5093093
-0.5087436
-0.4465098
-0.307063
-0.6078694
-0.4973066
-0.3824247
-0.4670843
-0.5303755
-0.4364665
-0.5965884
-0.4332527
-0.4721655
-0.4183333
-0.3348358
-0.4060428
-0.4129688
-0.4844773
-0.4622862
-0.3743876
-0.3392358
-0.5493324
-0.5030603
-0.397478
-0.3643034
-0.4450154
-0.411371
-0.5317632
-0.3481851
-0.4668331
-0.3423804
-0.4765612
-0.6302102
-0.266112
-0.319098
-0.2906882
-0.5715149
-0.3212137
-0.5082289
-0.3299484
-0.347905
-0.4101356
-0.3565481
-0.4748338
-0.3442293
-0.500658
-0.3608561
-0.4533812
-0.4160352
-0.4831667
-0.6051003
-0.4615103
-0.3661173
-0.4178152
-0.4084044
-0.473211
-0.3619503
-0.3276252
-0.4686905
-0.2527089
-0.3400827
-0.2099652
-0.255976
-0.3798969
-0.5432792
-0.3765627
-0.3535129
-0.4376565
-0.3879595
-0.3412705
-0.3817794
-0.5422547
-0.2724508
-0.2975988
-0.3664629
-0.4603829
-0.3787699
-0.3488605
-0.3941003
-0.268307
-0.3188733
-0.3329069
-0.288448
-0.2858781
-0.2831379
-0.371565
-0.3448279
-0.3869954
-0.2955556
-0.2811339
-0.211857
-0.3264081
-0.3543346
-0.4553331
-0.3458346
-0.3915666
-0.2565805
-0.248294
-0.1973876
-0.2805547
-0.1759007
-0.3602005
-0.1707123
-0.3632864
-0.4907045
-0.3107911
-0.2645379
-0.2453352
-0.3272468
-0.243502
-0.349566
-0.319127
-0.3414205
-0.3209039
-0.2741851
-0.20574
-0.2586136
-0.350703
-0.3660668
-0.3421993
-0.1640403
-0.3462336
-0.2256527
-0.2210261
-0.2528265
-0.2721591
-0.2581457
-0.2288285
-0.2021807
-0.2949392
-0.2295706
-0.1221597
-0.2420192
-0.2458326
-0.2222145
-0.05488571
-0.1965822
-0.3430893
-0.2081618
-0.3883202
-0.1020332
-0.06629715
-0.1681896
-0.1745028
-0.2238806
-0.1616727
-0.09851207
-0.2491473
-0.0701474
-0.125342
-0.1835715
-0.03347209
-0.1821912
-0.2442627
-0.1246146
-0.1776628
-0.1316577
-0.1153576
-0.2298331
-0.1058702
-0.1570096
-0.2184408
-0.2632141
-0.1952273
-0.1065775
-0.209816
-0.2087475
-0.1218804
-0.1337872
-0.2138708
-0.1928204
-0.2690858
-0.2292458
-0.2305857
-0.3266835
-0.1091669
-0.05327508
-0.2286765
-0.1897314
-0.08874117
-0.07906094
-0.2951827
-0.139747
-0.2165724
-0.01037726
-0.1674116
-0.1043612
-0.01860653
-0.2073389
-0.1247488
-0.2359279
-0.1763342
0.04654967
0.1054905
0.02924992
-0.0529881
-0.1649633
-0.08988918
-0.007279303
-0.1346285
-0.1049684
-0.2032456
-0.04018777
-0.007002833
-0.161157
-0.2737461
-0.06954573
-0.0484726
-0.03740204
-0.09312425
-0.1512323
-0.1177887
0.03373119
-0.07197326
0.005634056
-0.1240645
-0.1154883
0.031267
-0.002985313
-0.05521584
0.009227883
-0.1378649
0.1056921
-0.08609799
-0.1032588
-0.1528346
-0.1750256
0.02673326
0.1494031
-0.1311409
-0.05177828
-0.08816475
-0.002256234
0.0884633
0.0239646
0.005116976
-0.05033067
0.08671595
-0.01804789
0.01499812
-0.08703858
0.0008457309
-0.07126935
-0.01791092
-0.003355953
0.1527332
-0.004408232
-0.2223094
0.0982823
0.01391775
-0.07677059
-0.07474312
-0.01489341
0.1585503
-0.1044912
0.01289318
0.1838965
-0.01504008
0.06369685
0.1470392
-0.1277695
0.04441609
0.004084199
0.09081232
0.06027891
0.08484786
0.07201262
-0.04046986
-0.03419418
-0.0456708
0.1405771
0.08415855
0.01163076
-0.02063945
0.1352095
0.03975713
-0.03611163
0.06614888
0.03835951
0.02969696
0.1248517
0.04030333
0.07147663
0.02016238
0.05336585
0.02490659
0.06140095
0.07830344
0.1854857
-0.03608404
0.2216452
0.02566916
0.1227491
0.2481068
0.1320915
0.08591692
-0.1086342
0.2173019
0.08698838
0.1107925
0.08112374
0.1324663
0.1137825
0.1879176
0.09403423
0.1928366
0.1826245
0.151753
0.1748831
0.1245789
0.2427238
0.236816
0.2025991
0.2432786
0.04960581
0.1911727
0.1673901
0.2515404
-0.03044665
0.1200807
0.1966288
0.1486356
0.0257571
0.1091311
0.1506188
0.1546634
0.1607265
0.1008888
0.1471511
0.1744166
0.2592031
0.1949996
0.1074184
0.2475925
0.1249415
0.1852541
0.2640239
0.1334317
0.3100747
0.2327908
0.2052163
0.02028547
0.1257402
0.1547098
0.06871284
0.3017048
0.05869831
0.1695701
0.2128558
0.1318991
0.2349295
0.2567944
0.2171169
0.1693856
0.3370983
0.2151355
0.2252576
0.3415161
-0.1180126
0.2489054
0.07765045
0.316689
0.2879986
0.2790908
0.2704998
0.2971355
0.3463471
0.1867725
0.3036859
0.3834233
0.3088877
0.1123714
0.2356826
0.3071001
0.2971696
0.1397835
0.3252944
0.2257358
0.1465863
0.1623959
0.1609851
0.3241092
0.2891754
0.3076041
0.2054933
0.1861561
0.2941081
0.1146822
0.2403284
0.3551302
0.2783468
0.3990346
0.2604439
0.2763484
0.451746
0.3504032
0.3157162
0.2222153
0.3225122
0.3963846
0.4034205
0.2958461
0.389993
0.3022193
0.4152123
0.4533968
0.1393931
0.3044947
0.4051303
0.3048789
0.155884
0.5305338
0.1550343
0.4048254
0.2497923
0.3211878
0.3162855
0.3528592
0.3755784
0.3470323
0.3576353
0.3284508
0.4432553
0.3193105
0.271167
0.2516577
0.4756795
0.3780394
0.3840783
0.3186134
0.4637576
0.2635788
0.3528299
0.3003472
0.3838191
0.4041039
0.3935586
0.3612969
0.4105313
0.4437878
0.3293386
0.1339714
0.4343438
0.3079118
0.398625
0.3149484
0.3595872
0.5441038
0.357356
0.4257514
0.340423
0.4476934
0.3848305
0.2848635
0.2883114
0.3376639
0.2521042
0.3287362
0.4980274
0.4139706
0.4557666
0.4534021
0.3553828
0.5046006
0.4349303
0.3508234
0.4199556
0.5919741
0.3237795
0.6733773
0.4644535
0.4352422
0.5103031
0.5386186
0.485545
0.4225343
0.3965619
0.292534
0.5192731
0.3299414
0.4359208
0.3999388
0.5677497
0.3841554
0.5167197
0.6224656
0.5125667
0.4596376
0.5748116
0.5432616
0.6182842
0.5322109
0.580098
0.5701436
0.5254427
0.3019349
0.5216435
0.3516233
0.4904953
0.5389682
0.5896426
0.4562026
0.4611557
0.5676051
0.6898378
0.4290403
0.4518106
0.5311079
0.5861285
0.6646037
0.5376466
0.7302949
0.5300386
0.4602781
0.5946865
0.5379762
0.4728941
0.4599389
0.6554639
0.5303642
0.5652614
0.5067348
0.607005
0.7429458
0.6048609
0.4561796
0.4907768
0.4924715
0.6208211
0.5854465
0.4907296
0.6072119
0.7369458
0.5629892
0.446648
0.7660389
0.5893861
0.4905292
0.5312051
0.4465255
0.6511685
0.6322048
0.6458682
0.605259
0.6693697
0.6349735
0.4063958
0.5956798
0.6692616
0.7759127
0.689956
0.6972548
0.7221054
0.7381698
0.6002077
0.6443097
0.5826825
0.6780379
0.6469672
0.6068629
0.6226321
0.6915604
0.450808
0.6089392
0.6203147
0.4977258
0.7131692
0.6512901
0.681051
0.6348381
0.5592808
0.5153206
0.687637
0.6789168
0.8286269
0.5625522
0.6793085
0.5667434
0.5911429
0.7334064
0.6740951
0.6630017
0.6633885
0.7056054
0.6452202
0.6148371
0.6130136
0.6715596
0.6462318
0.8229121
0.561304
0.7759367
0.6443463
0.6214922
0.5672318
0.5054631
0.6415728
0.7707448
0.7457043
0.7796175
0.5976221
0.7324538
0.6814691
0.670437
0.7255919
0.6401409
0.5840223
0.8646978
0.7036638
0.7584804
0.5595319
0.7561739
0.6655089
0.6749559
0.6344069
0.8382554
0.8117182
0.740035
0.8172277
0.7935193
0.7446041
0.7733168
0.9333359
0.7083008
0.7343176
0.677026
0.7103756
0.7632723
0.7695949
0.697177
0.7505629
0.6902097
0.7181962
0.8269067
0.8415784
0.6544675
0.9186401
0.7881158
0.7001016
0.5847176
0.7579943
0.7205309
0.7417235
0.8658619
0.711389
0.6974286
0.9101103
0.8040263
0.6975452
0.9038042
0.6769675
0.8987136
0.9464182
0.9319286
0.8561176
0.9034553
0.7777285
0.8585094
0.9237587
0.8493072
0.9245981
0.8586801
0.8682659
0.8040196
0.8106326
0.8438516
0.9308598
0.9254679
0.7921896
0.7781376
0.804695
0.803567
0.8547077
0.8199813
0.7097654
0.8799582
0.8080314
0.9407995
0.9794339
0.9769597
0.9693446
0.8364546
0.8855435
0.8410234
0.8612548
0.8223674
1.016141
0.8822963
0.9036683
1.045679
0.9531105
0.8339144
0.8769151
1.049868
0.9261244
1.002149
0.9058154
0.6755078
0.8878255
0.8740874
0.9483138
1.009337
0.9946972
1.065315
1.064598
0.9414144
0.9481758
0.9560248
0.8475062
0.879853
1.033946
0.9879975
0.9018089
0.8722637
0.9431483
0.9577436
0.8996309
1.004592
1.051978
0.9329481
1.099749
1.12117
0.8725026
0.879826
1.026746
1.068509
0.8664719
0.8683411
0.9567766
0.847756
0.9992943
1.011866
0.9269839
0.8704756
1.066322
0.8926378
0.8724525
1.12358
1.028004
1.037431
1.18381
0.8630901
0.9541289
0.9586114
0.9778589