-0.02802439
-1.039187
-0.975628
-1.046408
-0.9415863
-0.9681288
-1.045064
-1.099134
-0.9288577
-1.013448
-1.02625
-1.060304
-1.030371
-0.8690963
-0.9089906
-1.071914
-0.8973136
-0.9154066
-0.8941702
-0.9285764
-0.9704682
-0.9945924
-0.9672786
-1.094326
-0.9018116
-1.081423
-0.9505051
-1.004502
-0.9539369
-0.9352617
-0.9762394
-0.9791208
-0.9517987
-1.002441
-0.9859187
-0.8709687
-0.9005313
-1.142383
-0.9396753
-0.95807
-1.012261
-0.922354
-0.8441959
-0.796368
-0.9699881
-0.9510178
-0.8878553
-0.9225538
-1.012662
-0.8496885
-0.9147554
-0.7851379
-0.8985607
-0.969765
-0.8527834
-1.038453
-0.9157608
-0.8422668
-0.8983805
-0.9986868
-1.052307
-0.9001541
-1.049078
-0.7917278
-0.9565796
-0.81574
-0.7353946
-0.8322738
-0.7406654
-0.8647727
-0.8832381
-0.9280991
-1.009372
-0.9711855
-0.7074534
-0.9062133
-0.8468287
-0.716311
-0.885021
-0.8431102
-0.6773143
-0.9599119
-0.9124485
-0.8443333
-0.8831893
-1.003652
-0.718959
-0.8682978
-0.8671426
-0.9963874
-0.7594772
-0.7325558
-0.8833636
-0.7046921
-0.6235244
-0.8336694
-0.7781456
-0.8141781
-0.7742282
-0.8489006
-0.7052341
-0.9611128
-0.6614809
-0.7987386
-0.8247232
-0.7872455
-0.7425873
-0.7575145
-0.8923663
-0.7390504
-0.8286424
-0.752366
-0.7938857
-0.77296
-0.811639
-0.7981091
-0.7682132
-0.6242407
-0.7782814
-0.7638337
-0.7170999
-0.8445677
-0.7549029
-0.7050007
-0.8027268
-0.7149665
-0.5822116
-0.7743683
-0.7985464
-0.7219007
-0.7857222
-0.7801484
-0.8307172
-0.7098731
-0.6701467
-0.7458625
-0.7980418
-0.581502
-0.7693895
-0.5971727
-0.6444765
-0.8107194
-0.6439214
-0.8370758
-0.7448845
-0.6258883
-0.7439376
-0.6276977
-0.814048
-0.8188361
-0.660891
-0.8346003
-0.7772994
-0.5980525
-0.6013828
-0.5985126
-0.6066267
-0.7489558
-0.6457511
-0.6655586
-0.812109
-0.6171466
-0.7589722
-0.6507141
-0.6441298
-0.6357806
-0.7488566
-0.6979426
-0.5696797
-0.6675779
-0.6475262
-0.6674508
-0.6464239
-0.6236931
-0.6721252
-0.6721616
-0.6685995
-0.7394932
-0.7062639
-0.6590264
-0.6821772
-0.6260285
-0.6371091
-0.7661027
-0.6720032
-0.5516535
-0.6893011
-0.5543777
-0.5763103
-0.6340534
-0.6398028
-0.437974
-0.5780836
-0.5398043
-0.590626
-0.6268293
-0.5250329
-0.4846014
-0.6869996
-0.6367866
-0.6657835
-0.5828004
-0.5838892
-0.51889
-0.7305194
-0.5535167
-0.6614396
-0.6399887
-0.5437905
-0.7060365
-0.5324657
-0.4683843
-0.5765957
-0.6372186
-0.5777399
-0.619238
-0.5341863
-0.6007424
-0.5435481
-0.6159778
-0.564026
-0.5344133
-0.4466505
-0.5528824
-0.5926009
-0.6303939
-0.4598459
-0.351781
-0.6059391
-0.4895977
-0.6174586
-0.6274537
-0.2641914
-0.5242487
-0.5652228
-0.6649712
-0.6639083
-0.458072
-0.4088358
-0.5010542
-0.4668487
-0.4901504
-0.6363098
-0.47408
-0.6196214
-0.5623204
-0.4399325
-0.495676
-0.4850441
-0.4711319
-0.4234182
-0.4986354
-0.5881409
-0.5037632
-0.4338362
-0.4666242
-0.5167742
-0.5154653
-0.4548891
-0.3072868
-0.6268573
-0.5167731
-0.3652341
-0.4633069
-0.5364813
-0.4466435
-0.6024326
-0.4287806
-0.4732143
-0.4013093
-0.3512167
-0.4359834
-0.4049848
-0.501639
-0.4454584
-0.3651692
-0.34789
-0.556259
-0.4991142
-0.3989227
-0.3776482
-0.4272353
-0.4020056
-0.5498775
-0.361615
-0.4874967
-0.3504754
-0.4982246
-0.6302545
-0.2768908
-0.3199528
-0.3008552
-0.5820348
-0.3253538
-0.5067788
-0.3301209
-0.3292431
-0.4151148
-0.3492172
-0.4836644
-0.3600616
-0.4796086
-0.3655015
-0.441895
-0.4026776
-0.4697451
-0.6078594
-0.4549099
-0.3707267
-0.4037663
-0.406686
-0.4705323
-0.4037557
-0.3125227
-0.5009395
-0.270862
-0.3585708
-0.2065197
-0.2503734
-0.3715083
-0.5662256
-0.3768561
-0.3382303
-0.4455452
-0.4012261
-0.3652238
-0.4001163
-0.529775
-0.2703402
-0.2961209
-0.37728
-0.4391355
-0.3777513
-0.3555151
-0.3911303
-0.2612262
-0.3060772
-0.331637
-0.2478523
-0.2691433
-0.287947
-0.3396941
-0.3232547
-0.3990544
-0.2900586
-0.2594507
-0.2142628
-0.3485516
-0.336711
-0.481529
-0.3604408
-0.3714987
-0.2636049
-0.2708151
-0.1880689
-0.2712345
-0.1758206
-0.3620173
-0.1832076
-0.3634515
-0.4927855
-0.3178448
-0.2390901
-0.2532261
-0.3169496
-0.210754
-0.3264179
-0.3054987
-0.3357736
-0.3178744
-0.2712467
-0.211643
-0.2490847
-0.3426054
-0.3665477
-0.32189
-0.1747574
-0.3527383
-0.247329
-0.205362
-0.2391988
-0.2772114
-0.2353896
-0.225714
-0.1987444
-0.315799
-0.2379159
-0.1139066
-0.2449918
-0.2378289
-0.2261282
-0.0724014
-0.2239581
-0.3389586
-0.2085642
-0.3770768
-0.1268445
-0.05891196
-0.1864797
-0.1758498
-0.2252783
-0.1664786
-0.1222244
-0.253241
-0.08376066
-0.1152307
-0.1749861
-0.02153939
-0.1968657
-0.2301214
-0.1106539
-0.1669413
-0.1003103
-0.1501695
-0.2271827
-0.1112046
-0.1708469
-0.2087359
-0.2795523
-0.1882771
-0.1002809
-0.223437
-0.2108601
-0.1139672
-0.1289416
-0.1966775
-0.205408
-0.272924
-0.2310618
-0.2296059
-0.3056846
-0.1264881
-0.06254164
-0.2315863
-0.1901916
-0.08420101
-0.07161066
-0.2820055
-0.1474304
-0.1996143
0.002639888
-0.1574012
-0.126758
-0.009491771
-0.2060786
-0.1158066
-0.2114659
-0.1746433
0.04948293
0.09074276
0.01942115
-0.05514461
-0.1773023
-0.1003043
-0.01040254
-0.1356248
-0.1196185
-0.2005519
-0.06056132
-0.006163828
-0.1499712
-0.2609039
-0.06633735
-0.05553201
-0.03191865
-0.1157891
-0.1411428
-0.11757
0.04074564
-0.06902724
0.01596514
-0.1113435
-0.1062518
0.0372374
0.01516858
-0.03949398
0.01714202
-0.1363549
0.1104944
-0.116534
-0.1009055
-0.1785388
-0.1676559
0.03641582
0.1442837
-0.1539041
-0.04061063
-0.07316619
-0.03521893
0.08488233
0.02893115
0.0005919599
-0.0440359
0.09986516
0.01445877
0.02040044
-0.1027544
0.003416155
-0.06211667
-0.02881084
0.007628453
0.1657411
0.01070141
-0.2310088
0.117179
0.007123873
-0.05873436
-0.05982042
-0.01183836
0.1604978
-0.1289243
-0.01601816
0.1761868
-0.02524135
0.08174152
0.1374235
-0.1010984
0.03065587
-0.02037115
0.08789412
0.05239721
0.08564121
0.08454882
-0.01634948
-0.0162548
-0.04389853
0.1328188
0.06771009
0.00860021
-0.02286106
0.1377958
0.03906794
-0.02159059
0.06124924
0.04677485
0.0141335
0.1198535
0.03346811
0.06624138
0.02096619
0.05787386
0.01266621
0.07638127
0.0685739
0.2007627
-0.03239475
0.218714
0.04313113
0.1095132
0.2591784
0.12513
0.06377044
-0.09597214
0.2246278
0.08086942
0.1034162
0.07030979
0.14485
0.1167032
0.2103096
0.1064443
0.1712937
0.1726488
0.1921544
0.1678339
0.1324862
0.2488238
0.2503784
0.2005441
0.2527792
0.05184254
0.1958543
0.1794874
0.2484977
-0.02236738
0.1093687
0.1794919
0.1367608
0.04245762
0.09809331
0.1514414
0.1600984
0.1524047
0.1054618
0.154053
0.1755814
0.2677964
0.2109329
0.09411729
0.2681092
0.1323964
0.1988648
0.2851224
0.1094372
0.3107192
0.2225059
0.200789
0.03298222
0.1369803
0.1555922
0.08607011
0.302591
0.06655466
0.164472
0.2050458
0.1151148
0.2191978
0.2343112
0.2112126
0.1871539
0.3108591
0.2113974
0.2100572
0.3610574
-0.1245509
0.2459769
0.07047767
0.3136402
0.2764467
0.2629764
0.2770121
0.2777582
0.3324711
0.1599554
0.2835092
0.3970339
0.3052262
0.124552
0.2397007
0.2773365
0.3001816
0.1232969
0.3040392
0.2042878
0.1334548
0.1567498
0.1658968
0.3271446
0.2942516
0.2962524
0.2055976
0.1737885
0.2955651
0.1142256
0.2604307
0.3723132
0.2717805
0.4184523
0.233576
0.2696618
0.4495908
0.3694729
0.3309524
0.208935
0.3380212
0.3835244
0.4059258
0.2591404
0.396283
0.3118262
0.4291022
0.4635393
0.155055
0.3307441
0.3829513
0.280243
0.148215
0.5304878
0.1509202
0.4031033
0.2524651
0.3188802
0.3213793
0.356099
0.3739966
0.3295602
0.3456926
0.3336753
0.4418664
0.3102701
0.2789857
0.246491
0.485825
0.3902407
0.4115696
0.3393906
0.4520675
0.2900187
0.3455883
0.3054243
0.4013275
0.4017791
0.4114679
0.3755457
0.4051613
0.4418649
0.3347454
0.1455649
0.4241634
0.2897911
0.3928592
0.3131803
0.3685237
0.5554513
0.3550616
0.4530121
0.3403893
0.4358034
0.3914433
0.2906934
0.2907096
0.3345558
0.2592843
0.3024457
0.5070091
0.397392
0.4499147
0.463531
0.3671367
0.5242109
0.46433
0.3542573
0.4238445
0.6107684
0.3100046
0.6429243
0.4685782
0.4471331
0.5195483
0.5204774
0.4698878
0.4244579
0.3927022
0.2850016
0.5005394
0.3487278
0.4538055
0.4241694
0.5719967
0.3692937
0.5211278
0.5958276
0.5066388
0.4501119
0.5648538
0.5660613
0.6105628
0.5324503
0.5548967
0.5525563
0.5068617
0.2929649
0.5285012
0.338782
0.5179566
0.5326146
0.6013346
0.4436508
0.4435968
0.583174
0.7111138
0.4465101
0.4436363
0.5370635
0.594558
0.6557133
0.5489361
0.7336721
0.5379811
0.4842967
0.5908869
0.5514439
0.4761036
0.4536627
0.6276304
0.5277985
0.5604017
0.5292787
0.6169452
0.7379218
0.6178622
0.461382
0.4839589
0.4782655
0.6247251
0.5653791
0.4942783
0.6123656
0.7296355
0.5805624
0.4568464
0.7679162
0.6029361
0.4996817
0.5130388
0.4256467
0.6419344
0.642444
0.6324818
0.6031463
0.6751486
0.644034
0.407066
0.5791945
0.6525173
0.761784
0.7165315
0.6861325
0.7082702
0.7285488
0.623126
0.6343194
0.5712796
0.6612222
0.6429809
0.6029271
0.6719268
0.6966837
0.440314
0.6359813
0.6121264
0.4845438
0.7186925
0.6584889
0.6625016
0.6285378
0.5557625
0.5006652
0.6845988
0.6871781
0.8210645
0.5787533
0.689043
0.5672086
0.5854799
0.7402468
0.6798566
0.6604112
0.6690064
0.7009104
0.6588134
0.6065314
0.6189963
0.6607406
0.6661696
0.8200469
0.5518106
0.8067262
0.6419399
0.6180368
0.5780427
0.5245917
0.637024
0.7949848
0.7686486
0.7720945
0.5877102
0.7623561
0.6921008
0.6779197
0.7457352
0.6266982
0.580243
0.8483743
0.6876922
0.7502891
0.5820636
0.7751622
0.6506298
0.6788318
0.660216
0.8400657
0.8223716
0.7381787
0.8440886
0.7868281
0.747634
0.7668643
0.9531382
0.7047695
0.7467236
0.6696356
0.7054225
0.7770316
0.7408357
0.6996775
0.7419397
0.6857656
0.7168929
0.8130938
0.8393238
0.6435858
0.9326049
0.7749093
0.741025
0.5843826
0.7567165
0.7167734
0.725966
0.8870138
0.7309674
0.7388278
0.9316936
0.7905547
0.7028083
0.8858488
0.6938891
0.8829462
0.949953
0.9473
0.8754468
0.9038658
0.7904968
0.8385616
0.9219109
0.842373
0.9250405
0.8723877
0.8549006
0.8125959
0.8406782
0.8468369
0.9462595
0.939133
0.7944503
0.7775201
0.7997158
0.7861914
0.8214157
0.8092823
0.7000872
0.8963752
0.8277436
0.9375056
0.9893813
0.9847451
0.9689794
0.8441352
0.8953688
0.8247711
0.8698766
0.8065158
1.015821
0.8752729
0.9108919
1.049645
0.9482474
0.8339821
0.8940822
1.040308
0.9176413
0.9943139
0.8997261
0.7108866
0.8824718
0.8593559
0.9414094
0.9957522
1.009622
1.062103
1.051337
0.9479566
0.927002
0.9587795
0.8504239
0.8487225
1.031637
0.9824351
0.8889263
0.8674396
0.9426359
0.9742439
0.8944636
1.009254
1.033947
0.9188182
1.088224
1.113759
0.8976479
0.8949109
1.04546
1.041406
0.8706327
0.8883037
0.9332259
0.804729
0.9945315
1.01583
0.9239408
0.8688276
1.077108
0.8922364
0.9134101
1.115882
1.04843
1.038798
1.168564
0.8476754
0.9738515
0.9530257
0.957522