-0.01377112
-1.034677
-0.9773229
-1.034742
-0.9309923
-0.963282
-1.026355
-1.080989
-0.9223401
-0.9885537
-1.024412
-1.058979
-1.010975
-0.8813231
-0.9193678
-1.063743
-0.8971352
-0.9116471
-0.9225128
-0.9217928
-0.9652383
-0.9910645
-0.9871824
-1.091196
-0.9081806
-1.07264
-0.9565512
-1.006575
-0.944487
-0.9410768
-0.9743494
-0.9513255
-0.9487418
-0.9973802
-0.9505987
-0.8908858
-0.9026036
-1.160525
-0.9494914
-0.9376534
-1.013362
-0.9185487
-0.8435396
-0.8107227
-0.9522055
-0.9866628
-0.8709634
-0.9071
-1.022887
-0.8601043
-0.9485925
-0.8010196
-0.9115723
-0.9930981
-0.8409499
-1.02681
-0.9201868
-0.8308694
-0.9096022
-1.001783
-1.052879
-0.9164652
-1.01989
-0.7772563
-0.9571722
-0.7862633
-0.7186662
-0.8244666
-0.7548695
-0.8934968
-0.8787836
-0.8962857
-1.008995
-0.9743116
-0.7140792
-0.9087108
-0.8562006
-0.723159
-0.8530084
-0.8378358
-0.700001
-0.9515589
-0.9106553
-0.8364412
-0.8666352
-0.997378
-0.7199699
-0.8809591
-0.8636334
-1.00389
-0.7677214
-0.7282028
-0.8882312
-0.7023873
-0.625758
-0.8558813
-0.7386979
-0.8127061
-0.7799012
-0.8669909
-0.7110179
-0.9315456
-0.6592709
-0.8051848
-0.8394275
-0.7854572
-0.7476133
-0.7495696
-0.8747272
-0.7409961
-0.8207977
-0.7555991
-0.790847
-0.7931821
-0.7815937
-0.7985722
-0.7557649
-0.63858
-0.7402408
-0.7606637
-0.7020887
-0.8549032
-0.772683
-0.6777976
-0.8379772
-0.7118576
-0.5862959
-0.7666114
-0.7993296
-0.7154678
-0.7965487
-0.7716625
-0.8148292
-0.6897046
-0.6587517
-0.7377185
-0.7893385
-0.5941643
-0.780879
-0.6121132
-0.650429
-0.791957
-0.6837402
-0.8594296
-0.757375
-0.6264637
-0.7546424
-0.6231531
-0.8106196
-0.8209638
-0.6600006
-0.8521961
-0.7765256
-0.6022002
-0.5932297
-0.6317464
-0.6144323
-0.7434856
-0.6602757
-0.6513999
-0.8071143
-0.611834
-0.7497945
-0.6567228
-0.6490355
-0.625434
-0.7423282
-0.6936474
-0.5496704
-0.6686844
-0.6612405
-0.6886598
-0.6693682
-0.6126843
-0.6481487
-0.6670156
-0.6645274
-0.7477269
-0.7299467
-0.6327742
-0.6937179
-0.61969
-0.6527134
-0.7655847
-0.6817454
-0.5662254
-0.6603188
-0.5366999
-0.5729205
-0.6386913
-0.6376748
-0.4596537
-0.5537303
-0.5457567
-0.5944796
-0.6207401
-0.5377347
-0.4878786
-0.6959452
-0.6661065
-0.6759566
-0.5905941
-0.5818548
-0.5048045
-0.7226403
-0.551788
-0.6713913
-0.6473408
-0.5345065
-0.7089434
-0.5560934
-0.4692634
-0.5750444
-0.6272044
-0.576349
-0.6227329
-0.5352322
-0.5998118
-0.5570952
-0.5885366
-0.5561616
-0.5283441
-0.4436046
-0.5615523
-0.5924702
-0.6202554
-0.4575328
-0.3471205
-0.6012467
-0.5337804
-0.6174716
-0.6299398
-0.2790422
-0.5089995
-0.5835756
-0.6607214
-0.6667527
-0.4445471
-0.4204641
-0.4777793
-0.470607
-0.4957964
-0.6324684
-0.4793694
-0.6470173
-0.5697488
-0.4616457
-0.514098
-0.4849414
-0.4695122
-0.4213188
-0.4920555
-0.5899511
-0.478895
-0.4400291
-0.4670724
-0.5125997
-0.5038779
-0.4508868
-0.2916091
-0.6367393
-0.5095162
-0.3563557
-0.4759009
-0.5394841
-0.454014
-0.5938461
-0.44549
-0.4767414
-0.4047142
-0.3448879
-0.4277756
-0.4023165
-0.4931187
-0.4654091
-0.3654238
-0.3441756
-0.5658574
-0.5129374
-0.4205828
-0.3832684
-0.4217946
-0.4100108
-0.5237788
-0.3473672
-0.4751815
-0.3240273
-0.4782803
-0.6419045
-0.2885439
-0.3014421
-0.2895931
-0.5770813
-0.3213611
-0.5063661
-0.3430437
-0.3291115
-0.4184341
-0.3339252
-0.4831906
-0.3460471
-0.4815685
-0.3632152
-0.4628665
-0.4458097
-0.4900328
-0.6146325
-0.4681076
-0.3664008
-0.3995049
-0.3948151
-0.4605065
-0.3839966
-0.3109529
-0.4845559
-0.2567823
-0.3518977
-0.2333819
-0.2665004
-0.3904691
-0.5343175
-0.3960289
-0.3415793
-0.4301766
-0.4020374
-0.3569847
-0.3789347
-0.534369
-0.2837444
-0.3167766
-0.3770458
-0.4209231
-0.3731626
-0.3396843
-0.3925793
-0.2664071
-0.2981851
-0.3348764
-0.2703579
-0.270812
-0.2973683
-0.3449444
-0.3454079
-0.4064067
-0.2947753
-0.2763967
-0.2052709
-0.3517293
-0.3404394
-0.4601024
-0.3641583
-0.3738246
-0.2722243
-0.2587641
-0.2111821
-0.2701233
-0.1805255
-0.365967
-0.1721002
-0.3668465
-0.4930293
-0.3112572
-0.247595
-0.2265693
-0.3348001
-0.2158763
-0.3208651
-0.3364247
-0.344887
-0.3251657
-0.2787557
-0.2210573
-0.2633838
-0.3299127
-0.365883
-0.3210903
-0.1614565
-0.3339001
-0.215949
-0.1914635
-0.2621374
-0.2739481
-0.2402466
-0.2113226
-0.1966697
-0.3194419
-0.239959
-0.1057433
-0.2353427
-0.2395826
-0.2133594
-0.0657978
-0.2217528
-0.3515633
-0.2199183
-0.3701415
-0.1275487
-0.05904672
-0.1946377
-0.1684372
-0.1963007
-0.1664388
-0.1105266
-0.2598028
-0.06604295
-0.1367311
-0.18739
-0.03731587
-0.1966224
-0.2240995
-0.1049197
-0.181902
-0.1158673
-0.1142761
-0.2459798
-0.110783
-0.1521711
-0.2162071
-0.2600738
-0.2073093
-0.1005028
-0.2127743
-0.2139769
-0.08867824
-0.1152586
-0.2030147
-0.1936257
-0.272523
-0.212886
-0.2475027
-0.2989421
-0.1246639
-0.05667212
-0.2217742
-0.1825532
-0.08757591
-0.07163823
-0.2984911
-0.1498069
-0.1862605
-0.0049658
-0.1857082
-0.1261798
-0.01426728
-0.2112589
-0.1321401
-0.2218073
-0.1657616
0.07244021
0.08032352
0.04002217
-0.05566116
-0.1813556
-0.09008699
0.004558787
-0.1584784
-0.1009362
-0.1818772
-0.02684055
-0.02809889
-0.1566071
-0.2720459
-0.07311753
-0.04522405
-0.03136642
-0.1054248
-0.1562968
-0.1239251
0.05362233
-0.06876086
-0.00955495
-0.1205108
-0.1223083
0.03725294
-0.02477621
-0.0445237
0.01776222
-0.1447617
0.1083592
-0.1017703
-0.1291149
-0.1880307
-0.176408
0.02137562
0.1418899
-0.1284015
-0.06211045
-0.1005283
-0.01437001
0.08986139
0.0345082
-0.02000623
-0.05826669
0.08896129
0.009166482
0.01149395
-0.09837519
-0.03252149
-0.07495592
-0.008846056
0.007424648
0.1527761
0.0004449916
-0.2303736
0.1026359
0.004975404
-0.05538945
-0.08496642
-0.04055981
0.1451972
-0.1149758
-0.0008971504
0.1730311
-0.01907607
0.0795679
0.15062
-0.1102068
0.04528236
0.0004487721
0.08644105
0.0613481
0.06747995
0.07491068
-0.02667843
-0.02146586
-0.0262611
0.1329118
0.08073909
0.003961944
-0.02025746
0.1435494
0.04104395
-0.03660181
0.07186682
0.03154591
0.03191136
0.1505011
0.0445845
0.07554048
0.01884699
0.05586436
0.02722992
0.07325338
0.06209161
0.1957151
-0.02908939
0.2142818
0.03828042
0.1222158
0.2680436
0.1355559
0.0807739
-0.1005616
0.2187299
0.06926603
0.09985737
0.06355472
0.1398114
0.1404429
0.1847177
0.1062663
0.1872669
0.1930411
0.1509689
0.1821329
0.1243434
0.2481188
0.2440564
0.2038867
0.2697524
0.05464142
0.1835635
0.1492654
0.2519246
-0.02471524
0.09848224
0.1858339
0.1635504
0.04220126
0.09215691
0.1589249
0.1536928
0.1608506
0.1010241
0.1627641
0.1998174
0.2812043
0.1892246
0.1100119
0.2434298
0.1341761
0.1881079
0.2770206
0.1257149
0.3237271
0.2488945
0.2007241
0.03354289
0.135333
0.1435211
0.08826558
0.2933038
0.05393193
0.1569292
0.2376489
0.1317532
0.2395177
0.2323865
0.1983675
0.1762443
0.3119032
0.2121222
0.2346368
0.3498737
-0.122714
0.2316065
0.05982839
0.3087094
0.2723407
0.2675133
0.2789873
0.274865
0.3726421
0.1940541
0.2825131
0.3785382
0.2978976
0.124988
0.2331644
0.283493
0.2972294
0.1242471
0.3109423
0.2248575
0.1247202
0.1563454
0.1536691
0.3176932
0.3047527
0.3208979
0.2338838
0.1660616
0.2841544
0.1158419
0.2604154
0.3557843
0.2673559
0.4063863
0.2467427
0.2773269
0.4483014
0.353612
0.3220504
0.2297252
0.3424982
0.3800638
0.3970211
0.2750358
0.4136786
0.3144881
0.4286428
0.4689129
0.1520526
0.3232525
0.4015612
0.2731233
0.1333574
0.5143617
0.1713367
0.3855656
0.2537977
0.3115028
0.3342073
0.3508541
0.3700337
0.3227889
0.3388298
0.3477063
0.4511862
0.2925005
0.2634415
0.2539365
0.4635959
0.3916905
0.3845205
0.3244519
0.4821278
0.3049739
0.3515414
0.3015881
0.4085595
0.4064701
0.4164711
0.3804884
0.4181149
0.4493262
0.3207304
0.1450535
0.4285381
0.2905396
0.379994
0.3088328
0.3834931
0.5446281
0.3521394
0.4528388
0.3331496
0.4233598
0.38784
0.3026789
0.2704014
0.3358521
0.2569526
0.3196817
0.5079766
0.4063319
0.4570939
0.4291237
0.3383891
0.5070344
0.4418661
0.36451
0.4269281
0.6081544
0.3392056
0.6608209
0.4854405
0.4395962
0.5317464
0.5399346
0.4788284
0.4374099
0.3911666
0.3037361
0.5071764
0.3419981
0.4339742
0.4219132
0.5520022
0.3824858
0.5023883
0.6073675
0.5090974
0.4552669
0.5632468
0.5381526
0.605922
0.5393657
0.5699413
0.5549122
0.4981755
0.2812526
0.5060136
0.3509683
0.5152733
0.5546525
0.6035112
0.4403309
0.4502528
0.5799548
0.7024446
0.4346162
0.4569647
0.5343323
0.5970024
0.6725118
0.5453176
0.71819
0.5425953
0.4881363
0.5858239
0.5286644
0.4693307
0.4447159
0.6479473
0.5332668
0.5646591
0.4909645
0.6112401
0.7205117
0.6111005
0.4958941
0.5240628
0.4810578
0.6155524
0.5714018
0.4915455
0.6161034
0.7239518
0.5845785
0.4371022
0.7689949
0.6148045
0.5330011
0.5467328
0.4486753
0.6247742
0.633917
0.6355409
0.603741
0.6967683
0.6306218
0.4193479
0.6033834
0.659279
0.7653122
0.7191481
0.6732189
0.7097764
0.7179404
0.5998092
0.6265302
0.5847414
0.6698663
0.6415246
0.5874575
0.6626347
0.6771533
0.4499583
0.6357191
0.6315147
0.4996867
0.6916868
0.6618183
0.6853841
0.6381407
0.5587881
0.5093156
0.6940089
0.6889435
0.820647
0.5735177
0.693614
0.5630928
0.5680235
0.727192
0.6947632
0.6765208
0.66052
0.6993535
0.6608138
0.6092816
0.603224
0.6697052
0.6423424
0.8018595
0.5511223
0.7989302
0.6405363
0.6353312
0.6027567
0.5005961
0.6402188
0.7753218
0.7493879
0.7644015
0.5908748
0.7531833
0.671433
0.6851231
0.7288107
0.6283936
0.5833353
0.8634154
0.6955537
0.7509339
0.5430758
0.769265
0.6514875
0.6676619
0.6571952
0.8567058
0.8320969
0.7587428
0.8302152
0.7882378
0.7425516
0.7731524
0.9433671
0.7020371
0.7436431
0.6712888
0.6924963
0.7756419
0.7469958
0.7067108
0.7593157
0.6774004
0.7182069
0.8226019
0.834358
0.6412917
0.9159441
0.7799493
0.718749
0.579956
0.7672991
0.7243034
0.7427234
0.8722929
0.6902997
0.7127408
0.9181966
0.7683736
0.6919714
0.8835788
0.6913209
0.8777948
0.9547956
0.94111
0.8544767
0.8998715
0.7766978
0.8411132
0.9470498
0.852111
0.9144253
0.8724568
0.8367534
0.8114209
0.8103697
0.8555614
0.9663623
0.9574356
0.7852324
0.7874833
0.8053547
0.791127
0.8424091
0.831152
0.7167282
0.8796697
0.7981559
0.9295666
0.9852899
0.9790326
0.9538345
0.8458095
0.8807861
0.847681
0.8732547
0.8119645
1.004929
0.9029234
0.8872197
1.030948
0.9636588
0.8498408
0.8950659
1.02972
0.9427763
1.012392
0.8914458
0.7006958
0.8829436
0.869009
0.9332655
0.9896634
0.9933352
1.090909
1.051859
0.9489382
0.9395489
0.9517524
0.8452714
0.8716009
1.015128
0.9806401
0.8648014
0.8930253
0.9493332
0.9494851
0.879507
0.9863585
1.06097
0.9296548
1.080343
1.115502
0.9126712
0.9078824
1.034541
1.052038
0.8737364
0.8803094
0.9594748
0.8190492
0.9944524
1.014291
0.9357987
0.8702769
1.065207
0.899858
0.8989616
1.121771
1.021022
1.043278
1.183665
0.8718808
0.9578804
0.9682588
0.9771749