-0.04734805
-1.041013
-0.9677429
-1.033779
-0.949958
-0.9562294
-1.051086
-1.090959
-0.937729
-0.9832559
-1.028845
-1.05334
-0.9887056
-0.8599272
-0.9290463
-1.071756
-0.8904027
-0.931037
-0.9206943
-0.9298755
-0.9568495
-0.9879757
-0.9756987
-1.111086
-0.9027156
-1.059909
-0.9635478
-1.016585
-0.9506443
-0.9285338
-0.9777977
-0.9811865
-0.9694674
-0.9970271
-0.9757679
-0.8782431
-0.9011966
-1.153066
-0.935675
-0.9549523
-0.998978
-0.8969379
-0.8525105
-0.8042216
-0.9682364
-0.9625398
-0.8849452
-0.9214873
-1.028199
-0.8584917
-0.9289629
-0.8104343
-0.9158487
-0.9901704
-0.847347
-1.024953
-0.9149665
-0.8451889
-0.889709
-0.9851389
-1.070414
-0.8957145
-1.040275
-0.7819372
-0.9442251
-0.810649
-0.7258644
-0.8393426
-0.7505033
-0.8875579
-0.8756641
-0.9099234
-1.014316
-0.9681682
-0.7210098
-0.9295266
-0.8511657
-0.7121949
-0.8723492
-0.8638699
-0.6634713
-0.9551295
-0.9212929
-0.8378139
-0.8921865
-0.9874698
-0.7176738
-0.872857
-0.8774872
-0.9886536
-0.7677138
-0.719362
-0.8702801
-0.6991814
-0.611239
-0.8456147
-0.7287213
-0.81009
-0.7524661
-0.8436092
-0.7054674
-0.9444899
-0.6546829
-0.7873544
-0.8290499
-0.785786
-0.7416148
-0.7587808
-0.8907406
-0.7495816
-0.8175318
-0.7263903
-0.8024136
-0.7771462
-0.7818191
-0.7811712
-0.7657691
-0.6308721
-0.7584981
-0.760533
-0.7007879
-0.8482201
-0.77974
-0.6893583
-0.8075613
-0.704895
-0.5769292
-0.76156
-0.7941589
-0.7066805
-0.7815365
-0.7843076
-0.8336619
-0.7204372
-0.6610691
-0.7327508
-0.8035922
-0.5856023
-0.7760298
-0.6228828
-0.6530884
-0.7987836
-0.6650763
-0.8375734
-0.7383226
-0.6289888
-0.7261015
-0.6130577
-0.8198627
-0.8162624
-0.6644082
-0.8299921
-0.7774542
-0.610089
-0.5988389
-0.6321212
-0.6396962
-0.7690335
-0.6492124
-0.6674182
-0.8203727
-0.59154
-0.7506513
-0.6366974
-0.6666121
-0.6309243
-0.7335353
-0.7003805
-0.5554722
-0.6907237
-0.6577944
-0.6809393
-0.6718038
-0.5963852
-0.6423713
-0.6900884
-0.6811204
-0.7381173
-0.7157458
-0.6514886
-0.7056545
-0.6368298
-0.6331417
-0.7625114
-0.6910045
-0.5705716
-0.6667725
-0.5651528
-0.5880215
-0.6376611
-0.6224583
-0.4516825
-0.5696843
-0.55548
-0.5891944
-0.6285126
-0.5277249
-0.510541
-0.6812471
-0.6772547
-0.6672313
-0.5817863
-0.5696198
-0.5150087
-0.716279
-0.5409939
-0.665669
-0.6512804
-0.5540892
-0.6997647
-0.5512458
-0.4454804
-0.5652539
-0.6482886
-0.5801073
-0.6488059
-0.5437657
-0.5852078
-0.5464512
-0.6009891
-0.5500539
-0.5310931
-0.4608543
-0.5538335
-0.5997097
-0.6232655
-0.4569266
-0.3481003
-0.6172585
-0.5193565
-0.5986846
-0.6354139
-0.2515974
-0.5060666
-0.5621705
-0.6447661
-0.6766986
-0.4346821
-0.4194676
-0.504468
-0.4679192
-0.4822486
-0.6246323
-0.4760941
-0.6335143
-0.5623724
-0.4561109
-0.5077619
-0.5154881
-0.4639257
-0.4250414
-0.5027909
-0.5882742
-0.4900412
-0.4507295
-0.4600128
-0.5074016
-0.5078363
-0.4451473
-0.3145163
-0.6081253
-0.5268909
-0.3820327
-0.4856525
-0.5547853
-0.4511587
-0.619941
-0.4330595
-0.4807803
-0.406423
-0.3526613
-0.4175923
-0.4127087
-0.5185332
-0.4681403
-0.3742869
-0.3599813
-0.5538601
-0.5121782
-0.4187452
-0.358793
-0.4350894
-0.4059997
-0.5365102
-0.3491075
-0.4772557
-0.3467608
-0.4871776
-0.6351725
-0.2786563
-0.2991749
-0.2903415
-0.5912946
-0.319526
-0.4940795
-0.3302114
-0.3155178
-0.4093851
-0.3384476
-0.4815867
-0.3421862
-0.4854714
-0.3693314
-0.4743326
-0.4173115
-0.4850676
-0.5957219
-0.4657474
-0.354421
-0.4028357
-0.3863036
-0.4686402
-0.4090465
-0.3083289
-0.4794034
-0.2385287
-0.3650499
-0.2188835
-0.2544129
-0.3806698
-0.5447069
-0.3776524
-0.332097
-0.4446025
-0.3957345
-0.351642
-0.39753
-0.5172186
-0.3011096
-0.2985698
-0.3790739
-0.4301598
-0.3881644
-0.35009
-0.3754636
-0.2690234
-0.3250786
-0.3448075
-0.2558563
-0.2670849
-0.3084675
-0.361011
-0.3378057
-0.4135455
-0.2901678
-0.2722291
-0.2173176
-0.325986
-0.3594701
-0.472543
-0.3485417
-0.3735001
-0.2780231
-0.2599473
-0.2050084
-0.268575
-0.1910526
-0.3344814
-0.1674959
-0.3489426
-0.4915904
-0.2977411
-0.261587
-0.238853
-0.338424
-0.2347344
-0.3420181
-0.32105
-0.3377819
-0.3154148
-0.2577573
-0.2010443
-0.2612655
-0.352738
-0.3711311
-0.3226509
-0.1514333
-0.3395079
-0.2356485
-0.20139
-0.260218
-0.2528104
-0.2637495
-0.2311529
-0.2074802
-0.2871173
-0.244379
-0.1208275
-0.2449724
-0.2493147
-0.2053073
-0.07393759
-0.2116323
-0.3485903
-0.20186
-0.3783389
-0.1081434
-0.03911408
-0.1777402
-0.1803774
-0.2015638
-0.1724714
-0.09516727
-0.2797303
-0.05970696
-0.1220133
-0.174444
-0.02051364
-0.1937636
-0.2131968
-0.1264525
-0.195458
-0.1210924
-0.1221474
-0.2370714
-0.1007039
-0.1716609
-0.2278618
-0.2548717
-0.2023118
-0.1033537
-0.1980684
-0.2020207
-0.1115894
-0.1206267
-0.202989
-0.1878872
-0.2764419
-0.2430149
-0.2315187
-0.3217415
-0.1062309
-0.05066734
-0.2391478
-0.206614
-0.08599693
-0.08267385
-0.2902766
-0.1528134
-0.1838392
-0.01063967
-0.1775867
-0.139744
0.009670206
-0.2144316
-0.126629
-0.2252424
-0.1806103
0.06046828
0.09111222
0.02350625
-0.06322273
-0.162126
-0.09015127
-0.01524633
-0.1324797
-0.1218074
-0.1948319
-0.04562249
0.002856326
-0.1543961
-0.269785
-0.09410517
-0.03281211
-0.02564731
-0.1139179
-0.1430281
-0.1261826
0.06418341
-0.06801303
-0.03684486
-0.1266642
-0.1391548
0.02286417
0.004976484
-0.03976237
0.02998033
-0.1491431
0.08891401
-0.1200786
-0.109935
-0.177579
-0.1736258
0.03010491
0.1642023
-0.1293504
-0.04904816
-0.07621701
-0.0125926
0.08348303
0.02490683
-0.004369988
-0.04823722
0.09936321
0.01391577
0.01077311
-0.08709082
0.007383375
-0.06105002
-0.01607297
0.02731003
0.1651413
-0.02809671
-0.2410752
0.1051652
0.018723
-0.08020131
-0.08830816
-0.03345679
0.1355961
-0.1186215
0.01827679
0.2006765
-0.04280687
0.09102321
0.1396927
-0.09331972
0.04190745
0.0003069554
0.1002989
0.07268917
0.08089319
0.07209003
-0.0437908
-0.05049223
-0.03109636
0.1701774
0.07588392
0.003933834
-0.01225358
0.1579451
0.04431156
-0.0438103
0.06160864
0.03549219
0.01173959
0.14909
0.03502804
0.1103024
0.04622764
0.06450013
0.02833886
0.04108401
0.07907152
0.1950053
-0.04060632
0.2141529
0.02729081
0.1214561
0.2521009
0.127054
0.07937371
-0.1050758
0.222105
0.08517778
0.1334346
0.06303784
0.1261934
0.1337414
0.2031181
0.1114951
0.1908866
0.1960847
0.1629763
0.1892971
0.1159962
0.2680092
0.2586535
0.1963425
0.2432711
0.05409174
0.1978993
0.1594266
0.2629628
-0.01570859
0.1023932
0.2165299
0.1497956
0.05260454
0.1023452
0.1624513
0.158151
0.1641984
0.08480364
0.13984
0.1979482
0.2776402
0.1893944
0.1214107
0.2357336
0.1309915
0.1863245
0.2895689
0.1082422
0.3272853
0.2441103
0.1968687
0.03225772
0.1348176
0.1475222
0.09563674
0.2816875
0.06461114
0.1614124
0.1963484
0.1148602
0.2475229
0.2470535
0.2041176
0.2079649
0.2955038
0.2109314
0.2425453
0.3552039
-0.1269106
0.2236707
0.06924732
0.3094842
0.2915166
0.2826963
0.2826302
0.2865011
0.365035
0.1617015
0.2758216
0.391158
0.3181232
0.1153556
0.2086274
0.2899199
0.297178
0.1418998
0.3034228
0.2314054
0.1462731
0.1662097
0.1397364
0.3090605
0.2953569
0.3135501
0.21955
0.1738448
0.2753093
0.1063416
0.2612653
0.3688227
0.2623515
0.4050114
0.2469036
0.2943004
0.4357452
0.3607149
0.3361081
0.2279489
0.3351105
0.377554
0.3878691
0.2753409
0.399015
0.3073711
0.4170519
0.4526189
0.170666
0.3289432
0.4026735
0.2689595
0.168183
0.5155905
0.1601587
0.3933508
0.2521178
0.3163058
0.3293867
0.3405979
0.3728059
0.3270692
0.3565006
0.3356625
0.440097
0.3141945
0.2734608
0.2545391
0.4770043
0.4026842
0.3600169
0.3153887
0.4860979
0.2789765
0.3463926
0.2876691
0.3990481
0.4166877
0.423651
0.3807287
0.4081453
0.4217421
0.327998
0.1594749
0.4381449
0.3012703
0.3951455
0.3298609
0.36943
0.5373075
0.3574926
0.4473274
0.3295124
0.453408
0.3853056
0.2824099
0.2910155
0.3351129
0.2667997
0.3075827
0.5047727
0.4057325
0.4538482
0.426708
0.3622309
0.4930942
0.4327766
0.3630954
0.4126303
0.6302095
0.3162469
0.6712748
0.4760316
0.4552198
0.5195222
0.5336547
0.4587677
0.4065932
0.3799071
0.2993816
0.5130404
0.3460986
0.4356476
0.414311
0.5489669
0.3719058
0.5071028
0.6051518
0.5101084
0.4584669
0.5718334
0.5514684
0.6047112
0.532963
0.5586797
0.5738352
0.5112
0.2999571
0.5310417
0.3486384
0.4936093
0.5426482
0.6174175
0.4559389
0.433388
0.5746986
0.6997529
0.4704045
0.449642
0.551479
0.5816339
0.6627832
0.5332706
0.7368449
0.5273763
0.4903277
0.5754278
0.5327022
0.4543215
0.4362538
0.638029
0.5214087
0.5712486
0.5098396
0.6043603
0.7198262
0.6242322
0.4825758
0.5032237
0.485851
0.6209644
0.5739842
0.5018229
0.6098363
0.7283454
0.5773846
0.4649971
0.7448198
0.6262356
0.502253
0.502821
0.4524485
0.6529096
0.6325388
0.6530127
0.6170934
0.68724
0.6316032
0.4069899
0.5846006
0.6531521
0.7770707
0.7070155
0.6776118
0.7161711
0.7168225
0.6053529
0.6269379
0.5884399
0.6879212
0.6611301
0.618225
0.6626871
0.6829201
0.443764
0.6361791
0.6088247
0.5014864
0.7005182
0.6698182
0.674806
0.6308037
0.5782539
0.4802426
0.696647
0.6733845
0.8219785
0.5700066
0.6638671
0.5776606
0.5738811
0.7397742
0.699261
0.6814739
0.670019
0.6992517
0.6524346
0.6006842
0.6228304
0.6687734
0.6568253
0.8074139
0.5388263
0.7834507
0.6520475
0.609449
0.5884254
0.5192663
0.6407775
0.777856
0.7519648
0.7818594
0.5889083
0.7434622
0.7074061
0.6781267
0.7500576
0.621072
0.570818
0.8772109
0.6771086
0.76585
0.5427732
0.7490427
0.6342375
0.6658759
0.6600233
0.8373975
0.8259871
0.7270075
0.8439727
0.7953561
0.737763
0.767641
0.9461414
0.6895777
0.7466631
0.6657383
0.6785407
0.7710705
0.7688863
0.6958941
0.7535496
0.684429
0.7114768
0.8238279
0.831959
0.6628611
0.9290505
0.7799364
0.7140471
0.5821822
0.7727914
0.7100779
0.7562187
0.8770239
0.7026597
0.7250073
0.9074207
0.7966069
0.7006873
0.8889535
0.6765334
0.9003792
0.9544326
0.9364565
0.833579
0.8952598
0.7783653
0.8578719
0.9090145
0.8592314
0.9292383
0.875531
0.8686987
0.8298041
0.7989603
0.8460669
0.9350932
0.9259239
0.7803351
0.7904909
0.7906035
0.7924132
0.8512967
0.8227575
0.6963399
0.8749073
0.8178614
0.9311095
1.006377
0.9773376
0.9679175
0.8526008
0.8668374
0.858783
0.8394581
0.8026745
1.019742
0.8845876
0.8899374
1.03861
0.9695113
0.826928
0.8856808
1.047073
0.94282
0.981774
0.8931647
0.7061758
0.8895943
0.8827457
0.9488874
0.9834896
0.9895367
1.065009
1.066008
0.9360634
0.9486525
0.9744619
0.8696161
0.8719097
1.021944
0.9866722
0.8763076
0.8565272
0.931117
0.9847092
0.8757743
1.014383
1.056033
0.9297321
1.086397
1.112649
0.8965594
0.9095582
1.041743
1.054102
0.8923683
0.8837423
0.939588
0.8287296
1.00111
1.009223
0.9423807
0.8561647
1.080753
0.8942042
0.8920242
1.125246
1.044228
1.040192
1.181201
0.853429
0.9577032
0.972362
0.9861535