-0.04110862
-1.107934
-0.9816906
-1.027589
-0.9377868
-0.9340067
-0.8835917
-0.9274696
-0.9758298
-1.133963
-0.9382892
-0.9310429
-0.9764117
-0.9858612
-0.893421
-1.013766
-1.015654
-0.7548635
-0.9978417
-0.9901264
-0.9702944
-0.7806849
-0.9052556
-0.9918993
-0.8723066
-0.9011165
-1.005169
-0.935793
-0.9219968
-0.9271899
-0.7779797
-0.902871
-0.8209862
-1.035358
-0.9522579
-0.8511963
-0.9713736
-0.9004773
-0.9880181
-0.8719115
-0.8507229
-0.9506388
-0.9248236
-1.099957
-0.9782691
-1.000116
-0.9833542
-1.059369
-0.9283382
-0.875082
-0.9231329
-0.9458988
-0.9996383
-0.8831953
-0.8842338
-0.9852554
-0.8290325
-0.7868598
-0.9205947
-0.9209635
-0.8657782
-0.8930555
-1.0451
-1.017759
-0.7937809
-0.8748001
-0.8530247
-0.8928026
-0.7118445
-0.9343843
-0.8912669
-0.9708315
-0.9302448
-0.9364079
-0.9656537
-0.8231419
-0.8834923
-0.8850858
-0.7121211
-0.8223751
-0.7731487
-0.8691473
-0.8307252
-0.9496939
-0.9643658
-0.9860374
-0.8369085
-0.7636481
-0.8077166
-0.7883398
-0.9025322
-0.9559471
-0.7265908
-0.8985192
-0.7731466
-0.8867476
-0.7867716
-0.756212
-0.9183354
-0.7556039
-0.8306387
-0.7652911
-0.811178
-0.7605208
-0.739276
-0.7566206
-0.8395942
-0.5840039
-0.7398238
-0.8118503
-0.8832957
-0.8016843
-0.8345894
-0.7708331
-0.546086
-0.8468493
-0.7823466
-0.7373166
-0.7856041
-0.6361761
-0.8883793
-0.6873306
-0.9035731
-0.6750178
-0.6894385
-0.806882
-0.7970822
-0.7975728
-0.7699001
-0.8365363
-0.8090128
-0.749676
-0.8366337
-0.6061899
-0.7222405
-0.7919073
-0.8001349
-0.6755657
-0.7505809
-0.811652
-0.6950623
-0.7471426
-0.7478086
-0.4920509
-0.8277669
-0.6285164
-0.7548123
-0.4796388
-0.6480377
-0.6368248
-0.7022433
-0.6374751
-0.6616189
-0.6358287
-0.7033048
-0.748631
-0.6790456
-0.6898759
-0.6020366
-0.7928021
-0.734655
-0.6272159
-0.5799331
-0.6108534
-0.607311
-0.7004285
-0.7074851
-0.6865634
-0.6829533
-0.6381033
-0.5876169
-0.677303
-0.6177285
-0.5032165
-0.7592568
-0.5711208
-0.7754197
-0.6202192
-0.7893808
-0.5917969
-0.5407374
-0.5979991
-0.6286305
-0.5648801
-0.5964699
-0.6020687
-0.718606
-0.6731415
-0.5666452
-0.5658454
-0.732464
-0.6495016
-0.7301497
-0.580268
-0.5909744
-0.617177
-0.5538173
-0.6216954
-0.6539014
-0.4554755
-0.5516886
-0.7775367
-0.6131523
-0.6229227
-0.6332692
-0.6487647
-0.5521175
-0.4080843
-0.5850081
-0.4067796
-0.5153148
-0.5732269
-0.5041778
-0.485763
-0.6205201
-0.5861306
-0.5588365
-0.680029
-0.4930233
-0.6594712
-0.589903
-0.5386931
-0.6779079
-0.6686226
-0.4205359
-0.6255577
-0.5675978
-0.3882351
-0.5154091
-0.5834023
-0.5675265
-0.3794793
-0.6343226
-0.4945543
-0.5913077
-0.6203966
-0.4869395
-0.4893696
-0.5466656
-0.4639457
-0.5235707
-0.4505251
-0.5590489
-0.5705566
-0.4468773
-0.5620673
-0.6113013
-0.5005249
-0.5624111
-0.6367644
-0.5466712
-0.3379857
-0.6551707
-0.3541715
-0.5517231
-0.5548669
-0.5263933
-0.4605478
-0.4654766
-0.4017303
-0.3761637
-0.4878075
-0.6030719
-0.4696624
-0.4881953
-0.5442846
-0.401358
-0.4077874
-0.4480997
-0.5028895
-0.4079207
-0.338651
-0.4677011
-0.3999304
-0.3063345
-0.3477992
-0.4448757
-0.4528568
-0.3795881
-0.5166511
-0.440994
-0.4062387
-0.3600259
-0.467751
-0.5238636
-0.3301794
-0.4920652
-0.5240254
-0.2924913
-0.5815177
-0.4501477
-0.3587846
-0.4457458
-0.36323
-0.4196573
-0.3789216
-0.3937108
-0.5502297
-0.3439166
-0.4415726
-0.5894482
-0.5275338
-0.3861829
-0.5072998
-0.4908161
-0.4613464
-0.3163561
-0.2779969
-0.4359155
-0.4654206
-0.5075999
-0.561145
-0.3616745
-0.391719
-0.3407977
-0.4530682
-0.4475157
-0.3475312
-0.4149165
-0.4296997
-0.4398881
-0.3643791
-0.3604502
-0.2561774
-0.3678102
-0.370808
-0.4315552
-0.3805872
-0.4085162
-0.2788368
-0.3714403
-0.3895267
-0.3492728
-0.3443801
-0.3754876
-0.1742132
-0.1656763
-0.1799798
-0.3411688
-0.3888294
-0.3462486
-0.3336827
-0.3199311
-0.2991336
-0.4050547
-0.3740898
-0.292238
-0.254218
-0.3645107
-0.2563609
-0.2503826
-0.1997689
-0.2917327
-0.2782381
-0.2074743
-0.3632834
-0.2667931
-0.2130994
-0.3772665
-0.1768543
-0.3525765
-0.234249
-0.322753
-0.2537217
-0.2074891
-0.2685663
-0.3296678
-0.4174515
-0.4127531
-0.2727457
-0.2170902
-0.2250852
-0.3021284
-0.3652361
-0.1159989
-0.3625619
-0.2610405
-0.2240429
-0.159029
-0.338131
-0.1425332
-0.1181973
-0.2752692
-0.4150662
-0.3956792
-0.1182936
-0.1987074
-0.192713
-0.2076788
-0.1595664
-0.3385326
-0.3217843
-0.3452485
-0.3325368
-0.3353129
-0.1663151
-0.2703845
-0.229978
-0.1544301
-0.2310075
-0.2989379
-0.01720198
-0.05102931
-0.3726046
-0.3363275
-0.2107593
-0.2369649
-0.1634439
-0.003409991
-0.2161244
-0.1363855
-0.2830401
-0.1580225
-0.248296
-0.1573675
-0.1212463
-0.1696341
-0.2988883
-0.2039514
-0.1860616
-0.1160783
-0.1646935
-0.102474
-0.2126708
-0.03106423
-0.360857
-0.12684
-0.02093524
-0.16959
-0.05777831
-0.2201325
-0.1951828
-0.08509736
-0.1288688
-0.1388525
-0.2156942
-0.07693592
-0.2388209
-0.1041123
-0.2249488
-0.1908602
-0.1580429
-0.1469601
-0.04558679
-0.1470741
-0.06580425
-0.3085615
-0.2407504
-0.1165018
-0.06830731
-0.2136639
-0.04680002
-0.01164749
-0.2202601
0.04019306
-0.2175766
0.002081491
-0.02197582
-0.002895369
-0.2946393
-0.08306674
-0.05319655
-0.1658365
-0.04756911
-0.1428254
0.03679158
-0.1208357
-0.1545335
-0.0373732
-0.02205343
-0.0005140731
-0.08610196
-0.1250869
-0.06663613
-0.0529052
0.01491572
-0.1667273
-0.04557537
0.01775174
-0.04089849
-0.06946078
-0.03750276
0.04371709
0.04356011
-0.0496713
-0.07490458
0.004861573
-0.2056441
-0.03474955
0.03720375
-0.1319752
0.09806349
0.01886091
0.01539838
-0.1613544
-0.09564651
0.03021779
-0.1926122
-0.01519506
0.006309674
-0.1032826
-0.008208194
0.1425079
-0.02635288
-0.05899459
0.1160719
-0.00488845
0.01298637
0.03104179
0.01144624
0.007705046
-0.02126558
0.004971998
-0.004736583
0.06858491
0.1138167
0.0074885
0.06100809
0.02127353
0.08120356
0.1056936
-0.06931416
0.1426712
0.02380896
0.03255651
0.1250142
0.02651749
-0.08721107
-0.06668379
0.04183629
-0.03784596
0.2165004
0.1235318
0.06730292
0.1852979
0.1541139
0.01986813
-0.05257439
0.105824
0.1499847
0.04725274
0.09507113
0.08544282
0.02242616
0.1201314
0.03707879
0.1054063
-0.009416773
0.1896948
0.01926627
0.2498195
0.1591917
0.1079382
0.006346687
0.1584401
0.2157134
0.1379335
0.05686607
0.08795667
-0.004335294
0.1084803
0.1810747
0.1074737
0.091044
0.1625305
0.2537859
0.1585047
0.0259724
0.1283842
0.1562572
0.2362017
0.1400805
0.311454
0.1136983
0.1423579
0.04262277
0.1894433
0.1733415
0.1673187
0.1441708
0.1856097
0.1318493
0.1384119
0.01306206
0.09382003
0.2319139
0.3013057
0.1134593
0.1376592
0.2824225
0.146967
0.1562512
0.1675582
0.1239503
0.2539258
0.06500407
0.2195161
0.2580453
0.121818
0.3276106
0.2178599
0.138628
0.1266073
0.02999866
0.3053046
0.239386
0.1390332
0.1984363
0.2094669
0.3523562
0.2269385
0.1811606
0.05842733
0.1586303
0.261151
0.2312269
0.08926176
0.1421596
0.2607012
0.1336094
0.3150356
0.2005646
0.2449613
0.374124
0.2509556
0.2799842
0.1606649
0.1526268
0.29829
0.2635954
0.1106978
0.01796905
0.2790656
0.3307854
0.245533
0.1868758
0.2330695
0.2977542
0.1331857
0.216357
0.2562952
0.30241
0.261211
0.3695464
0.2657327
0.3920281
0.1261829
0.3021941
0.3015494
0.2367292
0.42031
0.3249053
0.2750057
0.3873289
0.3817254
0.4031981
0.3544489
0.3114109
0.2886674
0.3964145
0.3422601
0.16274
0.3137709
0.4303246
0.3999811
0.416811
0.3999861
0.2377587
0.3716918
0.2822699
0.2358438
0.4097104
0.4153863
0.4099265
0.27874
0.3997657
0.2832649
0.4848649
0.5888365
0.5470984
0.3913208
0.5417756
0.3609512
0.3899355
0.3293377
0.3346772
0.4456224
0.5466596
0.3325289
0.3747932
0.4754267
0.3580172
0.2335455
0.2636188
0.3597436
0.3082002
0.3282917
0.2592798
0.4622572
0.3905536
0.2514423
0.4163699
0.3846597
0.4901761
0.359549
0.3808551
0.3282986
0.4513564
0.3417789
0.4308263
0.3482527
0.3987142
0.3069087
0.3311618
0.4943691
0.3892572
0.4549844
0.4229874
0.4332952
0.3858825
0.2620798
0.3957707
0.2844461
0.5889883
0.4772046
0.4764194
0.3588191
0.562048
0.5261263
0.5084212
0.4382346
0.436914
0.4619643
0.4356729
0.4617228
0.43394
0.4510564
0.3792931
0.4432597
0.4063788
0.4312058
0.3616789
0.4960194
0.4501245
0.460472
0.5544158
0.5671586
0.6068208
0.5717615
0.5677642
0.5405586
0.5319115
0.584839
0.6263301
0.5187218
0.5398727
0.62318
0.5876374
0.4416657
0.5739755
0.5371673
0.5184309
0.5031335
0.4890662
0.5958301
0.4169265
0.5209665
0.4455895
0.5944108
0.5231277
0.5484208
0.498534
0.5398645
0.4680151
0.4630675
0.5435767
0.4222696
0.5122104
0.6639995
0.662428
0.5998675
0.5691408
0.6633973
0.4241824
0.5716305
0.626305
0.5072112
0.6107438
0.5249569
0.5460172
0.4050842
0.7617335
0.6022559
0.5984069
0.477716
0.504372
0.5784284
0.5387139
0.5713023
0.6663812
0.5506394
0.5666069
0.4707253
0.6500992
0.5507677
0.4317609
0.4874974
0.5400416
0.6239185
0.6216968
0.609982
0.7192841
0.7466678
0.670122
0.7271149
0.5267585
0.5583697
0.6874327
0.5846257
0.6214432
0.6476362
0.6763109
0.4257201
0.6651492
0.6844402
0.8294336
0.7215815
0.6805712
0.7026449
0.7533487
0.8602793
0.6669646
0.6178795
0.6479969
0.6719333
0.7445841
0.6860966
0.63477
0.7501474
0.7041797
0.6749743
0.6359348
0.6980768
0.6838181
0.6253628
0.7730532
0.6151538
0.6942388
0.5867238
0.6136544
0.796379
0.7460242
0.70355
0.7432133
0.7798308
0.7978217
0.6925269
0.6952917
0.7589749
0.6099424
0.8685157
0.7015417
0.7626405
0.8049938
0.6579368
0.6993892
0.6441149
0.7804116
0.6860749
0.6181005
0.6214729
0.7660081
0.6889148
0.865323
0.8748679
0.7113422
0.6662015
0.8076406
0.7923429
0.5882108
0.8043223
0.6774249
0.7044832
0.7701655
0.7135139
0.7337639
0.713215
0.7774243
0.7851713
0.7051637
0.8451756
0.8721061
0.9256091
0.8707328
0.729473
0.8221897
0.6702569
0.7338946
0.7433428
0.7116886
0.9134956
0.7855404
0.8775438
0.6596883
0.8013737
0.8087038
0.8178778
0.7570813
0.8583112
0.7092727
0.8371612
0.7019058
0.8236434
0.8064032
0.788943
0.748302
0.7848181
0.8948575
0.8228528
0.9725274
0.8387093
0.9133675
0.8118055
0.8083224
0.7490574
0.9862406
0.9157151
0.8542784
0.8455826
1.06353
0.8204338
0.9303744
0.9611756
0.8657933
0.8293329
0.8872619
0.7873609
0.8528389
0.7430264
0.9363352
1.003792
0.780166
0.9417854
0.7812261
0.877909
0.9820045
0.839848
0.9534253
0.8425182
0.8626857
0.7389308
0.9036269
0.9875639
0.9841002
0.9617453
0.9032425
0.7746588
1.101951
0.9713035
0.8618971
0.9206088
0.8542107
0.8995559
0.9389522
0.9860714
0.9428778
1.034048
0.8962223
0.9211985
0.8038551
0.9186577
1.047658
0.9574128
1.053365
0.9597185
1.058284
0.8501087
0.8649324
0.9488517
0.9054976
0.9610595
0.7411902
0.9165142
1.045485
0.9311028
0.833574
1.004669
0.9544749
1.010658
0.9270598
0.9946288
1.161799
0.952548
1.117888
0.9851637
0.9419827
1.003965
0.9223074
1.038221
1.08675
0.8574834