0.1499206
-0.9746868
-1.015379
-0.7854717
-0.8901231
-1.070516
-1.01313
-0.8722439
-1.05291
-0.9976952
-1.042947
-1.060818
-1.000422
-1.013514
-0.8382824
-1.033558
-0.8236773
-0.9246412
-0.9740344
-0.9973044
-0.8397733
-0.926731
-1.022745
-0.8727212
-1.07991
-0.9174436
-0.776815
-1.025642
-0.8808848
-0.8421479
-0.9001777
-0.9131634
-0.9492572
-0.8741642
-0.7991748
-1.18217
-0.9771255
-0.9353597
-0.9215998
-0.9042625
-1.074082
-0.8618598
-0.7415935
-0.9970099
-0.933327
-0.8394956
-0.8774117
-0.904126
-0.9112551
-0.7542721
-0.8003414
-0.9424278
-0.8440024
-0.8616856
-0.8619706
-0.7366646
-0.9234713
-0.8286697
-0.9516888
-0.8093174
-0.895558
-0.9325907
-0.7984497
-0.8294403
-0.9219725
-1.077577
-1.031992
-0.7441883
-0.7657746
-0.7876985
-0.8263456
-0.7120308
-0.9009137
-0.7955857
-0.9175351
-0.8493476
-0.8283123
-0.8864009
-0.9003511
-0.8060055
-0.6966111
-0.9087764
-0.7874482
-0.857772
-0.8032698
-0.8516677
-0.8987392
-0.8187091
-0.7929613
-0.7478435
-0.8640692
-0.8499212
-0.8305349
-0.80401
-0.8402507
-0.9543038
-0.6846574
-0.6743479
-0.9027918
-0.6693682
-0.7155414
-0.875136
-0.9253611
-0.8154906
-0.8154574
-0.7237614
-0.7514922
-0.6853537
-0.7791614
-0.8892348
-0.8250272
-0.8092521
-0.7001136
-0.7842482
-0.7950349
-0.6666775
-0.7069801
-0.7636304
-0.8577172
-0.6536199
-0.8501205
-0.7607316
-0.7570351
-0.7637291
-0.7125021
-0.8532084
-0.6981888
-0.6713275
-0.8048787
-0.742355
-0.7398003
-0.7588742
-0.8243806
-0.7613785
-0.7169779
-0.5855467
-0.8114381
-0.737742
-0.676643
-0.8275441
-0.7471605
-0.7140101
-0.8236221
-0.7421644
-0.6848412
-0.7586848
-0.8049397
-0.6140254
-0.7263075
-0.6636399
-0.7096168
-0.59493
-0.6299029
-0.7734934
-0.5729056
-0.7409224
-0.6673445
-0.67956
-0.8114571
-0.6948282
-0.6702245
-0.7360512
-0.6236112
-0.7691683
-0.6752095
-0.7041489
-0.6835358
-0.726942
-0.6674268
-0.6781602
-0.7408651
-0.549538
-0.7173212
-0.6570877
-0.5504311
-0.6337355
-0.527555
-0.6901872
-0.6143047
-0.8081111
-0.5352233
-0.5888169
-0.5484138
-0.6526304
-0.5320856
-0.5150905
-0.7802773
-0.6380354
-0.5471717
-0.5324155
-0.7114257
-0.5401339
-0.6276406
-0.657088
-0.6795015
-0.7786333
-0.626253
-0.5974501
-0.6147907
-0.6915514
-0.6953852
-0.4908119
-0.6803235
-0.6115159
-0.6293085
-0.6365383
-0.5120526
-0.742727
-0.5903723
-0.6462488
-0.6002863
-0.5559452
-0.6850748
-0.588398
-0.6676807
-0.5773743
-0.6285803
-0.5251767
-0.5197369
-0.5144371
-0.590161
-0.533792
-0.6887741
-0.6336613
-0.5118231
-0.5806463
-0.6253186
-0.6508339
-0.5379918
-0.4107077
-0.6144167
-0.410747
-0.355812
-0.3390383
-0.456519
-0.7001656
-0.6548633
-0.3422413
-0.4386452
-0.5160715
-0.531643
-0.5264854
-0.6261516
-0.6847955
-0.5201247
-0.5205062
-0.478201
-0.394122
-0.4101218
-0.6084547
-0.4913363
-0.3295978
-0.5981817
-0.4073247
-0.3517454
-0.5271854
-0.61608
-0.3775158
-0.4582432
-0.3856343
-0.4679821
-0.4587631
-0.3702596
-0.4579817
-0.6154604
-0.5021791
-0.4634963
-0.5590193
-0.2318883
-0.5473112
-0.4613191
-0.4937875
-0.3405518
-0.2602296
-0.3386591
-0.4412635
-0.4555423
-0.4127935
-0.2943872
-0.5606137
-0.37867
-0.4207871
-0.4063669
-0.5234195
-0.2349357
-0.4016657
-0.2543074
-0.461468
-0.4672871
-0.5842401
-0.3565535
-0.4284509
-0.3848385
-0.2880595
-0.3372325
-0.4278189
-0.4153934
-0.4975873
-0.356683
-0.378105
-0.4475471
-0.4612799
-0.3678912
-0.4055166
-0.4457657
-0.4593233
-0.2437551
-0.4504742
-0.4139959
-0.299877
-0.3722005
-0.3554841
-0.3326558
-0.2341093
-0.2913882
-0.07698724
-0.4606236
-0.3646287
-0.3568274
-0.4309915
-0.4636666
-0.457594
-0.3903368
-0.2146376
-0.1928401
-0.2574026
-0.3945181
-0.4586929
-0.4890289
-0.3625669
-0.3877909
-0.2526587
-0.427488
-0.253538
-0.3748448
-0.3107469
-0.4430882
-0.294794
-0.2016814
-0.2641114
-0.1199471
-0.1732136
-0.2008344
-0.3524824
-0.4801709
-0.2548413
-0.3200549
-0.3267053
-0.2100903
-0.4019357
-0.2749644
-0.2590881
-0.1042808
-0.08163269
-0.2950481
-0.4031593
-0.2581132
-0.1290533
-0.3552908
-0.3863058
-0.4761137
-0.1930936
-0.3197865
-0.3333384
-0.2852435
-0.4213269
-0.3332361
-0.2923637
-0.166137
-0.2299474
-0.4515749
-0.3222661
-0.04932265
-0.2242918
-0.2129552
-0.2133362
-0.3021015
-0.2669833
-0.3274384
-0.2739309
-0.258832
-0.2168611
-0.3371478
-0.2415051
-0.295848
-0.2067419
-0.1079877
-0.1691266
-0.05957501
-0.3006786
-0.3026801
-0.1741662
-0.1271969
-0.1645048
-0.1988484
-0.1022405
-0.2392085
-0.2585683
-0.1878792
-0.1513043
-0.2307532
-0.2473363
-0.2616521
-0.2405618
-0.1545845
-0.223358
-0.2627785
-0.2290267
-0.297762
-0.04423322
-0.2503842
-0.2078815
-0.1917586
-0.1524151
-0.1283007
-0.1882562
-0.09316964
0.01070128
-0.1921699
-0.1980577
-0.1645291
-0.1433379
-0.1485286
0.01117701
-0.2665209
-0.2246225
-0.1908712
-0.06726102
-0.1642098
-0.1633993
-0.1593853
-0.07796517
0.03072024
-0.2160207
-0.2089117
-0.179899
-0.2817322
-0.08129591
-0.1477211
-0.2538739
-0.1268928
-0.06842228
-0.1183413
-0.008516832
-0.02087552
-0.1461627
-0.009019433
-0.1531573
0.01394624
-0.06482722
0.04773682
-0.1264496
-0.1603455
-0.1230469
0.05760089
0.01455959
-0.1074334
-0.05620828
-0.1813387
0.01163747
0.03907406
-0.03721714
-0.01617356
-0.07117865
0.04377056
-0.09039094
-0.1429065
0.07223388
-0.1144084
-0.1013875
-0.1286239
-0.1364136
0.0518918
-0.01584188
0.05629979
-0.1335788
8.438874e-05
-0.08619412
0.0248768
-0.1439927
-0.1140988
-0.09957935
-0.03586868
-0.08199493
0.05647339
-0.05857703
-0.1103833
-0.03019432
-0.04788878
-0.02084777
-0.0006528021
-0.1589799
-0.02740925
0.123964
-0.01667096
-0.06739749
-0.06904342
0.1194345
-0.0148017
0.1390566
-0.2393709
-0.2136217
-0.05559816
-0.02712186
0.0718509
0.02917267
-0.07916623
-0.05267006
-0.1106372
0.05294047
-0.1237677
0.003064179
0.003760518
0.1371096
0.08854155
-0.1027341
0.002303559
0.1128115
-0.1377542
0.003796826
0.03168812
0.03572474
0.1092906
-0.1372691
0.1244632
-0.07592712
-0.02957168
-0.005139445
-0.01929738
-0.1464077
0.1410156
0.03805815
-0.08654666
-0.06787738
0.2961822
-0.02126504
0.007869767
0.03000068
0.1193847
0.2277161
-0.007209245
0.03348825
-0.06730354
0.03902993
-0.05661231
0.1574018
0.05784959
0.1267865
0.1052366
0.1421179
0.1277381
0.2117092
0.2093541
-0.08466548
0.2335165
0.1891949
0.3508237
0.1949693
0.3924228
0.1841572
0.09535937
0.07724184
0.2731631
0.1737392
0.1401677
0.183663
0.03638958
-0.008848327
0.08210768
0.1563341
0.124981
0.0802594
0.1457234
0.1379136
0.09965645
0.1826654
0.2419389
0.2096356
0.1448449
0.06234748
0.1288479
0.009987942
0.08595119
0.1999731
0.1027692
0.0795231
0.1294973
0.1661744
-0.009072738
0.1792487
0.2565867
0.2432307
0.201037
0.2761068
0.2918222
0.2102598
0.2366767
0.1707503
0.2286235
0.1342349
0.05295128
0.2577075
0.1246325
0.31269
0.1427509
0.1538025
0.3238674
0.2324287
0.220213
0.3170816
0.324165
0.147475
0.2508548
0.1182752
0.092227
0.2407426
0.2829564
0.1186386
0.1087547
0.1706448
0.2395948
0.1840377
0.1279573
0.184104
0.3291724
0.04784867
0.3181122
0.2977584
0.2112806
0.3356003
0.1926655
0.1475771
0.2827277
0.2110855
0.1373267
0.183762
0.1310425
0.3390185
0.3806013
0.2279159
0.3421016
0.392838
0.3252884
0.4511184
0.3032367
0.2265271
0.3519175
0.3402055
0.1750788
0.2234333
0.3600248
0.3417524
0.2867202
0.2913353
0.3680831
0.2460844
0.2585132
0.321439
0.256521
0.2659089
0.3044474
0.2305754
0.4429968
0.3661344
0.3351897
0.4834456
0.2723083
0.4138308
0.1902217
0.3814028
0.3798687
0.294534
0.3994494
0.3377948
0.2085259
0.3082147
0.324192
0.3646164
0.4052377
0.2847292
0.332687
0.3921629
0.303368
0.4554575
0.5397343
0.4566836
0.1587448
0.3404545
0.4246058
0.5313675
0.2870292
0.4490057
0.2394559
0.4739867
0.2651714
0.2929676
0.4586577
0.4320331
0.528121
0.3921678
0.4039559
0.4058617
0.3727388
0.487293
0.3752373
0.4750088
0.4056279
0.4535593
0.5107347
0.4487116
0.4441073
0.4120886
0.4506016
0.3992272
0.5280698
0.4034621
0.3494216
0.41845
0.3887868
0.4847217
0.4673707
0.4632914
0.4171627
0.3830363
0.5080188
0.4839295
0.4312896
0.5341663
0.5261679
0.5472725
0.4749897
0.5237972
0.5659715
0.5202324
0.6565488
0.5762295
0.4968262
0.4153605
0.5721706
0.5160166
0.5738726
0.5602741
0.4962159
0.361357
0.3928133
0.4102881
0.5025473
0.5602734
0.5430518
0.4960276
0.4982085
0.5277147
0.5263545
0.4729294
0.5258268
0.5097231
0.3823541
0.4762606
0.5224917
0.4941782
0.5769534
0.5160395
0.5754973
0.6424724
0.5141013
0.5444469
0.3675032
0.5532959
0.5151131
0.5835919
0.5561698
0.3975718
0.6007611
0.560556
0.6209639
0.591673
0.3757359
0.584406
0.5831559
0.5890195
0.700496
0.6000019
0.6491797
0.6486302
0.6625395
0.5145615
0.7241811
0.5513672
0.5770442
0.4535086
0.7221746
0.5364791
0.5859877
0.5651341
0.5115575
0.553665
0.6222368
0.7229539
0.666877
0.6745564
0.4808264
0.3991159
0.5872052
0.5421342
0.5586435
0.6977665
0.6199628
0.710383
0.4788658
0.5385197
0.676184
0.630382
0.6266243
0.536953
0.4843475
0.4988634
0.7155565
0.8021693
0.6267458
0.6626334
0.7057244
0.6906302
0.5944803
0.6834792
0.5968199
0.7110769
0.7153479
0.6660551
0.6618918
0.6199061
0.4210039
0.6692418
0.6707779
0.6659064
0.7227115
0.6635995
0.5947457
0.683744
0.5691338
0.8520619
0.5440139
0.7238151
0.7999463
0.7061316
0.7861691
0.6235382
0.5610142
0.8328225
0.6794206
0.693083
0.6044531
0.6559576
0.9545713
0.6448523
0.6083143
0.7798457
0.6864271
0.7853396
0.7244671
0.7883528
0.700908
0.6919344
0.7287831
0.7885565
0.5857034
0.8744809
0.7642976
0.6795477
0.6417157
0.7547711
0.6262436
0.841039
0.6769084
0.6851251
0.832141
0.7614161
0.8814017
0.8728582
0.7709015
0.666139
0.7635726
0.7228301
0.7852044
0.7384615
0.6824166
0.6968235
0.9295342
0.7251243
0.6457421
0.6580656
0.803596
0.8430077
0.8100228
0.8237882
0.7366246
0.7634209
0.7776557
0.8763284
0.8094189
0.7793233
0.8531636
0.8559673
0.9826288
0.6112395
0.7563613
0.6987958
0.7999207
0.8387347
0.8431861
0.8063787
0.8188388
0.9472595
0.8240564
0.7829027
0.7582596
0.7884245
0.7999962
0.7938771
0.8563579
0.8414481
0.9921162
0.8106998
1.031829
0.7779664
0.7668139
0.5990235
0.7007978
0.8586465
0.7805817
0.8804215
0.7631237
0.8310108
0.9015181
0.9307794
0.8227239
0.8576474
1.102494
0.6963474
0.8827991
0.9551069
0.8860791
0.8684077
0.8588523
0.9381222
0.8352614
0.9803033
0.799008
0.8596465
0.8711652
0.9215342
0.9839574
0.8473888
0.7820925
0.9244369
0.8865716
0.9233886
0.848093
0.9752597
1.002256
0.9863977
0.954737
0.7754639
0.9331872
0.9194219
1.005899
0.9611895
0.9233151
0.8527222
0.9534243
0.941622
0.8275282
0.9019473
0.8097063
0.9732502
0.80676
0.9620695
1.050886
1.019661
1.011007
0.9345837
0.9104704
1.046163
1.032819
1.103229
0.9911248
1.024557
0.9453113
0.9000729
0.8853073
1.060834
0.8965928
0.8139349
0.9240992
0.8839018
1.067766
0.9616861
0.9621603
0.9692048
0.9212138
0.898789
0.9865452