0.03775359
-0.958982
-1.049411
-0.9483689
-1.066693
-0.9513407
-1.003553
-1.027806
-1.13219
-1.022834
-0.9538145
-0.943434
-1.016409
-0.979391
-0.9311053
-0.9453482
-0.9286419
-0.8733037
-1.005655
-0.9457218
-1.008306
-0.977206
-0.8713809
-0.896019
-1.10882
-0.864517
-0.9029655
-0.9514653
-1.050868
-0.9449609
-0.9243855
-0.9221642
-0.8859375
-0.9992863
-0.8647433
-0.8824067
-0.9142225
-0.8334665
-0.9251403
-0.9299075
-0.6868066
-0.7581005
-0.8729419
-0.9072348
-0.9860292
-0.7954193
-0.9808124
-0.9511903
-0.959855
-0.9274385
-0.8370172
-0.9969307
-1.029622
-0.6852285
-0.7729403
-0.7771314
-0.8625547
-0.9941659
-0.8443695
-0.8226082
-0.7139638
-0.8183278
-0.9594093
-0.9308056
-0.8872487
-0.8389635
-0.9505815
-0.8257889
-0.8393139
-0.805141
-0.8154537
-0.6416859
-0.7475664
-0.9956875
-0.9909659
-0.8548059
-0.8138455
-1.030154
-0.7358374
-0.8560085
-0.8400957
-0.8354316
-0.9032162
-0.862373
-0.8106558
-0.8036216
-0.6353058
-0.8868521
-0.7846051
-0.9131196
-0.8627648
-0.8380039
-0.7379454
-0.8809844
-0.7357271
-0.7230091
-0.7316514
-0.8410614
-0.7278756
-0.8333566
-0.8078536
-0.7583685
-0.8119965
-0.9185984
-0.9031396
-0.9323313
-0.7302103
-0.7410591
-0.9080966
-0.7165522
-0.8738791
-0.7830798
-0.7664885
-0.7286812
-0.7079449
-0.7867286
-0.6799978
-0.7326862
-0.8615889
-0.7430191
-0.826283
-0.7261921
-0.8572127
-0.8293581
-0.7084217
-0.6068441
-0.7248073
-0.9139541
-0.7418
-0.7252224
-0.6964523
-0.5606653
-0.7523286
-0.8231399
-0.7647177
-0.7759596
-0.6980401
-0.5040269
-0.5133552
-0.7040574
-0.7590869
-0.6662673
-0.7873204
-0.802121
-0.7931732
-0.7208389
-0.6201786
-0.667893
-0.6516381
-0.6805497
-0.6918884
-0.690635
-0.7090102
-0.6257985
-0.7225017
-0.6241248
-0.7451472
-0.6501649
-0.5937422
-0.5581675
-0.6334162
-0.5670124
-0.5527801
-0.6111686
-0.6615167
-0.6585377
-0.63151
-0.6491904
-0.8063942
-0.5900538
-0.6546452
-0.6221608
-0.6848947
-0.7052461
-0.6098517
-0.7680127
-0.6624969
-0.7493243
-0.6585741
-0.8103125
-0.5149605
-0.6625101
-0.5973099
-0.687458
-0.5869767
-0.5606191
-0.5316435
-0.6526568
-0.6557559
-0.582567
-0.6801268
-0.5774635
-0.6402676
-0.69057
-0.6824582
-0.531186
-0.5709898
-0.5484715
-0.4859786
-0.497095
-0.6206631
-0.5769891
-0.6661203
-0.5156429
-0.6472106
-0.737065
-0.6405487
-0.7739476
-0.4696624
-0.485936
-0.5655488
-0.5767648
-0.575861
-0.5079412
-0.6269015
-0.6138759
-0.5498818
-0.5555855
-0.5682545
-0.6690858
-0.3716001
-0.5482574
-0.5768007
-0.5411815
-0.6025589
-0.5177565
-0.571891
-0.7175405
-0.488928
-0.507245
-0.558376
-0.5521393
-0.5349253
-0.4534389
-0.6868267
-0.5361791
-0.7262883
-0.4994682
-0.546206
-0.6641906
-0.6476809
-0.5459107
-0.5073161
-0.4948588
-0.6178853
-0.6095785
-0.4527042
-0.4685106
-0.5477949
-0.4015072
-0.4287301
-0.5378634
-0.6703373
-0.4775979
-0.5141684
-0.481847
-0.4754961
-0.6651012
-0.5192823
-0.4669255
-0.4287039
-0.5218599
-0.6111364
-0.507917
-0.2695759
-0.4217763
-0.4325111
-0.4975532
-0.4868735
-0.4121533
-0.3767692
-0.3221935
-0.4198919
-0.6536553
-0.5837105
-0.397099
-0.4333883
-0.5339266
-0.3771455
-0.3816373
-0.560681
-0.4179271
-0.5193376
-0.3522398
-0.5157751
-0.5966281
-0.3010921
-0.4356888
-0.334682
-0.4632298
-0.2727161
-0.4336654
-0.5419408
-0.3354272
-0.3175926
-0.4318429
-0.4400308
-0.5081304
-0.34361
-0.3700453
-0.3918186
-0.4763019
-0.4206773
-0.4622261
-0.4263722
-0.4229474
-0.3458916
-0.5008489
-0.4695769
-0.4181015
-0.3146555
-0.5111923
-0.3903185
-0.4597837
-0.4375573
-0.3440391
-0.4405508
-0.5079792
-0.2040357
-0.3325881
-0.3027874
-0.2811712
-0.4206925
-0.3779902
-0.3220518
-0.5176282
-0.4968595
-0.2108041
-0.2702823
-0.2798388
-0.3114013
-0.3484452
-0.3441386
-0.3131679
-0.1895217
-0.3974622
-0.4805001
-0.2334207
-0.3173809
-0.317447
-0.2905973
-0.3830676
-0.3822639
-0.407644
-0.3254395
-0.2683266
-0.2973564
-0.1970642
-0.2113814
-0.3388152
-0.3317346
-0.3564063
-0.3839495
-0.2479847
-0.2308214
-0.2338301
-0.2215042
-0.28075
-0.3459608
-0.2832822
-0.2520805
-0.2259375
-0.2852861
-0.375236
-0.3076512
-0.15223
-0.2677264
-0.3311388
-0.2389983
-0.4343971
-0.1842133
-0.235423
-0.232131
-0.3858201
-0.4191049
-0.2606972
-0.2534776
-0.2491072
-0.292907
-0.2342898
-0.06819059
-0.1369123
-0.4208169
-0.2980636
-0.373445
-0.2712713
-0.1192966
-0.2032188
-0.2538625
-0.244489
-0.2270483
-0.1174117
-0.1815421
-0.1999653
-0.3796259
-0.3833379
-0.3153023
-0.2967722
-0.1984755
-0.2397323
-0.0973742
-0.06698615
-0.2402036
-0.3046576
-0.1205056
-0.156506
-0.1374072
-0.1287176
-0.1502252
-0.09608094
-0.1766601
-0.0874404
-0.1490907
-0.1412879
-0.1724504
-0.1322026
-0.1810751
-0.1377855
-0.03460519
-0.2150648
-0.1373402
-0.3046531
-0.2055508
-0.1683651
-0.16141
-0.04430289
-0.1361186
-0.1746065
-0.06306245
-0.05108931
-0.1027351
-0.07650312
-0.2200893
-0.05241631
-0.09138573
0.002845921
-0.1213278
-0.1141831
-0.1460114
-0.07287192
-0.07406023
-0.1733414
-0.2905894
-0.1617009
-0.2074689
-0.1851211
-0.23535
-0.2451396
-0.08125958
-0.03635476
0.01896565
-0.1435553
-0.1834104
-0.05834308
-0.08289012
-0.006514625
0.02654354
-0.1389318
-0.008747573
-0.0765298
-0.0706072
-0.1237289
-0.1813035
-0.02568056
-0.03773629
-0.1166351
-0.141335
0.02324433
-0.1325522
-0.07367782
-0.04477405
-0.1208958
0.03874912
-0.1082247
0.02188667
-0.05980822
-0.147663
-0.08086446
-0.0721269
-0.001200396
-0.06199307
0.07283248
-0.05112997
-0.07657835
-0.02997844
-0.158695
0.06627354
-0.0174341
0.1166437
-0.09436142
-0.0639251
-0.02705581
0.07250229
-0.05638608
0.02232155
0.0903957
-0.1129401
-0.08884304
0.0534804
-0.01907713
-0.08742039
-0.1834356
0.06751112
-0.03466644
-0.07558535
0.09684256
-0.001826107
0.2220866
0.162479
-0.1231787
0.05536688
-0.09531319
0.1018219
-0.01891003
0.1030636
0.09905593
0.08034492
0.2200004
0.1189055
-0.0409478
0.01710101
-0.07860365
-0.01623406
0.1123979
0.2110926
0.0819175
-0.08804988
-0.08445458
0.1679506
0.0904454
0.1336513
0.02381415
-0.01574756
0.1937713
0.08480466
0.1449842
0.007619542
-0.0536073
-0.01542555
0.2443715
-0.1017712
0.06192805
0.1257831
0.03172926
0.1350949
-0.03029085
0.2225993
0.03040536
0.1129764
0.1281258
-0.005749175
0.146605
0.05199678
-0.006885122
0.1534688
0.1943034
0.1015761
0.1004227
0.1439341
0.249348
0.1994929
0.1541921
0.08685051
0.1478849
0.009182151
0.154511
0.06876112
-0.05604687
0.07914625
0.2370516
0.06419817
0.1390194
0.08464954
0.1066399
0.1531356
0.1235326
0.06785729
-0.001704599
0.117091
0.1611505
0.1621736
0.3186272
0.276597
0.1504699
0.2327751
0.2195561
0.1155379
0.175497
0.1282636
0.1455343
0.2382039
0.1449241
0.2459322
0.131434
0.2009531
0.2229298
0.01140465
0.2452729
0.277211
0.3312703
0.2802771
0.3442853
0.08749227
0.3060775
0.1508188
0.3097416
0.09355199
0.3119436
0.1973146
0.3220666
0.3059876
0.1892647
0.2605181
0.2559085
0.350434
0.3385676
0.3119133
0.1675433
0.2807215
0.2259009
-0.01696826
0.2206434
0.1874445
0.2088642
0.2686583
0.3518898
0.2775515
0.3291835
0.2270369
0.3532058
0.2699016
0.1861578
0.08473564
0.3553687
0.1794238
0.4408296
0.2914763
0.2040878
0.3286637
0.2367034
0.3019246
0.3880324
0.3096081
0.3342154
0.390775
0.3728867
0.1845505
0.1263035
0.2511114
0.1159571
0.2417587
0.3000884
0.3612847
0.2763732
0.3496322
0.2681697
0.2315053
0.297909
0.2658753
0.2309108
0.427813
0.1592333
0.3188288
0.3358005
0.3147992
0.3815783
0.2195603
0.3720011
0.2305125
0.302559
0.2608696
0.3552237
0.2428353
0.3185527
0.2784773
0.4364906
0.4574037
0.3508299
0.4139728
0.3956386
0.5084897
0.2358177
0.290794
0.3310887
0.378168
0.3644268
0.3656943
0.379435
0.2515221
0.3456908
0.4076253
0.3805877
0.3875685
0.5893999
0.3636267
0.3259529
0.3831225
0.4539063
0.3823743
0.5299825
0.3985711
0.493241
0.3098503
0.3893891
0.4531293
0.3370245
0.394287
0.3018786
0.3069176
0.3442728
0.4225236
0.4208595
0.5714341
0.4946433
0.5279479
0.2806775
0.3628334
0.492911
0.3980567
0.4045837
0.5073792
0.5320738
0.4251955
0.592491
0.3762896
0.4426633
0.428573
0.286667
0.5246163
0.4087995
0.5689681
0.5742713
0.3198629
0.2618635
0.540651
0.489032
0.3759845
0.5047936
0.6093348
0.4928245
0.4115309
0.5407472
0.5718627
0.3656468
0.5107641
0.5758711
0.3639453
0.5510501
0.6895014
0.4616367
0.4703043
0.5409192
0.6593628
0.4770636
0.3307418
0.614158
0.6039974
0.6396916
0.5252554
0.7283514
0.5445268
0.4787085
0.5812073
0.6063276
0.461994
0.5373102
0.4066041
0.4901472
0.5758702
0.6070744
0.5229432
0.5734542
0.5188303
0.639991
0.6047062
0.607848
0.5965783
0.5082952
0.5707667
0.5516524
0.4545552
0.4957606
0.4193795
0.4758603
0.7258909
0.5833478
0.5228925
0.5807285
0.6279286
0.6314241
0.5797188
0.5557121
0.648767
0.5466984
0.4631418
0.6760841
0.4754968
0.5272116
0.4494782
0.6206259
0.5981217
0.6155713
0.5170971
0.6234473
0.7144495
0.6670329
0.6377028
0.6358134
0.5186069
0.7089713
0.6812273
0.5322728
0.641639
0.5875916
0.7487176
0.5965187
0.6650496
0.7474289
0.6812811
0.6293292
0.6753368
0.5400182
0.5391183
0.6404048
0.7420622
0.7260938
0.6354029
0.7232922
0.6006034
0.6613448
0.6738705
0.5969174
0.6514591
0.5158142
0.7178759
0.7210981
0.7525217
0.7676273
0.8105357
0.7214512
0.5665019
0.7707055
0.6747435
0.7511087
0.7311164
0.7104422
0.6780224
0.5614055
0.4920139
0.6845392
0.7354774
0.7582406
0.7448204
0.7931333
0.6734145
0.6936784
0.7784225
0.6833755
0.6229057
0.6821257
0.7988451
0.7694954
0.6339169
0.7808899
0.7382164
0.6600867
0.6568621
0.8264697
0.7225533
0.8169672
0.9044414
0.6770409
0.7254991
0.7633523
0.7341811
0.5940565
0.8557765
0.7069821
0.6869551
0.7501052
0.961746
0.7707956
0.7342886
0.8170025
0.7753657
0.7277928
0.8842944
0.7954721
0.7716892
0.6046384
0.6428451
0.7982869
0.7967359
0.9008227
0.833974
0.7724239
0.8526354
0.9278067
0.8340783
0.7186624
0.921954
0.7832371
0.7008168
0.8779212
0.6509043
0.7819086
0.775311
0.7833284
0.7703218
0.7980015
0.8159935
0.8662105
0.7798906
0.8028796
0.8716648
0.7585414
0.8519789
0.793674
0.8933272
0.8872905
1.04076
0.9676262
0.8212426
0.8961301
0.8558293
0.8816492
0.8008054
0.9411788
0.9772791
0.8305251
0.914992
0.737936
0.7636034
0.7186151
0.9068587
0.7577029
0.9530524
0.9404143
0.9120453
0.8982895
0.9775986
0.8612926
0.8534615
1.00345
0.8487972
1.006487
1.003199
0.7602427
0.9197319
0.9849209
0.8491166
0.8411242
0.7705596
0.8755168
1.013474
0.7849415
0.8704826
0.8451086
0.7074499
0.893126
0.9503363
0.9028805
1.133424
1.016219
0.9550475
0.9829687
0.9124005
1.012802
0.9827859
0.9164169
0.9888048
0.9608017
0.9633742
0.9792032
0.798126
1.022113
0.815037
1.035756
0.9059628
1.000586
0.8570124
0.9659179
0.9845128
0.8997241
0.8923209
1.065819
0.994708
1.057609
1.019179
1.019749
0.8996676
1.064072
0.9585462
1.083763
0.9985165
0.9111682
1.031306
1.093117
0.9367935
0.9161372
0.831572