-0.03171754
-1.094201
-0.9722162
-1.037179
-0.9309984
-0.9291375
-0.884623
-0.9225995
-0.9773231
-1.151206
-0.9462125
-0.9221562
-0.9830413
-0.9915913
-0.8975687
-1.035696
-0.9915851
-0.7572685
-1.006247
-1.032931
-1.009033
-0.7899446
-0.904348
-0.9867004
-0.8764845
-0.8870171
-1.002385
-0.9385078
-0.9161866
-0.9328033
-0.7815507
-0.9130967
-0.8330607
-1.031639
-0.9626115
-0.8495543
-0.9844906
-0.9185001
-0.999434
-0.8654667
-0.8689315
-0.9423412
-0.9362859
-1.060983
-0.9810458
-0.9984924
-0.9760107
-1.060919
-0.9323797
-0.8734078
-0.9127167
-0.9515384
-0.9958874
-0.9005096
-0.9037049
-0.984982
-0.8171495
-0.7771343
-0.9127462
-0.9242834
-0.8639617
-0.8990675
-1.030865
-1.008235
-0.8130521
-0.8683755
-0.839629
-0.911386
-0.7097537
-0.93993
-0.9022686
-0.9562168
-0.9277064
-0.9579627
-0.961268
-0.8122473
-0.9138915
-0.8613288
-0.7102997
-0.8255499
-0.7845996
-0.8754045
-0.8233056
-0.9451719
-0.9538896
-0.9958413
-0.8248587
-0.7506791
-0.8104374
-0.8069437
-0.8961296
-0.9627777
-0.7468956
-0.9112263
-0.7708163
-0.895197
-0.7924741
-0.7635958
-0.9239698
-0.7790942
-0.8342596
-0.7641397
-0.7966648
-0.7865297
-0.7336428
-0.7562982
-0.8301512
-0.5803703
-0.7542564
-0.8027374
-0.8985827
-0.7893094
-0.8257979
-0.7800964
-0.5626511
-0.819898
-0.7973207
-0.7604631
-0.769652
-0.6393319
-0.8705221
-0.698047
-0.9009475
-0.6823442
-0.6862284
-0.8094797
-0.8094847
-0.80674
-0.7714804
-0.8420042
-0.8226518
-0.7478479
-0.8183257
-0.6179662
-0.7139331
-0.8064253
-0.7964414
-0.6827951
-0.7295421
-0.8100531
-0.6881984
-0.7641504
-0.7495473
-0.4882171
-0.8155774
-0.6530324
-0.7380071
-0.4738896
-0.6527645
-0.6570747
-0.7105901
-0.6147818
-0.654255
-0.6502735
-0.702189
-0.7660286
-0.6711151
-0.6957616
-0.5771247
-0.8006964
-0.737348
-0.6436591
-0.5712029
-0.6021651
-0.6273085
-0.7194632
-0.7089716
-0.6792577
-0.6934571
-0.6239221
-0.5932048
-0.6666235
-0.6235855
-0.4777601
-0.7604899
-0.5705311
-0.7853413
-0.6030355
-0.7783383
-0.5856344
-0.5870648
-0.5953606
-0.6357065
-0.5676473
-0.5931179
-0.5902732
-0.714211
-0.6655835
-0.5747382
-0.5511487
-0.7598266
-0.6352856
-0.7339871
-0.5610287
-0.6099129
-0.6292357
-0.542274
-0.6346124
-0.6352474
-0.4582113
-0.5554045
-0.7740025
-0.6101669
-0.6252716
-0.6498086
-0.6589723
-0.5653381
-0.4053706
-0.5793569
-0.4107129
-0.5004831
-0.5707812
-0.4991726
-0.48244
-0.6254448
-0.6071074
-0.5512951
-0.6843672
-0.4856717
-0.6372578
-0.5802971
-0.5346666
-0.6617243
-0.6854079
-0.4233986
-0.6159664
-0.570269
-0.3958003
-0.4887284
-0.5769335
-0.5719166
-0.3865188
-0.6075537
-0.4947906
-0.5895888
-0.6387048
-0.496029
-0.4862781
-0.5358875
-0.4730598
-0.5065527
-0.4587655
-0.539612
-0.5776639
-0.4218478
-0.5773124
-0.6007092
-0.4983767
-0.5748851
-0.6484885
-0.5495258
-0.3482176
-0.6423463
-0.3603976
-0.5392663
-0.5263139
-0.5198075
-0.4766356
-0.4639017
-0.3998771
-0.3578443
-0.4872059
-0.6072242
-0.4457554
-0.5045314
-0.549709
-0.3796303
-0.4116398
-0.4229839
-0.4990956
-0.3894512
-0.3392714
-0.46386
-0.3990901
-0.3040181
-0.3452033
-0.4379662
-0.4628124
-0.3772795
-0.5208606
-0.4530234
-0.4315037
-0.3655363
-0.476698
-0.519737
-0.3396842
-0.4678556
-0.5147119
-0.2820734
-0.5970339
-0.4718141
-0.3543925
-0.4601254
-0.3785219
-0.4109323
-0.3696519
-0.4020724
-0.5664962
-0.3396098
-0.4209762
-0.5830093
-0.5066745
-0.397681
-0.5018461
-0.4889447
-0.4413352
-0.3308801
-0.2809637
-0.432693
-0.4679181
-0.5014903
-0.5881933
-0.3655967
-0.3908536
-0.3495576
-0.4603148
-0.4694802
-0.3344091
-0.4203169
-0.4291102
-0.4518762
-0.3933757
-0.3495563
-0.2390311
-0.3747523
-0.3922713
-0.4253622
-0.3706575
-0.4157403
-0.2778352
-0.3694088
-0.4096545
-0.3348654
-0.3613003
-0.3731056
-0.1568916
-0.1812086
-0.1924531
-0.3526544
-0.4005578
-0.3429097
-0.3404598
-0.3014759
-0.3266449
-0.407849
-0.3827555
-0.2845204
-0.2624702
-0.360877
-0.2347708
-0.2300197
-0.1906856
-0.3014895
-0.263596
-0.2250577
-0.3523131
-0.2413245
-0.2055662
-0.3809562
-0.1704584
-0.3495035
-0.2314748
-0.2974429
-0.2531741
-0.2158712
-0.2734947
-0.3787667
-0.4084986
-0.4190083
-0.2674122
-0.2073291
-0.2308291
-0.3001277
-0.3735774
-0.1223456
-0.3602607
-0.2480458
-0.2059378
-0.1501772
-0.3501796
-0.1344865
-0.1287423
-0.2709152
-0.4443892
-0.3933649
-0.113873
-0.1903812
-0.1823961
-0.2074501
-0.1594651
-0.3575312
-0.3400799
-0.3564887
-0.3195919
-0.3236166
-0.1667769
-0.2848708
-0.2217621
-0.1380749
-0.2386966
-0.2972672
-0.01339529
-0.03494519
-0.3549328
-0.3394773
-0.2058237
-0.2329486
-0.1670862
-0.01019598
-0.2032067
-0.1557144
-0.2742349
-0.1721229
-0.2612342
-0.1522271
-0.1320086
-0.1630108
-0.2967255
-0.2169999
-0.166178
-0.1217826
-0.1720161
-0.1028212
-0.2072071
-0.03452872
-0.3595521
-0.1275177
-0.0248165
-0.1667366
-0.04959246
-0.2075422
-0.1986415
-0.08161676
-0.1256558
-0.1427776
-0.2326969
-0.05960979
-0.2344548
-0.0950605
-0.2466477
-0.2176432
-0.1640276
-0.1553015
-0.06065452
-0.1409645
-0.05934075
-0.3070718
-0.2305017
-0.1111241
-0.06360472
-0.2292327
-0.04075988
-0.02520451
-0.2440192
0.04202676
-0.2152617
0.01068584
-0.01093914
0.02227149
-0.3126855
-0.06992219
-0.04755225
-0.1523513
-0.04382876
-0.1430291
0.04687604
-0.1081376
-0.162902
-0.03908854
-0.008202703
-0.00331969
-0.0973093
-0.1325613
-0.09656218
-0.05400376
0.01838222
-0.1671186
-0.07382974
0.006887212
-0.01889036
-0.07421345
-0.04560583
0.02681652
0.0403159
-0.05284292
-0.06749452
-0.005366949
-0.2087613
-0.03334471
0.0495479
-0.1125269
0.1003497
0.03525067
0.009752067
-0.1399444
-0.0786227
0.02158219
-0.1792191
-0.01894549
-0.01704336
-0.1076899
-0.01397462
0.1330095
-0.01748133
-0.05422661
0.1032407
-0.01786343
0.0233209
0.004741162
0.001278048
0.03018849
-0.01567333
0.01240758
0.009887164
0.08478878
0.1319539
-0.01057654
0.05537979
0.01555667
0.07219899
0.09110343
-0.07664329
0.1406965
0.0281759
0.03419213
0.1371665
0.02177608
-0.07758597
-0.05638308
0.03858197
-0.01973188
0.2205938
0.1361937
0.0900572
0.1692115
0.1481345
0.05316544
-0.03381425
0.1000835
0.1291416
0.02695275
0.09924774
0.09497367
-0.006122033
0.1194415
0.0357833
0.134808
-0.01483136
0.1799683
0.02342594
0.262643
0.148712
0.1078646
0.01339054
0.1640887
0.233639
0.1246762
0.04757081
0.09684696
-0.03150801
0.1127928
0.1757492
0.09996115
0.08531526
0.143886
0.256202
0.1933416
0.02820671
0.1358608
0.1430399
0.2361228
0.1454339
0.3061175
0.1213848
0.1615627
0.05621785
0.1949975
0.1773414
0.166495
0.14457
0.1892699
0.1338725
0.1577882
0.009947249
0.08965493
0.242785
0.3086395
0.1394716
0.1218623
0.3147767
0.1367827
0.1654059
0.1876946
0.1394331
0.2461619
0.07887722
0.224726
0.2456526
0.1250049
0.3204988
0.1924816
0.169342
0.1269797
0.0211316
0.3249702
0.2312351
0.1307699
0.1938726
0.2116141
0.3679254
0.2638109
0.1662512
0.07426264
0.1658505
0.2632723
0.2058719
0.1142748
0.1383844
0.2606345
0.1253157
0.3240037
0.2071607
0.2531118
0.378002
0.2414649
0.2652299
0.1553377
0.1276367
0.2873419
0.2801654
0.1088172
0.04018063
0.2938367
0.3460792
0.2479791
0.1873384
0.2337466
0.3073296
0.134187
0.1969992
0.2556808
0.2712392
0.2607404
0.3998438
0.2559833
0.37076
0.1282905
0.3244133
0.3276232
0.2402102
0.4067641
0.3035608
0.2674167
0.3874601
0.3848518
0.4230185
0.3563999
0.2984165
0.2993964
0.3998511
0.3458493
0.1700386
0.3279699
0.4104603
0.3971823
0.4229441
0.4028838
0.2186575
0.3587403
0.311749
0.2488282
0.4279301
0.4404068
0.4138833
0.2863751
0.3825651
0.2730301
0.4940203
0.5929415
0.5536126
0.3979763
0.5416693
0.3469061
0.3960794
0.3276888
0.3363515
0.4233309
0.5463047
0.3451142
0.3491132
0.4790419
0.3424416
0.2253464
0.2626064
0.3397631
0.3193813
0.335719
0.2855339
0.4723637
0.3776312
0.244047
0.4268623
0.3910504
0.4881548
0.3740872
0.38223
0.3304658
0.4261919
0.3576715
0.441265
0.3728184
0.4111042
0.302377
0.3325178
0.4974348
0.3861598
0.4482024
0.4214421
0.4325116
0.3912162
0.2567541
0.4169672
0.3117402
0.5761078
0.452043
0.4936187
0.3415997
0.5544942
0.5432848
0.4859223
0.4337168
0.4289327
0.4466066
0.40096
0.4532523
0.4189466
0.459379
0.3787384
0.4540362
0.4288147
0.4239528
0.3729262
0.5128168
0.4501235
0.4416111
0.5513375
0.5586541
0.6026091
0.5746225
0.5724914
0.5493534
0.548737
0.6119337
0.6219382
0.511906
0.5221851
0.6150956
0.5878018
0.4583929
0.5484116
0.5475175
0.5377799
0.5106179
0.471003
0.6250309
0.4117549
0.4962591
0.4603135
0.5952963
0.5371255
0.552507
0.5221247
0.5164836
0.4510365
0.4716225
0.5572704
0.3973376
0.508024
0.6343207
0.6464615
0.6098633
0.5785551
0.6620376
0.4053413
0.581693
0.5914062
0.5073053
0.6308543
0.5242944
0.5227639
0.4361493
0.7472536
0.6047632
0.6027205
0.4697099
0.5038072
0.5863444
0.5358583
0.5946277
0.6823484
0.5582446
0.559109
0.4233279
0.6528325
0.5610066
0.4307052
0.4857579
0.5350883
0.628137
0.630871
0.6277335
0.7030783
0.7276874
0.6449501
0.7283864
0.5205835
0.5553514
0.6721676
0.5998366
0.6453514
0.6415493
0.6889295
0.4362709
0.6695828
0.6835902
0.8527078
0.7034976
0.6520598
0.688962
0.735826
0.8381828
0.6577253
0.6113169
0.6785165
0.6870152
0.7439455
0.6844066
0.6112578
0.7807919
0.6940975
0.6726368
0.6404225
0.6943861
0.6910131
0.6444638
0.7722845
0.6129943
0.6710987
0.5871671
0.6259543
0.7987691
0.7366406
0.7264727
0.7571456
0.777354
0.7977278
0.6931071
0.6845228
0.7480469
0.5823707
0.8764944
0.691824
0.7570331
0.7956972
0.6587267
0.6956738
0.674455
0.7904231
0.7007091
0.5963768
0.6539358
0.7711303
0.6842015
0.8460113
0.8608668
0.7168486
0.704587
0.811079
0.7748532
0.6051058
0.7945203
0.661217
0.6954439
0.7708662
0.7103596
0.7181473
0.7163151
0.7867345
0.7797533
0.6888854
0.8412803
0.8661512
0.932514
0.878251
0.730219
0.8345559
0.687174
0.7292984
0.7221392
0.7135742
0.8957251
0.8183842
0.8718122
0.6558852
0.811705
0.7928872
0.8227322
0.7533264
0.8518357
0.7216245
0.833669
0.7086888
0.8144318
0.7949895
0.808967
0.7616428
0.7902836
0.8982196
0.8384806
0.9565495
0.8304717
0.8952072
0.8441394
0.8145739
0.7522266
0.9885927
0.8907169
0.857099
0.8183891
1.062198
0.8202901
0.9404283
0.9511862
0.8842728
0.8359741
0.8664933
0.7760206
0.866899
0.7394919
0.9072821
1.006295
0.7811051
0.958832
0.7815913
0.8992114
0.9825968
0.8450896
0.9489474
0.8288435
0.8621761
0.7498252
0.8979828
0.9798945
0.9802142
0.9701492
0.92528
0.7888347
1.107858
0.9637946
0.8479105
0.9631698
0.848033
0.9017613
0.9351579
0.9901096
0.9433632
1.022395
0.8958388
0.9044607
0.799936
0.9163173
1.031721
0.9457782
1.06265
0.936638
1.052953
0.8488413
0.848694
0.9650714
0.9007612
0.9739926
0.729928
0.9120672
1.027022
0.9324311
0.8249062
1.014768
0.9597034
1.028317
0.9338374
1.012734
1.158023
0.9672798
1.113944
0.9964908
0.9427003
1.006546
0.9104801
1.045757
1.087726
0.8664263