-0.04398133
-1.093211
-0.987334
-1.023897
-0.9228952
-0.9471494
-0.8843462
-0.9221229
-0.9613899
-1.150086
-0.9468374
-0.9302477
-0.9895966
-0.9721556
-0.8734851
-1.029591
-0.9940228
-0.7473328
-1.004762
-1.015197
-0.9962168
-0.7755978
-0.8924809
-1.00669
-0.869084
-0.8811063
-0.9951025
-0.9185463
-0.9090328
-0.9324862
-0.7688736
-0.9202404
-0.8101127
-1.008346
-0.9484518
-0.8655646
-0.979272
-0.9102946
-0.9678297
-0.8703487
-0.8423601
-0.947663
-0.9487215
-1.071078
-1.001654
-1.010748
-0.9848562
-1.047796
-0.9291244
-0.8762193
-0.9066387
-0.957667
-0.9901
-0.8974837
-0.9002228
-0.9900304
-0.8119187
-0.8030371
-0.9217749
-0.9131629
-0.8611695
-0.8956705
-1.029708
-1.002818
-0.7999594
-0.8549307
-0.8468798
-0.8827802
-0.7108801
-0.9619223
-0.9238421
-0.9672103
-0.9417548
-0.9324582
-0.9846595
-0.8233678
-0.8981972
-0.8603416
-0.7345322
-0.8390764
-0.766507
-0.8769641
-0.8141858
-0.9440763
-0.928224
-1.004566
-0.823562
-0.7462744
-0.8010348
-0.7909924
-0.9247474
-0.9572768
-0.7171122
-0.9125973
-0.7551418
-0.8932708
-0.7723811
-0.7550314
-0.9241855
-0.7771667
-0.8265861
-0.7615199
-0.8016397
-0.7940633
-0.7133062
-0.753022
-0.8642563
-0.5769917
-0.7458017
-0.7921319
-0.8922935
-0.7984572
-0.8300469
-0.7658163
-0.564132
-0.8099161
-0.7843327
-0.7513136
-0.7827329
-0.6537014
-0.876989
-0.7023582
-0.9168708
-0.6757844
-0.6814206
-0.8047271
-0.8016931
-0.8051203
-0.7808792
-0.8642045
-0.8149658
-0.7370303
-0.8192529
-0.6080224
-0.7082041
-0.8338783
-0.7985398
-0.6658036
-0.7441324
-0.8120711
-0.6878756
-0.7516766
-0.7275427
-0.4965976
-0.8053122
-0.6402564
-0.7521899
-0.486677
-0.641476
-0.6466685
-0.6979389
-0.6266547
-0.6588997
-0.6282975
-0.713561
-0.7539386
-0.6599966
-0.7125016
-0.5795669
-0.8022875
-0.7205684
-0.645041
-0.5761434
-0.6085501
-0.5955432
-0.7018481
-0.7280362
-0.6856491
-0.6750205
-0.6407801
-0.5723628
-0.6772464
-0.6006092
-0.4914555
-0.7396933
-0.5892633
-0.788377
-0.6031735
-0.7841907
-0.5915309
-0.5544884
-0.6162743
-0.6331469
-0.5889068
-0.5891468
-0.5845475
-0.7297633
-0.6698663
-0.5787484
-0.5426522
-0.749126
-0.633609
-0.7516185
-0.5772608
-0.5914417
-0.6278826
-0.54172
-0.6433838
-0.6500709
-0.4455895
-0.551786
-0.7584397
-0.6291297
-0.6150862
-0.6547981
-0.6568383
-0.5532594
-0.4208849
-0.5944874
-0.3999891
-0.4906838
-0.5553455
-0.5050497
-0.4973827
-0.6182046
-0.6110463
-0.5557557
-0.6598174
-0.4820636
-0.6517938
-0.5822353
-0.5374206
-0.671502
-0.6825491
-0.4143172
-0.6398748
-0.5759236
-0.3910723
-0.5036388
-0.5928869
-0.5644317
-0.3870915
-0.6041462
-0.5161668
-0.5731178
-0.6308131
-0.4771802
-0.472565
-0.5463386
-0.461124
-0.5021212
-0.4583027
-0.5413591
-0.5794453
-0.4427812
-0.5704605
-0.6111455
-0.5045596
-0.5641496
-0.6496901
-0.5371052
-0.3500664
-0.6758666
-0.3685155
-0.526016
-0.5262313
-0.5164121
-0.4679584
-0.4706216
-0.4036613
-0.3625513
-0.4838677
-0.6117548
-0.4505812
-0.4930688
-0.556833
-0.3948508
-0.4051037
-0.4239717
-0.4941321
-0.4080851
-0.3577238
-0.4702695
-0.4050219
-0.2866575
-0.3606394
-0.4296334
-0.467274
-0.3797465
-0.5169303
-0.4576968
-0.4206961
-0.3639894
-0.4660002
-0.5264803
-0.3341412
-0.46841
-0.4948198
-0.2990939
-0.5886657
-0.4600705
-0.3743582
-0.4493369
-0.3712207
-0.417518
-0.3837489
-0.4055768
-0.5388581
-0.352104
-0.4295349
-0.5770009
-0.5330339
-0.3863921
-0.4933424
-0.490545
-0.453246
-0.3476181
-0.2808651
-0.4464579
-0.4490047
-0.5205117
-0.5723799
-0.3658867
-0.4006429
-0.3468173
-0.4315671
-0.4685721
-0.329699
-0.403316
-0.4020923
-0.448712
-0.3746516
-0.3596869
-0.2501825
-0.3691483
-0.3792735
-0.4303927
-0.3789591
-0.4308524
-0.2831668
-0.3978077
-0.4099127
-0.3526568
-0.3455114
-0.3532734
-0.1818647
-0.1864842
-0.1779528
-0.3431831
-0.3932297
-0.3485727
-0.3256896
-0.3131206
-0.3024733
-0.3896822
-0.3749792
-0.2689765
-0.2716147
-0.3352769
-0.2377608
-0.2420125
-0.2100871
-0.2953365
-0.2629585
-0.2219299
-0.3695576
-0.2624366
-0.218378
-0.3797283
-0.1720624
-0.3817762
-0.2042485
-0.3034583
-0.2701097
-0.1916414
-0.274077
-0.347108
-0.4250075
-0.4441569
-0.2539121
-0.2156375
-0.2086629
-0.2932668
-0.3776097
-0.1264446
-0.3519795
-0.2679958
-0.2280288
-0.1573489
-0.3226447
-0.1362657
-0.1396906
-0.2905949
-0.4076566
-0.3885414
-0.1210456
-0.2016847
-0.208844
-0.2071346
-0.1662153
-0.3675716
-0.319279
-0.3209856
-0.3064019
-0.3080374
-0.1401175
-0.2791067
-0.203226
-0.1481257
-0.2244261
-0.3019059
-0.01093522
-0.03691102
-0.3617134
-0.347324
-0.2067494
-0.259764
-0.1544789
-0.02296046
-0.1979813
-0.131587
-0.2855926
-0.1680323
-0.239792
-0.1524686
-0.112392
-0.1588782
-0.2886142
-0.1996586
-0.1736439
-0.121167
-0.1670059
-0.08981541
-0.1924109
-0.02364163
-0.3441257
-0.1359369
-0.03977183
-0.1534315
-0.04567636
-0.214397
-0.1867723
-0.08903133
-0.1117898
-0.1495091
-0.2286559
-0.07238994
-0.2138688
-0.1011859
-0.2566084
-0.1857757
-0.1648685
-0.153751
-0.04902709
-0.1505886
-0.06583421
-0.2837715
-0.2533459
-0.09922931
-0.0675163
-0.207198
-0.05293117
-0.01659067
-0.2410279
0.04287766
-0.2018543
0.008085206
-0.01287189
0.01894401
-0.3018445
-0.05714738
-0.05528274
-0.1401415
-0.05053838
-0.129276
0.06205694
-0.1119836
-0.1627493
-0.04028507
-0.01302365
0.006760992
-0.1154178
-0.1519821
-0.08028384
-0.06011884
0.003077175
-0.1856735
-0.06327243
0.01425364
-0.04106221
-0.05066914
-0.05990704
0.04150365
0.03823542
-0.05260537
-0.078005
0.00550267
-0.1959028
-0.046273
0.06542354
-0.1388487
0.09072123
0.03735991
0.02093195
-0.1458617
-0.1002742
0.03830163
-0.1877786
-0.0297828
0.004648831
-0.1123985
-0.01508518
0.1274794
-0.01093865
-0.05668491
0.1097895
-0.02679719
0.03197005
0.02862613
0.00478518
0.00834277
-0.02281372
0.02638532
0.01223484
0.07526275
0.1341701
0.01505106
0.06541589
0.01889888
0.07813243
0.09803974
-0.07225179
0.1483089
0.01422698
0.01040918
0.1295221
0.01471315
-0.05967716
-0.0741465
0.05999666
-0.02544192
0.2020204
0.1161173
0.08096935
0.1565106
0.1552964
0.03932968
-0.05808637
0.09052465
0.130075
0.050119
0.1080774
0.1054612
0.01766892
0.1254465
0.02575277
0.1093289
-0.00920024
0.199902
0.05580899
0.2652712
0.1471059
0.1033885
-0.003709911
0.1849926
0.2228044
0.1134136
0.03961243
0.09781053
-0.02610928
0.08608197
0.1725009
0.1159365
0.08456732
0.1674028
0.2534881
0.1576594
0.02542911
0.1259075
0.1494755
0.2302585
0.1559478
0.3014364
0.1408294
0.1564697
0.04583132
0.1944311
0.1689799
0.1555186
0.1389349
0.1873489
0.1418029
0.1432885
0.003154072
0.09373918
0.2379678
0.2810511
0.1386693
0.1360556
0.2925043
0.1510919
0.145128
0.1628986
0.1138163
0.2379442
0.07041082
0.2273779
0.2312689
0.1217628
0.3268835
0.2006044
0.1844765
0.1218975
0.0390356
0.3271159
0.2462428
0.141518
0.2333636
0.1992827
0.3575068
0.2406109
0.1700921
0.07157975
0.1714011
0.2554671
0.2146479
0.1004529
0.1428274
0.2472669
0.1476055
0.3162471
0.1868531
0.2398901
0.3571117
0.2663013
0.2664848
0.1543961
0.1384395
0.2904985
0.2584181
0.09554852
0.03570905
0.2876991
0.3198097
0.2327084
0.1774226
0.2400489
0.2743428
0.1606702
0.2093576
0.2348998
0.2762374
0.2569124
0.372609
0.2637182
0.3670728
0.1186779
0.325564
0.3191363
0.2593831
0.4068709
0.3114793
0.2803756
0.3944638
0.381125
0.4284417
0.3598856
0.3036996
0.2977404
0.3854423
0.3197464
0.1710672
0.3320527
0.3984038
0.3814107
0.4347603
0.4023917
0.2400212
0.3662785
0.2872924
0.2696751
0.4191194
0.4327992
0.4016477
0.2566294
0.3852551
0.2766693
0.4865781
0.5833597
0.5330862
0.4042776
0.5509009
0.3579728
0.379647
0.3118002
0.3316437
0.4306642
0.5640549
0.3402257
0.3725818
0.4873139
0.3390773
0.2164811
0.2521382
0.3525866
0.2999476
0.3369765
0.2773322
0.4736034
0.3880444
0.2519629
0.4103283
0.3959582
0.5064384
0.3726247
0.3639238
0.3231549
0.4453729
0.3443867
0.4512205
0.3683904
0.4117368
0.316879
0.3505316
0.4825946
0.375539
0.4176808
0.4209127
0.4635495
0.3906038
0.270008
0.3994907
0.3077348
0.6012865
0.485335
0.5128891
0.3595974
0.5618202
0.5518926
0.5137887
0.435415
0.4267619
0.4705166
0.4023088
0.4587492
0.4523888
0.453597
0.3744573
0.4383658
0.4167037
0.4387999
0.3638162
0.4866353
0.431229
0.4532221
0.5663564
0.5682897
0.6017458
0.559429
0.5853998
0.5273048
0.5401743
0.6101317
0.6131263
0.5192343
0.5212117
0.6451
0.5819647
0.4346343
0.5528732
0.5479913
0.5423188
0.4979225
0.4711829
0.6005678
0.4154516
0.5087983
0.4491787
0.5922686
0.5272105
0.560985
0.4942008
0.5286555
0.4640559
0.4679811
0.5581097
0.412765
0.5212514
0.6434753
0.6382465
0.6105651
0.5707749
0.6554571
0.4339539
0.561057
0.6195748
0.4820225
0.5790031
0.5388726
0.5303724
0.428229
0.7564854
0.607015
0.5765659
0.473108
0.5055471
0.6159206
0.5523655
0.6003705
0.6638888
0.5557451
0.5727334
0.4355035
0.6459782
0.5366446
0.4415407
0.5035551
0.5244575
0.6313252
0.6251777
0.6078793
0.7293091
0.734353
0.6430657
0.7254808
0.5427345
0.5560028
0.6836265
0.6040197
0.6398723
0.6327947
0.6801429
0.4347508
0.6946514
0.6710207
0.8607524
0.7162149
0.6548904
0.6670247
0.750034
0.8374618
0.672085
0.6303204
0.6595302
0.6720686
0.7653133
0.6720721
0.6148478
0.7832142
0.6781268
0.670305
0.633177
0.6935645
0.7020853
0.6314221
0.7803565
0.5931287
0.673465
0.5951617
0.6099653
0.7792181
0.7264926
0.728502
0.7546178
0.7950987
0.7910078
0.6847344
0.6938546
0.7787241
0.6097947
0.8848883
0.6947875
0.7649479
0.7716748
0.653363
0.7211048
0.6782841
0.7917565
0.6767352
0.6390053
0.6231238
0.7678959
0.6932533
0.837779
0.8527742
0.6900316
0.6771767
0.8193772
0.7891069
0.5958135
0.7893253
0.6547589
0.7002104
0.7512407
0.7233306
0.7272282
0.7124956
0.763805
0.7804525
0.6990304
0.8324153
0.8800606
0.93906
0.8645363
0.7436305
0.8370091
0.6802903
0.7276372
0.7405158
0.7294033
0.8888051
0.8050647
0.8835785
0.6512921
0.8218228
0.8159866
0.8244229
0.7715665
0.8567514
0.7144416
0.8223235
0.7220063
0.7997808
0.8139577
0.7915486
0.7557906
0.7859053
0.9013191
0.8047797
0.9734765
0.8339146
0.8835183
0.8192135
0.8333991
0.7816929
0.983751
0.9296644
0.874722
0.8235696
1.062367
0.8273126
0.9194345
0.9611788
0.8689842
0.8268435
0.8862268
0.7760137
0.8905291
0.7362366
0.9186328
0.9986555
0.7956532
0.9397544
0.7717895
0.872571
0.9757209
0.8504955
0.9452424
0.8373863
0.8611579
0.7475023
0.9056346
0.9805493
0.9653324
0.9324882
0.9199132
0.770071
1.091081
0.9824176
0.8631468
0.9334064
0.8504154
0.9299562
0.9308303
1.002032
0.9452491
1.049542
0.902034
0.8987218
0.7967274
0.9122062
1.030212
0.9379226
1.02972
0.940234
1.035218
0.8114469
0.8525605
0.9723013
0.9089305
0.9538466
0.7218946
0.9096668
1.046943
0.9234774
0.8273406
1.016179
0.9451743
1.02209
0.9306521
1.005539
1.160255
0.9527337
1.109662
0.9794541
0.9399829
1.019418
0.9164685
1.056231
1.087798
0.8709292