-0.02770647
-0.9545737
-0.9569867
-0.9538172
-1.064723
-0.9241901
-0.872791
-0.9496608
-0.867115
-0.9919695
-1.098597
-1.059579
-1.088338
-0.9525018
-0.8862309
-1.024662
-0.9792682
-0.9414928
-1.017511
-0.9319765
-1.108613
-1.095152
-0.9601962
-1.08273
-0.9562557
-0.7994171
-0.9394966
-1.090733
-0.9258026
-0.9596527
-1.041649
-0.9145773
-0.8626921
-0.976986
-0.9678483
-1.067069
-0.9918614
-1.06922
-0.8756811
-0.8833702
-0.7523696
-0.8490395
-0.9403459
-0.9414204
-1.001157
-0.8948584
-1.003757
-0.9801067
-1.028001
-0.8797589
-0.9290256
-0.8297096
-0.9156469
-0.887275
-0.935477
-0.9596257
-1.00189
-0.9393234
-0.8015047
-0.8520003
-0.8460224
-0.9095352
-0.9837834
-0.824656
-0.7828573
-0.8854569
-0.8592591
-0.9413731
-0.9161083
-0.8798911
-0.7923674
-0.8063814
-0.8105934
-0.9015234
-0.7427018
-0.7902816
-0.8772162
-0.8204195
-0.8160315
-0.8851512
-0.8862825
-0.7655937
-0.7490646
-0.7814744
-0.7100619
-0.9514185
-0.8040769
-0.8291066
-0.895234
-0.6840422
-0.6864805
-0.9491618
-0.81123
-0.8493613
-0.907291
-0.6974604
-0.7050953
-0.906336
-0.7618689
-0.7711773
-0.7516617
-0.9276424
-0.7616581
-0.891946
-0.7746014
-0.8252329
-0.8509644
-0.8831148
-0.895833
-0.7466447
-0.7889361
-0.7410763
-0.7156591
-0.8530956
-0.6752839
-0.9123718
-0.5916768
-0.9469797
-0.8853323
-0.7839371
-0.7086309
-0.8096711
-0.7095387
-0.8765886
-0.7774177
-0.8791236
-0.7918361
-0.7284669
-0.7344072
-0.9033711
-0.841605
-0.6319412
-0.6460131
-0.8445065
-0.6554626
-0.8541257
-0.7836032
-0.7968849
-0.5900319
-0.7092264
-0.6962948
-0.8841427
-0.7161996
-0.5638607
-0.7540452
-0.7043738
-0.75738
-0.7549833
-0.6130827
-0.5497425
-0.7133457
-0.7355126
-0.6696902
-0.6970741
-0.6414758
-0.6323144
-0.6804517
-0.8156156
-0.6535039
-0.6479676
-0.7615525
-0.5788341
-0.7578163
-0.6003975
-0.6998395
-0.6639025
-0.6179433
-0.7566894
-0.6130601
-0.6806967
-0.6560829
-0.5021197
-0.4659868
-0.6079284
-0.7683348
-0.5115745
-0.6700011
-0.6846156
-0.5790303
-0.789829
-0.7665684
-0.6088502
-0.7057214
-0.6367057
-0.7533048
-0.6853483
-0.6012276
-0.8085919
-0.5961479
-0.6766196
-0.705751
-0.5732634
-0.4945077
-0.5529907
-0.6028008
-0.6636357
-0.6452604
-0.6684623
-0.7042102
-0.5794989
-0.6136833
-0.6070782
-0.5504914
-0.503632
-0.6185511
-0.5303447
-0.6231557
-0.4975348
-0.6504496
-0.4539733
-0.5792262
-0.6892269
-0.6046911
-0.5051974
-0.6618898
-0.5454706
-0.6133379
-0.4409415
-0.4862273
-0.7192467
-0.6486084
-0.6561633
-0.5940962
-0.5999233
-0.5595037
-0.4299938
-0.4281931
-0.6939284
-0.7045323
-0.5330537
-0.5888758
-0.5014511
-0.3848658
-0.6297133
-0.5698346
-0.3867193
-0.5081981
-0.4168119
-0.4839681
-0.3749655
-0.6690626
-0.4841073
-0.5499597
-0.4277592
-0.4436746
-0.4751628
-0.3979476
-0.5158667
-0.6007161
-0.5237037
-0.5165047
-0.4074409
-0.4976406
-0.3920106
-0.6931304
-0.5313393
-0.5433406
-0.4239147
-0.3563219
-0.4839493
-0.448876
-0.4966475
-0.3653611
-0.4754974
-0.3070961
-0.5034719
-0.4400629
-0.5088425
-0.5888863
-0.4315325
-0.4456231
-0.4935761
-0.5218424
-0.5026096
-0.3664058
-0.3512957
-0.4585821
-0.4872703
-0.3697952
-0.552152
-0.3985341
-0.510914
-0.4034276
-0.4020966
-0.4814057
-0.4382349
-0.4774981
-0.5052272
-0.3445864
-0.269488
-0.3968315
-0.3496251
-0.5339778
-0.283068
-0.4269641
-0.6381166
-0.2964062
-0.492076
-0.422201
-0.3292618
-0.4880588
-0.2741406
-0.2909345
-0.3473889
-0.4124505
-0.2777572
-0.3498562
-0.5792607
-0.1996507
-0.3346147
-0.2571862
-0.3144068
-0.4069607
-0.4520122
-0.3267944
-0.3612183
-0.3362204
-0.2946047
-0.4422104
-0.3018987
-0.3419132
-0.3263531
-0.361627
-0.4484624
-0.2917143
-0.280755
-0.3272044
-0.4508041
-0.3867365
-0.3606421
-0.5053233
-0.4281728
-0.3116881
-0.360421
-0.2872534
-0.3527172
-0.3116873
-0.3470245
-0.3070647
-0.4040951
-0.3673492
-0.270468
-0.2191487
-0.3133349
-0.3821979
-0.3286805
-0.4007647
-0.2775461
-0.2561649
-0.4212904
-0.3747826
-0.2872939
-0.2570801
-0.1959521
-0.4952556
-0.05286762
-0.0627112
-0.2205956
-0.2087231
-0.2957307
-0.3233616
-0.278526
-0.3134721
-0.3963342
-0.2552383
-0.2382211
-0.3151808
-0.3454071
-0.1804858
-0.2871642
-0.2211742
-0.2587422
-0.3122019
-0.250273
-0.3680627
-0.2519679
-0.3760134
-0.4076317
-0.2098806
-0.2592797
-0.09474678
-0.3299742
-0.3016079
-0.3554958
-0.3369072
-0.2040952
-0.3021936
-0.3828096
-0.231181
-0.2091487
-0.2041662
-0.2813526
-0.2741126
-0.2651679
-0.412506
-0.2493943
-0.2084031
-0.1944287
-0.1331001
-0.3738796
-0.2085006
-0.1107894
-0.1702898
-0.1538101
-0.1522349
-0.2015632
-0.1842949
-0.2171551
-0.116108
-0.2967966
-0.164502
-0.1565176
-0.1991168
-0.1154902
-0.08814267
-0.07353353
-0.3169685
-0.3796773
-0.1770292
-0.2454153
0.02554757
-0.1832396
-0.1761753
-0.1141843
-0.2098537
-0.05447264
-0.1933752
-0.1443746
-0.1464316
-0.04488252
-0.07450316
-0.1120916
-0.01991793
-0.05651882
-0.1324231
-0.1094283
-0.2384406
-0.3564699
-0.1137132
-0.2496425
0.0550238
-0.07537436
-0.2332462
-0.1049466
-0.1535221
-0.1896068
-0.25754
-0.1367303
-0.04252605
-0.002907054
-0.1614084
-0.1369121
-0.08298961
-0.1553443
-0.1648282
-0.05217852
-0.1614726
-0.03267323
-0.09355112
-0.1108843
-0.1726029
-0.02234116
0.01454901
-0.001009008
-0.0127308
-0.1201916
-0.06328424
-0.01504935
-0.0286117
-0.1662464
-0.1079584
0.0662923
-0.1162763
-0.03034336
-0.07269845
-0.1061307
-0.05062717
0.02196292
-0.07242229
-0.02694261
-0.09337061
-0.09960429
0.03989863
0.1170249
0.02381038
0.01363249
-0.08624732
-0.09674126
0.02028719
-0.06710615
-0.06332081
0.02635411
-0.1740286
0.1573822
-0.04058307
-0.03813767
-0.01148043
-0.03678318
0.09967053
-0.1186258
-0.04542244
0.07561604
-0.03838927
0.05233533
-0.01493532
0.01506788
-0.03733344
-0.1327865
0.04098023
0.0325733
0.1005551
-0.08956388
-0.03122731
0.07212014
0.01137444
0.05764975
0.03887467
0.05577264
0.0350253
-0.09006921
-0.02695754
0.1866183
0.005718588
-0.02890406
0.2647411
0.03093413
0.03676161
-0.0137796
0.115978
-0.0174042
0.1359788
0.1061032
0.09534821
0.1664941
0.08015611
-0.03508966
0.005374033
0.181967
0.1535679
0.08839008
0.09501371
-0.01551485
0.06751729
0.05617905
0.1145204
0.1116987
0.09515195
0.1319729
0.2606461
0.09787554
0.1176956
0.101455
0.02475714
0.197074
0.04651595
0.1462768
0.2185102
0.1984879
0.06717116
0.08392993
0.1509883
0.1517622
0.1178839
0.2222653
0.04246189
-0.03912304
0.139564
0.1201802
0.1812717
0.1486371
0.2411998
0.1806221
0.2190121
0.09263698
0.1054893
0.1963166
0.1129023
0.1675381
0.2256292
0.2333093
0.1528767
0.1840439
0.1960311
0.294424
0.09600034
-0.02021723
0.1095826
0.08329279
0.2002976
0.3052214
0.3234357
0.266424
0.04831031
0.2175931
0.2351321
0.2771849
0.2524769
0.1301989
0.2544933
0.07668803
0.1844493
0.200921
0.2950944
0.1720316
0.09105229
0.1946785
0.2510722
0.2010604
0.3183245
0.2079836
0.284961
0.3005805
0.1669507
0.2403429
0.1749428
0.2281395
0.3038875
0.1956119
0.2763433
0.1005484
0.2286486
0.1950471
0.1740684
0.2345593
0.2004737
0.3137448
0.2789663
0.2243448
0.1569557
0.2647284
0.3237067
0.0716054
0.1375698
0.4415972
0.2756019
0.06791408
0.2034354
0.3975086
0.2744702
0.2660438
0.3347474
0.3003241
0.3181891
0.3011454
0.2988388
0.2467439
0.2871066
0.2441294
0.3309799
0.3453873
0.3830786
0.3079117
0.2992514
0.3848305
0.3430458
0.33519
0.2613908
0.2798419
0.2930551
0.2432913
0.3259464
0.3181344
0.3322116
0.1940127
0.384879
0.4126312
0.2471554
0.3196957
0.3801233
0.2619219
0.4418516
0.3405349
0.2067429
0.3624526
0.4661289
0.4502278
0.3425049
0.2135241
0.4022238
0.2333844
0.3838856
0.2437204
0.349353
0.2978506
0.3675084
0.4530455
0.4727555
0.3808552
0.5343952
0.4384629
0.4222205
0.3952531
0.3341449
0.5483834
0.2417981
0.3950216
0.2554892
0.2738539
0.3496709
0.3899322
0.4267832
0.3273009
0.4533573
0.3876272
0.4045308
0.2957742
0.4721193
0.3695417
0.45303
0.3562584
0.6355772
0.421695
0.5479307
0.3632136
0.3695677
0.3996741
0.3787249
0.5184493
0.4229125
0.2894139
0.3481758
0.4456357
0.5631808
0.475191
0.6276689
0.3913973
0.3270869
0.4463379
0.4213679
0.4544677
0.5163802
0.4955267
0.4180021
0.4972855
0.6208117
0.3959147
0.5206169
0.5527898
0.4484703
0.3903605
0.4179507
0.5961153
0.3372671
0.5530459
0.5074155
0.5825833
0.5151502
0.5580594
0.3505652
0.4371843
0.4462897
0.6000985
0.561377
0.3830137
0.5453751
0.4306135
0.6005502
0.6201314
0.4638771
0.5237503
0.4116284
0.6019425
0.5628218
0.5087743
0.4324078
0.5074207
0.4757876
0.5494615
0.5422023
0.550061
0.5478675
0.5674962
0.6255092
0.4748975
0.6503676
0.6976778
0.5182708
0.567888
0.4250789
0.6270528
0.5139083
0.5726699
0.4691791
0.4755548
0.7011571
0.4975164
0.5124572
0.6028029
0.6343617
0.5442673
0.5296021
0.4726573
0.4407356
0.6153878
0.561671
0.5047994
0.6593326
0.6026914
0.6383791
0.619982
0.5196548
0.581744
0.5839364
0.655105
0.7219389
0.5836503
0.7200056
0.6421237
0.5608027
0.5181975
0.6493209
0.7308806
0.5931006
0.6407309
0.6038076
0.6546001
0.4131037
0.5331729
0.6736724
0.4963195
0.7230895
0.6008317
0.7637904
0.7195696
0.6424224
0.6897551
0.7578739
0.6259847
0.7485065
0.5868741
0.5660924
0.6129104
0.6801898
0.5336921
0.5755875
0.8622815
0.5771333
0.6539834
0.6589592
0.8794312
0.7159433
0.6263395
0.651116
0.7627832
0.6946165
0.7269875
0.7516148
0.6500937
0.6446094
0.6443749
0.7700482
0.763082
0.7192438
0.5976864
0.6891758
0.6403012
0.6717263
0.73682
0.7945708
0.7770066
0.6911711
0.7780621
0.6912262
0.645218
0.7771357
0.606441
0.8198153
0.7131862
0.7536568
0.7571979
0.6548359
0.7331374
0.7103529
0.6736525
0.7353187
0.7680844
0.7885051
0.8368751
0.6545223
0.7397351
0.709273
0.6507811
0.8057402
0.8574567
0.8759211
0.6753167
0.8539588
0.8984837
0.7820618
0.8243825
0.7379068
0.7392925
0.8233561
0.7492297
0.8145144
0.8966238
0.7888283
0.7285574
0.934612
0.749447
0.8257462
0.7758747
0.8258885
0.8193999
0.7538422
0.7631876
0.8375246
0.8820722
0.7639067
0.760699
0.8136371
0.8579259
0.9703858
0.8908111
0.8065686
0.7285514
0.940866
0.8958478
0.8825434
0.8878308
0.8556592
0.9677812
0.8871167
0.907951
0.9215519
0.6470936
0.9460786
0.8879222
0.8518645
0.8017918
0.8126124
0.8338415
0.8879869
0.9912796
0.9337195
0.8639382
0.8467383
0.8109304
0.7952068
0.9314716
0.8465905
0.8207678
0.8403046
0.6327566
0.9487573
0.840919
0.8198675
0.8625178
1.041847
0.8862561
0.9084028
0.8207548
1.088456
0.8997957
0.9229154
1.052235
1.115365
0.7995028
1.017831
0.8898939
1.042937
1.07992
0.9135208
0.9085038
0.8561406
0.8753854
0.9229629
0.8337885
0.9084563
0.9960488
1.039852
0.9568551
1.032197
0.9379094
0.8695529
0.8495044
0.7884201
0.963038
0.919723
0.850339
1.038271
0.8136289
0.9949294
0.9711638
0.9077258
1.02203
1.11299
0.9842968
0.9604996
1.084214
0.9039065
0.9549704
1.016972
1.028223
1.008621
1.023746
0.7902372
1.07441
0.9158641
1.023292
1.02495