-0.02125952
-1.02806
-0.9957449
-1.045386
-0.9505647
-0.9611115
-1.060829
-1.093913
-0.9419341
-0.9682498
-1.008371
-1.045758
-1.012021
-0.8763822
-0.9138707
-1.061008
-0.8814727
-0.9362253
-0.9016863
-0.9253425
-0.9559866
-0.9897316
-0.9677701
-1.104056
-0.9160573
-1.083635
-0.9578783
-1.024816
-0.9569196
-0.9319299
-0.9496534
-0.9695374
-0.9668265
-0.994371
-0.9592398
-0.8746371
-0.8951112
-1.133384
-0.9231518
-0.9500888
-1.019873
-0.902567
-0.8634447
-0.7958818
-0.9653722
-0.9642274
-0.8872834
-0.9336424
-1.010962
-0.8584978
-0.9537483
-0.8047401
-0.9145041
-0.981998
-0.8549473
-1.023787
-0.9066589
-0.8349718
-0.885464
-0.9933405
-1.043536
-0.9270242
-1.019423
-0.7836204
-0.943417
-0.7903978
-0.70741
-0.8471332
-0.7455625
-0.8686328
-0.8722116
-0.8947767
-1.011127
-0.9788619
-0.715128
-0.9120119
-0.8439232
-0.7052578
-0.8609286
-0.8637803
-0.692628
-0.9466838
-0.9138059
-0.844641
-0.8822264
-1.011298
-0.7165719
-0.8499625
-0.8565736
-0.9806098
-0.7604017
-0.7262399
-0.8682814
-0.6927473
-0.621899
-0.8521907
-0.7560939
-0.8032227
-0.7659906
-0.8408357
-0.7190179
-0.9530616
-0.6477971
-0.8061746
-0.8231468
-0.7864309
-0.7331327
-0.7621904
-0.8975728
-0.7275947
-0.8265564
-0.7293508
-0.7992812
-0.7988588
-0.8084027
-0.7743639
-0.7777494
-0.6511788
-0.7621302
-0.7655178
-0.6978768
-0.8492746
-0.7609142
-0.6836739
-0.8420334
-0.7114666
-0.575185
-0.764515
-0.8132768
-0.7171824
-0.7962967
-0.7866121
-0.825562
-0.7096305
-0.6595844
-0.7365059
-0.7864531
-0.5785828
-0.7817474
-0.5773395
-0.6489403
-0.7900294
-0.6714537
-0.8368197
-0.7612699
-0.6139503
-0.7346056
-0.6171059
-0.8058886
-0.8189811
-0.6817821
-0.8206981
-0.7937416
-0.6033945
-0.6184916
-0.6026275
-0.6495911
-0.7510024
-0.6395526
-0.6523261
-0.8229712
-0.6121269
-0.7558623
-0.6533896
-0.6561984
-0.6270539
-0.7399132
-0.6965399
-0.5562845
-0.6881275
-0.6657339
-0.6914805
-0.6470871
-0.6073906
-0.6625121
-0.6659698
-0.6663161
-0.7407365
-0.7002948
-0.6392603
-0.683744
-0.6405123
-0.6541245
-0.754834
-0.6665629
-0.5743823
-0.6912837
-0.5379568
-0.5896696
-0.6424938
-0.6348136
-0.4458298
-0.5620412
-0.5546896
-0.590965
-0.647354
-0.5200677
-0.4889918
-0.6708057
-0.634372
-0.6686745
-0.5995883
-0.5812694
-0.4995051
-0.7112266
-0.5423251
-0.6576434
-0.6352185
-0.5508847
-0.7173824
-0.5457425
-0.4587138
-0.5624068
-0.6140882
-0.5941784
-0.6397605
-0.5195265
-0.6096974
-0.5558963
-0.604932
-0.5601563
-0.5322747
-0.4541636
-0.5514684
-0.5965326
-0.6102024
-0.459033
-0.3434895
-0.6078011
-0.5141084
-0.6089969
-0.619792
-0.2601517
-0.5183945
-0.5844375
-0.6697684
-0.678584
-0.4245277
-0.4043823
-0.5106512
-0.4745138
-0.5015958
-0.642961
-0.4586987
-0.6107162
-0.5768142
-0.4470849
-0.4976757
-0.4963473
-0.4709716
-0.4423058
-0.5148679
-0.6033269
-0.4809911
-0.4318361
-0.456417
-0.5112353
-0.5056081
-0.452252
-0.3085079
-0.6113803
-0.5305894
-0.3660878
-0.4509134
-0.5363899
-0.4602499
-0.6077671
-0.45124
-0.4822825
-0.4029563
-0.3427568
-0.4327339
-0.3920983
-0.5008806
-0.4580563
-0.3637051
-0.3355973
-0.5604739
-0.4877985
-0.4201117
-0.3870012
-0.4544158
-0.3975084
-0.5390901
-0.344323
-0.4758129
-0.3365858
-0.4860347
-0.6478982
-0.2741835
-0.3108818
-0.2911323
-0.6000199
-0.3194646
-0.5060944
-0.3375538
-0.335901
-0.4175308
-0.3370726
-0.470829
-0.3675219
-0.4883258
-0.360881
-0.4419679
-0.4298386
-0.4839766
-0.6206931
-0.4699586
-0.3703488
-0.4000973
-0.4077774
-0.4789763
-0.3951123
-0.3193242
-0.4852462
-0.2621989
-0.348921
-0.2236525
-0.2663436
-0.3949485
-0.5793275
-0.3702197
-0.3339619
-0.4126397
-0.3861656
-0.3371651
-0.3899325
-0.5360506
-0.2840989
-0.2934044
-0.3775938
-0.4415903
-0.3787812
-0.3645558
-0.4017084
-0.2653187
-0.3176025
-0.3464481
-0.2669075
-0.2787266
-0.2871653
-0.3801116
-0.3340611
-0.393166
-0.2955692
-0.2816774
-0.2341445
-0.3258971
-0.3388249
-0.4574843
-0.3446076
-0.3671433
-0.2744108
-0.2559014
-0.2087336
-0.2867801
-0.1795697
-0.3670952
-0.1838243
-0.3549879
-0.5001337
-0.2960656
-0.2712527
-0.23554
-0.3328713
-0.2203772
-0.3282019
-0.3211928
-0.3503889
-0.3254418
-0.2774831
-0.2067082
-0.2529315
-0.3510256
-0.3646245
-0.3567787
-0.1797294
-0.3351432
-0.2408052
-0.2067449
-0.264532
-0.2726286
-0.2527743
-0.2415558
-0.1864043
-0.3083851
-0.256145
-0.1148741
-0.2450892
-0.2451839
-0.2305478
-0.06795556
-0.2181968
-0.3349927
-0.2165693
-0.3748772
-0.1400091
-0.04638922
-0.1945829
-0.169559
-0.1810083
-0.1615833
-0.111128
-0.256992
-0.07177903
-0.1335809
-0.1756381
-0.0380313
-0.2208462
-0.2344643
-0.1145855
-0.1539299
-0.1389617
-0.1131325
-0.2021274
-0.1169082
-0.1559238
-0.2291283
-0.2419606
-0.1997061
-0.09402705
-0.2193099
-0.2174669
-0.124596
-0.1327202
-0.2234419
-0.2019326
-0.2527905
-0.2266492
-0.2492284
-0.318106
-0.1478709
-0.05277507
-0.230195
-0.1750566
-0.08704158
-0.07451611
-0.3054967
-0.1437552
-0.2010671
0.01333426
-0.1803932
-0.1354459
-0.0202794
-0.2316921
-0.1274303
-0.2118348
-0.1695847
0.04377861
0.09407943
0.02547239
-0.05877975
-0.1814543
-0.09461366
-0.00913583
-0.123103
-0.1333817
-0.1844323
-0.05147948
0.007006097
-0.1819947
-0.2445101
-0.07598756
-0.03479758
-0.04583443
-0.08885867
-0.1208425
-0.1209787
0.04955781
-0.08162826
-0.001997825
-0.1038875
-0.116506
0.0405123
-0.0008072635
-0.05101671
0.01932079
-0.1290413
0.1011807
-0.1088283
-0.1243372
-0.1701888
-0.1498256
0.006084461
0.163077
-0.1269809
-0.0605866
-0.1226089
-0.008061499
0.08055511
0.04390894
-0.0147335
-0.04435474
0.08927054
0.01027069
0.009722896
-0.100079
-0.00890457
-0.06433201
-0.009830896
0.01093803
0.1606312
-0.001352896
-0.2138972
0.08443894
0.01848329
-0.07473757
-0.08348667
-0.01686636
0.141915
-0.1158147
-0.003743592
0.1550117
-0.0168663
0.0842375
0.1392916
-0.1019573
0.03258964
-0.007552402
0.091736
0.06382159
0.09911239
0.06694852
-0.0289853
-0.01743843
-0.03435374
0.1384009
0.09036409
0.006407345
-0.007774262
0.1428953
0.05513967
-0.04988671
0.07315197
0.05932928
0.01941603
0.1386295
0.02153148
0.07002121
0.01593706
0.08400902
0.01011601
0.06690372
0.07152974
0.2009535
-0.04463902
0.2042988
0.05499279
0.1213502
0.2427623
0.1290301
0.07370803
-0.1187466
0.2231585
0.06455364
0.1267599
0.06399453
0.1429589
0.134421
0.1967327
0.1112953
0.1776181
0.1863679
0.1662438
0.154374
0.1346628
0.2396322
0.2538422
0.2168107
0.2340772
0.05806537
0.1964257
0.1892753
0.2493372
-0.02817223
0.1190392
0.1936007
0.1545752
0.04549511
0.1013163
0.1645508
0.1542811
0.1641245
0.1143868
0.1523633
0.2006828
0.2536713
0.1929111
0.1224961
0.2810075
0.1192125
0.1923208
0.2788626
0.1017576
0.3022975
0.2491942
0.1974108
0.0297768
0.137542
0.1601793
0.08391844
0.2952535
0.0684645
0.1574714
0.2234616
0.1155047
0.2371152
0.2310877
0.2196287
0.1742347
0.3127956
0.2131605
0.2383844
0.3331905
-0.1190077
0.2366438
0.08857578
0.3110121
0.2926977
0.2651668
0.2766908
0.2822253
0.3500982
0.1782543
0.2803577
0.3914085
0.3085291
0.1224671
0.2432512
0.2894623
0.2976666
0.1453379
0.2963516
0.2251218
0.1431602
0.1480323
0.1629427
0.3145638
0.3088625
0.2976533
0.217267
0.1797088
0.284077
0.1134035
0.2573394
0.3518474
0.2687527
0.4239075
0.2448263
0.2704758
0.4407095
0.3668004
0.3431908
0.2339627
0.3513751
0.3913308
0.3992846
0.2826913
0.3860817
0.3174755
0.4216758
0.4481257
0.170333
0.3176816
0.4027354
0.2722198
0.1407776
0.5363991
0.1580589
0.3927635
0.2629351
0.3134383
0.3456939
0.351276
0.3736847
0.320133
0.3588717
0.3430792
0.4286774
0.3241048
0.2682735
0.2514926
0.4690488
0.4002625
0.3942186
0.3339465
0.4695246
0.271284
0.3323644
0.2904085
0.3864763
0.4145047
0.4052516
0.3637519
0.4086525
0.4384836
0.3300473
0.1401554
0.424355
0.2949217
0.3846599
0.318512
0.3563481
0.5398886
0.3436003
0.4513706
0.3553576
0.4275495
0.3780489
0.2785624
0.2792223
0.340687
0.2557954
0.3088613
0.5289862
0.4106631
0.4406084
0.4304052
0.3634118
0.4968399
0.4148112
0.3552279
0.4362569
0.5982371
0.328838
0.6632602
0.4683363
0.45019
0.5179275
0.5107242
0.4949505
0.4187401
0.3985263
0.2831637
0.5162846
0.3449236
0.4458045
0.4374743
0.5592958
0.3802324
0.4917812
0.6093143
0.510919
0.4470571
0.5513172
0.5454094
0.6094291
0.5279545
0.578947
0.5590307
0.5137392
0.2835202
0.5066727
0.3668749
0.5056555
0.5349173
0.6033549
0.4591031
0.442771
0.5789633
0.6846778
0.4495582
0.4473431
0.5259586
0.5643916
0.649312
0.5357211
0.7221904
0.5545279
0.4706897
0.5964165
0.541138
0.455848
0.4538942
0.6446553
0.5161888
0.5634826
0.5102429
0.59702
0.7304919
0.634381
0.4727249
0.4912499
0.4829444
0.6337715
0.5626734
0.4755299
0.6119243
0.7309931
0.5642585
0.4435736
0.7701713
0.6175616
0.502127
0.5340722
0.4568646
0.6612112
0.6430698
0.6499769
0.6129979
0.6716344
0.6239612
0.4357486
0.5985579
0.665079
0.7756291
0.7125266
0.6849719
0.6967661
0.7410177
0.6206698
0.616231
0.5728834
0.6861157
0.6349626
0.5999475
0.6568583
0.67652
0.4555792
0.6511467
0.6198545
0.5093224
0.7097754
0.6809293
0.6509648
0.6532159
0.5498993
0.5083358
0.7040258
0.6555256
0.8428554
0.5718841
0.6890739
0.5600998
0.5802923
0.7461141
0.6874953
0.663575
0.6846706
0.7118779
0.657719
0.5956143
0.6134235
0.6622928
0.6750612
0.8068488
0.5574052
0.8037916
0.6439967
0.623579
0.5859574
0.5180213
0.6362211
0.7829531
0.7584468
0.7882063
0.5854085
0.7535391
0.6950038
0.6768028
0.7397489
0.6351191
0.5980922
0.8719523
0.6926091
0.7649256
0.55565
0.7272636
0.6663717
0.6725035
0.6587785
0.8295905
0.8175072
0.7463274
0.8310543
0.7941758
0.7428362
0.7642208
0.9413851
0.6988352
0.7440948
0.6714698
0.6972388
0.7809034
0.7481627
0.7034234
0.752488
0.7015136
0.7174808
0.8417899
0.8389732
0.6777625
0.9438583
0.7759884
0.7174663
0.5843515
0.7532387
0.7115826
0.727786
0.8504692
0.7162168
0.7282391
0.9100672
0.789951
0.6904695
0.9019377
0.6682046
0.880698
0.9468873
0.9366657
0.856636
0.8997734
0.7874194
0.8708848
0.9273659
0.8679095
0.908985
0.8430311
0.8425957
0.8017696
0.7919067
0.8588169
0.9549594
0.9559343
0.7721645
0.7865619
0.8158495
0.780737
0.8334106
0.8227632
0.713082
0.8944602
0.833816
0.9350317
0.9814665
0.9818453
0.9751879
0.8334077
0.8918757
0.8415387
0.8560507
0.830333
1.015904
0.8966451
0.8999343
1.041794
0.9557301
0.8055196
0.8885716
1.032666
0.9400747
1.018628
0.8984172
0.7128726
0.8831348
0.8740693
0.9440289
0.9964044
0.9855518
1.085864
1.041245
0.9283077
0.940374
0.9651205
0.8346552
0.873509
1.036015
0.9939309
0.8976629
0.8685503
0.9545381
0.9444408
0.8861631
1.025387
1.063801
0.9196735
1.084791
1.103016
0.8976128
0.9214588
1.037175
1.066747
0.8842793
0.8827572
0.944058
0.8166922
1.003185
1.022739
0.9340407
0.8772452
1.063321
0.8836863
0.8840524
1.108034
1.038963
1.031905
1.184403
0.8677113
0.9591059
0.9746765
0.9730681