-0.03382332
-1.043652
-0.9781642
-1.023767
-0.9687194
-0.9603255
-1.042549
-1.081135
-0.9301346
-0.9922961
-1.007755
-1.053321
-1.0349
-0.886554
-0.9245301
-1.072435
-0.8977665
-0.9022052
-0.9105325
-0.9264527
-0.9595714
-0.9707979
-0.9520277
-1.114872
-0.9089559
-1.099365
-0.9503062
-1.032945
-0.9529904
-0.9459365
-0.9588954
-0.9765919
-0.9618017
-0.99927
-0.9686181
-0.893956
-0.8944467
-1.136786
-0.9560341
-0.9349893
-1.000217
-0.9237842
-0.8418909
-0.8058864
-0.9618978
-0.9680997
-0.8614312
-0.915433
-1.028555
-0.838455
-0.9555957
-0.7791503
-0.908546
-0.9809712
-0.8573829
-1.033868
-0.9002052
-0.8383313
-0.8885572
-0.9859491
-1.046134
-0.9187875
-1.01816
-0.7712299
-0.9403826
-0.8049439
-0.7247767
-0.8369496
-0.7740835
-0.8788488
-0.876768
-0.9291149
-1.028478
-0.976797
-0.7167955
-0.9355041
-0.8418255
-0.6988546
-0.8480342
-0.8611447
-0.6997895
-0.9377321
-0.9185161
-0.8351505
-0.8645212
-0.992913
-0.7239965
-0.8614029
-0.8649676
-0.9983815
-0.7613229
-0.7306392
-0.8877362
-0.6915326
-0.6149077
-0.8435974
-0.7529066
-0.8112402
-0.7631248
-0.848977
-0.7082153
-0.9499898
-0.6649009
-0.8069044
-0.8339708
-0.7794111
-0.7297475
-0.7782983
-0.8933817
-0.7568784
-0.8273257
-0.7299297
-0.8259326
-0.801141
-0.7972287
-0.7807554
-0.8001214
-0.6322262
-0.7522629
-0.7702507
-0.6982923
-0.8403496
-0.7718745
-0.6901057
-0.8295134
-0.7283641
-0.5891838
-0.7827825
-0.8066814
-0.7293207
-0.7779268
-0.7809045
-0.831698
-0.7111148
-0.672554
-0.7335381
-0.8013995
-0.5808266
-0.7779599
-0.6017482
-0.6725711
-0.8063715
-0.6602659
-0.8486852
-0.7426938
-0.6111219
-0.7356071
-0.6116853
-0.8207753
-0.8122359
-0.6651734
-0.8393296
-0.7992114
-0.6134833
-0.6010266
-0.6158161
-0.6295348
-0.7334779
-0.6463937
-0.670831
-0.8008832
-0.6071564
-0.7642787
-0.6461468
-0.648303
-0.634214
-0.7411586
-0.6837286
-0.564252
-0.6770184
-0.6497871
-0.7055159
-0.6541681
-0.6158377
-0.6713675
-0.6720239
-0.6574046
-0.7570587
-0.7128683
-0.62861
-0.6932035
-0.6229989
-0.6156291
-0.7678572
-0.6848859
-0.5762446
-0.6483792
-0.5398475
-0.5826035
-0.6500972
-0.6391881
-0.4544366
-0.5523621
-0.5497437
-0.5912235
-0.6155156
-0.5102298
-0.4916607
-0.6816591
-0.6637579
-0.6535861
-0.5774678
-0.589301
-0.5240779
-0.7327945
-0.5419599
-0.6808609
-0.6320961
-0.5517675
-0.7112248
-0.5504587
-0.4492884
-0.5763913
-0.6397674
-0.565439
-0.6155492
-0.5146955
-0.6051117
-0.5574415
-0.6153174
-0.5554217
-0.5158003
-0.438582
-0.553771
-0.6000094
-0.6394029
-0.4496583
-0.3424805
-0.6150935
-0.5217368
-0.6101861
-0.6257172
-0.2473755
-0.5137822
-0.5719479
-0.6571943
-0.6523863
-0.4438927
-0.4266842
-0.5043987
-0.460044
-0.4822913
-0.6399205
-0.4740191
-0.6416897
-0.5402416
-0.4424381
-0.5224982
-0.4914209
-0.4598918
-0.4210257
-0.4886808
-0.5957442
-0.4787015
-0.4441902
-0.4505234
-0.49583
-0.4900281
-0.4679127
-0.3150916
-0.6441878
-0.517957
-0.3579999
-0.4502162
-0.5322524
-0.4503458
-0.5970366
-0.4394621
-0.4808977
-0.4195407
-0.3593738
-0.428676
-0.4011801
-0.5115742
-0.4602168
-0.360512
-0.3565856
-0.5672234
-0.4886025
-0.3920969
-0.3653161
-0.4431039
-0.4058108
-0.5404741
-0.352272
-0.4761738
-0.3407946
-0.4973017
-0.6214449
-0.2722703
-0.3203706
-0.297999
-0.5790407
-0.317959
-0.4966559
-0.3270683
-0.331733
-0.4052353
-0.3374627
-0.4556105
-0.3544685
-0.4937762
-0.3453896
-0.4597243
-0.4373739
-0.4674853
-0.6257924
-0.4634523
-0.360141
-0.3935844
-0.4104208
-0.4828178
-0.4070265
-0.3394217
-0.4802681
-0.241128
-0.3710446
-0.2219534
-0.2423645
-0.3918685
-0.5821378
-0.3780134
-0.3413159
-0.4262828
-0.3939136
-0.3532363
-0.3707007
-0.5337726
-0.2798337
-0.2874821
-0.3733896
-0.4370629
-0.4042799
-0.3473489
-0.3966627
-0.2805439
-0.2986299
-0.3371401
-0.2517289
-0.2707224
-0.2931502
-0.3699742
-0.3338527
-0.3878798
-0.2826234
-0.289461
-0.2115834
-0.333416
-0.3466444
-0.4582852
-0.3580791
-0.3903832
-0.2822953
-0.2551787
-0.2016413
-0.2675474
-0.1588573
-0.3403277
-0.1736921
-0.3569415
-0.4952105
-0.307114
-0.2596179
-0.2258361
-0.3299063
-0.2126328
-0.3458633
-0.3237144
-0.3398596
-0.3027731
-0.2671427
-0.2045216
-0.2588385
-0.3413184
-0.3772854
-0.3123343
-0.1449455
-0.3313449
-0.2420347
-0.2211161
-0.2474826
-0.2712971
-0.2694712
-0.2254652
-0.194396
-0.3039868
-0.2428334
-0.1175403
-0.2405701
-0.2377852
-0.2106891
-0.05662546
-0.2286706
-0.3384785
-0.1886747
-0.3735193
-0.1079888
-0.06356943
-0.1828423
-0.1655926
-0.2124588
-0.1723585
-0.1016543
-0.2617027
-0.08031339
-0.1243588
-0.1767945
-0.04002849
-0.1805871
-0.2315702
-0.1066004
-0.17612
-0.1234433
-0.1294837
-0.2430744
-0.09972719
-0.1816183
-0.2314836
-0.265475
-0.1882694
-0.1121109
-0.2186381
-0.2079705
-0.1000601
-0.1210145
-0.2098184
-0.2006272
-0.2660603
-0.2303124
-0.2471419
-0.2973766
-0.1284143
-0.06580956
-0.2226076
-0.1856438
-0.06802662
-0.07160399
-0.2870492
-0.1311987
-0.1645982
0.002947852
-0.1782248
-0.126514
-0.003905326
-0.2162221
-0.1350106
-0.2195653
-0.16488
0.0475138
0.09077063
0.03898522
-0.06662252
-0.1816879
-0.0885896
-0.02395244
-0.1363724
-0.1205259
-0.211551
-0.03947066
0.009585462
-0.1571738
-0.2613208
-0.08183655
-0.04535757
-0.02728001
-0.1017474
-0.1528191
-0.1131971
0.05086093
-0.06340279
0.009061761
-0.1069312
-0.1387078
0.03627604
0.005029587
-0.05515225
0.01879428
-0.1388977
0.09845982
-0.09600035
-0.09410168
-0.1700076
-0.1602945
0.03055058
0.1518927
-0.1262861
-0.0580573
-0.08046118
-0.005692576
0.07520412
0.02786783
-0.02428398
-0.05354328
0.08209711
0.001592004
0.01466893
-0.08346278
0.01154754
-0.08616106
-0.01503091
0.005575754
0.1457933
-0.006129061
-0.2240076
0.1215431
-0.003904012
-0.08923101
-0.08923731
-0.01465268
0.1445904
-0.1258477
0.006064112
0.1817905
-0.02654858
0.07672085
0.1544231
-0.1163979
0.0164343
-0.01585327
0.09334684
0.07308378
0.09861998
0.06809863
-0.03426042
-0.0155972
-0.03006241
0.146375
0.07641431
0.01978887
-0.0134235
0.1632363
0.0416489
-0.02843456
0.08179127
0.04885543
0.013478
0.1413524
0.03202676
0.07505624
0.0224785
0.05011377
0.001589091
0.07023794
0.08356192
0.1934401
-0.04402119
0.2108978
0.04442813
0.1308614
0.2711562
0.1413453
0.07539836
-0.09888563
0.2154547
0.08097686
0.1259536
0.050191
0.1362136
0.1492117
0.1921131
0.1022371
0.1845863
0.1951993
0.1778696
0.1660542
0.1177012
0.2602227
0.2560035
0.2157055
0.2490421
0.04809474
0.1821515
0.1443735
0.2627429
-0.01683267
0.1246997
0.1812308
0.1492827
0.04759236
0.1132972
0.159422
0.1725613
0.1522514
0.09331049
0.1262088
0.1904205
0.2729605
0.2048304
0.09728341
0.2367646
0.1292247
0.2061579
0.2893132
0.1205356
0.330825
0.2451675
0.204871
0.03730079
0.1564401
0.1579351
0.08173542
0.2769948
0.05731389
0.1269751
0.226583
0.1115062
0.2535172
0.2170573
0.2349938
0.1939041
0.3171938
0.2277754
0.2449803
0.3472045
-0.1233092
0.2277239
0.06263952
0.308688
0.2971004
0.2916277
0.2649746
0.2957849
0.3630662
0.1496271
0.2802246
0.3897376
0.2958058
0.1269527
0.2297562
0.2925798
0.3220922
0.1254191
0.3119208
0.222433
0.1363084
0.1544061
0.1648203
0.3222192
0.2922974
0.3056529
0.2044877
0.1934772
0.2785842
0.133319
0.25057
0.3703162
0.301702
0.4246042
0.2403951
0.3026436
0.4518661
0.3424519
0.3272558
0.2173203
0.3455921
0.3987894
0.4041989
0.2879648
0.4056266
0.3218133
0.4061151
0.4506986
0.1476557
0.3242763
0.4090471
0.2906668
0.1392635
0.5469708
0.1631598
0.4191681
0.275197
0.3182781
0.3163993
0.3412381
0.377527
0.3432915
0.341895
0.3426849
0.4396445
0.3071176
0.2608234
0.2424984
0.4591143
0.3753394
0.3882641
0.3316469
0.4799449
0.2953606
0.3640474
0.3119881
0.4088461
0.4184601
0.3965576
0.3587429
0.3859359
0.4382964
0.3210522
0.1596526
0.4311445
0.295844
0.3843767
0.3296454
0.3821142
0.5393553
0.3596527
0.4376811
0.3522897
0.4297852
0.4057304
0.2621596
0.2751393
0.3435345
0.2603698
0.307946
0.4931568
0.417041
0.4558032
0.4412925
0.3364428
0.5264901
0.4443191
0.3452051
0.4142744
0.6013097
0.3406005
0.6695378
0.4707459
0.4416552
0.5030199
0.5145009
0.4732965
0.4223423
0.4082507
0.2774262
0.5241702
0.3437413
0.452066
0.4195954
0.561445
0.3937357
0.5127736
0.6395616
0.4891948
0.4502711
0.5615717
0.545803
0.604186
0.5438505
0.5659366
0.5558117
0.523812
0.2749669
0.5215858
0.3442875
0.4980428
0.5341247
0.6224414
0.4496544
0.4283473
0.5890246
0.7089057
0.4483865
0.4434094
0.5213141
0.607259
0.6765708
0.5807652
0.7337452
0.5409198
0.4868586
0.5834924
0.5385209
0.4733689
0.4401262
0.6460388
0.5221663
0.5823715
0.5014832
0.6246183
0.7299307
0.6193304
0.4864787
0.5038548
0.4773542
0.6238266
0.5647015
0.4857325
0.6037826
0.7105449
0.5745728
0.4764224
0.7626022
0.6156004
0.5233336
0.5287266
0.4609281
0.6303051
0.6334829
0.6449352
0.6054655
0.6766061
0.6160458
0.4284983
0.580514
0.6779169
0.7587305
0.7120117
0.6727387
0.7367417
0.7321393
0.6120546
0.6409161
0.5806194
0.6894381
0.6342949
0.6047989
0.6513839
0.6993717
0.4439682
0.6329276
0.6293632
0.4763907
0.6927125
0.6530675
0.6725063
0.6443151
0.5574002
0.5123033
0.6836582
0.7017034
0.8150622
0.5861097
0.6782603
0.5511474
0.5705248
0.7223902
0.6758752
0.6663736
0.6431352
0.70976
0.6695691
0.6028424
0.6036355
0.6682022
0.6578688
0.8252239
0.5387041
0.7772334
0.6321919
0.61968
0.5835629
0.5376978
0.6380585
0.7761752
0.7623926
0.7872422
0.5941875
0.7547437
0.6879919
0.7021403
0.7392872
0.6206464
0.5570116
0.8534265
0.6806317
0.7562963
0.5805625
0.7702908
0.6483541
0.6681866
0.6533552
0.8389067
0.8264172
0.7408883
0.8451578
0.8024543
0.7487483
0.7659427
0.9308512
0.7007501
0.7391631
0.6734538
0.6940005
0.7740545
0.7678252
0.7051165
0.766029
0.6740126
0.7200531
0.8085973
0.8294261
0.6462145
0.9391663
0.7637404
0.7139555
0.5753117
0.758124
0.6992498
0.7270633
0.8787335
0.7089269
0.7151911
0.9262258
0.7879434
0.695373
0.8954423
0.6627008
0.8863536
0.9447476
0.9186839
0.8668502
0.8897996
0.7838508
0.84639
0.939428
0.8661128
0.9136454
0.8885377
0.8529614
0.8087551
0.8196018
0.869724
0.943313
0.9670117
0.7731061
0.7774399
0.7921105
0.7854787
0.8374999
0.832214
0.7035406
0.9176504
0.795727
0.9421277
0.9932038
0.9710017
0.97287
0.8543166
0.8992491
0.8369294
0.8561126
0.8051928
1.001435
0.8777133
0.9008904
1.047652
0.9590568
0.815407
0.8814082
1.046964
0.911083
0.9971466
0.8964973
0.6951428
0.8901341
0.8738611
0.961062
0.9784403
1.006719
1.055411
1.063734
0.9325277
0.9450836
0.9564229
0.8356654
0.8506404
1.011366
1.001772
0.9067057
0.8660993
0.9194386
0.9881959
0.9005318
1.003226
1.055668
0.9282842
1.09644
1.109823
0.8939302
0.9027574
1.042538
1.067203
0.8702885
0.888065
0.9408247
0.8243414
0.9839561
1.007641
0.9296277
0.8508503
1.068537
0.8897945
0.9080565
1.128234
1.02617
1.038037
1.173594
0.8667336
0.9546254
0.961683
0.9703731