-0.01710421
-1.055705
-0.9777346
-1.041067
-0.9465175
-0.9580924
-1.061313
-1.091888
-0.9354248
-0.9928241
-1.025318
-1.059888
-1.006502
-0.870562
-0.9291299
-1.079338
-0.8869805
-0.9366183
-0.9075256
-0.9140389
-0.949001
-0.9786037
-0.9753385
-1.11768
-0.9091797
-1.087569
-0.9409732
-1.008528
-0.9289212
-0.9150324
-0.9846979
-0.9598148
-0.9513411
-1.002184
-0.9558666
-0.8720055
-0.9112393
-1.15148
-0.9387368
-0.945134
-1.019317
-0.9030372
-0.8391487
-0.8029998
-0.9553377
-0.9624833
-0.8805836
-0.9461767
-1.033914
-0.8660129
-0.9513961
-0.7827984
-0.8941535
-0.9897126
-0.8585241
-1.026935
-0.8923926
-0.8631324
-0.9023533
-0.9954466
-1.053193
-0.9147863
-1.044248
-0.7954564
-0.9428045
-0.826199
-0.7296164
-0.8485243
-0.7702412
-0.8887416
-0.8990084
-0.9201726
-1.02951
-0.9634269
-0.7085991
-0.9359776
-0.848506
-0.7122048
-0.8714206
-0.8461618
-0.6816759
-0.9290031
-0.9103985
-0.8417933
-0.8678384
-0.9912381
-0.7035088
-0.8747966
-0.8478326
-0.9733141
-0.7622906
-0.734796
-0.8758515
-0.6976362
-0.6167181
-0.8531101
-0.7491645
-0.8063092
-0.7599638
-0.8528364
-0.7119179
-0.9286592
-0.6636724
-0.8062048
-0.8338438
-0.7898222
-0.74499
-0.7704972
-0.887408
-0.7221793
-0.8176015
-0.7466521
-0.7899523
-0.7902081
-0.7884512
-0.770192
-0.7610543
-0.624501
-0.7629282
-0.7374545
-0.692472
-0.8632462
-0.7645237
-0.6777367
-0.8276591
-0.7195739
-0.600103
-0.764285
-0.7971734
-0.7248419
-0.7891342
-0.7967821
-0.8311864
-0.7072258
-0.6863127
-0.7300295
-0.8065612
-0.6040521
-0.789501
-0.6153245
-0.658272
-0.8078745
-0.6641055
-0.8355045
-0.7516542
-0.6303434
-0.7461396
-0.603338
-0.8158008
-0.7935736
-0.6630424
-0.8343883
-0.7913727
-0.6007084
-0.6006544
-0.6119404
-0.6013015
-0.7392094
-0.6329949
-0.649906
-0.810108
-0.5885698
-0.7568554
-0.671444
-0.664803
-0.6278434
-0.7411713
-0.6857228
-0.574283
-0.6545616
-0.6624016
-0.7052381
-0.6705353
-0.6156731
-0.6617026
-0.6876303
-0.6829587
-0.7382769
-0.7108141
-0.6469459
-0.7035513
-0.6200597
-0.6474811
-0.7726239
-0.687258
-0.5609121
-0.6665643
-0.5532783
-0.5762893
-0.6533521
-0.6149333
-0.4623267
-0.559168
-0.5458505
-0.5830466
-0.6269227
-0.5251716
-0.4877299
-0.6695227
-0.6612103
-0.6622246
-0.5855466
-0.5749121
-0.5335311
-0.7205255
-0.5411102
-0.6632231
-0.6424244
-0.5389457
-0.7177348
-0.5509572
-0.4596772
-0.5648091
-0.6219616
-0.5747932
-0.6397508
-0.5246331
-0.6034674
-0.5614738
-0.58736
-0.5570176
-0.5300968
-0.4481072
-0.5665833
-0.6080271
-0.6167912
-0.4679138
-0.3406463
-0.632719
-0.5191346
-0.6199183
-0.640232
-0.2475169
-0.5032186
-0.5747081
-0.6476366
-0.6814624
-0.4297165
-0.404869
-0.5134902
-0.4771373
-0.4875105
-0.6315105
-0.477848
-0.6303365
-0.5561644
-0.4681008
-0.5282159
-0.4898836
-0.4709049
-0.4212375
-0.4773314
-0.5770972
-0.4974047
-0.4271873
-0.4536811
-0.5110198
-0.5068716
-0.4262272
-0.3092837
-0.6158129
-0.4968776
-0.3598152
-0.4746269
-0.525713
-0.4418164
-0.6155675
-0.4402829
-0.4656717
-0.3936346
-0.3502884
-0.4304185
-0.4183667
-0.5011746
-0.4604369
-0.3787434
-0.345875
-0.5552826
-0.5141026
-0.4117891
-0.3809019
-0.4450591
-0.3897079
-0.5304358
-0.3500613
-0.4867839
-0.3342525
-0.4847792
-0.6290438
-0.2639644
-0.3058739
-0.2915645
-0.5713366
-0.310899
-0.4839674
-0.3220717
-0.3389048
-0.3960391
-0.3558183
-0.4702918
-0.3476951
-0.495996
-0.3545727
-0.4750682
-0.4248663
-0.4752905
-0.6042395
-0.4589104
-0.3544479
-0.4029179
-0.4010082
-0.4845291
-0.3890545
-0.2989434
-0.4789856
-0.2654855
-0.3484153
-0.2209228
-0.265776
-0.3821983
-0.5561129
-0.3891329
-0.3384351
-0.4543143
-0.4055226
-0.3436433
-0.4026917
-0.5680511
-0.2724332
-0.2982589
-0.3867062
-0.4372698
-0.3792928
-0.3419154
-0.3937194
-0.2842924
-0.3059745
-0.338239
-0.2782344
-0.2604586
-0.276838
-0.3748488
-0.3374514
-0.4051356
-0.2989572
-0.2806848
-0.1975581
-0.3440886
-0.3546238
-0.4798773
-0.3457331
-0.3743508
-0.2784227
-0.264312
-0.2245775
-0.2813696
-0.1843646
-0.3600308
-0.1800237
-0.3651802
-0.4837696
-0.3124016
-0.2377827
-0.2224511
-0.3300925
-0.2256041
-0.3334504
-0.3240699
-0.3408785
-0.3236794
-0.2480825
-0.2276612
-0.2352018
-0.3648596
-0.3792131
-0.3399666
-0.1757352
-0.3409177
-0.2313492
-0.235485
-0.2569938
-0.2708175
-0.237147
-0.2219854
-0.2194086
-0.3006322
-0.2436404
-0.1192858
-0.2439671
-0.2547964
-0.2085339
-0.06818195
-0.2293926
-0.339383
-0.2046543
-0.3849289
-0.1201398
-0.06848311
-0.1706653
-0.1869695
-0.1962043
-0.1601804
-0.1063545
-0.2498504
-0.07110612
-0.1310596
-0.1927718
-0.04119938
-0.18993
-0.2381506
-0.1009887
-0.1733315
-0.1151526
-0.1367658
-0.2496276
-0.1067626
-0.1660281
-0.2359455
-0.2528197
-0.1960559
-0.1051615
-0.2289542
-0.2119312
-0.1153424
-0.1274639
-0.1918948
-0.2013272
-0.2665798
-0.2392647
-0.2427553
-0.3039579
-0.1072597
-0.05725658
-0.2397214
-0.1800975
-0.08562182
-0.07570606
-0.2818196
-0.1472299
-0.1954036
0.008102716
-0.1814124
-0.1186442
-0.02077455
-0.2153474
-0.1309331
-0.226117
-0.1548723
0.06568383
0.09734037
0.03268727
-0.0619643
-0.1700078
-0.09783568
-0.00956792
-0.1454351
-0.1145989
-0.2073677
-0.04208377
-0.007330857
-0.1619612
-0.2680001
-0.08143332
-0.04625496
-0.04023898
-0.09513467
-0.1532181
-0.1083007
0.04405611
-0.06855983
-0.006820759
-0.1022306
-0.1391737
0.04370294
-0.01023091
-0.03494862
0.01038954
-0.122364
0.1060724
-0.1091638
-0.1245172
-0.1851726
-0.1509548
0.02528431
0.1417973
-0.1307829
-0.05257275
-0.1127709
-0.006645984
0.0876442
0.03782651
-0.01273887
-0.03984173
0.09520132
0.01233589
0.02358211
-0.09960202
-0.007209383
-0.07653223
-0.01742013
0.01511406
0.1428049
-0.0287815
-0.2251525
0.1086701
0.0206727
-0.07752844
-0.09584106
-0.02970677
0.1244664
-0.1061663
0.01928507
0.1803185
-0.007429185
0.0630915
0.1452852
-0.09962059
0.03646196
-0.01557624
0.104393
0.06359799
0.08022179
0.06774089
-0.03669167
-0.01453086
-0.0173474
0.1507214
0.0788576
0.004246069
-0.02819357
0.1504951
0.03878905
-0.02745006
0.06862438
0.06956676
0.01493821
0.1272959
0.03018796
0.06944886
0.01882262
0.06611387
0.01766745
0.04808598
0.07011449
0.1904325
-0.03584547
0.2152545
0.05631331
0.1064139
0.2684736
0.1388865
0.07335278
-0.1138034
0.2177317
0.08288939
0.1102711
0.07137891
0.1351726
0.1278641
0.2000473
0.1102398
0.1862586
0.1942717
0.1814536
0.1930442
0.1442128
0.2607002
0.2569387
0.1838823
0.2295667
0.04947637
0.192006
0.1694615
0.2565874
-0.02003997
0.1129709
0.1899422
0.1483972
0.05112432
0.09211303
0.1607646
0.1378465
0.1444639
0.0909183
0.1357164
0.1960901
0.2663961
0.1854887
0.1262545
0.2516551
0.1587304
0.1787823
0.2760908
0.1083398
0.3219725
0.2267392
0.2052421
0.02838456
0.1234828
0.1653496
0.08747266
0.2831203
0.04867669
0.1275015
0.2132467
0.1087876
0.2360028
0.2454575
0.2026133
0.1815348
0.3286842
0.2093568
0.2432225
0.3589772
-0.1181579
0.2303188
0.07057656
0.3012449
0.2635808
0.2906667
0.298077
0.2732262
0.3651413
0.1734772
0.2943479
0.3932326
0.2930405
0.1268239
0.2127058
0.2918358
0.3042869
0.1531146
0.3051839
0.2141864
0.1425469
0.1618017
0.1543426
0.3080015
0.2803139
0.3023153
0.2163327
0.1641389
0.2853508
0.1109426
0.243519
0.3494941
0.2722444
0.4148886
0.2337565
0.25105
0.4431934
0.352049
0.3160799
0.2179143
0.3386079
0.3780373
0.408507
0.2733927
0.3983359
0.3013523
0.411719
0.4616354
0.1586942
0.3062976
0.39866
0.2876442
0.1295085
0.5154049
0.1575828
0.4027512
0.2491706
0.3141018
0.3557358
0.3338147
0.3672496
0.3293172
0.3346817
0.3525506
0.4426509
0.3016439
0.2618576
0.2461942
0.461121
0.4024461
0.3825634
0.3308423
0.4718552
0.2903645
0.3504759
0.3134558
0.3950028
0.4032193
0.4163518
0.3587452
0.3901933
0.4524792
0.3180623
0.1468
0.4232777
0.3078442
0.3966157
0.3293276
0.3714668
0.5400378
0.3562472
0.4338821
0.3309324
0.4371777
0.3935056
0.2840003
0.2934625
0.3461877
0.2715496
0.3280799
0.5130757
0.3912253
0.4579771
0.4280218
0.3576593
0.4951866
0.4245738
0.3759248
0.4150807
0.5958162
0.3461436
0.6770286
0.4834434
0.4492101
0.5198887
0.5238165
0.4888103
0.3962804
0.3945273
0.2815818
0.5421019
0.3514191
0.4662424
0.4183039
0.5651466
0.3729809
0.5329846
0.6294058
0.5161831
0.4440291
0.5540689
0.5376707
0.6148676
0.5463019
0.5622188
0.576053
0.5107964
0.2979527
0.5233932
0.3604674
0.5025247
0.5275907
0.5941099
0.4514449
0.4296464
0.5945257
0.7091756
0.4606132
0.4531438
0.5463257
0.5738601
0.6731321
0.5516191
0.7369058
0.5586869
0.4839658
0.583079
0.5422409
0.4537401
0.4396885
0.6457941
0.5222017
0.5697404
0.5072984
0.6252035
0.7571523
0.6096292
0.4681103
0.4937804
0.4733618
0.6116987
0.5783976
0.4942117
0.6060427
0.7156458
0.5921691
0.4502499
0.7727865
0.6266774
0.51122
0.5270901
0.4621765
0.657357
0.6410693
0.6525235
0.6233628
0.6883194
0.6414063
0.4105079
0.595823
0.6622674
0.7704634
0.7125131
0.6838112
0.7197838
0.7196694
0.6160412
0.6196114
0.5833173
0.6756452
0.6429541
0.6220506
0.6858069
0.6831416
0.437717
0.6453804
0.6156626
0.4979771
0.7248988
0.6569284
0.6800984
0.6296094
0.555074
0.5170067
0.6856581
0.6642631
0.8195145
0.5756521
0.7084487
0.5698372
0.5791076
0.7382055
0.6885041
0.6576907
0.6617003
0.7113916
0.6657751
0.6033056
0.6133673
0.6814228
0.666777
0.8059117
0.5358049
0.8073793
0.6187249
0.6282524
0.6086416
0.5097904
0.6290828
0.7787696
0.7592695
0.7651588
0.603541
0.7575643
0.6660971
0.6788574
0.7558169
0.6137821
0.5839195
0.8675435
0.6874502
0.7362827
0.5864327
0.7684468
0.6412589
0.6587031
0.661065
0.828601
0.8270163
0.7382976
0.8394279
0.7836977
0.7409892
0.773442
0.9141116
0.6963833
0.7473588
0.6564605
0.6764502
0.7915173
0.7487635
0.7039776
0.7537344
0.6901649
0.719483
0.8242146
0.8491934
0.6494109
0.9389643
0.7766603
0.7395515
0.5802803
0.7666389
0.7044797
0.7351247
0.86914
0.7005329
0.7347811
0.8951139
0.7795556
0.706891
0.8907007
0.6758596
0.8882537
0.9384639
0.9402618
0.8441645
0.8981754
0.7820772
0.8363439
0.9174386
0.852099
0.9160959
0.8460008
0.8434101
0.8051553
0.8078665
0.8454248
0.9435311
0.9459214
0.7811305
0.8059465
0.8099172
0.7957519
0.838467
0.8193318
0.7079241
0.8899837
0.8209893
0.9485443
1.004196
0.9616355
0.9734278
0.8548546
0.8846815
0.820777
0.8583294
0.8145903
1.022144
0.8811569
0.9005746
1.053668
0.9625393
0.8261848
0.8964383
1.041444
0.9223987
0.983375
0.8920001
0.7093902
0.8910506
0.8669223
0.9664079
0.9818748
0.994775
1.087926
1.053079
0.953673
0.9419603
0.9697323
0.8551345
0.8606559
1.02458
0.9940905
0.9046792
0.8570148
0.9448618
0.9843479
0.9061926
1.006014
1.052355
0.9208451
1.102652
1.11573
0.9021443
0.8890852
1.057523
1.046457
0.8594304
0.884235
0.948886
0.813819
0.9978497
1.021667
0.9399407
0.8589401
1.070326
0.9027953
0.8804954
1.118652
1.04067
1.0472
1.182935
0.8518102
0.9654679
0.9562818
0.9732293