0.1381499
-0.9690063
-1.01608
-0.7413307
-0.9157177
-1.043034
-1.008197
-0.8713223
-1.059857
-0.9911503
-1.03755
-1.083386
-0.9870801
-1.03523
-0.8455816
-1.033364
-0.8356245
-0.926258
-0.9798065
-0.9917343
-0.8511534
-0.9288006
-1.035944
-0.8635204
-1.081451
-0.9145776
-0.7723198
-1.04967
-0.8929034
-0.8771752
-0.9222396
-0.9034342
-0.9612517
-0.8677647
-0.8053398
-1.162268
-1.018686
-0.944305
-0.9283878
-0.9004219
-1.065994
-0.8518969
-0.7303229
-0.9976941
-0.9531314
-0.8341322
-0.8817118
-0.8955049
-0.9111242
-0.7335252
-0.8121354
-0.9495977
-0.815006
-0.8758941
-0.8264677
-0.7636715
-0.947493
-0.8387989
-0.9358733
-0.8113277
-0.8713904
-0.9346772
-0.7975419
-0.8506972
-0.9210135
-1.064735
-1.02731
-0.7596167
-0.7672793
-0.7932046
-0.822411
-0.7098928
-0.9301129
-0.7956353
-0.8934312
-0.8496196
-0.8259257
-0.9022351
-0.8941949
-0.8001708
-0.7032637
-0.901061
-0.8006284
-0.8787428
-0.8041097
-0.8536795
-0.9036923
-0.8043289
-0.7829686
-0.7619114
-0.894219
-0.8527516
-0.8159534
-0.7975106
-0.830937
-0.9661006
-0.6684306
-0.6845627
-0.8818732
-0.6818943
-0.7203219
-0.8734399
-0.9154416
-0.8385028
-0.8335354
-0.7355912
-0.7470638
-0.6891143
-0.7625697
-0.8961537
-0.8357949
-0.8034531
-0.6596982
-0.7283544
-0.7961463
-0.6610074
-0.7218805
-0.7665341
-0.8677544
-0.6499151
-0.8569281
-0.7741326
-0.7609273
-0.7444707
-0.6996273
-0.8450216
-0.6863423
-0.6745681
-0.7898079
-0.7314448
-0.7309212
-0.7461734
-0.8136152
-0.7659819
-0.7234884
-0.558335
-0.8101445
-0.7226547
-0.674829
-0.8154651
-0.7543301
-0.7009621
-0.8372875
-0.7396987
-0.6778402
-0.7461033
-0.7948347
-0.6196993
-0.7178881
-0.6732907
-0.7102498
-0.6081792
-0.6173938
-0.7524184
-0.5928394
-0.7585264
-0.6616541
-0.6778677
-0.8099783
-0.6864768
-0.6713678
-0.7443096
-0.6234727
-0.7604476
-0.7118586
-0.6832567
-0.6921403
-0.7100232
-0.6791687
-0.6835749
-0.7324599
-0.5541183
-0.7065602
-0.6617377
-0.5655663
-0.6103504
-0.5094636
-0.6780662
-0.5893169
-0.8098762
-0.5483027
-0.5970421
-0.5756559
-0.6541757
-0.5565523
-0.504216
-0.7675385
-0.6408327
-0.5400303
-0.5113452
-0.7068408
-0.5371359
-0.5964297
-0.674829
-0.6717656
-0.78124
-0.6310015
-0.595001
-0.5954968
-0.6935555
-0.6887761
-0.4855906
-0.6614897
-0.6067218
-0.6235698
-0.6248776
-0.5313687
-0.7539523
-0.5841371
-0.6401222
-0.5889921
-0.5715897
-0.7008433
-0.6047969
-0.6919537
-0.5921748
-0.6141428
-0.5389948
-0.5164148
-0.520569
-0.5745677
-0.539387
-0.6805754
-0.6180502
-0.5172476
-0.5563131
-0.6423188
-0.6388629
-0.5133076
-0.4321748
-0.6230019
-0.4249597
-0.3874779
-0.3494352
-0.4648136
-0.7158358
-0.6508999
-0.3389841
-0.4331174
-0.5129572
-0.5510487
-0.5232752
-0.6457615
-0.6998462
-0.5274684
-0.5158488
-0.480908
-0.3978969
-0.4173463
-0.6086993
-0.4980814
-0.3334689
-0.5898794
-0.4092621
-0.3622314
-0.5148693
-0.6234384
-0.3901014
-0.4368209
-0.4021354
-0.468335
-0.4632805
-0.3535255
-0.4356239
-0.6323962
-0.5202822
-0.4661143
-0.5643002
-0.2320803
-0.5758149
-0.4503196
-0.4910903
-0.3444168
-0.2543962
-0.3676606
-0.4176066
-0.4578853
-0.4167543
-0.289182
-0.5472709
-0.394163
-0.4409182
-0.4232471
-0.5177373
-0.2422937
-0.3950548
-0.2550499
-0.4742078
-0.4522201
-0.5637586
-0.3760543
-0.4324317
-0.3607326
-0.2943292
-0.3423641
-0.4020667
-0.4238026
-0.5088663
-0.3743377
-0.3799654
-0.4445154
-0.4870948
-0.3785486
-0.4132261
-0.4574889
-0.4460972
-0.2331579
-0.4446203
-0.4045152
-0.3194147
-0.3787351
-0.3597646
-0.3342412
-0.2437246
-0.3022395
-0.08206237
-0.4609743
-0.366759
-0.3550405
-0.4333811
-0.4709788
-0.4197301
-0.3820622
-0.1766183
-0.1927985
-0.2453429
-0.3985366
-0.4731581
-0.4648902
-0.3610701
-0.3568494
-0.2678442
-0.409645
-0.252073
-0.3905886
-0.3148221
-0.455028
-0.2747869
-0.1955217
-0.2595518
-0.1108966
-0.1824146
-0.2052387
-0.3616073
-0.477753
-0.2418097
-0.3075276
-0.3180623
-0.2180703
-0.4054844
-0.2555218
-0.2599274
-0.1155028
-0.08530628
-0.3082145
-0.4186995
-0.2927873
-0.1250076
-0.3391284
-0.392646
-0.4710078
-0.2092289
-0.3224865
-0.3218452
-0.2723172
-0.4252962
-0.3294354
-0.306372
-0.1846741
-0.2269325
-0.451771
-0.3330787
-0.04210101
-0.2212737
-0.2348442
-0.2172115
-0.2973049
-0.2780673
-0.3376028
-0.2834168
-0.240189
-0.2171785
-0.3387898
-0.21203
-0.2904294
-0.1952885
-0.1192867
-0.1794915
-0.05349607
-0.3060868
-0.2917354
-0.1765289
-0.1239291
-0.1986938
-0.2196296
-0.1113678
-0.2258281
-0.2711262
-0.167793
-0.1417249
-0.2400069
-0.2542614
-0.2763965
-0.2430843
-0.1817658
-0.2206645
-0.2739271
-0.220938
-0.3029835
-0.05591505
-0.2690944
-0.1895153
-0.1854145
-0.1794553
-0.1130925
-0.1660936
-0.119421
-0.006346748
-0.192654
-0.193006
-0.1681903
-0.1222351
-0.1493027
0.02636123
-0.2397809
-0.1991051
-0.2007713
-0.05526092
-0.1654536
-0.1777793
-0.1596165
-0.0885548
0.01798059
-0.2280109
-0.200066
-0.1746844
-0.2722128
-0.07588418
-0.1430067
-0.2800368
-0.1177491
-0.07124206
-0.1087385
-0.01345258
-0.03787093
-0.1502687
-0.03326621
-0.1599686
0.01585615
-0.04018373
0.03306014
-0.1299356
-0.1727886
-0.1271964
0.05891757
0.01203079
-0.1067781
-0.03802282
-0.1689071
-0.001563155
0.0590087
-0.07466006
-0.01274359
-0.0509973
0.04480118
-0.06117558
-0.1464682
0.0834582
-0.1512793
-0.09941322
-0.1297983
-0.1564877
0.05812261
0.005221287
0.03748036
-0.1463219
0.005983336
-0.0911303
0.04016745
-0.1419438
-0.1030418
-0.1111492
-0.04455029
-0.09453258
0.05225356
-0.04690723
-0.07253837
-0.01581076
-0.05565693
-0.04113227
0.02880973
-0.1392601
-0.001061526
0.1284356
0.004415628
-0.05375355
-0.08680763
0.1272935
-0.04181439
0.1363921
-0.2108217
-0.2338762
-0.06569203
-0.02691588
0.07863245
0.009538706
-0.0778642
-0.05334821
-0.09308801
0.0516515
-0.1128321
0.04020962
-0.01398061
0.1392376
0.1040573
-0.08116206
0.005445143
0.1230381
-0.1645873
0.01903854
0.04608645
0.07768318
0.1026593
-0.1286566
0.108322
-0.06555994
-0.01832039
-0.02531021
0.008921793
-0.1334231
0.1213824
0.05919984
-0.0661062
-0.06224438
0.2891133
-0.02261396
0.009471517
0.03891954
0.1298443
0.2202707
-0.01374175
0.03886133
-0.07752323
0.02078979
-0.06029686
0.1331028
0.06260334
0.1029075
0.1407136
0.1387469
0.1539747
0.2154408
0.2068611
-0.09821695
0.2279936
0.1796586
0.3389964
0.1806494
0.4059375
0.1646886
0.08467522
0.07614887
0.260026
0.1592935
0.1157417
0.1820853
0.03304431
-0.0002417536
0.07428753
0.1392463
0.1046408
0.0968448
0.1387134
0.1492551
0.1033965
0.1931697
0.2385783
0.1954515
0.1581614
0.0560138
0.1235277
0.0223936
0.09174807
0.2052618
0.1167639
0.07628197
0.1300689
0.1391825
-0.02892933
0.1703406
0.251644
0.2234035
0.2061782
0.2713516
0.2757084
0.2436785
0.2537911
0.1640622
0.2495324
0.1404705
0.06156178
0.2480137
0.123786
0.2861885
0.148731
0.1383904
0.3283299
0.2404915
0.2396005
0.3406121
0.347939
0.1474946
0.2700855
0.1113805
0.1103132
0.2621591
0.2799113
0.1146351
0.1374833
0.1637475
0.229202
0.1905848
0.1361732
0.1658228
0.3296215
0.0504974
0.3025926
0.3073769
0.2175829
0.3187063
0.1973096
0.1575312
0.2882693
0.2255688
0.1358281
0.1887766
0.1653334
0.3600953
0.3695917
0.239022
0.3402186
0.3954288
0.332695
0.4472815
0.2991996
0.2286333
0.3760494
0.3501846
0.1731552
0.2300048
0.3520358
0.2964737
0.3024561
0.2702025
0.3612141
0.2574652
0.2730621
0.3274867
0.2511709
0.246913
0.299941
0.2089972
0.4483425
0.3619626
0.3301347
0.4851868
0.2627682
0.4127401
0.1939156
0.3702142
0.3592517
0.3227279
0.386982
0.3365971
0.1981942
0.3407853
0.3233532
0.3722034
0.3912692
0.2861558
0.3477856
0.3844684
0.301795
0.4589318
0.5343437
0.4466262
0.1524534
0.3412494
0.4146316
0.5214738
0.2658315
0.4555629
0.2434013
0.467199
0.2685853
0.3005413
0.4735031
0.4456467
0.5337056
0.3971469
0.3876334
0.4051521
0.3654715
0.4921561
0.3760872
0.4673941
0.4200198
0.4296053
0.5068326
0.4505222
0.436781
0.4365509
0.4335519
0.4018399
0.5273151
0.4049947
0.3855877
0.421751
0.3783528
0.4794525
0.4674311
0.4744186
0.3978237
0.3892686
0.5133012
0.4787624
0.4145017
0.5362646
0.5199464
0.5493305
0.4652217
0.4942395
0.5744365
0.5273665
0.6573861
0.5875584
0.5009556
0.4289387
0.5865368
0.477332
0.5833454
0.5729399
0.498878
0.3475683
0.3650076
0.4091118
0.497552
0.5560676
0.5093887
0.479077
0.5102512
0.5238473
0.5194871
0.4777393
0.524554
0.4867566
0.3780546
0.4749569
0.5148351
0.4935565
0.5901077
0.5324336
0.5746855
0.6118993
0.5225982
0.5731265
0.3676715
0.5784427
0.5052313
0.5968455
0.5533875
0.3936815
0.5869612
0.5768833
0.6122424
0.5616193
0.3661533
0.5829365
0.564211
0.5902546
0.6978911
0.608456
0.6430351
0.6336867
0.6661185
0.5027789
0.6981153
0.5281841
0.5836381
0.4523732
0.7286454
0.541844
0.5892665
0.5471871
0.5028878
0.5648459
0.6249107
0.7330511
0.6651607
0.6542488
0.4707378
0.3796844
0.5827052
0.5253198
0.5634192
0.6934887
0.6072336
0.7011392
0.4783516
0.516844
0.6644901
0.6556801
0.642253
0.548581
0.4828905
0.4498727
0.714623
0.7876333
0.6237609
0.6624852
0.7242248
0.6971592
0.5979289
0.6695248
0.6010553
0.7034502
0.7129329
0.6438499
0.6419114
0.6132533
0.4357137
0.6668391
0.6795265
0.6779766
0.7349032
0.6637676
0.5908023
0.6755758
0.5754985
0.8250148
0.5277268
0.7253902
0.7719445
0.690562
0.7790894
0.6393826
0.5550763
0.829306
0.6958491
0.6826831
0.6114393
0.6526804
0.9397801
0.6274887
0.623858
0.7657761
0.6780224
0.7932172
0.7160993
0.7788148
0.7023914
0.6821166
0.7440469
0.7841007
0.6081329
0.8678312
0.738692
0.6706948
0.6568699
0.7703993
0.6393614
0.8407935
0.6737927
0.6844149
0.863266
0.7747248
0.889692
0.8661111
0.7800742
0.6501485
0.7415998
0.7349474
0.7658709
0.732588
0.6974359
0.7213021
0.9168788
0.7307479
0.6529969
0.6680866
0.8040605
0.8446203
0.8158875
0.8085822
0.7347538
0.7606027
0.7912837
0.8374448
0.787251
0.773911
0.8661239
0.8352263
0.9815562
0.6622359
0.7857194
0.6878298
0.7577089
0.8280883
0.840616
0.8109979
0.8104582
0.9409827
0.8150417
0.77386
0.7574898
0.798927
0.8202933
0.7800849
0.8696383
0.8513799
1.00162
0.8262622
1.045848
0.7599211
0.7773727
0.5976078
0.7014468
0.8653541
0.797838
0.8592934
0.7516667
0.844461
0.9094904
0.9333592
0.8278841
0.8532194
1.111682
0.6877225
0.8992453
0.9695894
0.8851205
0.8791842
0.8781598
0.9454554
0.8338032
0.9839315
0.7960158
0.8575876
0.8522957
0.9275467
0.9860667
0.852884
0.7943005
0.9160989
0.9057435
0.9234391
0.8588913
0.9853281
0.990218
0.9684223
0.9369534
0.7702508
0.9425605
0.9472435
1.015272
0.9329709
0.9476286
0.8552158
0.9606287
0.9412499
0.7985141
0.8944574
0.8199364
0.9844957
0.8063507
0.9544976
1.04006
1.037926
1.004773
0.9343588
0.9247706
1.031721
1.040062
1.077612
1.002689
1.025224
0.9316601
0.8738611
0.9170452
1.057717
0.8867252
0.8076199
0.923544
0.8711663
1.078223
0.9716816
0.9623278
0.9486079
0.9168573
0.9082107
1.012564