0.03343121
-0.9613606
-1.051965
-0.9447245
-1.048898
-0.9394789
-1.002784
-1.034183
-1.139878
-1.020601
-0.9767158
-0.9410051
-1.033211
-0.9488103
-0.9397494
-0.9542297
-0.927186
-0.8570062
-1.009609
-0.9104745
-1.028073
-0.9497298
-0.8412833
-0.8996878
-1.094353
-0.8623738
-0.9054258
-0.9518934
-1.033844
-0.9479576
-0.9211685
-0.9174223
-0.8998467
-0.997432
-0.8910619
-0.9039845
-0.9052375
-0.8320099
-0.9226742
-0.9364366
-0.6895927
-0.7498285
-0.8596727
-0.9109391
-0.9895907
-0.797739
-0.9531099
-0.9247995
-0.935881
-0.9211542
-0.8150824
-1.033295
-1.019943
-0.6764598
-0.7671303
-0.7845042
-0.8731806
-1.002516
-0.8498104
-0.815683
-0.7078186
-0.8118992
-0.9332626
-0.9640725
-0.8777281
-0.8324496
-0.9330539
-0.8398673
-0.8673159
-0.8121205
-0.8078707
-0.6364474
-0.7588438
-0.982968
-1.009901
-0.8310275
-0.7962142
-1.020262
-0.7236685
-0.8393536
-0.8253782
-0.8417426
-0.9003406
-0.8561022
-0.8158882
-0.8147393
-0.6751648
-0.8837831
-0.7876938
-0.927749
-0.8572965
-0.8152207
-0.7335543
-0.8567006
-0.7716637
-0.7187944
-0.6996506
-0.8645452
-0.7340941
-0.8343903
-0.7983268
-0.7508575
-0.786314
-0.8993967
-0.9052448
-0.9183534
-0.7238549
-0.7248619
-0.8885065
-0.7060956
-0.8679211
-0.7944062
-0.7969469
-0.7380061
-0.7081808
-0.7909056
-0.6875327
-0.7117512
-0.8636471
-0.735186
-0.8216385
-0.7363571
-0.858994
-0.7970541
-0.7253543
-0.6021325
-0.7188602
-0.9103461
-0.7325191
-0.7153903
-0.7062275
-0.5765748
-0.7578634
-0.827957
-0.777768
-0.7816559
-0.7066012
-0.5181727
-0.5181722
-0.6997867
-0.7676464
-0.6736985
-0.755103
-0.7860601
-0.7727204
-0.7195919
-0.5971634
-0.709037
-0.6601789
-0.6659167
-0.6965706
-0.7047738
-0.7133881
-0.6376168
-0.7203253
-0.6461908
-0.7438076
-0.6467141
-0.5934784
-0.5706865
-0.6388612
-0.5923925
-0.5372197
-0.6065001
-0.6607329
-0.655752
-0.6400535
-0.6620178
-0.8334398
-0.6007972
-0.6583971
-0.6237709
-0.6735079
-0.6937215
-0.5980821
-0.7698836
-0.6674431
-0.7700397
-0.647282
-0.8146859
-0.4958976
-0.6861256
-0.598951
-0.6923624
-0.595008
-0.5666353
-0.5066109
-0.6288801
-0.6922426
-0.5759153
-0.6811357
-0.5847748
-0.6538205
-0.6821885
-0.6690208
-0.5441968
-0.5710426
-0.5408283
-0.5064345
-0.5157415
-0.6168538
-0.567935
-0.6484349
-0.5255014
-0.6344194
-0.7334728
-0.6254864
-0.7676365
-0.4786916
-0.4747383
-0.5549238
-0.5847635
-0.5758329
-0.502348
-0.6507039
-0.6282936
-0.530506
-0.5608556
-0.5552414
-0.6814566
-0.3795809
-0.5453756
-0.5650629
-0.5432541
-0.6181984
-0.5312108
-0.5574797
-0.7207954
-0.4906461
-0.497188
-0.5708801
-0.558237
-0.4911533
-0.4632631
-0.6632698
-0.4984462
-0.6991375
-0.5004519
-0.5338008
-0.6518762
-0.6241855
-0.5179027
-0.5093136
-0.4992691
-0.6212262
-0.5999064
-0.4889521
-0.4690266
-0.5188133
-0.4001053
-0.4224413
-0.506178
-0.6551806
-0.5014085
-0.515646
-0.4737619
-0.4826986
-0.6392656
-0.5138801
-0.4699042
-0.4455478
-0.5199218
-0.5887469
-0.5104269
-0.2718103
-0.4349678
-0.408479
-0.4946253
-0.4893016
-0.3965561
-0.3836253
-0.3330946
-0.4057461
-0.6359672
-0.5837148
-0.3941382
-0.4388711
-0.5198404
-0.3998504
-0.3845788
-0.5335723
-0.414084
-0.5148193
-0.3657284
-0.4990051
-0.5968565
-0.3234957
-0.4438928
-0.3490956
-0.4659951
-0.2763838
-0.4422737
-0.5495192
-0.3612709
-0.3462883
-0.4225295
-0.4469125
-0.5237529
-0.3346312
-0.3693191
-0.4079035
-0.471469
-0.4233929
-0.4679877
-0.4110818
-0.4342463
-0.3231407
-0.500893
-0.4776523
-0.4218841
-0.300008
-0.4974031
-0.38105
-0.4641399
-0.4433605
-0.3247907
-0.4297933
-0.5043534
-0.2399903
-0.3377154
-0.3069781
-0.2986725
-0.4124505
-0.3708538
-0.3306767
-0.5055193
-0.4962507
-0.1949281
-0.2789865
-0.2965565
-0.2884158
-0.3392232
-0.3583948
-0.3176159
-0.1648072
-0.3970048
-0.4547988
-0.2454148
-0.3138954
-0.3107313
-0.2902859
-0.3930166
-0.3976255
-0.422975
-0.3222431
-0.2706368
-0.2935831
-0.2061082
-0.2508047
-0.3525737
-0.3313866
-0.3407064
-0.3778626
-0.2403039
-0.2207691
-0.2465119
-0.2264059
-0.2615341
-0.3482615
-0.2840748
-0.2702559
-0.258198
-0.2844309
-0.3905485
-0.2959183
-0.1626961
-0.2622781
-0.3323554
-0.2426109
-0.4188069
-0.1680614
-0.2457132
-0.2461763
-0.3708225
-0.4224564
-0.2352663
-0.2569724
-0.2634443
-0.2896656
-0.2321056
-0.08393975
-0.13643
-0.431653
-0.2870298
-0.3743568
-0.2771229
-0.1180356
-0.1876999
-0.2520334
-0.2461086
-0.2318677
-0.1360086
-0.1934059
-0.2234692
-0.3746058
-0.3654788
-0.3207168
-0.3289837
-0.2019223
-0.2333784
-0.1048115
-0.07885808
-0.2543755
-0.3553427
-0.1117201
-0.1531451
-0.1287247
-0.1522399
-0.1697429
-0.0896151
-0.1576328
-0.07037306
-0.1430266
-0.1368791
-0.1595005
-0.1346909
-0.1705632
-0.1371308
-0.01897357
-0.1976518
-0.1413387
-0.3109954
-0.2310346
-0.1515066
-0.1733959
-0.03504265
-0.1278647
-0.1579271
-0.05536087
-0.06231812
-0.1130221
-0.07015472
-0.2323783
-0.04273076
-0.09846728
0.01673892
-0.1333801
-0.1117324
-0.151688
-0.06628572
-0.08242616
-0.1698017
-0.2962448
-0.1642613
-0.2224912
-0.182455
-0.2206966
-0.2234505
-0.09234501
-0.03218662
0.01779922
-0.1420089
-0.1869312
-0.04320942
-0.07284029
0.005580266
0.01388826
-0.1364896
-0.01169825
-0.08243525
-0.0911379
-0.1385302
-0.1659389
-0.04342822
-0.03780276
-0.1273701
-0.1450337
0.0122197
-0.1667221
-0.08113658
-0.04940344
-0.1086859
0.06718603
-0.1117955
0.03831202
-0.05700536
-0.144362
-0.06223893
-0.07793548
-0.003319085
-0.08196926
0.05820174
-0.05648156
-0.07676547
-0.02956979
-0.1330633
0.08153293
-0.03840291
0.1180952
-0.09274248
-0.08765485
-0.02355652
0.05548596
-0.05460191
0.03299554
0.08599189
-0.1093279
-0.103669
0.05028563
0.0009381643
-0.09752863
-0.1644698
0.08427349
-0.007435193
-0.1017461
0.07219774
-0.005348528
0.2303608
0.163006
-0.1151118
0.04801547
-0.07498761
0.09691798
-0.02078526
0.08882881
0.09813819
0.08085708
0.2009867
0.1430225
-0.0385492
0.02947332
-0.09605348
-0.008694354
0.1038879
0.2094327
0.04669683
-0.05194082
-0.06764167
0.1887068
0.07872743
0.1295888
0.01180608
-0.0114007
0.1935225
0.07906499
0.1381338
0.04582425
-0.04996696
-0.04801446
0.258762
-0.1069616
0.0565906
0.125533
0.02719772
0.1437135
-0.02440941
0.2316542
0.01777673
0.1037273
0.1473835
0.01330969
0.1530591
0.0510574
-0.01508106
0.1624837
0.1926085
0.1090192
0.1043948
0.1523857
0.2495717
0.2009447
0.1456604
0.06647073
0.1564285
0.003250393
0.156566
0.09790536
-0.06023841
0.07659512
0.2052586
0.09550249
0.1248354
0.09839645
0.09976853
0.1681079
0.1357549
0.06609125
-0.005101577
0.1281205
0.1727707
0.1761661
0.2979977
0.2292632
0.1273913
0.242462
0.2010754
0.1177406
0.1748526
0.1132515
0.1380031
0.2572586
0.1412359
0.2351565
0.1382857
0.1998254
0.2031815
0.02393816
0.2414398
0.2419874
0.3450807
0.2811451
0.3569067
0.09120563
0.300431
0.140173
0.2944407
0.0978501
0.3030401
0.1960947
0.3164069
0.2672253
0.1820425
0.2561963
0.2669999
0.3538803
0.3243391
0.3129679
0.1849391
0.2893766
0.2399349
-0.04549958
0.2168481
0.1613273
0.1975596
0.2796122
0.333164
0.2778239
0.3526141
0.2531412
0.3474927
0.2624528
0.2032653
0.08189554
0.3375855
0.1620296
0.4261238
0.2780505
0.183355
0.3201908
0.2240982
0.3112282
0.4048554
0.3229213
0.3359972
0.4019848
0.3712869
0.2241949
0.1323869
0.2841834
0.1128294
0.2331467
0.274074
0.3443456
0.2706017
0.3578186
0.245755
0.2381619
0.3045151
0.2717082
0.259728
0.4171061
0.1541729
0.3402159
0.3204713
0.3324144
0.3715917
0.2385929
0.3632563
0.2578719
0.2815919
0.2351934
0.3504108
0.2302285
0.3255459
0.2766193
0.4233249
0.467968
0.3581792
0.3953405
0.3771415
0.4988095
0.2443059
0.2901081
0.3399439
0.4055181
0.3648233
0.3501892
0.3961715
0.2859482
0.3499684
0.3938437
0.415026
0.4090362
0.5965463
0.3829757
0.3443668
0.3660482
0.4387307
0.3689049
0.5239195
0.3914353
0.5068449
0.2998404
0.373076
0.4370169
0.3353937
0.4144732
0.2817361
0.2934023
0.348087
0.405093
0.4267436
0.5729752
0.5039357
0.5088545
0.2842841
0.3523494
0.4807243
0.4422781
0.422236
0.4828704
0.5346557
0.4297096
0.6154456
0.3840803
0.4729836
0.4377464
0.3171993
0.5238055
0.3956285
0.5843518
0.5699804
0.349376
0.2661409
0.5196679
0.5013745
0.3837228
0.515917
0.6097974
0.4630619
0.4328976
0.5379829
0.5537068
0.3703849
0.5118696
0.5535086
0.3533995
0.5427132
0.6701095
0.4557541
0.4987156
0.541663
0.6693769
0.4704365
0.3463634
0.6145597
0.6000434
0.6288105
0.5257548
0.7323647
0.5381021
0.4880266
0.5660751
0.557503
0.4851238
0.5250496
0.4094541
0.4961517
0.5926958
0.6164491
0.5254633
0.5673545
0.5076673
0.634415
0.617041
0.6041358
0.566512
0.4996396
0.55484
0.5631381
0.4644862
0.4911481
0.4238861
0.4774687
0.71981
0.5863315
0.503691
0.595098
0.6123198
0.6357844
0.5501875
0.5495438
0.6607079
0.5212037
0.5043706
0.6877857
0.4912969
0.5322345
0.4410954
0.6182314
0.5919256
0.6146573
0.5415283
0.6065565
0.7065639
0.6649872
0.6313289
0.6291935
0.5528098
0.7218888
0.6652997
0.5368632
0.6339261
0.557606
0.7406205
0.6085428
0.657442
0.7429065
0.6922374
0.6407817
0.6670893
0.5659599
0.5447803
0.6504526
0.7169495
0.7177572
0.6600793
0.7209158
0.587656
0.6749186
0.6615557
0.5669164
0.6522188
0.5251266
0.7150609
0.7360073
0.7783215
0.74716
0.785309
0.7338243
0.546664
0.7611369
0.6648743
0.7526899
0.7420141
0.6979417
0.6532087
0.5722775
0.4988645
0.6830965
0.6985285
0.7589476
0.7419953
0.7877518
0.6621257
0.696256
0.7896849
0.6975552
0.624645
0.6869603
0.795257
0.7861193
0.6334843
0.7983307
0.7314641
0.6372991
0.6498715
0.8350846
0.7007384
0.8198352
0.8930465
0.6748296
0.707105
0.760549
0.7381349
0.5912883
0.853558
0.6980732
0.6802233
0.7137033
0.9425231
0.7654841
0.7317251
0.8328996
0.7730455
0.7348241
0.8688795
0.8073703
0.7694314
0.6213592
0.6432925
0.8143316
0.7946198
0.8902328
0.8123323
0.7829305
0.8522851
0.9300943
0.8181093
0.6957565
0.9132107
0.7734307
0.70906
0.8737578
0.6270315
0.7860058
0.7572317
0.760833
0.7877216
0.7740436
0.802072
0.8529852
0.7411825
0.7893351
0.875096
0.7595799
0.8305903
0.7732917
0.8730457
0.8796072
1.046636
0.9577867
0.8200918
0.8851522
0.8688965
0.8886081
0.8065076
0.9521829
0.9736546
0.8366691
0.9187172
0.7425346
0.7617406
0.6837746
0.9126443
0.7349243
0.957808
0.9386906
0.9155192
0.8974083
0.9930185
0.8593173
0.8451605
1.023732
0.8525072
1.029638
0.9853722
0.7748274
0.9110186
0.9910588
0.849017
0.8227256
0.7855851
0.8779663
1.022048
0.7856927
0.8893821
0.8601283
0.6938205
0.8960305
0.9391278
0.8922418
1.108967
1.018154
0.9454452
0.976813
0.8867349
1.012421
0.9738238
0.9119877
1.000093
0.9849581
0.982145
0.9611627
0.8122089
1.006098
0.8102757
1.037159
0.9166747
1.00578
0.8315934
0.9673863
0.9786299
0.9071773
0.8921743
1.059268
0.9870246
1.070223
0.9974252
1.014697
0.9035475
1.071859
0.9701719
1.089273
0.9995662
0.9264995
1.026676
1.074267
0.9517434
0.9096169
0.8456766