-0.02116704
-1.031006
-0.9867214
-1.039956
-0.9367234
-0.9607978
-1.051846
-1.073021
-0.927708
-0.9782028
-1.031571
-1.064471
-1.023822
-0.8701684
-0.9278392
-1.054774
-0.903205
-0.9317243
-0.8946503
-0.920369
-0.9415753
-0.9747498
-0.9626598
-1.090014
-0.9077871
-1.100574
-0.9463816
-1.019272
-0.9508213
-0.929483
-0.969402
-0.9702881
-1.001723
-0.9889319
-0.9599638
-0.8780012
-0.9080182
-1.14169
-0.9401779
-0.9613854
-1.011754
-0.9212595
-0.8460226
-0.8012891
-0.9444398
-0.9628863
-0.872765
-0.9176031
-1.017298
-0.8542693
-0.931939
-0.7999235
-0.9104502
-0.9944474
-0.8558797
-1.029913
-0.9001875
-0.8479606
-0.8921664
-0.9981432
-1.068401
-0.9032009
-1.028871
-0.7981343
-0.9537538
-0.8074492
-0.7283958
-0.8356922
-0.7634501
-0.8946663
-0.8776181
-0.9208876
-1.019854
-0.978241
-0.7291054
-0.9403935
-0.8455136
-0.7234048
-0.8632411
-0.8488752
-0.6926008
-0.9471974
-0.915069
-0.8745491
-0.8675447
-0.9971683
-0.7201487
-0.863788
-0.8673293
-0.9869499
-0.7839325
-0.727627
-0.8906022
-0.6932578
-0.6062498
-0.8502464
-0.7621448
-0.8022827
-0.7881051
-0.8492739
-0.703699
-0.9457474
-0.6536727
-0.8141352
-0.8137028
-0.7904702
-0.7498665
-0.7812738
-0.8928358
-0.7332108
-0.8328722
-0.7406641
-0.78494
-0.7894612
-0.7986512
-0.7765167
-0.768871
-0.6205757
-0.754526
-0.7471021
-0.6898598
-0.8598995
-0.773906
-0.6877415
-0.8087089
-0.7059384
-0.5776046
-0.7584918
-0.8041482
-0.7207645
-0.7930733
-0.7765576
-0.8360913
-0.6975066
-0.6570104
-0.7530632
-0.797649
-0.5955575
-0.7881187
-0.5991821
-0.6668446
-0.8208199
-0.6597914
-0.8390677
-0.74213
-0.633234
-0.7426396
-0.6062811
-0.8180681
-0.8124285
-0.6577915
-0.8187765
-0.7933177
-0.6169721
-0.5972837
-0.6198306
-0.5951518
-0.7332784
-0.6410602
-0.6700893
-0.8253803
-0.6028841
-0.7519103
-0.6361747
-0.6542254
-0.6225966
-0.7351153
-0.6843646
-0.5628802
-0.6589326
-0.6578978
-0.6736381
-0.6718394
-0.6087335
-0.6483549
-0.6661313
-0.6842766
-0.7234923
-0.7229669
-0.6372755
-0.7023237
-0.6307602
-0.6643386
-0.7624636
-0.6862406
-0.5478241
-0.6683325
-0.5541187
-0.5811602
-0.6430529
-0.6338776
-0.4416054
-0.5600699
-0.5589151
-0.5759435
-0.6350283
-0.5518533
-0.5037479
-0.6613177
-0.6483987
-0.6491405
-0.5865177
-0.5838663
-0.5057533
-0.7063388
-0.5691875
-0.6725255
-0.6443275
-0.5476917
-0.7124952
-0.544248
-0.4853855
-0.5859843
-0.6407694
-0.5752137
-0.6133279
-0.530331
-0.5915013
-0.5547595
-0.6089331
-0.543038
-0.5178884
-0.4425511
-0.5593563
-0.6129179
-0.6217983
-0.4730082
-0.3527718
-0.6104509
-0.5157611
-0.6084677
-0.6321606
-0.252077
-0.5167865
-0.5854617
-0.6401308
-0.6503769
-0.4417809
-0.4102669
-0.5006756
-0.4484389
-0.4869665
-0.6338558
-0.4568486
-0.6269636
-0.5580624
-0.4592289
-0.4982055
-0.5071524
-0.4711723
-0.4456717
-0.4960575
-0.5944655
-0.4967881
-0.4375805
-0.4663208
-0.5088103
-0.5114414
-0.4414707
-0.3171571
-0.6307495
-0.4999967
-0.3640032
-0.4610177
-0.5281538
-0.4534216
-0.6264389
-0.4277478
-0.4856447
-0.4006724
-0.3540247
-0.4336219
-0.4154736
-0.5080027
-0.4508731
-0.375485
-0.3555438
-0.5510711
-0.5143084
-0.3980135
-0.3727825
-0.4354624
-0.3872134
-0.5458018
-0.3669921
-0.48356
-0.3495862
-0.4968299
-0.6249865
-0.2824943
-0.3154851
-0.3136528
-0.577357
-0.3291565
-0.4883239
-0.3272645
-0.3376466
-0.3952799
-0.3370746
-0.4907491
-0.3495856
-0.4831062
-0.3661462
-0.4604193
-0.4198986
-0.4813698
-0.6078131
-0.459776
-0.3682446
-0.4014379
-0.4227532
-0.4833498
-0.3854508
-0.3094092
-0.4790995
-0.2693304
-0.355102
-0.2142361
-0.2737181
-0.3873483
-0.5543081
-0.3764195
-0.3364208
-0.4385629
-0.3924666
-0.341806
-0.3961575
-0.5367796
-0.284763
-0.2967824
-0.3565964
-0.4401234
-0.3617119
-0.347456
-0.3947252
-0.2763214
-0.3342838
-0.3481356
-0.2636976
-0.2661177
-0.2886549
-0.3662472
-0.3142608
-0.3993141
-0.2853293
-0.295484
-0.2142658
-0.328633
-0.3382502
-0.4831836
-0.3572667
-0.3836209
-0.2780891
-0.2543117
-0.1974377
-0.2848458
-0.186345
-0.3560569
-0.1816306
-0.3530787
-0.4877907
-0.3088643
-0.2491431
-0.2283392
-0.3370937
-0.23042
-0.3195024
-0.3388459
-0.3451272
-0.3137928
-0.2685391
-0.206209
-0.2341147
-0.3441442
-0.3622077
-0.3354782
-0.1672592
-0.3498321
-0.2385368
-0.2229446
-0.2485331
-0.2612142
-0.24741
-0.2238479
-0.1891147
-0.3165521
-0.2490854
-0.09472841
-0.2652883
-0.2448815
-0.1886717
-0.07603177
-0.2186376
-0.3458744
-0.2152864
-0.3862209
-0.1174918
-0.03990847
-0.1664947
-0.1753155
-0.1865286
-0.1505361
-0.131398
-0.2493624
-0.08513182
-0.1318268
-0.1720047
-0.04076838
-0.2025018
-0.2303179
-0.1100298
-0.1748399
-0.1027469
-0.1171431
-0.2301417
-0.1034642
-0.180977
-0.2200195
-0.2647885
-0.2156026
-0.08100162
-0.2396839
-0.2002837
-0.09759077
-0.1202844
-0.2261641
-0.1986351
-0.2662903
-0.2153043
-0.2472445
-0.3219379
-0.118234
-0.04125579
-0.2378344
-0.1895303
-0.08142272
-0.08528098
-0.301923
-0.1541471
-0.1890084
0.01738606
-0.1729759
-0.1449433
-0.006034452
-0.2027976
-0.1540998
-0.2207133
-0.1570023
0.07392286
0.07501354
0.0356589
-0.05656658
-0.1760419
-0.08983719
-0.03451894
-0.12608
-0.1258437
-0.204579
-0.04054983
-0.01323082
-0.1684888
-0.2580465
-0.07310271
-0.02760671
-0.05728957
-0.1212565
-0.1441132
-0.1312104
0.04074181
-0.06279882
-0.00811203
-0.1028189
-0.1075737
0.03652023
0.00240553
-0.05831524
0.005759014
-0.1376049
0.1002317
-0.1003063
-0.1019785
-0.1653433
-0.1841408
0.008868036
0.1604254
-0.1333012
-0.05478175
-0.09114601
0.006187078
0.07804794
0.03447572
-0.00911824
-0.03802774
0.09107967
0.01909051
0.02053556
-0.08666936
-0.01029971
-0.08085944
-0.02571911
0.01394579
0.1492942
-0.02549629
-0.2184733
0.1149332
0.02016246
-0.06671396
-0.07664527
-0.02763572
0.132876
-0.1236477
0.02469791
0.1712832
0.01566436
0.09181213
0.1441205
-0.1081258
0.03366904
0.002307028
0.09191982
0.08225999
0.09104379
0.08058137
-0.05277658
-0.02830697
-0.03097872
0.1300518
0.1120481
-0.007891933
-0.009639343
0.1756544
0.05779547
-0.03643148
0.06626817
0.05367371
0.02454211
0.1483788
0.035865
0.08495844
0.0308979
0.0440535
0.01965545
0.07641071
0.08275548
0.1944588
-0.02597105
0.2223398
0.02835694
0.1172941
0.263049
0.1241931
0.06191433
-0.09555867
0.2147887
0.09248259
0.1182049
0.06926108
0.1251158
0.1275956
0.1884546
0.110402
0.1818418
0.182113
0.1671257
0.1640387
0.1177034
0.2263867
0.2626975
0.2104504
0.2571287
0.05772961
0.2027846
0.1772607
0.2679246
-0.03654222
0.1067409
0.1845478
0.1283868
0.04647948
0.1096773
0.1431392
0.149068
0.1444431
0.100857
0.1429364
0.1963636
0.2695883
0.1830335
0.1271341
0.2496104
0.1225378
0.2210892
0.2813718
0.1238292
0.3113836
0.2340769
0.2008185
0.042431
0.1518691
0.1550202
0.08160446
0.2958762
0.03743953
0.1494797
0.2094648
0.138814
0.2745917
0.221164
0.2198697
0.1940328
0.3118494
0.2168947
0.2315752
0.3493721
-0.1344723
0.234252
0.09079581
0.327157
0.2883395
0.2736535
0.2670741
0.2842734
0.3506716
0.1827129
0.2948295
0.3866783
0.3040627
0.1117831
0.2382867
0.301267
0.292488
0.1329431
0.3127339
0.2444357
0.1526413
0.1711791
0.1445051
0.3257934
0.299335
0.3099623
0.2087097
0.1838843
0.2870819
0.1113176
0.2387907
0.3580635
0.2824835
0.4294618
0.2620832
0.2619501
0.437543
0.3529436
0.3364485
0.2217279
0.3384278
0.3844655
0.4143063
0.2938966
0.3923208
0.3147094
0.4254094
0.4631494
0.1474797
0.3350672
0.4160685
0.2773489
0.1476258
0.5243674
0.167025
0.4074033
0.2610525
0.3185047
0.3038772
0.3535224
0.3624168
0.328381
0.3472142
0.3364887
0.435628
0.2970622
0.2538068
0.2444158
0.4751735
0.3859194
0.3912368
0.3124585
0.4790302
0.2824923
0.3471537
0.3060181
0.3999432
0.4084149
0.4229604
0.3455131
0.3973324
0.4350384
0.3276873
0.1567618
0.4240568
0.3142038
0.3956174
0.3374327
0.3633183
0.5297567
0.3639324
0.4390963
0.3540418
0.4440445
0.3977125
0.285669
0.2677267
0.3423404
0.2721651
0.2975379
0.5041093
0.4073616
0.4341939
0.4481248
0.3533973
0.5078575
0.4459585
0.3580036
0.4392157
0.5997706
0.3502301
0.6583849
0.467249
0.4561865
0.5047846
0.5347713
0.4831683
0.4277772
0.3870877
0.27604
0.5226033
0.3293194
0.4506421
0.4418425
0.5618293
0.3845828
0.5022772
0.6272522
0.5085435
0.4691274
0.5832336
0.547271
0.625585
0.5407546
0.5549034
0.5632211
0.4833283
0.2862502
0.5238251
0.3387363
0.5186651
0.5358407
0.5904231
0.4321607
0.4475789
0.5793209
0.6966438
0.4248947
0.4591139
0.5574776
0.5821773
0.6813968
0.5549987
0.7196686
0.5454073
0.4642154
0.5936111
0.5317398
0.4744608
0.4462474
0.6297892
0.5209127
0.5536241
0.5123698
0.6076552
0.7249363
0.6006977
0.480105
0.4988171
0.4852822
0.6178483
0.5871236
0.5013168
0.6142915
0.7277767
0.5886038
0.4445018
0.7604653
0.6261917
0.5090534
0.5182452
0.4303035
0.6342901
0.6179971
0.6421004
0.6338351
0.6879684
0.643511
0.4288351
0.583953
0.6694359
0.7737027
0.6973339
0.6863244
0.7008231
0.7015461
0.6137909
0.6061465
0.5817066
0.6619111
0.6490357
0.6042854
0.6452064
0.6876158
0.4479225
0.640365
0.6130805
0.4893694
0.722915
0.6616598
0.6638527
0.6341829
0.5785333
0.5146764
0.6829047
0.697929
0.8084155
0.5625313
0.6778318
0.55088
0.5793982
0.7491234
0.6998963
0.6651929
0.6511392
0.7018479
0.6614844
0.5975758
0.5888297
0.6594363
0.6535611
0.8012493
0.5561079
0.7830388
0.6449926
0.6395568
0.5752356
0.5166084
0.6398936
0.7820572
0.7575905
0.7724462
0.5831769
0.7337497
0.665771
0.6760994
0.7302243
0.6096487
0.5838029
0.8457269
0.6861368
0.7575804
0.5597735
0.7893312
0.6589668
0.6879298
0.6467367
0.8478945
0.8150243
0.7439694
0.8378158
0.7784107
0.7519704
0.7631623
0.9314542
0.6849485
0.7712226
0.647539
0.6915169
0.7836833
0.7501511
0.7126285
0.7585519
0.694025
0.7202043
0.8185769
0.8468139
0.6553336
0.9288727
0.7679234
0.7327383
0.589794
0.7515088
0.7078196
0.7127496
0.8611487
0.7085156
0.7302772
0.9265773
0.7654221
0.7073912
0.8927411
0.6820162
0.8844203
0.9663886
0.9401773
0.8499511
0.870088
0.792272
0.8407974
0.9180749
0.843229
0.9160848
0.8641842
0.8548421
0.8023706
0.8328828
0.8500886
0.9501831
0.952305
0.7886731
0.7784277
0.8017948
0.8079031
0.8362724
0.8195238
0.736676
0.9055618
0.8397837
0.9305237
1.004942
0.9621837
0.9657825
0.8483855
0.9149899
0.8239498
0.8463633
0.8191042
1.019563
0.8787094
0.9009688
1.064203
0.9721385
0.816415
0.8834594
1.042664
0.925204
0.9955845
0.9015005
0.7079716
0.9111306
0.8671758
0.9539234
0.9928067
1.00529
1.071267
1.050947
0.9550484
0.952365
0.9759797
0.8410224
0.8512193
1.020036
1.001533
0.9047644
0.8726964
0.9438346
0.9714447
0.8899446
1.013316
1.034251
0.9123509
1.096247
1.1276
0.8858068
0.8838288
1.026773
1.051917
0.8868937
0.8829272
0.9482659
0.8287691
1.001751
1.018155
0.9274701
0.8709627
1.083221
0.8905296
0.8854916
1.127034
1.036481
1.042936
1.154747
0.8501344
0.9611496
0.9482558
0.9592234