-0.04101601
-1.083466
-0.9759414
-1.043478
-0.9280691
-0.9275699
-0.8844173
-0.9293312
-0.958302
-1.119468
-0.9471614
-0.916218
-0.9893063
-0.9850407
-0.8916115
-1.025637
-1.02466
-0.7588387
-1.000362
-1.009318
-0.9730366
-0.7884586
-0.9145075
-0.9817322
-0.8657832
-0.899396
-1.001409
-0.9435449
-0.9468109
-0.9370445
-0.7654432
-0.9198563
-0.8104254
-1.03985
-0.9334587
-0.8688623
-0.9646516
-0.9047017
-0.9668807
-0.8697814
-0.8620521
-0.9523148
-0.9335978
-1.078837
-0.972009
-1.011027
-0.9831351
-1.053989
-0.9405405
-0.8627087
-0.895041
-0.9584005
-0.9876977
-0.8863313
-0.8987017
-0.9954691
-0.821394
-0.8121552
-0.9330531
-0.9175832
-0.8834244
-0.8916314
-1.046275
-0.9790755
-0.8191025
-0.8640874
-0.8410268
-0.9009414
-0.7051164
-0.950389
-0.9240714
-0.9587603
-0.9231812
-0.9460357
-0.9823533
-0.8140345
-0.8899852
-0.8896647
-0.7007187
-0.8165023
-0.7843486
-0.8863717
-0.8222722
-0.9425244
-0.9530918
-1.024657
-0.8392032
-0.7612833
-0.7916558
-0.7720825
-0.9063639
-0.9584368
-0.7425821
-0.9088431
-0.7668619
-0.88747
-0.7964074
-0.7713529
-0.9348606
-0.7384728
-0.8382711
-0.7520171
-0.798645
-0.7945557
-0.7401474
-0.7613499
-0.8467117
-0.5929102
-0.7433091
-0.8013497
-0.8995222
-0.8130881
-0.8286943
-0.780495
-0.5314611
-0.8181063
-0.781002
-0.7254006
-0.7789878
-0.653118
-0.8705489
-0.7011042
-0.9029795
-0.6690948
-0.6760522
-0.8101409
-0.8022018
-0.7936932
-0.7830284
-0.8487146
-0.8218821
-0.7409161
-0.8345128
-0.6249957
-0.7058291
-0.8018336
-0.8029431
-0.6699661
-0.7317444
-0.8155963
-0.679934
-0.7657315
-0.7479074
-0.5164544
-0.8131636
-0.6354578
-0.7565655
-0.4705406
-0.6198066
-0.6703992
-0.6875376
-0.6098092
-0.6578659
-0.6283339
-0.7017453
-0.7604649
-0.6622152
-0.6993202
-0.57727
-0.8079331
-0.7235847
-0.6336911
-0.5557215
-0.6090025
-0.6175959
-0.6920271
-0.7334216
-0.6931753
-0.6898108
-0.6361255
-0.5810558
-0.684223
-0.6098583
-0.471913
-0.7427513
-0.566903
-0.7924749
-0.6131422
-0.7769031
-0.593454
-0.5539205
-0.6068765
-0.6450417
-0.5699963
-0.5969693
-0.5975512
-0.7276863
-0.6634751
-0.5648106
-0.5354833
-0.7685333
-0.625347
-0.7379413
-0.5673946
-0.5863311
-0.633563
-0.5336531
-0.6437199
-0.6685995
-0.4678696
-0.5558719
-0.7748353
-0.6264496
-0.636012
-0.6568838
-0.6626154
-0.5762884
-0.4086329
-0.5981653
-0.3965725
-0.5059229
-0.5690063
-0.4816627
-0.4840745
-0.6122009
-0.5942415
-0.5361785
-0.6819264
-0.5016541
-0.6768324
-0.5796543
-0.5376133
-0.656056
-0.6792819
-0.4030124
-0.6277682
-0.5709169
-0.3830424
-0.5088325
-0.562302
-0.5574073
-0.3757558
-0.6160664
-0.491681
-0.6001679
-0.615623
-0.4802644
-0.4792595
-0.5494929
-0.4820372
-0.515798
-0.472939
-0.5207365
-0.5818207
-0.4368562
-0.5921567
-0.6028315
-0.4951708
-0.5596547
-0.6439189
-0.5548552
-0.3616383
-0.6712711
-0.3328946
-0.5234802
-0.5407801
-0.5136767
-0.4652751
-0.4684363
-0.4053576
-0.378099
-0.5010451
-0.6016027
-0.4577006
-0.507897
-0.5422886
-0.402552
-0.40961
-0.4147953
-0.5193021
-0.4078472
-0.3268992
-0.458816
-0.3962062
-0.2854561
-0.3554266
-0.4363324
-0.4732358
-0.3738165
-0.5067809
-0.4733438
-0.3958322
-0.366429
-0.4661629
-0.5232883
-0.3370515
-0.4703177
-0.5107782
-0.2715925
-0.5838334
-0.4408542
-0.3526171
-0.4537021
-0.3706132
-0.4118629
-0.396244
-0.4035478
-0.5378608
-0.3465858
-0.4261805
-0.582135
-0.5012505
-0.3960537
-0.5128416
-0.4805391
-0.4624607
-0.325582
-0.2879035
-0.4339239
-0.4416442
-0.4698197
-0.5724478
-0.3674861
-0.3906832
-0.3467802
-0.4493239
-0.4466406
-0.353976
-0.4109321
-0.4213176
-0.4352445
-0.3669641
-0.360384
-0.2656595
-0.3631581
-0.3884882
-0.4488248
-0.3712067
-0.410061
-0.2956917
-0.3978415
-0.3972608
-0.3514691
-0.3569739
-0.3718269
-0.1710699
-0.1703242
-0.1936907
-0.3455579
-0.3870527
-0.3290816
-0.3513511
-0.3207672
-0.2838987
-0.3857622
-0.3567443
-0.2865173
-0.2686639
-0.3654592
-0.2485895
-0.2644301
-0.1992758
-0.284923
-0.2724552
-0.2180613
-0.348696
-0.2490646
-0.2200826
-0.3624943
-0.1900153
-0.3573986
-0.2220312
-0.2909248
-0.2493718
-0.2099865
-0.276797
-0.3519153
-0.4168906
-0.4108158
-0.2701458
-0.2120442
-0.2109801
-0.316491
-0.3896019
-0.1308297
-0.3777043
-0.2779273
-0.2294371
-0.1366791
-0.3439588
-0.1260817
-0.1309074
-0.2940706
-0.4064876
-0.3805175
-0.1235864
-0.1856537
-0.1979109
-0.2156267
-0.1536222
-0.342286
-0.3142458
-0.332728
-0.3134962
-0.3141211
-0.1515456
-0.2825187
-0.2279874
-0.1441266
-0.2507652
-0.3040026
0.00668271
-0.04680579
-0.3687458
-0.3413398
-0.1935158
-0.2680157
-0.1561867
-0.003728343
-0.1960337
-0.1516465
-0.2570133
-0.1637318
-0.2259828
-0.1751761
-0.1079322
-0.162304
-0.2940392
-0.2024795
-0.1852151
-0.1382173
-0.1672134
-0.0993563
-0.2140937
-0.0507192
-0.3611568
-0.1404241
-0.02888626
-0.1665034
-0.07722362
-0.2178458
-0.1953833
-0.07051812
-0.115877
-0.151096
-0.2149419
-0.05908601
-0.2390366
-0.1006076
-0.2460012
-0.2161619
-0.1746005
-0.1487715
-0.05750681
-0.1379183
-0.06116407
-0.3002328
-0.2572512
-0.1054735
-0.07711078
-0.2082612
-0.02682849
-0.02900678
-0.2463254
0.0547696
-0.2190574
-0.006925545
-0.02668086
0.0261939
-0.3081531
-0.08470991
-0.0432329
-0.1420008
-0.03902659
-0.1245278
0.04832364
-0.1214374
-0.1571457
-0.04979866
-0.01562154
-0.005799988
-0.09641995
-0.1345795
-0.08367042
-0.03165806
0.03389182
-0.1805735
-0.07144224
0.009392168
-0.0350144
-0.06935711
-0.06002057
0.03146179
0.06441898
-0.04501556
-0.08035409
-0.01286224
-0.1753191
-0.04550042
0.06197589
-0.1379084
0.09976764
0.01496175
0.004634868
-0.1515646
-0.1008755
0.03236977
-0.1831907
-0.02090456
0.003771086
-0.1151674
-0.013691
0.1407091
-0.006584147
-0.05871104
0.1012979
-0.01204955
0.01950268
0.01928305
0.004266505
0.02141842
-0.04074217
0.003181005
0.000127584
0.08267503
0.1292415
0.004753176
0.05495953
0.02554884
0.07537839
0.1046601
-0.06467816
0.137043
0.03719634
0.03966717
0.14296
0.02012332
-0.08481972
-0.06773741
0.0410353
-0.03114563
0.2208191
0.1116765
0.07433269
0.1590826
0.1468297
0.02697899
-0.04489998
0.1062704
0.1375482
0.04659899
0.1122061
0.08939644
0.02813098
0.157058
0.03544432
0.1421027
-0.003695865
0.1997696
0.02296231
0.2465253
0.1487674
0.1042103
0.003155436
0.155175
0.22247
0.1215636
0.05798824
0.1096451
-0.03800782
0.08869817
0.1757932
0.1168529
0.0717716
0.147014
0.2299126
0.1771444
0.02248704
0.1099659
0.1686218
0.2082741
0.1451697
0.2897495
0.1241544
0.1680712
0.04184055
0.1840879
0.1654957
0.1618512
0.14063
0.1866996
0.1396988
0.1450831
-0.008960809
0.09545496
0.2483052
0.3019978
0.1119629
0.1223918
0.2981263
0.1628159
0.159907
0.1918516
0.1122486
0.2635848
0.06055192
0.2407515
0.2650704
0.1254195
0.3180851
0.186872
0.1870014
0.1151037
0.02830153
0.3118022
0.2330574
0.1548485
0.1874769
0.1915719
0.3401324
0.2373091
0.1631604
0.0685067
0.1750843
0.2590815
0.2303831
0.1077504
0.1484426
0.2550396
0.1594171
0.3196957
0.2002235
0.2453949
0.3637372
0.2712692
0.2514063
0.1594028
0.1445245
0.2761097
0.2652188
0.08543115
0.02956791
0.2814966
0.3448843
0.245962
0.1897488
0.2332703
0.2983436
0.1489263
0.1930295
0.2542069
0.2628201
0.2568789
0.3920246
0.2512187
0.3728325
0.1308096
0.31036
0.3218879
0.2540571
0.4218107
0.3107909
0.2619547
0.4013417
0.3904668
0.4113165
0.3383178
0.3018591
0.3087587
0.388823
0.3225145
0.1682336
0.3442885
0.4219423
0.3994583
0.4377305
0.3967344
0.2342759
0.3845673
0.2812778
0.2467979
0.4163057
0.4198563
0.388885
0.3052021
0.3904613
0.2577032
0.4633535
0.5699928
0.5293991
0.3966925
0.5272321
0.3354013
0.3937534
0.3127509
0.3538434
0.4175551
0.5443552
0.3394178
0.359164
0.4804534
0.3586333
0.2437307
0.2556614
0.3445445
0.3072973
0.3398239
0.2807863
0.4693897
0.3840685
0.2516944
0.4100109
0.4087402
0.5058518
0.3898414
0.3689182
0.3149863
0.4687154
0.3759637
0.43991
0.3707238
0.4159862
0.2960994
0.3286551
0.48962
0.3805119
0.4377613
0.420684
0.4520831
0.3882707
0.2510189
0.3982847
0.3147666
0.5652158
0.4783542
0.4916994
0.3821166
0.5538428
0.5440074
0.4913774
0.4409612
0.452359
0.4603413
0.3909899
0.4368535
0.4271337
0.4454137
0.3633655
0.4596684
0.4044667
0.427067
0.3897909
0.5152326
0.4369652
0.454905
0.5570619
0.5597359
0.6022981
0.5648279
0.5566093
0.5529414
0.544905
0.6224123
0.6173537
0.517224
0.5287699
0.6223182
0.5838626
0.4366998
0.5513387
0.5294919
0.5358851
0.4906034
0.4758587
0.6093772
0.4121855
0.5047854
0.4574192
0.5921176
0.5235939
0.5518868
0.5039756
0.529591
0.4621639
0.4707367
0.5660876
0.404621
0.5126759
0.637473
0.6402837
0.6173346
0.5695662
0.6675129
0.414028
0.5858351
0.6051393
0.5201358
0.6070166
0.521611
0.5371846
0.4279932
0.7581185
0.6235405
0.5854274
0.4689463
0.5076943
0.5881627
0.543452
0.593323
0.6683
0.5625606
0.5733549
0.4592432
0.6568547
0.5440271
0.4225984
0.487661
0.5270267
0.610413
0.639353
0.6154931
0.7022515
0.7387997
0.6737886
0.7342394
0.5288184
0.5707575
0.6801098
0.5890976
0.6431423
0.6250247
0.6862496
0.4366543
0.6738244
0.6999406
0.8450342
0.7041012
0.6711414
0.6726125
0.7409721
0.8249098
0.6694685
0.6180802
0.6696133
0.6670685
0.7480952
0.6697026
0.6081641
0.7602777
0.6815879
0.6400637
0.6435177
0.6895726
0.6833276
0.6194279
0.7794765
0.5922767
0.6713323
0.5904246
0.6172115
0.8234683
0.7302764
0.7049267
0.753462
0.796211
0.782631
0.707872
0.686844
0.7607754
0.622166
0.8755914
0.7018813
0.7408208
0.7911872
0.6472715
0.7078951
0.6740955
0.7883732
0.6843371
0.6136106
0.6341173
0.7754857
0.6967051
0.8577288
0.8742527
0.7254392
0.7025752
0.8303815
0.7952805
0.5753435
0.7944184
0.6886364
0.6943291
0.7621729
0.703622
0.7259984
0.7062384
0.7717841
0.777008
0.7068807
0.8478429
0.8586661
0.938078
0.8697845
0.729647
0.8329845
0.6819141
0.7382858
0.7352252
0.732033
0.909377
0.8105098
0.8552827
0.6774239
0.8078883
0.810208
0.8381607
0.7609972
0.8665112
0.7272167
0.8453679
0.7139034
0.8184043
0.806361
0.8109351
0.7596141
0.7874696
0.8941545
0.8177292
0.9729982
0.8575741
0.9037279
0.8190788
0.8277784
0.7680313
0.9853156
0.902341
0.8499998
0.8260949
1.066226
0.8047194
0.9326984
0.9538439
0.8850994
0.8265778
0.8782499
0.768674
0.8669448
0.749159
0.9225315
0.9891742
0.7793567
0.9344985
0.7742383
0.8850758
0.9893422
0.840129
0.9340519
0.8450564
0.864876
0.7460415
0.8994457
0.9750031
0.9838812
0.9433178
0.9245273
0.7832169
1.08838
0.991964
0.8598587
0.9467901
0.8662608
0.9011875
0.9464081
0.9833049
0.9282289
1.043099
0.8921385
0.9181942
0.8066856
0.9081232
1.027324
0.9384782
1.047612
0.9454026
1.05369
0.8366305
0.865849
0.9681823
0.9118464
0.9733373
0.7574386
0.9100284
1.044254
0.9258521
0.8368395
1.025523
0.9614793
1.0235
0.9436304
0.9912797
1.140326
0.9548771
1.125411
0.9800006
0.9542679
1.017595
0.9186056
1.041259
1.095396
0.8752463