0.1310426
-0.9692798
-1.022456
-0.7854899
-0.9053619
-1.059289
-0.9885038
-0.864252
-1.064996
-1.00275
-1.03063
-1.061769
-0.9988228
-1.018911
-0.8475514
-1.025362
-0.8393452
-0.9455361
-0.9952556
-0.9975849
-0.8392526
-0.9283157
-1.036606
-0.8578733
-1.086077
-0.9276406
-0.7968273
-1.034413
-0.8848622
-0.8670059
-0.8978691
-0.9137323
-0.9790803
-0.8579046
-0.7957439
-1.168095
-0.9857428
-0.9486553
-0.9254578
-0.8874521
-1.06267
-0.8343892
-0.7324127
-1.004687
-0.9460554
-0.8259052
-0.8851155
-0.881485
-0.9017776
-0.7492887
-0.7925219
-0.9385986
-0.8432217
-0.86742
-0.8428353
-0.7710023
-0.9117047
-0.8346529
-0.9475796
-0.8040831
-0.8927287
-0.9282551
-0.8084771
-0.8325895
-0.9048919
-1.071606
-1.021993
-0.7447315
-0.7734243
-0.810769
-0.8389413
-0.730158
-0.8967844
-0.7716522
-0.8936761
-0.8532437
-0.8047589
-0.9054345
-0.9066674
-0.7985348
-0.6908696
-0.9120816
-0.7878737
-0.8728097
-0.8036649
-0.8443642
-0.8859353
-0.815712
-0.7709934
-0.7549159
-0.8653396
-0.8556664
-0.8154648
-0.7916424
-0.8422425
-0.9696359
-0.6742807
-0.6878552
-0.8817715
-0.6606724
-0.7197483
-0.8518976
-0.9120701
-0.8039952
-0.8173518
-0.722159
-0.7477139
-0.6626275
-0.7751246
-0.8972888
-0.8351059
-0.8177669
-0.6804827
-0.7686253
-0.7837706
-0.6521012
-0.7370231
-0.7533042
-0.8683061
-0.6824092
-0.8605302
-0.7604816
-0.755633
-0.7428711
-0.7180123
-0.8644472
-0.6945116
-0.6685731
-0.8046277
-0.734628
-0.7062239
-0.7520664
-0.8225361
-0.769844
-0.7014976
-0.584421
-0.8179772
-0.747548
-0.6739201
-0.818461
-0.7477429
-0.6995055
-0.8249585
-0.7412933
-0.6922129
-0.7609751
-0.810815
-0.6178573
-0.731571
-0.6846027
-0.7334777
-0.6086331
-0.6188616
-0.766596
-0.5882877
-0.7586078
-0.6529981
-0.6649055
-0.8273156
-0.6763567
-0.6605698
-0.750748
-0.6301493
-0.7705433
-0.6671077
-0.7013348
-0.6952773
-0.7160244
-0.6832136
-0.6846274
-0.7392825
-0.552734
-0.7203555
-0.6480646
-0.5538738
-0.6431701
-0.4935902
-0.687825
-0.5911041
-0.7954958
-0.5281515
-0.602528
-0.5474171
-0.6469604
-0.54795
-0.5078844
-0.7812
-0.6377989
-0.5347244
-0.5123126
-0.7102451
-0.5369366
-0.6077521
-0.6641505
-0.6604145
-0.7883933
-0.6296657
-0.5978768
-0.6195622
-0.6862243
-0.6960772
-0.4734715
-0.6716607
-0.6159913
-0.6271093
-0.6427703
-0.522282
-0.7627829
-0.5818876
-0.6254188
-0.6160834
-0.5714167
-0.6866982
-0.5952177
-0.6801685
-0.5843898
-0.6362682
-0.5123735
-0.5230945
-0.5268333
-0.5951768
-0.5451751
-0.6899562
-0.6363115
-0.5045542
-0.5613537
-0.6066137
-0.6293846
-0.5169288
-0.4312673
-0.6386609
-0.4212657
-0.3743884
-0.3541729
-0.4799549
-0.6975008
-0.625951
-0.3327115
-0.4223582
-0.5287431
-0.5479272
-0.5144742
-0.6537161
-0.7002694
-0.524429
-0.5189132
-0.4705732
-0.4004727
-0.4350294
-0.6158356
-0.5224503
-0.3186609
-0.5787112
-0.4250664
-0.3494193
-0.518848
-0.6364879
-0.3746898
-0.4285809
-0.4149229
-0.4801498
-0.4711153
-0.3824918
-0.4531047
-0.6203927
-0.4907857
-0.4911537
-0.5714731
-0.240077
-0.559686
-0.4539394
-0.5181593
-0.3479896
-0.2655624
-0.3502495
-0.438014
-0.4601296
-0.4135925
-0.291101
-0.5671581
-0.3893875
-0.4378421
-0.4230096
-0.5187822
-0.2454764
-0.3782717
-0.2663554
-0.4701316
-0.4705699
-0.5686427
-0.3411892
-0.4419059
-0.3714197
-0.3007652
-0.3323947
-0.4202056
-0.4176414
-0.4706376
-0.3373837
-0.3707696
-0.4382964
-0.4745976
-0.3853586
-0.410719
-0.4402426
-0.4680822
-0.2404247
-0.4513796
-0.414718
-0.314585
-0.3874275
-0.3564232
-0.3495408
-0.236993
-0.2657736
-0.103617
-0.4502465
-0.3494895
-0.3449942
-0.4521722
-0.4628315
-0.4364384
-0.3894557
-0.1802547
-0.1851445
-0.2436012
-0.3972102
-0.4710138
-0.4861013
-0.3687182
-0.3746621
-0.2430186
-0.4396282
-0.2680504
-0.3642235
-0.2990758
-0.4321757
-0.3134942
-0.1918278
-0.2553731
-0.1201765
-0.1832038
-0.2048762
-0.3596253
-0.4780337
-0.2466958
-0.2957726
-0.3263067
-0.2216221
-0.4144283
-0.2600837
-0.2648534
-0.1160079
-0.06905078
-0.3097992
-0.4129848
-0.2788728
-0.1326886
-0.3471083
-0.3944353
-0.4794551
-0.2121736
-0.334597
-0.3254879
-0.2879993
-0.4032851
-0.3481461
-0.3055347
-0.1841865
-0.2136686
-0.4274334
-0.3140444
-0.05492714
-0.2396655
-0.2434333
-0.2121394
-0.2928561
-0.2763122
-0.3077819
-0.2627051
-0.2500452
-0.2174208
-0.3331808
-0.2341581
-0.299296
-0.2106152
-0.1131662
-0.1961532
-0.06520807
-0.2931699
-0.2845164
-0.2043193
-0.126892
-0.1849568
-0.2154403
-0.09534129
-0.2319004
-0.2541826
-0.1549171
-0.1335154
-0.2501852
-0.2383633
-0.2814225
-0.2424362
-0.1583633
-0.2044026
-0.2444046
-0.216172
-0.3093271
-0.08184882
-0.2577122
-0.1987078
-0.1913967
-0.1565578
-0.1215087
-0.1841559
-0.09248087
-0.017294
-0.1832505
-0.1894088
-0.1600283
-0.1350247
-0.1559483
0.01578757
-0.2527001
-0.2080935
-0.1894566
-0.0892013
-0.1646254
-0.1743458
-0.1558308
-0.0638748
0.0443732
-0.2460044
-0.2204087
-0.167172
-0.2595541
-0.04698576
-0.1286567
-0.2726288
-0.1112969
-0.06508283
-0.1154856
-0.0008297545
-0.02139334
-0.1499525
-0.0107963
-0.1405726
0.02703116
-0.04396279
0.04603736
-0.1366638
-0.1663197
-0.1328242
0.05549333
-0.008206949
-0.1079193
-0.04925187
-0.1778615
0.005012275
0.04280418
-0.07273331
0.004752647
-0.07496127
0.05789012
-0.08133156
-0.1524367
0.09366934
-0.1255512
-0.09760198
-0.1197897
-0.1539045
0.04495632
-0.006736366
0.01618576
-0.1328403
-0.004266041
-0.07671067
0.02348396
-0.1563137
-0.1162589
-0.1085711
-0.03579969
-0.0687328
0.03624191
-0.05971556
-0.08200293
-0.02335577
-0.07281078
-0.04998568
0.01674741
-0.1574564
-0.01828633
0.1229686
0.006472286
-0.06348496
-0.06358651
0.1243968
-0.009006611
0.1191127
-0.2139848
-0.217568
-0.06441177
0.009947165
0.06318339
0.03675085
-0.0989374
-0.04690632
-0.1167714
0.05160798
-0.1355987
-0.01047969
0.01674905
0.1466622
0.08416151
-0.09130003
0.01259754
0.1237815
-0.1610037
-0.006040132
0.05147177
0.04824481
0.1058341
-0.1335242
0.08983088
-0.07548314
-0.01956002
-0.001545351
0.01918858
-0.1326892
0.129161
0.04350006
-0.07761462
-0.06512542
0.2984682
-0.0213421
0.01008012
0.03392449
0.1031532
0.2151992
-0.0193435
0.04722576
-0.05138084
0.0275214
-0.07349976
0.1551248
0.05299251
0.1127561
0.1124006
0.1344515
0.1436583
0.2008696
0.2273941
-0.1080097
0.23043
0.1617742
0.3397962
0.1917113
0.4007481
0.1767206
0.1173246
0.08373942
0.2513686
0.156011
0.1303482
0.1643804
0.04315336
0.008209502
0.05370978
0.1481659
0.1296723
0.09040914
0.1350305
0.1413612
0.09757675
0.1978017
0.2299581
0.2076155
0.1393654
0.05887095
0.1187931
0.03024938
0.0863298
0.1921505
0.1141929
0.07633102
0.1269531
0.1252429
0.004370942
0.1895323
0.2503429
0.2445268
0.1850712
0.2623218
0.3151023
0.2308874
0.2282181
0.1789257
0.2397242
0.1377334
0.0580523
0.2510334
0.1182356
0.277491
0.1531703
0.1357369
0.3155689
0.2348767
0.2289567
0.325433
0.3413689
0.1555521
0.2649843
0.1190217
0.07935426
0.2491182
0.3017436
0.1310027
0.121703
0.1728802
0.2469226
0.1865346
0.1418478
0.1761733
0.3478123
0.05709192
0.3320215
0.3008602
0.2208169
0.3237625
0.1994857
0.1656243
0.2991015
0.2243401
0.1131839
0.191599
0.1566484
0.3445307
0.3732537
0.2215784
0.3485638
0.3885547
0.3444405
0.4418133
0.3210393
0.2419285
0.3716392
0.3524717
0.1664528
0.2507942
0.3466839
0.3329275
0.3223278
0.2816696
0.361686
0.2544674
0.2769951
0.304967
0.2477469
0.2683721
0.275876
0.2211505
0.4455048
0.3848338
0.3423989
0.4795983
0.2486203
0.4164263
0.1806491
0.3790759
0.3628872
0.3132634
0.3865973
0.3633187
0.2227871
0.3209131
0.337597
0.3719669
0.3977575
0.2798765
0.3443883
0.3862115
0.2893983
0.4426377
0.5516362
0.476072
0.1525356
0.3375731
0.4241583
0.5115651
0.2716025
0.4730749
0.2481204
0.4752568
0.2801857
0.2797798
0.4685906
0.4305379
0.5196825
0.4026196
0.4091089
0.4282646
0.3704285
0.4932966
0.3688941
0.4720483
0.4077074
0.4198634
0.5145182
0.4453911
0.4398611
0.4178573
0.444511
0.3980746
0.5166678
0.4167263
0.3459987
0.4228738
0.4003428
0.4995543
0.4603283
0.4667857
0.419469
0.3827276
0.5067042
0.4693711
0.4308883
0.5384839
0.5381084
0.5418834
0.492201
0.5050912
0.5691955
0.5187554
0.6681002
0.5790092
0.5099775
0.4213518
0.5846955
0.520786
0.5757901
0.5626501
0.4866998
0.3383403
0.3765775
0.4451854
0.4932126
0.537299
0.5062036
0.486141
0.4843708
0.5235483
0.5181626
0.4915932
0.5131458
0.5055637
0.3875848
0.4935949
0.5293359
0.5006369
0.5803197
0.5294023
0.5698679
0.64423
0.5101229
0.5442277
0.367034
0.5532913
0.5182292
0.6117986
0.5323822
0.3955095
0.609395
0.5626637
0.6149473
0.5774932
0.3785417
0.5987119
0.5483975
0.5939795
0.6932401
0.6211808
0.6253316
0.6322824
0.6730139
0.5225843
0.7138738
0.5474233
0.5718762
0.4647534
0.7315366
0.5379909
0.6038945
0.5418403
0.5077248
0.5647494
0.6071034
0.741691
0.6594352
0.6652428
0.4626111
0.3916397
0.5742539
0.5522221
0.5659713
0.6862322
0.6040851
0.7127436
0.4752536
0.5217515
0.6855679
0.6489587
0.6448883
0.5553673
0.5224656
0.4881957
0.7177431
0.7869417
0.6235957
0.6732419
0.7063717
0.6829761
0.6001043
0.6760231
0.5987287
0.7078653
0.7051828
0.6531247
0.6781258
0.6061154
0.4366213
0.6722726
0.6901392
0.6890498
0.7261909
0.6534169
0.6096731
0.6921249
0.5741842
0.8239584
0.5242488
0.7347815
0.7697707
0.695683
0.7724737
0.6419514
0.5567455
0.8374355
0.6800184
0.7086817
0.607699
0.6683944
0.9512287
0.6165753
0.601033
0.7627528
0.6849629
0.7942612
0.7148585
0.7984513
0.6871659
0.6869021
0.7458835
0.7934104
0.5997118
0.8724795
0.7563247
0.6791526
0.6452827
0.7604253
0.6402132
0.8295953
0.661272
0.6974125
0.8596031
0.7868258
0.8605555
0.87473
0.7644552
0.6617908
0.7537586
0.7456514
0.7767575
0.7106
0.6998866
0.7093656
0.9280142
0.7264168
0.6362604
0.6637543
0.8222712
0.8453063
0.8111536
0.8286439
0.7306759
0.7709645
0.7831074
0.8620069
0.8082087
0.7591619
0.8752545
0.8358333
0.9719914
0.630155
0.7661583
0.7039216
0.7728221
0.8462602
0.8352401
0.802097
0.7937902
0.9514915
0.8226543
0.7805921
0.7791935
0.7962667
0.8093611
0.7909292
0.8703805
0.8428587
0.9963748
0.8182816
1.04125
0.7435288
0.7621295
0.5872295
0.7152314
0.8803571
0.7909594
0.875278
0.7676161
0.8356612
0.9169379
0.926704
0.8330976
0.862381
1.123451
0.6988651
0.8966247
0.9538977
0.8648611
0.8449485
0.878076
0.9545841
0.8293815
0.9703114
0.8013187
0.8528615
0.8529503
0.9340282
0.9774246
0.8529449
0.7834201
0.9294722
0.927175
0.8982233
0.840286
0.9706101
0.9822646
0.9731408
0.953066
0.7645387
0.9434345
0.9181232
0.9980363
0.9398353
0.9431059
0.8328343
0.9690715
0.9501284
0.8063411
0.8908095
0.8044109
0.9597115
0.8162588
0.9529408
1.059905
1.02006
1.001823
0.9524047
0.9194235
1.038678
1.042893
1.093099
0.9903028
1.020016
0.9199372
0.8848654
0.8771444
1.078054
0.9074493
0.8118895
0.9282671
0.8838964
1.076873
0.9670206
0.963371
0.9749264
0.9229858
0.901423
1.016168