-0.02928653
-1.040628
-0.9812822
-1.032395
-0.9534239
-0.9574874
-1.055601
-1.095019
-0.9400515
-0.9786266
-1.026575
-1.046981
-1.009976
-0.8762613
-0.9205469
-1.080001
-0.8928868
-0.9103431
-0.9062145
-0.9126227
-0.9630303
-1.001607
-0.9716822
-1.08938
-0.8971676
-1.109447
-0.9515414
-0.9974858
-0.9682054
-0.938779
-0.9566527
-0.9686214
-0.9595352
-1.006025
-0.9474039
-0.8788951
-0.9061635
-1.156847
-0.926673
-0.9552155
-1.024366
-0.9241632
-0.8361825
-0.7987336
-0.9615199
-0.983648
-0.8680917
-0.9358646
-1.028342
-0.8682284
-0.9318636
-0.7697943
-0.9162705
-0.9725395
-0.8668245
-1.013933
-0.9121755
-0.8629056
-0.9001507
-0.9941104
-1.051423
-0.8937004
-1.043535
-0.8039332
-0.9370601
-0.7992912
-0.7138381
-0.8527668
-0.7416329
-0.8969094
-0.8786945
-0.9266554
-1.006507
-0.9569523
-0.6947899
-0.9385644
-0.850444
-0.7198182
-0.8656566
-0.8434229
-0.6650152
-0.9429281
-0.9207182
-0.853634
-0.8856948
-0.985217
-0.7304213
-0.8620249
-0.8690475
-0.9793357
-0.768301
-0.7306014
-0.8749516
-0.7145925
-0.5965255
-0.8368182
-0.7464497
-0.7889495
-0.7679271
-0.8488132
-0.7186551
-0.9359099
-0.6536415
-0.8076015
-0.8282408
-0.7813128
-0.7375231
-0.7758703
-0.8926141
-0.7352063
-0.8188477
-0.7470762
-0.8033916
-0.793499
-0.7880289
-0.8036932
-0.7651256
-0.6380027
-0.7406711
-0.7545281
-0.7038258
-0.8463204
-0.7435696
-0.6746983
-0.8233804
-0.7149866
-0.6010317
-0.7631248
-0.8086583
-0.7130634
-0.7911466
-0.8037967
-0.8270399
-0.7012306
-0.6763498
-0.7429788
-0.8035549
-0.5988118
-0.7877601
-0.5944662
-0.6730689
-0.8177443
-0.6744482
-0.8491077
-0.7438254
-0.6228227
-0.7375524
-0.6002403
-0.8107953
-0.8126518
-0.6695684
-0.8205263
-0.8017186
-0.5852835
-0.6134775
-0.6085979
-0.604475
-0.7488003
-0.6633653
-0.659452
-0.8235456
-0.5938976
-0.7464387
-0.6704065
-0.6680675
-0.6300879
-0.7405991
-0.6909013
-0.5502818
-0.6604028
-0.6605536
-0.6833205
-0.666358
-0.6131616
-0.6676859
-0.6600599
-0.6568767
-0.7568577
-0.7232901
-0.652249
-0.704665
-0.6371327
-0.6323512
-0.7723288
-0.6723471
-0.5634595
-0.6749035
-0.5576727
-0.5803348
-0.6471284
-0.6273514
-0.4433659
-0.5537261
-0.5418138
-0.6107904
-0.6293981
-0.5225634
-0.5070608
-0.6667404
-0.6541664
-0.6796668
-0.5780612
-0.5666839
-0.5306713
-0.7069522
-0.5338331
-0.6787993
-0.6337457
-0.5391245
-0.7138634
-0.5462327
-0.447844
-0.5739964
-0.6258364
-0.5624782
-0.6037782
-0.5328351
-0.6131185
-0.5708301
-0.5987928
-0.5420286
-0.5254009
-0.4462075
-0.5548045
-0.6217837
-0.6271672
-0.4536745
-0.3468558
-0.6119688
-0.5182309
-0.618932
-0.6205136
-0.2633517
-0.5080204
-0.5745982
-0.6533629
-0.6668702
-0.431016
-0.4037322
-0.4976566
-0.476679
-0.4818258
-0.6529552
-0.4779782
-0.6284216
-0.5644666
-0.4624953
-0.4882686
-0.5100171
-0.464284
-0.4516165
-0.4758607
-0.5960218
-0.5021981
-0.4322023
-0.4563713
-0.5061943
-0.4969821
-0.4405598
-0.2971098
-0.6215752
-0.5153255
-0.3744786
-0.4824614
-0.5270339
-0.4537551
-0.6116583
-0.4463926
-0.48389
-0.4222958
-0.3598791
-0.4293326
-0.4049371
-0.4983262
-0.470233
-0.3733291
-0.3595084
-0.5718805
-0.5149209
-0.4062172
-0.393208
-0.4405009
-0.4053545
-0.5368255
-0.3432394
-0.4753099
-0.3212951
-0.4900237
-0.6211533
-0.2921403
-0.3079097
-0.2817063
-0.5828008
-0.3134981
-0.4945189
-0.3135035
-0.3147722
-0.4063554
-0.3532005
-0.478531
-0.3372862
-0.496973
-0.3479657
-0.4753958
-0.4193738
-0.4915267
-0.6103464
-0.4533115
-0.3750492
-0.4122488
-0.3897204
-0.4823644
-0.387286
-0.2996703
-0.4691106
-0.2595312
-0.3539001
-0.236231
-0.2442403
-0.3739698
-0.5642899
-0.3908813
-0.3425731
-0.3954613
-0.4129288
-0.3573589
-0.4023908
-0.5390975
-0.268781
-0.2954797
-0.3829587
-0.4457628
-0.3846238
-0.341719
-0.3899288
-0.2680636
-0.3216985
-0.325505
-0.2763859
-0.263014
-0.2704827
-0.3845019
-0.341709
-0.3909356
-0.2861815
-0.2894502
-0.2084805
-0.3466834
-0.3533053
-0.4583293
-0.3676247
-0.366753
-0.2754066
-0.2448327
-0.2024794
-0.292532
-0.1775277
-0.3560582
-0.1889378
-0.3383235
-0.5167341
-0.3210904
-0.2327935
-0.2397964
-0.3186133
-0.2382375
-0.3256029
-0.3108923
-0.3573072
-0.3056638
-0.2806094
-0.199436
-0.2479327
-0.347085
-0.3720796
-0.332365
-0.1671728
-0.3318205
-0.2307486
-0.2294422
-0.2728676
-0.2723856
-0.2459514
-0.2158163
-0.1869201
-0.3225686
-0.234072
-0.1153667
-0.2478686
-0.2419452
-0.1999662
-0.05655954
-0.2187502
-0.3654443
-0.1979691
-0.3875748
-0.1305058
-0.05657676
-0.1881207
-0.1713069
-0.2207596
-0.1721282
-0.110269
-0.2395798
-0.06443999
-0.1303561
-0.2020449
-0.03753407
-0.1914272
-0.2352479
-0.1108886
-0.1696665
-0.1317839
-0.1205091
-0.2378051
-0.1176451
-0.1654094
-0.2242921
-0.2639608
-0.1772056
-0.1123085
-0.209026
-0.2018825
-0.116868
-0.1088783
-0.1971904
-0.1985613
-0.283792
-0.2395514
-0.2314561
-0.3177948
-0.1179374
-0.05327113
-0.241831
-0.1895563
-0.06673265
-0.0732923
-0.3057824
-0.1595576
-0.2055899
0.001025348
-0.1725168
-0.1278429
-0.03001739
-0.2163633
-0.1298145
-0.2120518
-0.1523206
0.0531626
0.1028284
0.03587875
-0.0432341
-0.1668008
-0.08903171
-0.0117723
-0.1270562
-0.1193137
-0.182183
-0.07430235
-0.008838689
-0.1637014
-0.2702392
-0.07705728
-0.05394251
-0.03861276
-0.1140271
-0.1460747
-0.1154118
0.06418779
-0.05146282
-0.000814956
-0.124324
-0.1409633
0.04158905
0.004314616
-0.03794825
0.02300127
-0.1543637
0.114011
-0.09944717
-0.1029034
-0.1719471
-0.1714217
0.01781237
0.1658871
-0.1307595
-0.05517896
-0.09327088
-0.01867646
0.07604203
0.05722801
-0.003431698
-0.03736867
0.1039919
0.007364407
0.02421822
-0.0723544
0.0008013946
-0.07003458
-0.01857552
0.005504943
0.1703371
-0.004398817
-0.2194006
0.1080764
0.01754888
-0.06768398
-0.08984433
-0.01573945
0.1367507
-0.1253089
-0.0004597838
0.1727816
-0.02796261
0.08802767
0.1368283
-0.1125092
0.02271338
-0.0007005474
0.09294544
0.08529249
0.09361059
0.08291966
-0.0452213
-0.01599756
-0.0208789
0.1290013
0.07734598
0.02019428
-0.017021
0.1390753
0.04683879
-0.04849657
0.08787761
0.05531613
0.0297739
0.1400983
0.04217196
0.09119323
0.00849835
0.06858665
0.02059391
0.07014359
0.0755203
0.1907947
-0.02337323
0.2136148
0.04585791
0.1034545
0.2612596
0.1337234
0.07531525
-0.1008187
0.2328029
0.08905993
0.1172154
0.06862389
0.1387684
0.1305476
0.1970452
0.08699381
0.1658403
0.1946851
0.1796558
0.1764377
0.1230894
0.2501933
0.2574327
0.1956677
0.2382282
0.05073618
0.1888463
0.1652453
0.2523771
-0.03190625
0.09874174
0.1895466
0.15496
0.03742388
0.1087555
0.1302592
0.1280923
0.1547298
0.1315624
0.1424748
0.1963702
0.276454
0.2097959
0.1065238
0.2690586
0.1402842
0.2013257
0.267421
0.09900835
0.3193867
0.2502053
0.2272665
0.02861772
0.1328935
0.1668521
0.07506079
0.2698895
0.06028315
0.1745412
0.2234762
0.1228164
0.2584255
0.2278453
0.2280994
0.1813757
0.2987214
0.2226116
0.2498351
0.3332558
-0.1254968
0.2474733
0.07994342
0.3302368
0.2951084
0.2878748
0.2824903
0.2702415
0.3648436
0.1816717
0.2839463
0.3863485
0.2921745
0.1233916
0.2439828
0.3009095
0.2987121
0.1417954
0.3115718
0.2348918
0.1478103
0.1639385
0.1499894
0.3192761
0.2855938
0.3098026
0.210812
0.172604
0.2989166
0.1065438
0.2461942
0.3711095
0.2717854
0.4151689
0.2501289
0.2622043
0.4405713
0.3484362
0.3149302
0.2315466
0.3348234
0.3790303
0.3882613
0.2768472
0.4029774
0.3003712
0.4215802
0.4431885
0.1808447
0.3126995
0.3997574
0.2757552
0.1520423
0.5271147
0.1642076
0.4019847
0.2538472
0.3046087
0.3083248
0.3614664
0.3696795
0.3330589
0.3537892
0.3394149
0.4220208
0.3191188
0.2875918
0.2821923
0.4610439
0.3834446
0.3858329
0.332808
0.475598
0.2726182
0.3419022
0.3020211
0.3799108
0.4170276
0.4134786
0.3729892
0.4181905
0.442365
0.3187702
0.1472029
0.4180132
0.2948021
0.4184729
0.3378042
0.351223
0.5207046
0.345786
0.4271812
0.3200255
0.4269799
0.4029338
0.2944505
0.2775398
0.3381379
0.2478163
0.3076967
0.4983287
0.4170757
0.436928
0.4138745
0.3627847
0.4987672
0.4353767
0.3557607
0.4261603
0.6063499
0.3184901
0.6473247
0.4665781
0.4491782
0.5188799
0.5388427
0.4712016
0.4190505
0.4085345
0.281006
0.511955
0.3507119
0.452695
0.416759
0.5523103
0.3781041
0.5267057
0.6214048
0.5135913
0.4516738
0.5535994
0.5506585
0.6040321
0.5406353
0.5555239
0.5740812
0.5238675
0.2922927
0.5162927
0.3497522
0.5164366
0.5342258
0.6053825
0.4527584
0.4482476
0.585232
0.6907603
0.4592893
0.4421366
0.5478422
0.5797266
0.6586093
0.5519864
0.7375835
0.5467425
0.4834954
0.5871702
0.5473262
0.4647199
0.4501046
0.6557196
0.5344758
0.5528285
0.5131898
0.593638
0.7352306
0.6208794
0.4771691
0.5124591
0.4675079
0.6101903
0.5717104
0.5090651
0.6110877
0.7184562
0.5887043
0.4495466
0.7575384
0.6221322
0.5364324
0.5204278
0.4279732
0.6572838
0.6465529
0.6501488
0.6273967
0.6786777
0.6271611
0.4211211
0.5996751
0.6676602
0.7721275
0.7042763
0.686055
0.7068527
0.7401848
0.6093982
0.6257868
0.589546
0.6886231
0.6146944
0.6123678
0.6673148
0.6857177
0.461355
0.6525766
0.6177217
0.4970366
0.6898952
0.666042
0.6510872
0.6440989
0.5516841
0.4954758
0.6829372
0.6788372
0.8201137
0.5756113
0.680043
0.5596366
0.5692536
0.7377608
0.7070228
0.6768609
0.6628382
0.7074503
0.6815022
0.5906484
0.5968677
0.6679682
0.6560713
0.8166495
0.5534616
0.7869372
0.6372959
0.624114
0.5954816
0.5244584
0.6535113
0.7817274
0.7415997
0.7656099
0.5863524
0.7468649
0.6901773
0.6724728
0.7335216
0.6204404
0.5870992
0.8752602
0.6820743
0.7458
0.5664208
0.7559024
0.6542401
0.6856804
0.6654225
0.827718
0.8100065
0.7237062
0.8420015
0.7889307
0.7478544
0.7590255
0.9451734
0.6819908
0.7334039
0.6705034
0.6905536
0.775263
0.7622306
0.7014306
0.7500715
0.7081218
0.7027863
0.843946
0.8336805
0.652424
0.9237116
0.7690791
0.7466858
0.5639494
0.7472123
0.7193392
0.732821
0.8697311
0.7052756
0.7267313
0.9209128
0.7897694
0.7127463
0.8810432
0.6586764
0.9064278
0.9382414
0.9478507
0.8691845
0.8914799
0.7793253
0.8546246
0.9152036
0.8540391
0.9114254
0.8810067
0.8571803
0.8235167
0.8112062
0.8627169
0.9435622
0.9471497
0.7810049
0.7735179
0.8041543
0.7791477
0.8241373
0.8151607
0.7221707
0.8897753
0.8157564
0.937021
0.9749295
0.9641609
0.9663132
0.8456423
0.8836961
0.8384556
0.8631038
0.8038777
1.005543
0.8697653
0.9219729
1.046211
0.9609589
0.8323661
0.889103
1.035846
0.9262886
0.9901572
0.8895128
0.6905975
0.8832944
0.8816971
0.9521777
0.9905589
0.9943819
1.060244
1.063315
0.9477635
0.9448848
0.9717556
0.8302954
0.88038
1.009216
0.9851859
0.8937202
0.8669475
0.9351381
0.9738981
0.9201668
1.00225
1.044551
0.9200076
1.083074
1.112538
0.9129044
0.9085213
1.05978
1.078534
0.8759459
0.8716162
0.9390576
0.8266446
1.006858
1.005287
0.938539
0.876146
1.090021
0.905955
0.8968287
1.13885
1.031841
1.044157
1.17845
0.8497081
0.9502758
0.9742419
0.9704073