0.01918919
-0.958418
-1.045005
-0.9276348
-1.067175
-0.9489991
-0.983501
-1.0334
-1.11063
-0.9982493
-0.9545662
-0.9519743
-1.004358
-0.9676177
-0.9513886
-0.9434038
-0.9218953
-0.8485917
-1.012694
-0.9439796
-1.026064
-0.9661547
-0.8496489
-0.9020519
-1.078551
-0.8546523
-0.9181396
-0.9669493
-1.034074
-0.9555509
-0.9174614
-0.9026988
-0.8857894
-0.989079
-0.8756348
-0.8927487
-0.8997392
-0.8068496
-0.9363895
-0.913442
-0.6855367
-0.7401427
-0.8607524
-0.8721674
-0.9892642
-0.7930935
-0.9616765
-0.9468782
-0.9508684
-0.9067476
-0.8184365
-1.022712
-1.016098
-0.6858265
-0.768596
-0.7696377
-0.8826337
-0.9877311
-0.8576069
-0.8283814
-0.7108504
-0.8031629
-0.9392614
-0.9662827
-0.8736936
-0.8463173
-0.9271485
-0.830618
-0.8395872
-0.8118593
-0.8017628
-0.6561842
-0.7438675
-0.9907551
-1.016206
-0.8445896
-0.7753753
-1.022184
-0.7461019
-0.8432647
-0.8413472
-0.8297491
-0.8865174
-0.8529414
-0.8261466
-0.8205525
-0.6629728
-0.9089828
-0.7827646
-0.9152195
-0.8361939
-0.8070358
-0.7538911
-0.8730001
-0.7457755
-0.7452613
-0.7043311
-0.8467977
-0.7346472
-0.8321448
-0.8178752
-0.7462604
-0.7886732
-0.9147469
-0.8827215
-0.9311085
-0.7172013
-0.727544
-0.9205134
-0.7126698
-0.868432
-0.7971299
-0.8071921
-0.7240447
-0.6998017
-0.7638929
-0.6770265
-0.7190856
-0.8775312
-0.7316587
-0.8022902
-0.7179461
-0.8609375
-0.7960001
-0.7449349
-0.5973678
-0.7170206
-0.9504294
-0.725199
-0.7170775
-0.6921401
-0.595853
-0.7357328
-0.8184177
-0.7481908
-0.7584043
-0.6979797
-0.4997952
-0.5273012
-0.7308638
-0.7566943
-0.6658708
-0.7725407
-0.8031655
-0.7805539
-0.7448308
-0.5777009
-0.6889583
-0.6489713
-0.681401
-0.7080497
-0.7015335
-0.7016552
-0.6375911
-0.7343042
-0.6361726
-0.7313943
-0.6591162
-0.594491
-0.5605829
-0.6261197
-0.5785365
-0.5558102
-0.5993214
-0.6591984
-0.6377878
-0.6221325
-0.6633523
-0.8340288
-0.5855412
-0.6593337
-0.6282543
-0.6904127
-0.6969793
-0.594723
-0.7628629
-0.6498981
-0.749934
-0.64749
-0.7990804
-0.518739
-0.6755939
-0.598596
-0.6869229
-0.5913299
-0.5744659
-0.5077073
-0.6528827
-0.6721932
-0.5778804
-0.6768031
-0.5894577
-0.6525728
-0.6926625
-0.6691757
-0.5466393
-0.5615955
-0.5416253
-0.5053784
-0.5048955
-0.6119599
-0.5651477
-0.6501919
-0.5434628
-0.6495189
-0.7261637
-0.6236408
-0.7778713
-0.4910177
-0.4781403
-0.5421859
-0.5585604
-0.5738401
-0.5239576
-0.6354254
-0.607977
-0.5427337
-0.5475991
-0.5514676
-0.671301
-0.3868886
-0.556919
-0.5373617
-0.539114
-0.613309
-0.5143463
-0.5463833
-0.7376841
-0.500957
-0.5095683
-0.5666313
-0.560797
-0.5179885
-0.483245
-0.6874554
-0.5139974
-0.728398
-0.5116032
-0.5362258
-0.6685207
-0.646656
-0.5086177
-0.516254
-0.5062077
-0.593221
-0.5909614
-0.4603756
-0.4735501
-0.5437177
-0.4021414
-0.4320493
-0.5298295
-0.6533521
-0.5010822
-0.529157
-0.4556347
-0.4547808
-0.6475376
-0.5180486
-0.4621672
-0.446832
-0.5200369
-0.6035491
-0.5034007
-0.270014
-0.4363418
-0.4236048
-0.4975341
-0.500776
-0.3876725
-0.3646469
-0.3396945
-0.4020224
-0.6274377
-0.5978893
-0.3946442
-0.4227143
-0.52156
-0.3926085
-0.3971651
-0.555461
-0.4230146
-0.5294443
-0.3534476
-0.5254736
-0.5878559
-0.3142053
-0.4442321
-0.3379868
-0.4602066
-0.2774525
-0.447604
-0.55759
-0.3523747
-0.3331594
-0.4201145
-0.4339176
-0.5399292
-0.3228911
-0.3606733
-0.4164009
-0.4819461
-0.4249075
-0.4868026
-0.427288
-0.4273569
-0.312214
-0.5255623
-0.471198
-0.4246719
-0.3109879
-0.5173964
-0.402555
-0.4553601
-0.4235758
-0.3304558
-0.4467938
-0.5150732
-0.21567
-0.357258
-0.3174922
-0.2919998
-0.4161449
-0.3593776
-0.3155528
-0.5013604
-0.514741
-0.1808391
-0.2877959
-0.2655313
-0.2948431
-0.3594734
-0.3575959
-0.3117293
-0.1829173
-0.3945762
-0.4699482
-0.2306439
-0.3015917
-0.3268319
-0.2809192
-0.3708195
-0.3847415
-0.4125271
-0.3011733
-0.2576202
-0.319444
-0.2066344
-0.2378102
-0.3586346
-0.3410708
-0.3551597
-0.3797173
-0.2489339
-0.2443705
-0.2462114
-0.2283502
-0.2453213
-0.3138537
-0.3003804
-0.2789212
-0.2383805
-0.2764717
-0.3818028
-0.29817
-0.1700637
-0.273794
-0.3458623
-0.2316927
-0.4092758
-0.1838297
-0.2335209
-0.2294445
-0.3865282
-0.4231397
-0.2440225
-0.2627651
-0.2522981
-0.2923067
-0.2201213
-0.08884178
-0.1338684
-0.4237936
-0.2940303
-0.3641428
-0.2758674
-0.1185223
-0.1898301
-0.2714077
-0.2316149
-0.2333343
-0.1374463
-0.1880301
-0.1979555
-0.375151
-0.3750603
-0.2949611
-0.3145734
-0.2138168
-0.2565389
-0.09660819
-0.08299531
-0.2438005
-0.3121917
-0.1201121
-0.1640207
-0.1464164
-0.1361846
-0.159548
-0.08962467
-0.1614593
-0.08436273
-0.1532024
-0.1637963
-0.1678037
-0.1423799
-0.1702894
-0.1298358
-0.04244009
-0.2046128
-0.1251945
-0.3029838
-0.2071997
-0.1806381
-0.1775759
-0.0737118
-0.1288601
-0.1769452
-0.0673139
-0.0859452
-0.09555681
-0.05528415
-0.2193778
-0.04831882
-0.09975652
0.01684176
-0.1293034
-0.1117557
-0.1582545
-0.07788803
-0.08444179
-0.1924985
-0.2700089
-0.1796495
-0.2238977
-0.1648992
-0.2137129
-0.2441038
-0.07762916
-0.03742637
0.0363034
-0.1348112
-0.1803363
-0.07226006
-0.093643
0.001775003
0.03827066
-0.1336647
0.003308685
-0.08073703
-0.08619204
-0.1064992
-0.1762738
-0.02540178
-0.02956972
-0.1222328
-0.1427329
0.01390479
-0.1530895
-0.06082402
-0.04653736
-0.09592748
0.07206221
-0.1152035
0.03244446
-0.04762176
-0.1558637
-0.0667652
-0.06389864
0.03066488
-0.09922225
0.07265764
-0.05382668
-0.07960919
-0.01992683
-0.1476557
0.07141976
-0.02495641
0.126255
-0.08838911
-0.0849479
-0.03291732
0.06400056
-0.04599994
0.00656194
0.0822172
-0.08461198
-0.09533753
0.03847764
-0.005250593
-0.09564678
-0.1951234
0.07849819
-0.006122762
-0.0725809
0.07762996
0.00961854
0.2080098
0.1602665
-0.1250836
0.05279527
-0.0873056
0.1045786
-0.02536432
0.09623336
0.08710161
0.07620254
0.2190648
0.1405753
-0.05013628
0.0002817284
-0.1030772
-0.002076984
0.09716304
0.2081579
0.0711625
-0.07407163
-0.08051198
0.1558023
0.0738383
0.1281843
0.02308901
-0.01989999
0.1938872
0.08599325
0.1497846
0.01804035
-0.03428877
-0.03309032
0.246234
-0.1211989
0.06397182
0.1111015
0.02581605
0.1218273
-0.03472529
0.2241374
0.0173431
0.113648
0.1229013
0.005692482
0.1495362
0.03093416
-0.01103842
0.1509094
0.2085752
0.116084
0.1121704
0.1443501
0.2649627
0.1880711
0.1366741
0.06553323
0.1717533
0.006221519
0.1558148
0.09369035
-0.0637726
0.09839429
0.2088007
0.08251771
0.1335899
0.07990166
0.1014033
0.1622584
0.130104
0.07369069
0.01936571
0.1259623
0.1673454
0.1757211
0.3253532
0.2527298
0.146675
0.2492316
0.1995357
0.1181272
0.1800794
0.1237187
0.12887
0.2849247
0.133531
0.2534586
0.1241527
0.208396
0.2172224
0.0003100406
0.2410288
0.2757055
0.3133462
0.2744349
0.3491181
0.09814088
0.2863747
0.147081
0.3057161
0.1105072
0.3101398
0.2175513
0.3040225
0.2758481
0.1916078
0.2325903
0.2626637
0.3275998
0.3088877
0.3094506
0.1773849
0.3041539
0.2530474
-0.02147278
0.1990904
0.1848488
0.1974548
0.2866702
0.33093
0.2654449
0.3506817
0.2581558
0.3552861
0.2743495
0.2037652
0.09239733
0.3337829
0.1548738
0.4282132
0.2704513
0.1704933
0.3302122
0.2351282
0.3115221
0.4049908
0.3247898
0.346728
0.3821154
0.3751435
0.1836787
0.1133527
0.2731743
0.1131977
0.2367406
0.3027992
0.3407912
0.2628934
0.3360067
0.2585159
0.2323369
0.2845593
0.2776325
0.2735453
0.4061003
0.167897
0.3477781
0.31603
0.331977
0.3738876
0.2243544
0.3667192
0.2634405
0.3153311
0.2488621
0.3457753
0.2352641
0.3179422
0.2741851
0.4146526
0.4750046
0.3419063
0.4169353
0.3987231
0.5143503
0.2296031
0.2973825
0.3296609
0.3971183
0.3739502
0.3604772
0.3711787
0.2658335
0.3735718
0.4296794
0.397218
0.3851696
0.5913121
0.3706209
0.3470438
0.3649655
0.4453464
0.3821737
0.5317972
0.3861271
0.4900182
0.2969516
0.3875951
0.4349272
0.3309684
0.4109075
0.2949597
0.3154314
0.3316644
0.4134973
0.4401384
0.5746221
0.5157574
0.5311464
0.2855574
0.3626694
0.4704363
0.4287185
0.4287158
0.4920226
0.52664
0.4306429
0.5743503
0.3911868
0.4591265
0.4451125
0.3109664
0.5087485
0.4048815
0.5980551
0.5855436
0.3164741
0.2775906
0.5237971
0.4998034
0.3864257
0.5140605
0.5951208
0.4557813
0.4135393
0.5222958
0.5814141
0.3694766
0.5197866
0.5589024
0.3418572
0.5410127
0.6722222
0.4689838
0.5011346
0.5305
0.659878
0.4677515
0.3342935
0.6060239
0.593999
0.6078219
0.5096486
0.7258762
0.5449334
0.4886858
0.5740486
0.5598655
0.4718719
0.5276152
0.4241552
0.4831753
0.597308
0.6164474
0.5354801
0.5708882
0.5302408
0.6288341
0.5814563
0.6107499
0.590697
0.4871118
0.5586314
0.5638333
0.4428584
0.5043191
0.4089359
0.4810856
0.7335059
0.5957835
0.5113629
0.5908319
0.6501301
0.6484065
0.5646269
0.5463991
0.65956
0.5375163
0.4942703
0.6694529
0.4991277
0.5208121
0.4510683
0.6069951
0.5855275
0.6143449
0.5348447
0.6103744
0.6984257
0.6758344
0.6435966
0.6270338
0.533981
0.703672
0.656837
0.5431237
0.6628729
0.5545283
0.7307547
0.6114354
0.6663286
0.7331254
0.6881312
0.6236787
0.6874174
0.565968
0.5172119
0.6488618
0.728662
0.7212436
0.6323579
0.7261602
0.6019919
0.675184
0.6746422
0.5651494
0.6628625
0.5242763
0.7313418
0.7221787
0.7540217
0.7672013
0.8116684
0.7216475
0.5724113
0.7637763
0.6540344
0.7463057
0.72932
0.7153557
0.6729211
0.5605524
0.5137864
0.6917148
0.7359538
0.7775264
0.734372
0.766479
0.6598092
0.6738689
0.7872307
0.7020016
0.6427681
0.7061677
0.8038244
0.7841312
0.616502
0.8062852
0.7288631
0.6526195
0.6441904
0.8320634
0.7094846
0.8199403
0.9124746
0.6836333
0.7113296
0.7594071
0.7262253
0.6011277
0.8521815
0.6973157
0.6675951
0.7132258
0.9925478
0.7619291
0.7525113
0.8256744
0.7652911
0.7236368
0.8819353
0.8091234
0.7845299
0.6098485
0.6639283
0.8029644
0.7953499
0.8719379
0.8202254
0.7603197
0.8596045
0.9361191
0.812427
0.6995337
0.912888
0.8157575
0.7014751
0.8812632
0.6345792
0.7757064
0.7422172
0.7933026
0.7932782
0.7742621
0.8215667
0.8485977
0.7598875
0.8102329
0.8658445
0.7610525
0.8479759
0.7845928
0.8935249
0.8904727
1.040117
0.9661073
0.7982858
0.8903674
0.8638709
0.885866
0.7999609
0.9468855
0.9599832
0.8383303
0.8979319
0.7561283
0.7695831
0.6902403
0.901374
0.7626288
0.9545702
0.9322522
0.9078554
0.8851818
0.9994489
0.8649081
0.8401183
1.027662
0.8349033
1.033615
1.000894
0.7765846
0.9203755
0.9997154
0.8550134
0.8345177
0.7791192
0.8835355
1.01296
0.7749515
0.9039196
0.8595087
0.7174323
0.9002033
0.9374975
0.9051318
1.095702
1.033747
0.9350841
0.9874737
0.8903693
1.021816
0.9794285
0.8945238
0.9864652
0.9928793
0.9645526
0.9727137
0.8106248
1.009667
0.8318919
1.035231
0.9094069
0.9882218
0.8557522
0.9608188
0.9783266
0.8864681
0.9134242
1.069857
1.007682
1.04337
0.9930193
1.013648
0.8882047
1.05486
0.9581685
1.068191
1.007705
0.9064548
1.021997
1.082861
0.9594886
0.9083458
0.8696438