-0.03444473
-1.105079
-0.9793301
-1.043227
-0.9283776
-0.9127533
-0.896204
-0.9200023
-0.9724596
-1.132617
-0.9513472
-0.9234348
-0.9689487
-0.9789123
-0.8740133
-1.029733
-1.012905
-0.7516256
-1.013829
-1.013364
-0.9648079
-0.77493
-0.9026197
-0.9976364
-0.9019188
-0.9125451
-1.000099
-0.9310368
-0.9434599
-0.9354091
-0.789587
-0.9147032
-0.8035663
-1.012697
-0.939004
-0.8634702
-0.9830204
-0.9139561
-0.9717039
-0.8786147
-0.8772127
-0.9586375
-0.9298768
-1.061882
-0.989078
-1.002937
-0.9732052
-1.051941
-0.9438697
-0.8706107
-0.898105
-0.9589347
-0.9902547
-0.8966142
-0.9043589
-0.979669
-0.8286772
-0.823338
-0.9210048
-0.924433
-0.8694684
-0.8985546
-1.056155
-1.013903
-0.8296732
-0.8458504
-0.849975
-0.8887532
-0.7027055
-0.9204159
-0.8961783
-0.9704609
-0.9417909
-0.9483481
-0.961611
-0.8201856
-0.9120182
-0.8837972
-0.7244725
-0.8181863
-0.7886733
-0.881711
-0.8190758
-0.9300356
-0.9322148
-1.006685
-0.8456546
-0.769045
-0.7765983
-0.7704595
-0.8961347
-0.944144
-0.7313495
-0.9364901
-0.7595035
-0.9006218
-0.78958
-0.7914124
-0.911191
-0.7580664
-0.8309909
-0.7494269
-0.8020433
-0.7993702
-0.7144399
-0.7498406
-0.8491658
-0.5864186
-0.7364266
-0.7826733
-0.8756053
-0.815103
-0.8277831
-0.7932832
-0.5674328
-0.8144035
-0.7999876
-0.7525501
-0.7873909
-0.6511246
-0.8721044
-0.6914829
-0.8917708
-0.6842647
-0.687848
-0.8214756
-0.8167117
-0.7834496
-0.7705818
-0.8493214
-0.8171261
-0.7415113
-0.8150777
-0.6187063
-0.6947256
-0.8075481
-0.8043433
-0.6870214
-0.7541884
-0.8307896
-0.7014551
-0.7536559
-0.7438034
-0.4935256
-0.8017062
-0.6546566
-0.760046
-0.4700326
-0.6473998
-0.6610784
-0.70282
-0.6195693
-0.6488511
-0.6228671
-0.7200597
-0.7518504
-0.6611976
-0.7146037
-0.5969771
-0.7910326
-0.7228331
-0.6405602
-0.5689101
-0.6176752
-0.6194089
-0.7139338
-0.716512
-0.6810877
-0.6912945
-0.6176028
-0.5815954
-0.6761749
-0.6068281
-0.4900765
-0.7486573
-0.5824735
-0.7895663
-0.6137369
-0.7552632
-0.5882367
-0.551377
-0.627248
-0.6450963
-0.5665854
-0.6015828
-0.6312876
-0.7179765
-0.6599913
-0.5682012
-0.5450275
-0.7648033
-0.6531645
-0.7491589
-0.5754779
-0.5775331
-0.641786
-0.5394092
-0.641425
-0.6676452
-0.4808224
-0.5500463
-0.7729347
-0.6361029
-0.6106914
-0.6432935
-0.662236
-0.5567175
-0.4164596
-0.5953792
-0.4025098
-0.5116619
-0.5606906
-0.506047
-0.5172752
-0.6262806
-0.571486
-0.5461177
-0.6871862
-0.4634513
-0.6587253
-0.5533867
-0.5269092
-0.6600235
-0.6898734
-0.4025618
-0.6318361
-0.5780557
-0.3945893
-0.480418
-0.5723483
-0.559582
-0.3752959
-0.607792
-0.4888701
-0.5800137
-0.6322442
-0.4707566
-0.4639362
-0.5433236
-0.4614042
-0.5180839
-0.4839052
-0.5481323
-0.5851007
-0.4381129
-0.5633392
-0.61216
-0.5014284
-0.5723925
-0.6603268
-0.5456757
-0.347839
-0.6522894
-0.3473317
-0.5421258
-0.5297116
-0.5004081
-0.4561815
-0.4826616
-0.4091409
-0.3809932
-0.47831
-0.5997451
-0.4697904
-0.4889929
-0.5438394
-0.4185405
-0.3851586
-0.4176009
-0.5002565
-0.4128516
-0.3493082
-0.4743821
-0.4000794
-0.3147207
-0.3299895
-0.454183
-0.4653546
-0.3801355
-0.5149577
-0.4510024
-0.4243548
-0.3588111
-0.4672304
-0.516598
-0.3372062
-0.4843135
-0.5030072
-0.2829082
-0.5773082
-0.4517483
-0.3534971
-0.4356322
-0.3911255
-0.4299378
-0.3910937
-0.4134229
-0.5548453
-0.3452718
-0.4177499
-0.5891061
-0.5212477
-0.3758823
-0.4927307
-0.4832098
-0.4581179
-0.337956
-0.2698751
-0.4313909
-0.4528641
-0.4880502
-0.5811898
-0.3701927
-0.389693
-0.3463047
-0.4412357
-0.4723383
-0.3412362
-0.432594
-0.4279237
-0.454456
-0.3526309
-0.3727959
-0.2602953
-0.3621593
-0.3812458
-0.4313351
-0.3699716
-0.4167822
-0.2879134
-0.3672334
-0.4087453
-0.3460341
-0.3607626
-0.39257
-0.195752
-0.1675841
-0.1834379
-0.3342674
-0.3636863
-0.3507991
-0.3249303
-0.314513
-0.3099991
-0.3946908
-0.3563391
-0.2737253
-0.2794326
-0.3492729
-0.2691754
-0.2468236
-0.2122401
-0.2839698
-0.2602594
-0.216839
-0.3601544
-0.252888
-0.212193
-0.3729842
-0.174172
-0.3542535
-0.2295479
-0.301565
-0.2644133
-0.1974777
-0.3013721
-0.3398431
-0.4122996
-0.4224692
-0.2700281
-0.2126872
-0.2042008
-0.2822098
-0.3684215
-0.1214704
-0.3612754
-0.2624037
-0.2408707
-0.1636605
-0.349861
-0.1519948
-0.1456292
-0.2738542
-0.4342305
-0.3950684
-0.09437169
-0.1832314
-0.2018867
-0.2092218
-0.1742448
-0.3449087
-0.3256466
-0.3245796
-0.3203359
-0.3171933
-0.1608039
-0.2786814
-0.2113359
-0.1373744
-0.23951
-0.2945908
-0.01553942
-0.06148393
-0.3668165
-0.343516
-0.2156922
-0.263054
-0.1781044
-0.02361718
-0.2104797
-0.1374621
-0.2446564
-0.1671344
-0.2530192
-0.1601625
-0.1122454
-0.1722017
-0.284794
-0.1937017
-0.1687552
-0.14372
-0.1635557
-0.1120282
-0.1935676
-0.02629057
-0.3680869
-0.1383513
-0.0432965
-0.1624467
-0.03238353
-0.2168354
-0.1811691
-0.09988455
-0.1203347
-0.137521
-0.2249822
-0.06973349
-0.2367534
-0.1051747
-0.258285
-0.2021125
-0.1477581
-0.1530077
-0.04516197
-0.1423543
-0.07214617
-0.3026605
-0.2575295
-0.09934049
-0.08676256
-0.2216866
-0.04735811
-0.02487573
-0.2274442
0.0356746
-0.2108638
0.001783438
-0.0126301
0.009145842
-0.297449
-0.06742827
-0.06569549
-0.1429554
-0.05978048
-0.125014
0.06924231
-0.1375362
-0.154219
-0.03040881
-0.02297621
-0.01254826
-0.08987804
-0.1266646
-0.07305164
-0.05955525
0.04562927
-0.1851171
-0.05410655
-0.001746806
-0.03641491
-0.05971584
-0.04203532
0.03238921
0.05108709
-0.04800338
-0.0904807
-0.001905138
-0.1958678
-0.04522835
0.04094784
-0.1371214
0.09342032
0.03787915
0.03731299
-0.1586203
-0.07813883
0.007017516
-0.1957796
-0.02102801
-0.00768815
-0.1206888
-0.006744371
0.138103
-0.02290901
-0.03614612
0.08769349
-0.006555302
0.03438692
0.02947519
-0.01302516
0.01050517
-0.02640641
0.01008465
-0.005457952
0.07845962
0.1014763
0.003888278
0.06206672
0.001543266
0.08952901
0.1162755
-0.06571969
0.1593692
0.02569613
0.02440105
0.1468785
-0.005759771
-0.08069569
-0.0591792
0.06770188
-0.0253289
0.2182066
0.1250467
0.1009895
0.1695787
0.1526501
0.04006585
-0.04516661
0.1104906
0.1495418
0.04954453
0.1122623
0.09679312
0.02652299
0.1336205
0.02060338
0.1208044
-0.01494731
0.2016773
0.03061897
0.257002
0.1603611
0.1208425
0.004536519
0.1643401
0.2202122
0.1227766
0.03478183
0.09751719
-0.0149138
0.10284
0.1705952
0.1198703
0.09243134
0.1532263
0.2419061
0.1643039
0.0207379
0.1121841
0.1448185
0.2367408
0.1517684
0.303687
0.1342376
0.156087
0.05158743
0.1878577
0.1570739
0.1744327
0.136705
0.1740263
0.1392514
0.1420829
0.002901931
0.06957609
0.2395535
0.2919037
0.1097617
0.1126688
0.2916341
0.1553251
0.138405
0.1674213
0.1128289
0.2312211
0.07567278
0.2220023
0.2506757
0.1170889
0.3166033
0.1880629
0.1629463
0.117992
0.01681344
0.3382645
0.2318926
0.1274349
0.1920147
0.1939088
0.356642
0.2458581
0.1753992
0.07513905
0.1759282
0.2477446
0.2313184
0.1148495
0.1562593
0.2612081
0.1325968
0.3285022
0.1932007
0.2226682
0.3641872
0.2638708
0.2649838
0.1624194
0.1559066
0.2924795
0.2720206
0.09542286
0.04020273
0.289434
0.3338959
0.2359455
0.1932851
0.2259609
0.2798402
0.1341703
0.1982272
0.2592809
0.264047
0.247739
0.3884589
0.2520044
0.3761431
0.1415008
0.3234653
0.3177835
0.2330591
0.4091962
0.3131392
0.2741228
0.4018477
0.3780283
0.3975717
0.3488378
0.3251596
0.2931654
0.4026478
0.3405366
0.1912146
0.3352044
0.4151045
0.3900574
0.4437592
0.3948053
0.2175531
0.3666332
0.2936775
0.2459895
0.4181242
0.4426333
0.4069814
0.2874054
0.3930382
0.2576212
0.4739118
0.558582
0.5469865
0.3983357
0.5343456
0.3624033
0.397631
0.3293673
0.3292541
0.4421367
0.5561122
0.3374541
0.3646609
0.4837784
0.3659584
0.2416566
0.2546919
0.3482229
0.3022785
0.3406143
0.2672924
0.4577956
0.3892958
0.247023
0.4113378
0.3924523
0.4954287
0.3745016
0.382521
0.3241976
0.4424999
0.3480641
0.4490984
0.3706899
0.4132862
0.3104371
0.3261994
0.5093997
0.3790602
0.4338842
0.4355841
0.4572952
0.3935505
0.2469841
0.4026404
0.326581
0.5761002
0.4689025
0.4905774
0.3505081
0.5562395
0.5431747
0.5005516
0.4516907
0.4344382
0.4609287
0.4226147
0.4413628
0.4346341
0.4699304
0.3781734
0.4465882
0.4038375
0.443746
0.3794354
0.4994348
0.425598
0.4592264
0.5694282
0.572341
0.6080147
0.565287
0.556534
0.5656075
0.5254065
0.6132341
0.6181759
0.5138995
0.537338
0.625795
0.5945121
0.4265659
0.5433833
0.5499258
0.5371804
0.5087805
0.4709715
0.6034401
0.4005738
0.4912123
0.4573902
0.5849347
0.5177273
0.5446088
0.5095278
0.5453354
0.4698853
0.4850487
0.5469406
0.4312204
0.5019618
0.6513902
0.65091
0.5998152
0.5691841
0.684825
0.4401607
0.5753154
0.6395984
0.4971137
0.6058775
0.5396673
0.5390956
0.4303633
0.7546278
0.6125897
0.585632
0.4852469
0.4902228
0.6057394
0.5345528
0.5727379
0.64918
0.5679476
0.5822975
0.4389501
0.6485243
0.5501372
0.434296
0.4772733
0.5385109
0.632649
0.6339125
0.6312702
0.6983443
0.7249884
0.6548864
0.7244686
0.5179765
0.5741478
0.6686971
0.6006245
0.6469306
0.6400241
0.6865367
0.4595967
0.6653416
0.6851662
0.868539
0.7083078
0.6671952
0.6775622
0.7514951
0.84255
0.6617966
0.6238195
0.6686131
0.6773867
0.7470416
0.7042483
0.5996176
0.7628904
0.6933924
0.6599902
0.6421064
0.6869984
0.6832919
0.6349089
0.7867351
0.6056664
0.6790327
0.6046568
0.65014
0.8020224
0.7197466
0.7241844
0.7454816
0.8084344
0.8036386
0.6876033
0.6967128
0.758204
0.6125489
0.9021648
0.6994669
0.7792049
0.7971023
0.654658
0.7145693
0.6532135
0.7946901
0.695906
0.6179638
0.647167
0.7635058
0.7070176
0.839272
0.8561285
0.7135439
0.6786223
0.8236169
0.7929427
0.5750288
0.7916003
0.6786829
0.6873361
0.7732272
0.7205639
0.7237232
0.6876029
0.7748531
0.7931936
0.6971114
0.8341661
0.8724798
0.9520808
0.8622981
0.7212456
0.8432646
0.6700772
0.7470405
0.7249773
0.7336891
0.9055368
0.8019619
0.875823
0.655088
0.8197851
0.8094543
0.8308831
0.7542417
0.8571094
0.7121173
0.8239497
0.7008506
0.8128517
0.7987695
0.802986
0.7486573
0.7817135
0.911941
0.8290278
0.9606353
0.851982
0.9065506
0.8362024
0.8172282
0.7572343
0.9869552
0.9091125
0.8899105
0.8304192
1.062833
0.8112693
0.9388547
0.9670484
0.8836794
0.8318383
0.8716282
0.7739615
0.8689223
0.7293963
0.931392
0.9898638
0.7837645
0.9530589
0.7794519
0.8813088
0.9840834
0.8480902
0.9339021
0.8347408
0.8797372
0.7425124
0.8794322
0.9807466
0.9822969
0.9549738
0.922362
0.7575114
1.137422
0.9523408
0.8759745
0.9335707
0.8488873
0.9228761
0.9268372
0.9897479
0.9365102
1.023319
0.8923627
0.9162047
0.8143695
0.9250175
1.01647
0.9343249
1.049357
0.932498
1.029574
0.8392305
0.8606457
0.9789767
0.9134175
0.9669676
0.7366351
0.9113633
1.05508
0.9218162
0.8427779
1.018703
0.9566218
1.024685
0.9497294
0.9968251
1.151919
0.9775819
1.120195
0.9925205
0.9486719
1.014394
0.920906
1.054951
1.088608
0.8859104