-0.03114138
-1.087277
-0.9651934
-1.05026
-0.9295465
-0.9376716
-0.8848696
-0.9039726
-0.9635854
-1.146023
-0.9438137
-0.9265344
-0.9891688
-0.9740403
-0.884523
-1.032653
-1.007733
-0.7650674
-1.000839
-1.007093
-0.9862506
-0.7835568
-0.9211458
-0.9998393
-0.8642958
-0.8935661
-0.9830541
-0.9255176
-0.9456016
-0.9367967
-0.7706325
-0.9296981
-0.8199919
-1.022691
-0.9692327
-0.8775061
-0.9785131
-0.9059205
-0.9770004
-0.8744654
-0.8669151
-0.9285093
-0.9409836
-1.074181
-0.9696563
-1.003868
-0.9640159
-1.054799
-0.9557481
-0.8763665
-0.9139902
-0.9525516
-1.035498
-0.8656853
-0.9129748
-0.9792443
-0.8161159
-0.7863578
-0.9153079
-0.9179069
-0.8602137
-0.9112588
-1.041626
-0.9979317
-0.7956248
-0.8713112
-0.8406331
-0.8897006
-0.7146621
-0.943511
-0.9018304
-0.9636092
-0.9009769
-0.9508491
-0.9810041
-0.8147028
-0.9012597
-0.8725712
-0.7141019
-0.8344024
-0.8013921
-0.8728384
-0.8151068
-0.9408827
-0.9505495
-0.988014
-0.8531364
-0.7616518
-0.8030356
-0.7994997
-0.9084992
-0.9429257
-0.7246751
-0.9080898
-0.7737297
-0.9089844
-0.7865964
-0.7846187
-0.9261419
-0.7546925
-0.8144509
-0.7581229
-0.8069935
-0.782243
-0.7320331
-0.741166
-0.8442076
-0.5758896
-0.7443256
-0.7849781
-0.8854977
-0.7938458
-0.8218604
-0.7682455
-0.5306051
-0.8211001
-0.8094504
-0.760452
-0.77739
-0.6419904
-0.8612474
-0.6958385
-0.9160823
-0.6812588
-0.687447
-0.8166486
-0.8014647
-0.8032499
-0.7645241
-0.8511841
-0.8161648
-0.7633876
-0.8225568
-0.6066885
-0.7071744
-0.8183098
-0.7845818
-0.6824306
-0.7311901
-0.8226989
-0.6969843
-0.7619851
-0.758019
-0.505531
-0.8033663
-0.6571338
-0.7546648
-0.4717392
-0.6396221
-0.6751804
-0.7068023
-0.6192088
-0.6498829
-0.632537
-0.7060558
-0.7470206
-0.6689495
-0.6844632
-0.5696598
-0.7973079
-0.7421225
-0.637018
-0.5762298
-0.5910438
-0.6199431
-0.7004348
-0.7257499
-0.6730283
-0.6941058
-0.6145737
-0.5608351
-0.6977491
-0.6140625
-0.476617
-0.7516279
-0.5705454
-0.782026
-0.6050106
-0.7633789
-0.5980201
-0.556399
-0.6063015
-0.6434061
-0.5624505
-0.5924802
-0.6054124
-0.7293903
-0.6620606
-0.5837817
-0.5420813
-0.7829338
-0.630206
-0.7257067
-0.558487
-0.6036692
-0.6365924
-0.556311
-0.6402183
-0.6472819
-0.4605693
-0.5588527
-0.7755705
-0.6417108
-0.6082656
-0.6416527
-0.6435395
-0.5652377
-0.4161406
-0.5894816
-0.4083759
-0.4918649
-0.5692116
-0.4973639
-0.4750237
-0.6307624
-0.6008863
-0.5670071
-0.6838769
-0.5000846
-0.6329122
-0.5914946
-0.5681455
-0.6589661
-0.6696438
-0.4172449
-0.6223352
-0.5669558
-0.3711773
-0.5040845
-0.5756887
-0.5729331
-0.3807235
-0.5905661
-0.5048571
-0.5700164
-0.6380515
-0.4879029
-0.4864146
-0.5698997
-0.4636279
-0.5217579
-0.4595905
-0.5331286
-0.5730858
-0.4263385
-0.5840032
-0.6111394
-0.5082472
-0.5627629
-0.638507
-0.5453688
-0.3587035
-0.6662585
-0.3467145
-0.5387023
-0.5474124
-0.5104592
-0.468439
-0.4712819
-0.4059085
-0.3795332
-0.4794896
-0.6098339
-0.4629307
-0.4890389
-0.5439348
-0.3983321
-0.3927697
-0.4388565
-0.4904936
-0.4055235
-0.3331303
-0.4701216
-0.4136889
-0.2999656
-0.3625054
-0.455954
-0.4785807
-0.3952858
-0.5129564
-0.4464542
-0.4208268
-0.3577785
-0.4564209
-0.5099833
-0.3390151
-0.491933
-0.5403299
-0.2800632
-0.5898398
-0.4569602
-0.3738346
-0.4481433
-0.3863102
-0.4334374
-0.3727713
-0.421318
-0.5389566
-0.3603203
-0.4249064
-0.573155
-0.5094001
-0.3897234
-0.5168779
-0.4901262
-0.4713073
-0.3474067
-0.2738324
-0.4222531
-0.4522492
-0.4912523
-0.5774315
-0.372368
-0.3899318
-0.3338861
-0.4476328
-0.4712881
-0.3349988
-0.4140979
-0.4147823
-0.4503424
-0.3934189
-0.358084
-0.2597742
-0.3872145
-0.3881065
-0.4263076
-0.3538766
-0.4353705
-0.2791388
-0.3780923
-0.3975731
-0.3289307
-0.3468965
-0.3724719
-0.2017227
-0.1732508
-0.159558
-0.3489668
-0.3937669
-0.3263679
-0.3310379
-0.3180456
-0.2974663
-0.3937761
-0.3444687
-0.2704887
-0.271793
-0.3553513
-0.2474233
-0.2621192
-0.2004712
-0.286473
-0.2493045
-0.1948467
-0.3705055
-0.2516331
-0.1926209
-0.3781739
-0.1614582
-0.3591981
-0.214292
-0.3035657
-0.2581836
-0.1951211
-0.265549
-0.357422
-0.3813614
-0.4242541
-0.251001
-0.216897
-0.2002059
-0.3073499
-0.3797352
-0.1145777
-0.3567542
-0.2865843
-0.2333744
-0.1584689
-0.3469087
-0.1386831
-0.1470875
-0.2671267
-0.4388342
-0.3955635
-0.1095676
-0.184938
-0.2025573
-0.2162488
-0.1656756
-0.3551114
-0.3159438
-0.3328552
-0.3134933
-0.3322471
-0.1474021
-0.2713069
-0.2195751
-0.1536567
-0.2355025
-0.3148021
-0.02403959
-0.02744463
-0.358754
-0.3300129
-0.2209009
-0.2520714
-0.1654232
-0.01804546
-0.2020863
-0.1402643
-0.2728262
-0.1731677
-0.238447
-0.1624676
-0.1118909
-0.166413
-0.2924628
-0.209156
-0.178655
-0.1320782
-0.163685
-0.09972684
-0.200253
-0.01342731
-0.359652
-0.1251229
-0.03626945
-0.16817
-0.04789185
-0.1868898
-0.1795586
-0.1053709
-0.1231828
-0.1541556
-0.2333909
-0.06173556
-0.2260268
-0.08638984
-0.2630044
-0.211529
-0.1598303
-0.1353193
-0.07014343
-0.1528501
-0.06246427
-0.3033596
-0.2729739
-0.09955222
-0.06202352
-0.2270843
-0.05689081
-0.02351489
-0.2358699
0.05538319
-0.1921047
-0.005689432
-0.02057398
0.01026644
-0.3158859
-0.05926808
-0.04982023
-0.1439545
-0.05700361
-0.1416454
0.07148062
-0.1339731
-0.1390594
-0.06482853
-0.01015477
-0.0245464
-0.09516953
-0.1092846
-0.06494092
-0.05611914
0.01145424
-0.1538983
-0.04515428
0.02997276
-0.02168738
-0.07563028
-0.03196782
0.03501991
0.05304148
-0.04559707
-0.06565273
-0.01241946
-0.1916851
-0.05094493
0.06297769
-0.1263482
0.1096916
0.03575177
0.01811228
-0.1412655
-0.09336426
0.01228475
-0.1908577
-0.02187321
-0.009238169
-0.110104
-0.004309471
0.137629
-0.02020328
-0.04913426
0.109098
-0.02437593
0.02736094
0.02904982
0.002841752
0.02338988
-0.03349711
-0.01751768
-0.01596735
0.05833293
0.11907
0.00187356
0.02676172
0.0002031219
0.06509682
0.1143782
-0.04148772
0.160499
0.04211812
0.02882718
0.127328
0.02763978
-0.07786426
-0.06442248
0.0615875
-0.01209908
0.1939187
0.1259176
0.09825757
0.1344384
0.1524675
0.03844501
-0.05029469
0.1057212
0.1433063
0.03563413
0.1062734
0.09861708
0.01631873
0.1374528
0.02928264
0.1317925
-0.01923855
0.1738404
0.02507
0.25886
0.1593928
0.1095312
0.006635224
0.1741344
0.2097667
0.1292608
0.04526481
0.1020638
-0.02908485
0.09939015
0.1704068
0.1247402
0.08726148
0.1505322
0.2382336
0.1705672
0.02802185
0.1225083
0.1407571
0.2395796
0.1547404
0.3246587
0.1319575
0.1450304
0.04554795
0.1890602
0.1509733
0.1780485
0.1622018
0.1847389
0.140356
0.1448926
0.01345935
0.09041127
0.2378004
0.297947
0.1277596
0.114102
0.2994656
0.1529018
0.133561
0.1851386
0.1268339
0.2513666
0.04910347
0.2204622
0.2523763
0.1138519
0.3566388
0.1945556
0.15456
0.118357
0.02618171
0.3168455
0.2406657
0.1479815
0.1895861
0.2072313
0.3311424
0.24239
0.1555119
0.07111213
0.1904615
0.2770028
0.2106445
0.08989379
0.1401146
0.2627778
0.1674143
0.3252701
0.2007627
0.2175403
0.3661624
0.2536092
0.2553831
0.1534997
0.1431016
0.297411
0.2780836
0.1250163
0.03543425
0.288656
0.356252
0.2439154
0.1915777
0.2251626
0.2768032
0.1494934
0.2138895
0.2504069
0.2682338
0.2598803
0.3748598
0.2493658
0.3656233
0.1369525
0.3073004
0.3307017
0.2267522
0.4290669
0.3123207
0.2859126
0.393752
0.3972108
0.4177867
0.3420996
0.3068944
0.2903884
0.3992389
0.3380101
0.17775
0.3289708
0.3987669
0.3941569
0.4295624
0.4082191
0.2325658
0.3648862
0.2941958
0.2370888
0.417655
0.4363588
0.4017383
0.2837154
0.3807037
0.2595931
0.4879852
0.5781912
0.5356432
0.4055706
0.5415577
0.3476351
0.3896545
0.3176719
0.3471887
0.4505869
0.5544599
0.3364696
0.3670142
0.478203
0.3418437
0.2326837
0.2477876
0.3524367
0.3161515
0.3281739
0.2811167
0.4676719
0.3926916
0.2448581
0.4120707
0.3948512
0.5195753
0.3561187
0.3853326
0.318587
0.4391914
0.3556664
0.4420868
0.3452893
0.388785
0.3069218
0.331218
0.4960099
0.3777351
0.4359267
0.4176222
0.4539102
0.3945296
0.253116
0.4179006
0.3060781
0.5912857
0.5026584
0.519997
0.3616755
0.5439201
0.5162737
0.5053402
0.4279666
0.4237927
0.460735
0.4133995
0.4482702
0.455805
0.4532959
0.3506702
0.4650327
0.4188314
0.413777
0.3727605
0.4867976
0.4353899
0.4336666
0.5572941
0.5748754
0.5945141
0.5483628
0.5790998
0.5444549
0.5337124
0.6031098
0.6387767
0.4970307
0.5166146
0.6274043
0.5966528
0.4511849
0.5264277
0.5474387
0.5372971
0.4851958
0.4562858
0.6125005
0.4082972
0.5187329
0.4548694
0.5858581
0.5192971
0.5470252
0.5045252
0.5298056
0.4776391
0.487732
0.5723459
0.4044406
0.5134028
0.6330679
0.6428807
0.6061849
0.5631513
0.6699951
0.4334229
0.5828534
0.6072141
0.5036648
0.6036731
0.5464339
0.5416902
0.4473053
0.7380433
0.6080906
0.6025733
0.4762368
0.4978416
0.6028077
0.541154
0.5791216
0.6634526
0.5489197
0.5867395
0.4389525
0.6457519
0.5484068
0.4483912
0.473635
0.5209011
0.6266483
0.6050493
0.6141984
0.7130934
0.7322835
0.6637079
0.7171783
0.5305684
0.5487465
0.6972831
0.5943872
0.6393317
0.6272276
0.6894528
0.4296862
0.682829
0.6758441
0.8429452
0.7206653
0.6764003
0.686578
0.7384034
0.8270877
0.6653662
0.6036491
0.6662814
0.6873774
0.7495621
0.6944573
0.6170537
0.7585952
0.691468
0.6631978
0.6192945
0.6773597
0.6959022
0.6325937
0.7938054
0.6190297
0.6746741
0.5862893
0.6246238
0.7924703
0.7310746
0.7301226
0.7514873
0.7983867
0.8100296
0.6759357
0.7010033
0.7548436
0.6031877
0.8930947
0.7060747
0.7402954
0.7880959
0.6700997
0.6987569
0.6453637
0.7835195
0.6960118
0.6145177
0.6105895
0.7525423
0.6995537
0.8744893
0.8360005
0.7092286
0.6865425
0.8185574
0.7905368
0.5987398
0.7937272
0.6624639
0.6924697
0.7686184
0.7070276
0.7116855
0.7034535
0.7805032
0.7962983
0.690848
0.8426295
0.8722789
0.9232231
0.867429
0.72299
0.8370487
0.6796129
0.7244381
0.7371424
0.7129744
0.9171046
0.8143616
0.8610148
0.6573752
0.8219205
0.8120392
0.8120611
0.7432802
0.8700604
0.7173727
0.834052
0.6952198
0.8032862
0.8183069
0.817511
0.7458693
0.785096
0.8863328
0.8210102
0.9681194
0.8436654
0.8850125
0.825769
0.8354372
0.7619879
0.9864932
0.9027105
0.8500463
0.8256962
1.053828
0.8116627
0.9362112
0.9668606
0.8757728
0.827991
0.8564851
0.7852605
0.8567682
0.7366809
0.9089557
1.011067
0.7793391
0.9380451
0.786342
0.8950007
0.9713339
0.8570529
0.9379053
0.8369933
0.8744939
0.7352541
0.9009049
0.988559
0.9993738
0.9254142
0.9148588
0.7729305
1.10863
0.9603875
0.8512206
0.9360315
0.8594351
0.9183058
0.9448501
0.977376
0.9405289
1.047977
0.8910317
0.9078561
0.7916644
0.917412
1.038954
0.9352136
1.082047
0.9588219
1.039817
0.8470466
0.8654602
0.9666317
0.9064726
0.9849335
0.7255968
0.9215413
1.041895
0.9259849
0.8474801
0.9976084
0.9603233
1.01436
0.9284062
0.9905199
1.154971
0.9645377
1.102829
1.015832
0.9533517
1.008219
0.9201438
1.040482
1.089813
0.8593087