0.04151981
-0.9543911
-1.04131
-0.9604112
-1.040469
-0.9405922
-1.006402
-1.017228
-1.13623
-0.9945048
-0.9551034
-0.9494946
-1.011239
-0.9474035
-0.9251847
-0.961715
-0.924123
-0.8611206
-1.020117
-0.9499004
-1.018493
-0.966273
-0.8671634
-0.9139673
-1.115202
-0.8775932
-0.8961453
-0.9549306
-1.030515
-0.9517285
-0.9309883
-0.8986006
-0.8912886
-0.9997155
-0.8741215
-0.8988621
-0.8987605
-0.8084441
-0.9208014
-0.9227885
-0.6880247
-0.7595391
-0.8692054
-0.8926356
-0.9995658
-0.798221
-0.9785315
-0.9428458
-0.959284
-0.9215767
-0.8344988
-0.9949424
-1.035161
-0.6982219
-0.7583154
-0.7780877
-0.8761486
-1.00487
-0.8550279
-0.8076231
-0.7131444
-0.8216202
-0.9653175
-0.963251
-0.8682547
-0.8267415
-0.9505638
-0.8258093
-0.8483908
-0.8089002
-0.8063047
-0.6288134
-0.7608164
-0.9936455
-0.9950761
-0.8549028
-0.8008036
-1.017735
-0.7178434
-0.8421623
-0.83357
-0.8481545
-0.89175
-0.8476249
-0.8338087
-0.8106651
-0.6615222
-0.9030441
-0.7923703
-0.9230435
-0.8539518
-0.8111485
-0.7206395
-0.8832648
-0.7450587
-0.7222904
-0.6952898
-0.8484146
-0.7365987
-0.8406682
-0.8062062
-0.7357604
-0.7865989
-0.911724
-0.8901776
-0.9207208
-0.7256446
-0.7203391
-0.9040141
-0.6883369
-0.874737
-0.7858578
-0.7883173
-0.7195882
-0.7125658
-0.7984265
-0.6835678
-0.7122981
-0.8778034
-0.7442158
-0.8135462
-0.7283799
-0.86722
-0.8153757
-0.7186778
-0.6149787
-0.7208113
-0.9141736
-0.7079036
-0.7194109
-0.7112962
-0.5685571
-0.7432964
-0.8395796
-0.74445
-0.7821932
-0.7004332
-0.5183082
-0.5333846
-0.7213057
-0.7579445
-0.6800679
-0.7781682
-0.7858291
-0.7846649
-0.7148015
-0.6041999
-0.6974898
-0.6535262
-0.6793884
-0.6882687
-0.7056426
-0.7140588
-0.6348996
-0.7303198
-0.6254693
-0.743027
-0.6459372
-0.6185803
-0.5732676
-0.6213807
-0.5715584
-0.5662591
-0.6071116
-0.6496805
-0.6342156
-0.6305929
-0.6642843
-0.8053847
-0.5879679
-0.6546479
-0.6022495
-0.6799944
-0.6927964
-0.6065207
-0.7619436
-0.6602352
-0.7535255
-0.6551327
-0.8065525
-0.5191678
-0.6620647
-0.6096
-0.7158265
-0.5854171
-0.5617294
-0.5042839
-0.6293342
-0.6655734
-0.601318
-0.6760684
-0.5588588
-0.6455839
-0.6759024
-0.6765244
-0.5429871
-0.5781935
-0.5558018
-0.506947
-0.506814
-0.6372671
-0.5807878
-0.6403555
-0.5264632
-0.6534261
-0.7351278
-0.6396021
-0.7851645
-0.4678466
-0.4731389
-0.5526379
-0.5647591
-0.5729538
-0.5047203
-0.6453243
-0.6025288
-0.5187123
-0.5421459
-0.5629159
-0.6511815
-0.3674767
-0.5535825
-0.5640087
-0.5306835
-0.6106541
-0.5399247
-0.5623253
-0.7320065
-0.4926797
-0.5057596
-0.5488848
-0.565611
-0.51525
-0.4638827
-0.6664029
-0.5362031
-0.7080332
-0.4768671
-0.5435667
-0.6654279
-0.6528052
-0.5429198
-0.4848733
-0.4932931
-0.6016633
-0.5917176
-0.4515915
-0.4884358
-0.5425302
-0.4008742
-0.4216955
-0.5245723
-0.6828081
-0.4968521
-0.529053
-0.4772693
-0.4730569
-0.6672169
-0.5158816
-0.4617612
-0.4381889
-0.5131242
-0.5984645
-0.5090661
-0.2794203
-0.4314133
-0.4469794
-0.4986036
-0.473232
-0.3985144
-0.3852045
-0.3240244
-0.4405636
-0.6314372
-0.5786919
-0.3858179
-0.4430235
-0.5215995
-0.393896
-0.3797292
-0.5763793
-0.4100338
-0.5362666
-0.3820994
-0.500235
-0.5883438
-0.3245582
-0.4596503
-0.3524369
-0.4623336
-0.2820925
-0.4329146
-0.5460478
-0.3731403
-0.3374531
-0.4377187
-0.4381492
-0.5174062
-0.3338348
-0.3640569
-0.4013211
-0.4666529
-0.433629
-0.470804
-0.4169292
-0.4466817
-0.3263587
-0.5074566
-0.4749197
-0.4304739
-0.293162
-0.5159459
-0.3835124
-0.4777827
-0.4293365
-0.3359009
-0.4177455
-0.5092133
-0.2352639
-0.3600347
-0.305461
-0.3112934
-0.4133801
-0.3614298
-0.3298148
-0.5029954
-0.4937564
-0.1881213
-0.2714447
-0.2991031
-0.2742149
-0.3507626
-0.3525157
-0.3291951
-0.1708048
-0.3950407
-0.465501
-0.2402493
-0.3161152
-0.3302914
-0.3125332
-0.3819104
-0.3923172
-0.4169514
-0.3231945
-0.2827709
-0.3251182
-0.2354247
-0.2293142
-0.3537043
-0.336917
-0.3496383
-0.3507136
-0.2312794
-0.2133619
-0.2397909
-0.230325
-0.2469076
-0.337273
-0.2893374
-0.2868119
-0.2605871
-0.2684023
-0.3974198
-0.2933171
-0.1849381
-0.2652026
-0.3148169
-0.2525835
-0.4107767
-0.1570784
-0.2273467
-0.2346398
-0.3681575
-0.419816
-0.241015
-0.2550462
-0.2608383
-0.2962185
-0.21827
-0.07906162
-0.1256505
-0.4263677
-0.3006881
-0.3670057
-0.2729422
-0.1258441
-0.1928416
-0.2719426
-0.2312959
-0.2369807
-0.1274715
-0.1996925
-0.2175596
-0.3783795
-0.3734354
-0.2959772
-0.3236126
-0.1986474
-0.2206339
-0.09468645
-0.05386788
-0.2340512
-0.3358061
-0.1244966
-0.1742347
-0.1332174
-0.1374006
-0.1496609
-0.08466445
-0.1573882
-0.09018594
-0.1267774
-0.1291069
-0.1351693
-0.1345525
-0.191867
-0.137165
-0.02226721
-0.1965039
-0.1285453
-0.3102407
-0.2203766
-0.1594722
-0.1691078
-0.05399736
-0.1176131
-0.1665604
-0.05122558
-0.05907124
-0.116005
-0.08103427
-0.222032
-0.04387279
-0.1009184
0.01325276
-0.1146942
-0.09040938
-0.1796975
-0.08214483
-0.08726979
-0.1789075
-0.3033307
-0.1679708
-0.2465896
-0.2003538
-0.2463573
-0.2408826
-0.07932491
-0.02915337
0.001744254
-0.1334159
-0.1804788
-0.06090035
-0.07963898
0.01483838
0.00214617
-0.1310151
0.003909937
-0.07704751
-0.08350708
-0.116364
-0.1797695
-0.04688431
-0.03591079
-0.128724
-0.1549506
0.02235301
-0.1454134
-0.07215008
-0.06644445
-0.1028736
0.06017361
-0.1028783
0.03352541
-0.06662953
-0.1648711
-0.07648423
-0.08856546
0.01234987
-0.06836727
0.06349843
-0.05753214
-0.08999089
-0.01916342
-0.1341253
0.07680878
-0.0400883
0.1367483
-0.09582624
-0.07714735
-0.018956
0.06120939
-0.03884294
0.02769791
0.09898054
-0.1098635
-0.1093452
0.04487242
0.01739203
-0.09834479
-0.1756898
0.05659385
-0.03003262
-0.07847471
0.09792778
-0.01210986
0.2472415
0.1401317
-0.1278578
0.06928882
-0.09220214
0.1162224
-0.03829392
0.1051911
0.1181112
0.05702651
0.2115789
0.1348175
-0.02512529
0.01835856
-0.08580445
-0.00801471
0.1038942
0.2135303
0.06874516
-0.07502413
-0.057446
0.1693162
0.0766635
0.1263781
0.01549254
-0.01511643
0.1990101
0.0808406
0.1405676
0.01887737
-0.04260639
-0.0149647
0.2619634
-0.08178968
0.04436089
0.1225567
0.03480419
0.1186433
-0.0358045
0.2176189
0.05127463
0.1127494
0.1380535
0.0172751
0.1484555
0.02749843
-0.001422019
0.142947
0.190488
0.1140827
0.1225281
0.1583234
0.2465775
0.2050722
0.1617685
0.06519131
0.1619022
-0.006752147
0.1618347
0.07480435
-0.04392107
0.09014217
0.2117819
0.09131813
0.1480375
0.09524585
0.0790624
0.1715985
0.1220925
0.06574892
-0.00454918
0.1220204
0.1618535
0.1692614
0.3167918
0.2522295
0.1377421
0.243164
0.2093878
0.1240568
0.1701825
0.1144229
0.1538119
0.2333669
0.1397707
0.2308282
0.1302868
0.2087462
0.2342306
0.04066408
0.2335012
0.2604202
0.3162884
0.2852691
0.3393654
0.106519
0.3051595
0.138214
0.2969828
0.0903274
0.2943015
0.2016627
0.3141701
0.2840064
0.1918844
0.2488725
0.2642822
0.360161
0.3266981
0.31751
0.1943754
0.3067934
0.2389312
-0.02574465
0.2029909
0.1732821
0.2291974
0.2690946
0.3261842
0.2577515
0.3497295
0.2337513
0.3299018
0.2679448
0.1791476
0.08160669
0.3584809
0.1655079
0.4240256
0.2749888
0.1875735
0.3441071
0.2023672
0.3132526
0.3798499
0.3355713
0.3332585
0.4089673
0.3568252
0.1870712
0.126448
0.2861928
0.1102582
0.2370518
0.2805209
0.3715124
0.2751181
0.33831
0.2700709
0.21541
0.3228943
0.2558164
0.2488878
0.4262128
0.1560383
0.3432228
0.3447224
0.3128654
0.3741219
0.2181438
0.360403
0.2548844
0.3080919
0.2454237
0.3501648
0.2317188
0.3140633
0.2796116
0.4361588
0.4629938
0.3400261
0.4262764
0.3750092
0.5168497
0.227539
0.2944915
0.3246141
0.3899226
0.3798255
0.3654839
0.3790453
0.2701375
0.3498985
0.3946552
0.4061831
0.3816467
0.5982233
0.3737874
0.3337636
0.3708176
0.4370952
0.3784808
0.5329139
0.3968551
0.5123322
0.3074609
0.3716888
0.4466339
0.3502542
0.4091889
0.2716295
0.3064711
0.3408894
0.3947605
0.4269962
0.5562375
0.4906724
0.5267826
0.2793198
0.3685537
0.4681261
0.4056394
0.4124306
0.4971822
0.521265
0.4464229
0.6134196
0.3689506
0.4587011
0.4482442
0.3013285
0.5026924
0.3989433
0.5807678
0.5759601
0.3372511
0.2771598
0.5187827
0.4995318
0.3634787
0.4851798
0.5842322
0.482582
0.4036175
0.5490977
0.5659175
0.3772014
0.4963441
0.5749676
0.3333953
0.5409218
0.6893187
0.4501311
0.4851215
0.5294299
0.6605436
0.4792776
0.3169712
0.6373856
0.5950646
0.6198626
0.5227211
0.7579659
0.5290882
0.483796
0.5903499
0.571672
0.4699743
0.518284
0.4004767
0.4793465
0.5760858
0.6138119
0.5228903
0.5619899
0.51687
0.6290358
0.625463
0.5877571
0.5876486
0.4876617
0.545357
0.5601737
0.4603058
0.5025707
0.4131455
0.4903651
0.7224101
0.5756755
0.5050974
0.5996357
0.6268105
0.6415485
0.5824468
0.5708514
0.6563899
0.5346716
0.4892681
0.6738636
0.4926737
0.5320487
0.4496441
0.6387763
0.5839259
0.6141028
0.5245021
0.6189734
0.7089991
0.6827472
0.6334733
0.6396997
0.5265404
0.7202758
0.6715637
0.5437187
0.6595884
0.5696396
0.7464681
0.6110986
0.6646154
0.7561107
0.6911101
0.6319867
0.6750049
0.5644568
0.5317077
0.6294805
0.7537076
0.7238126
0.6560038
0.7266372
0.6173567
0.6711702
0.6585146
0.5830584
0.6740303
0.5293347
0.7430538
0.7271065
0.7543727
0.7593826
0.802313
0.7086389
0.5734745
0.7614959
0.6843562
0.7399764
0.7145424
0.7090602
0.6321264
0.560805
0.4911042
0.693892
0.7239643
0.7562991
0.7317347
0.7802918
0.6857649
0.7077337
0.7928742
0.7074762
0.6584413
0.6950111
0.8311501
0.784193
0.6266384
0.7971923
0.7357267
0.6446814
0.6458539
0.8286606
0.7089797
0.8080318
0.8885041
0.6782664
0.7129477
0.7637557
0.736174
0.5979445
0.8601807
0.7033995
0.6855056
0.7164528
0.9567168
0.764737
0.7524255
0.8165376
0.7975953
0.7158
0.8535996
0.7986348
0.7736007
0.624697
0.6606057
0.7942976
0.7854506
0.8881081
0.8044673
0.754704
0.8459293
0.9308136
0.8230295
0.7063398
0.9092713
0.8055226
0.6916447
0.8862239
0.6479062
0.785004
0.7433926
0.779182
0.7763513
0.791892
0.8197206
0.8771879
0.7618365
0.7808661
0.8761091
0.7587174
0.8496904
0.7905605
0.8747706
0.8660112
1.053728
0.9520438
0.8145075
0.8953252
0.8730383
0.8952357
0.7993901
0.939663
0.9744869
0.8325478
0.9080555
0.755736
0.7687778
0.7018262
0.9059975
0.7647046
0.9584055
0.9374851
0.9146393
0.90454
0.9916414
0.8782457
0.8283736
1.006327
0.8596423
1.0351
1.003196
0.7713948
0.9317244
0.9950915
0.8537467
0.8412869
0.7730381
0.8525448
1.011425
0.7846564
0.8884619
0.8662252
0.7204597
0.8975537
0.9506603
0.9074504
1.106098
1.040826
0.9356061
0.9926097
0.888628
0.9973393
0.9739512
0.9018149
0.995837
0.9828552
0.9597744
0.9811723
0.798759
1.012855
0.8176593
1.036811
0.9096244
0.9977159
0.8512795
0.966199
0.9827589
0.8858026
0.9029856
1.063366
0.9882394
1.043897
0.9747026
1.026498
0.8984672
1.050628
0.9348863
1.061111
0.9892727
0.9189934
1.040607
1.084457
0.9390374
0.8914026
0.8410011