0.1232589
-0.9904053
-1.008781
-0.7784965
-0.8927871
-1.062508
-0.9909184
-0.8822807
-1.060499
-1.004228
-1.028463
-1.066597
-0.9880567
-1.010778
-0.8341368
-1.02839
-0.8244383
-0.9283984
-0.9641889
-0.9924097
-0.8697801
-0.9148664
-1.031858
-0.8590545
-1.082408
-0.9210579
-0.7669835
-1.045118
-0.898058
-0.862793
-0.912298
-0.9037081
-0.9529089
-0.8673097
-0.8193312
-1.171156
-0.9960724
-0.9440443
-0.9212384
-0.8940014
-1.064674
-0.852607
-0.7473037
-0.9879728
-0.9538982
-0.8503205
-0.8767354
-0.8893543
-0.9222313
-0.7455278
-0.8139111
-0.9252184
-0.8259023
-0.869481
-0.8578535
-0.747772
-0.932694
-0.8480224
-0.959815
-0.8038399
-0.8891166
-0.9291525
-0.8055761
-0.8443382
-0.9103464
-1.078527
-1.033761
-0.7582661
-0.7686026
-0.7900037
-0.8223049
-0.7155694
-0.9183556
-0.7889032
-0.8639193
-0.8476088
-0.8269748
-0.9120112
-0.8934072
-0.7824641
-0.7051494
-0.9153942
-0.7845551
-0.8728732
-0.8268442
-0.8549623
-0.9025593
-0.8156612
-0.7968349
-0.7665626
-0.8757131
-0.8517248
-0.8191171
-0.7939181
-0.845901
-0.9519614
-0.6615858
-0.6947276
-0.903632
-0.6672705
-0.7160232
-0.8977755
-0.9027203
-0.8303454
-0.8060821
-0.712015
-0.7516491
-0.6782145
-0.7485434
-0.8839032
-0.8385129
-0.8379089
-0.6702704
-0.7817846
-0.7914076
-0.6648867
-0.7319138
-0.7513478
-0.8731696
-0.661557
-0.8439265
-0.7666055
-0.7404298
-0.736722
-0.7181249
-0.8362793
-0.6883002
-0.6623775
-0.809843
-0.7544279
-0.7104046
-0.7464595
-0.800333
-0.7562082
-0.7189387
-0.5854746
-0.8006613
-0.735087
-0.6758406
-0.8286728
-0.7826477
-0.7066493
-0.8376857
-0.7389538
-0.691666
-0.7577589
-0.7873872
-0.6412927
-0.7304148
-0.6519188
-0.7054067
-0.6021005
-0.6062059
-0.7582106
-0.574527
-0.7613424
-0.6635763
-0.6668747
-0.7914676
-0.6902508
-0.6625111
-0.7519415
-0.6176064
-0.7622489
-0.6693799
-0.7196397
-0.6912117
-0.7124563
-0.6840223
-0.6853112
-0.7224009
-0.5334423
-0.7058156
-0.655901
-0.5374412
-0.6203534
-0.5221612
-0.6957635
-0.5799844
-0.7955524
-0.5303985
-0.6045777
-0.5538481
-0.6602691
-0.571873
-0.5030016
-0.7764395
-0.6236922
-0.5600681
-0.5077603
-0.7085999
-0.5489053
-0.6015475
-0.6718494
-0.6678066
-0.8012132
-0.6350457
-0.5847264
-0.5933272
-0.6807866
-0.7020526
-0.4550786
-0.666412
-0.6205717
-0.6304621
-0.6395281
-0.5402835
-0.7499008
-0.5861694
-0.6509949
-0.5978729
-0.558432
-0.6889528
-0.5862907
-0.6780157
-0.5773328
-0.6364624
-0.5173968
-0.5200346
-0.5019108
-0.603082
-0.5319546
-0.7028359
-0.6165338
-0.5085447
-0.5608579
-0.6152869
-0.6511009
-0.5379349
-0.4184052
-0.6464882
-0.4203283
-0.3554263
-0.3396828
-0.4715337
-0.710624
-0.6594063
-0.3461582
-0.4451852
-0.5102158
-0.5275838
-0.5370434
-0.6223094
-0.7041833
-0.5359834
-0.5015373
-0.4649992
-0.3897546
-0.4261638
-0.6024663
-0.4911476
-0.3285154
-0.5834168
-0.4024565
-0.3716597
-0.5258705
-0.6130309
-0.3820004
-0.4271152
-0.3860533
-0.4700531
-0.462571
-0.3598461
-0.4527882
-0.6213761
-0.5234323
-0.4857171
-0.5588856
-0.2592192
-0.5581895
-0.4371263
-0.5007283
-0.3554234
-0.2396815
-0.3602967
-0.4177745
-0.4486206
-0.4132965
-0.3180644
-0.5648947
-0.3786986
-0.4325022
-0.4213487
-0.513086
-0.2489898
-0.3774579
-0.2587614
-0.4562433
-0.4559532
-0.5865855
-0.3435632
-0.4387308
-0.3753246
-0.2854982
-0.3204396
-0.4197839
-0.4084591
-0.5121109
-0.3647597
-0.3716681
-0.4469634
-0.4571621
-0.3766252
-0.4047007
-0.462688
-0.472427
-0.2553381
-0.4402847
-0.4167313
-0.3082633
-0.3721266
-0.355415
-0.3015632
-0.2363935
-0.2771073
-0.08743375
-0.4550125
-0.351703
-0.3520456
-0.4448443
-0.4761939
-0.437263
-0.3940477
-0.2055506
-0.231991
-0.2334999
-0.4098497
-0.464215
-0.4858913
-0.3525926
-0.3732529
-0.264686
-0.4253996
-0.2625442
-0.3792223
-0.2913282
-0.449574
-0.2942763
-0.1944009
-0.268095
-0.1053503
-0.1654736
-0.1935475
-0.3522139
-0.4983595
-0.2429379
-0.290166
-0.3084321
-0.2137296
-0.4048599
-0.2364864
-0.2276875
-0.1153676
-0.05779982
-0.2933933
-0.4050107
-0.27415
-0.1178112
-0.3481716
-0.3782453
-0.4827085
-0.2236418
-0.3250007
-0.3310476
-0.2731469
-0.4215234
-0.337575
-0.3183636
-0.1802251
-0.2239835
-0.4344657
-0.3323674
-0.05320267
-0.2130409
-0.2369329
-0.217462
-0.3033103
-0.2898038
-0.3143145
-0.2616702
-0.2421255
-0.2390412
-0.3188917
-0.236479
-0.2827289
-0.1940504
-0.1183455
-0.1595738
-0.04281704
-0.2970833
-0.2911888
-0.1905824
-0.1205709
-0.182531
-0.2175954
-0.1212152
-0.2502421
-0.2849518
-0.1591886
-0.1350588
-0.2431152
-0.2548755
-0.2564404
-0.2443909
-0.154197
-0.2089892
-0.2856563
-0.2298543
-0.3060139
-0.05689027
-0.2513116
-0.1885359
-0.1767707
-0.1533892
-0.1145759
-0.155349
-0.1147713
-0.007359804
-0.1775486
-0.185453
-0.1630419
-0.1321883
-0.1639894
0.001930971
-0.2575796
-0.2197685
-0.1918357
-0.07024115
-0.1638965
-0.1641301
-0.1530489
-0.07839652
0.03459999
-0.2184282
-0.2192497
-0.1773475
-0.2966375
-0.05945956
-0.1443447
-0.2616721
-0.09402056
-0.07818844
-0.1244179
0.02021246
-0.02708014
-0.1630204
-0.007322266
-0.1468405
0.01364704
-0.06572128
0.05048609
-0.134279
-0.1614142
-0.1288558
0.05817701
0.01003211
-0.1024457
-0.03248234
-0.1901791
-0.01645682
0.03857388
-0.05671155
-0.01216773
-0.07231885
0.0536323
-0.09221172
-0.1324212
0.08366361
-0.1333197
-0.1171498
-0.1328386
-0.1609599
0.03284908
0.017093
0.03462955
-0.1377025
0.0301262
-0.08547813
0.005310633
-0.1483016
-0.1139426
-0.1103381
-0.02772541
-0.1069243
0.05918068
-0.0643644
-0.08354538
-0.009866287
-0.0363873
-0.02447942
0.00186023
-0.1622925
-0.0132572
0.1362781
-0.008385257
-0.05879395
-0.06310418
0.1106364
-0.01434271
0.1251809
-0.2230465
-0.2337231
-0.06944312
-0.004437975
0.04752659
0.01935611
-0.08127882
-0.04470073
-0.1139382
0.06123935
-0.1235258
0.01218956
-0.006394117
0.1462052
0.07344258
-0.08540797
0.008657462
0.1351659
-0.1621442
-0.002339373
0.01648363
0.03941838
0.1024142
-0.1215532
0.1064525
-0.07816821
-0.01441562
-0.01420869
0.009381069
-0.1298029
0.1335226
0.04364711
-0.07206835
-0.06947105
0.3046649
-0.02863579
0.007058507
0.01970097
0.1351245
0.222633
-0.007636879
0.05163397
-0.05678985
0.01883594
-0.05316433
0.1716525
0.07303109
0.1170681
0.1095011
0.1443996
0.1344129
0.2133282
0.2218251
-0.08799126
0.229565
0.1921442
0.3427933
0.1968219
0.3936679
0.1792561
0.09109171
0.07731636
0.2487761
0.1671886
0.1300204
0.1803444
0.02627731
0.006896225
0.08195152
0.1691743
0.11799
0.08977031
0.1323871
0.1286865
0.09812089
0.1942609
0.2397226
0.1742293
0.1745707
0.06230962
0.1214912
0.02333385
0.09184486
0.2069379
0.1339486
0.09938176
0.1237224
0.1368997
-0.003631309
0.168445
0.2402475
0.2294448
0.2069214
0.2414426
0.2891956
0.2126456
0.2430379
0.157384
0.2363322
0.1196394
0.0514795
0.2553438
0.1204665
0.3143716
0.1529823
0.1424535
0.3168475
0.2652298
0.2184265
0.3109743
0.3225714
0.1508757
0.2571169
0.1272196
0.08721568
0.24677
0.2975548
0.1237249
0.131554
0.1575883
0.2072495
0.180631
0.1175625
0.1782614
0.342064
0.05282863
0.3314559
0.2884108
0.2143542
0.3307539
0.1955382
0.1589975
0.2898342
0.2201211
0.1198936
0.1874482
0.1392013
0.3508576
0.3850975
0.2247979
0.3486125
0.3805663
0.3391965
0.4392415
0.3147251
0.2474218
0.3723998
0.3443076
0.1792907
0.239715
0.3478525
0.3142722
0.3266294
0.2864289
0.3738932
0.2446924
0.2653751
0.3250415
0.2535587
0.257563
0.3082321
0.209767
0.4437161
0.3773782
0.3409649
0.5032265
0.2359279
0.3965368
0.1708359
0.3882085
0.3896054
0.3089515
0.3856902
0.3338021
0.2236513
0.3360498
0.3220533
0.3646813
0.4008729
0.2945616
0.3224733
0.3888128
0.3171263
0.4637051
0.5648253
0.4464477
0.1446783
0.3648583
0.4076179
0.50231
0.2599147
0.4507376
0.2360312
0.4575752
0.2859165
0.2840716
0.4553971
0.4443169
0.5329745
0.3803451
0.4166785
0.4145731
0.3603424
0.4937131
0.3636963
0.4772897
0.4071334
0.4455621
0.5111777
0.4428653
0.4473245
0.4144321
0.452551
0.4082796
0.5377615
0.4176616
0.352654
0.4082336
0.4013859
0.5092834
0.4536877
0.4667738
0.4235159
0.4004969
0.5154293
0.4613586
0.4311954
0.5336856
0.5327646
0.5544686
0.4865467
0.5207833
0.5550589
0.5273958
0.6432344
0.5763931
0.5097958
0.4265789
0.5746231
0.5086748
0.5604595
0.5589873
0.4813729
0.3598282
0.3713292
0.4217245
0.4817614
0.5638257
0.5339776
0.4625159
0.4987343
0.5071867
0.5061438
0.4710404
0.5254005
0.5053139
0.3838632
0.4816158
0.5429114
0.4901405
0.5749946
0.526591
0.5552779
0.6358489
0.5263504
0.5310199
0.3851602
0.5723101
0.5202652
0.591358
0.5340666
0.4070258
0.6078424
0.5682142
0.6066827
0.5764702
0.379598
0.5814239
0.5674143
0.5854659
0.6916844
0.6029007
0.6152952
0.6364978
0.6642285
0.5157341
0.7387185
0.5391525
0.5868122
0.4545332
0.7394872
0.5371785
0.5874263
0.5435869
0.4976931
0.5611339
0.6328828
0.7059106
0.662802
0.6541507
0.4718554
0.3823386
0.6211623
0.5371085
0.5614362
0.7013687
0.6182358
0.7168164
0.4851424
0.5220564
0.6882886
0.6657011
0.6437413
0.5460231
0.4977974
0.4776779
0.7229638
0.8190299
0.6124427
0.6521367
0.708577
0.6860296
0.5941084
0.6787637
0.5991509
0.6951825
0.7194791
0.6667288
0.6491092
0.6125268
0.4333417
0.6775755
0.6924289
0.6847179
0.7380413
0.6373546
0.5971583
0.6760145
0.5845777
0.8393525
0.5345277
0.7100478
0.7823544
0.6751488
0.7777762
0.627836
0.5572081
0.8318263
0.6736797
0.707167
0.6229682
0.6627134
0.9406772
0.6186153
0.6159805
0.7736795
0.6783444
0.7805021
0.7222988
0.7877945
0.7128743
0.7023245
0.7538939
0.7799006
0.5902998
0.876912
0.7543236
0.6687429
0.645
0.7682308
0.6141891
0.837099
0.6767196
0.708961
0.8565684
0.7734085
0.8881564
0.8835454
0.7601243
0.6787228
0.7387423
0.7488074
0.7742857
0.7335256
0.6895911
0.7108876
0.9327878
0.7267171
0.6432743
0.6847098
0.8144955
0.8305961
0.8243556
0.8238988
0.7367464
0.7596804
0.7794501
0.8728627
0.7875288
0.7683656
0.8622454
0.8367772
0.9663229
0.6274499
0.7708695
0.7092111
0.7627589
0.8407265
0.8473774
0.8014443
0.8046547
0.9201705
0.8217593
0.7818974
0.7446796
0.7778146
0.8226445
0.7835068
0.8780145
0.8620289
0.9962516
0.8245104
1.047149
0.7487064
0.7665952
0.606713
0.7025689
0.8635061
0.7866691
0.865684
0.755805
0.8318619
0.8985628
0.9348929
0.8272363
0.8553722
1.114609
0.7008938
0.8721447
0.9681383
0.8708118
0.8742459
0.8757804
0.9112556
0.8277246
0.9793382
0.7825014
0.8724024
0.8466801
0.9518206
0.9956114
0.8643964
0.7888129
0.9342102
0.9004714
0.9120274
0.8591097
0.9529832
0.9976052
0.9753611
0.9533387
0.7655055
0.9302849
0.9172124
1.00113
0.9584887
0.9284299
0.8320377
0.9569179
0.9438616
0.7912663
0.8944047
0.7991781
0.9709069
0.7953658
0.9457206
1.049041
1.042345
1.002991
0.9402815
0.9039843
1.036837
1.04619
1.097079
0.985875
1.008304
0.9209096
0.8831449
0.8861849
1.073001
0.8843841
0.8197011
0.9312064
0.8738438
1.063793
0.9617732
0.9841497
0.9439984
0.9472376
0.8927528
1.023905