-0.03374349
-1.098378
-0.9680753
-1.051602
-0.9204112
-0.9187183
-0.8967138
-0.9038795
-0.9717679
-1.136183
-0.9387617
-0.9296403
-0.9849734
-0.9602161
-0.8797446
-1.019985
-0.9929491
-0.7622913
-0.9837241
-1.020705
-0.9747972
-0.7914175
-0.9126905
-0.9942843
-0.8771558
-0.8893304
-1.01057
-0.9390276
-0.9368428
-0.940003
-0.7907594
-0.9019815
-0.8296244
-1.017761
-0.9326071
-0.8625183
-0.957271
-0.907832
-0.9723087
-0.8772703
-0.8544292
-0.9591861
-0.9431019
-1.077545
-0.9825859
-1.001381
-0.9775844
-1.065654
-0.9364141
-0.8911988
-0.9142513
-0.9501752
-0.9943464
-0.8737914
-0.8975827
-0.9904947
-0.8213288
-0.8079306
-0.917431
-0.9401856
-0.8696605
-0.9069211
-1.033365
-0.9994825
-0.8095423
-0.8622436
-0.849713
-0.901137
-0.7294469
-0.9522273
-0.9257651
-0.9874519
-0.945179
-0.9612753
-0.9822934
-0.8229439
-0.8955156
-0.8737542
-0.7257921
-0.8272548
-0.7919091
-0.876775
-0.8281559
-0.9495632
-0.9590776
-1.009003
-0.8422109
-0.7675058
-0.8051514
-0.7907576
-0.9095976
-0.9392383
-0.7361968
-0.9180788
-0.7716258
-0.8862157
-0.7826871
-0.7689974
-0.9265591
-0.7631022
-0.8401123
-0.7653012
-0.8007852
-0.7802029
-0.7181992
-0.7602802
-0.8432809
-0.5836737
-0.7157854
-0.8093967
-0.8900666
-0.8022931
-0.834305
-0.7732412
-0.5376278
-0.8079279
-0.7977076
-0.7488811
-0.7805074
-0.6507416
-0.8846863
-0.688783
-0.9152216
-0.6779418
-0.6870951
-0.805588
-0.7951829
-0.7988406
-0.7881938
-0.8318273
-0.8250816
-0.7544291
-0.8463469
-0.6098421
-0.7119385
-0.812784
-0.7883078
-0.6939998
-0.7364181
-0.8044376
-0.7017571
-0.7513386
-0.754422
-0.501168
-0.8093745
-0.644496
-0.73818
-0.4578291
-0.6456
-0.6532894
-0.7009839
-0.6217877
-0.6461348
-0.6418646
-0.7179222
-0.7558435
-0.657829
-0.7075185
-0.5816604
-0.7962256
-0.7197492
-0.6220295
-0.5668392
-0.5861064
-0.6356012
-0.7032244
-0.7250508
-0.6895319
-0.7022518
-0.6260185
-0.5768381
-0.6631831
-0.6067226
-0.4938832
-0.7634669
-0.5723646
-0.7923878
-0.6068633
-0.7833855
-0.5806534
-0.5664046
-0.5960716
-0.6339118
-0.5816979
-0.5986608
-0.5969395
-0.7206406
-0.6530435
-0.5849981
-0.5479588
-0.7666194
-0.6566696
-0.7473383
-0.5641359
-0.5956444
-0.6396587
-0.5514568
-0.6193648
-0.6608858
-0.4866845
-0.5603669
-0.7767027
-0.6185282
-0.6162005
-0.64505
-0.6402395
-0.562478
-0.4181682
-0.5905313
-0.4058099
-0.5198862
-0.5729726
-0.5133294
-0.4995658
-0.6143838
-0.6010671
-0.5351925
-0.6874247
-0.4983426
-0.6453353
-0.5918478
-0.5570336
-0.6646162
-0.6743683
-0.4197634
-0.6285218
-0.5725949
-0.3832767
-0.485419
-0.5805921
-0.5543812
-0.3662867
-0.5999812
-0.5003635
-0.5854594
-0.6419027
-0.4755288
-0.4809084
-0.5394451
-0.4642514
-0.5226608
-0.4531662
-0.5507494
-0.581292
-0.4202098
-0.5851341
-0.6023765
-0.5125413
-0.5584865
-0.6563202
-0.5408492
-0.3607196
-0.6740721
-0.3517876
-0.5520748
-0.5454035
-0.5242467
-0.4541342
-0.4760334
-0.401178
-0.370767
-0.4646622
-0.6085433
-0.4445982
-0.51149
-0.5487267
-0.3814973
-0.397129
-0.4182289
-0.5105124
-0.4204789
-0.331758
-0.4421913
-0.4250506
-0.2939163
-0.3578979
-0.4379687
-0.4573434
-0.3769268
-0.509496
-0.4587872
-0.412442
-0.3581317
-0.4559679
-0.5097252
-0.344277
-0.4651209
-0.5216715
-0.2853895
-0.5726328
-0.4487831
-0.3623463
-0.4403218
-0.3726276
-0.4373511
-0.3772599
-0.4186069
-0.5470384
-0.3590516
-0.4390362
-0.575334
-0.5266608
-0.3739809
-0.496716
-0.5035504
-0.4483407
-0.3409989
-0.2732737
-0.4434762
-0.458452
-0.5148224
-0.5832147
-0.3913694
-0.3737739
-0.3538955
-0.455379
-0.4531238
-0.3190834
-0.4075931
-0.4350367
-0.4589878
-0.3442022
-0.356746
-0.2591709
-0.363155
-0.3779681
-0.4252034
-0.3845214
-0.431138
-0.2765061
-0.3773478
-0.4101667
-0.3344112
-0.3547569
-0.3706928
-0.1935448
-0.1689091
-0.1850274
-0.3843423
-0.3865839
-0.3462473
-0.3304873
-0.3327214
-0.3114831
-0.3957232
-0.3614216
-0.2899115
-0.2572837
-0.3813489
-0.2411439
-0.2528232
-0.1967687
-0.2887184
-0.2685804
-0.212077
-0.3667479
-0.2307584
-0.2015049
-0.3837295
-0.1861894
-0.3610861
-0.2255498
-0.3088592
-0.2508075
-0.1967953
-0.3108731
-0.3782687
-0.4125472
-0.4061623
-0.2612352
-0.2263887
-0.2104559
-0.3265584
-0.3684869
-0.1361716
-0.3654308
-0.2665905
-0.22155
-0.1411301
-0.3352858
-0.1538768
-0.141565
-0.2847326
-0.4273737
-0.3927571
-0.1239429
-0.1996747
-0.1933671
-0.2114542
-0.1550212
-0.3666062
-0.3475675
-0.3239867
-0.3118865
-0.3113086
-0.1711169
-0.2685872
-0.2087663
-0.1436359
-0.2345265
-0.3107558
-0.008894367
-0.044811
-0.3717353
-0.346148
-0.2079721
-0.2513045
-0.161277
-0.01827802
-0.2024991
-0.1544926
-0.2677197
-0.1704249
-0.27597
-0.1605591
-0.1120005
-0.1797309
-0.2739194
-0.210171
-0.1706602
-0.1198625
-0.1768033
-0.09313811
-0.2147731
-0.04070187
-0.3550185
-0.1476955
-0.04639941
-0.1730805
-0.06204741
-0.2094024
-0.186445
-0.08566086
-0.1303954
-0.1574025
-0.2133369
-0.06865632
-0.2200876
-0.1008616
-0.2432503
-0.2027713
-0.1737176
-0.1384113
-0.06125168
-0.1413113
-0.06482203
-0.3218158
-0.2604275
-0.1189424
-0.07450149
-0.2293237
-0.02759437
-0.03890024
-0.2272565
0.04781245
-0.2017245
0.0009529639
-0.01326784
0.008375441
-0.2995326
-0.08231188
-0.05574334
-0.1511907
-0.03930718
-0.1446986
0.05042471
-0.1143104
-0.1630738
-0.05249387
-0.01541424
-0.0003603154
-0.1037323
-0.1297261
-0.09266041
-0.05973795
0.01026596
-0.1788498
-0.06813918
0.01584011
-0.04156796
-0.06113509
-0.04319778
0.02250235
0.0618185
-0.04411879
-0.07638269
-0.0006345011
-0.1963823
-0.02784157
0.05438209
-0.1106676
0.1194243
0.036439
0.02541549
-0.1505004
-0.08289149
0.02763779
-0.2096528
-0.0207775
0.007327576
-0.1088456
-0.00499651
0.1385066
0.0001518632
-0.07401176
0.09763819
0.0002107451
0.04333416
0.03705924
0.0002708797
0.01498749
-0.01617955
0.004033118
-0.01794475
0.08042222
0.1043521
-0.002368361
0.06613512
0.02753612
0.05953389
0.1064089
-0.08186529
0.1511309
0.02415735
0.05272259
0.1269868
0.0260871
-0.0744671
-0.08382858
0.0390875
-0.02667366
0.2133833
0.1298421
0.08107505
0.1534875
0.1726533
0.0264066
-0.02659472
0.106388
0.1420552
0.03717062
0.1156982
0.1002214
0.0124865
0.1313962
0.02882927
0.1295357
-0.001711228
0.1821912
0.02170045
0.2556766
0.1448327
0.1030075
0.02642848
0.1667679
0.2168429
0.1158429
0.03738651
0.08565062
-0.04210433
0.1031252
0.1606696
0.09337887
0.08196663
0.1400653
0.2602876
0.1894194
0.03851812
0.1143469
0.1592431
0.2388644
0.1559655
0.3078136
0.1094997
0.1493656
0.04669726
0.1745353
0.1749182
0.1676017
0.1318414
0.193112
0.1369951
0.166448
0.01322466
0.0681422
0.2451604
0.3142161
0.1313679
0.1359275
0.3005371
0.1558182
0.1460027
0.1981372
0.1053382
0.2507144
0.07188784
0.2450949
0.2456694
0.1238582
0.3325461
0.2079895
0.1687261
0.1446497
0.02934202
0.3056205
0.2426053
0.1369565
0.2130216
0.2159835
0.3578368
0.2356261
0.1605033
0.0575596
0.1741903
0.2498552
0.2258184
0.09106074
0.1412806
0.2590607
0.1480483
0.3135338
0.213393
0.2091752
0.3628435
0.2511788
0.2846898
0.1657424
0.1479419
0.2792106
0.2833214
0.1038305
0.03511548
0.3019244
0.3383109
0.2259486
0.1988255
0.2354777
0.2998469
0.1379706
0.1988549
0.2502694
0.2554667
0.2601332
0.3876947
0.259531
0.3743882
0.1347537
0.3197308
0.2953283
0.2441263
0.4169662
0.3338511
0.2820992
0.4133564
0.3809797
0.4192439
0.3865625
0.3130502
0.2609623
0.4090908
0.3290429
0.173863
0.33129
0.4085197
0.3869627
0.4088519
0.4033056
0.2126005
0.3621406
0.3026502
0.2545556
0.3959545
0.4276637
0.3992687
0.2916329
0.4074183
0.2677265
0.497721
0.604146
0.5419155
0.406939
0.5310826
0.3468163
0.3857499
0.3080698
0.3572728
0.4221156
0.5478913
0.3406582
0.3516396
0.4925441
0.3148631
0.2384946
0.2566549
0.3520874
0.3047241
0.3398574
0.2764033
0.458155
0.3818403
0.2716255
0.4018254
0.4036284
0.4942108
0.3705132
0.3751682
0.3541109
0.4480128
0.3560932
0.4528598
0.3691499
0.4082506
0.3059573
0.3143972
0.4956719
0.3663436
0.436271
0.4261494
0.4606184
0.396623
0.2473653
0.4025162
0.3138954
0.5834686
0.4883842
0.518303
0.3716704
0.567691
0.5297406
0.4988706
0.43439
0.444331
0.4507569
0.4104957
0.4582989
0.4274695
0.4655449
0.3857417
0.4463685
0.4029117
0.4109782
0.3632746
0.4880643
0.4477555
0.4508298
0.555474
0.5788664
0.6079039
0.563915
0.5663881
0.5513749
0.5266765
0.6144713
0.6259851
0.5051479
0.5166131
0.5936445
0.5907061
0.4460169
0.5542249
0.5525622
0.5347429
0.5112154
0.461276
0.6004301
0.4133353
0.5077664
0.463952
0.5900836
0.5139178
0.5473118
0.5089143
0.5270719
0.4740981
0.4949917
0.5487614
0.4073476
0.5148371
0.6295633
0.666069
0.5978148
0.5605028
0.6787806
0.4370861
0.5885203
0.6237944
0.5079818
0.6112113
0.5300043
0.5222468
0.4232559
0.7434349
0.6086251
0.6134294
0.4934454
0.512414
0.5986143
0.5737497
0.5676009
0.6716425
0.5742309
0.5692435
0.4534571
0.6549097
0.5391057
0.4374906
0.4970199
0.5525951
0.6188395
0.6053176
0.6034647
0.7053114
0.739153
0.6552652
0.7345188
0.5399085
0.56578
0.6775175
0.6233442
0.6329369
0.6401845
0.6770584
0.4565257
0.6706727
0.704
0.8476352
0.7202289
0.6786716
0.6887096
0.7406231
0.8328883
0.6578301
0.6246624
0.6711779
0.67301
0.7498278
0.6598663
0.6158772
0.7385651
0.7104447
0.6563354
0.6434282
0.6849239
0.7058772
0.6353572
0.7704598
0.613847
0.6774295
0.5933658
0.6246988
0.803259
0.7421352
0.7284262
0.7538449
0.7771552
0.8018874
0.7238296
0.6823913
0.748244
0.5870387
0.8889063
0.6948801
0.7830447
0.7937678
0.6475953
0.7077426
0.6685533
0.7818691
0.6889816
0.6156073
0.6320621
0.7537853
0.6820636
0.8364385
0.8538817
0.6997469
0.6825803
0.8149371
0.800607
0.5816014
0.7889669
0.6867735
0.6997298
0.7723744
0.6985921
0.7209607
0.6992257
0.7916843
0.7995716
0.696735
0.8367572
0.880715
0.9365372
0.8550146
0.7121931
0.8177075
0.6709693
0.713782
0.7321228
0.7226927
0.9144501
0.809846
0.8586887
0.6590231
0.8148852
0.8010068
0.8070084
0.7585656
0.8524542
0.7295187
0.8254997
0.7150777
0.8031156
0.7949935
0.7996134
0.7508422
0.76704
0.9181449
0.8126905
0.9587716
0.8509738
0.8983814
0.8229624
0.8447568
0.7707228
0.9762796
0.8923706
0.8619627
0.8345753
1.072026
0.8131679
0.916027
0.9603467
0.8778278
0.8363046
0.8666657
0.767405
0.86492
0.7323696
0.9270499
0.9973667
0.7854793
0.954303
0.773063
0.8935184
0.9895452
0.8788833
0.9313376
0.8299638
0.8786375
0.7216677
0.9183206
0.9859733
1.005329
0.9727803
0.9108485
0.77297
1.098778
0.9706757
0.8590335
0.9484253
0.8632581
0.9268831
0.9277873
0.9939083
0.9353316
1.0181
0.896596
0.9038237
0.7930208
0.9379411
1.043704
0.9346959
1.037072
0.9440664
1.037179
0.8308755
0.8501264
0.9950765
0.9043
0.971055
0.7513266
0.9150787
1.044344
0.9247085
0.8303261
1.01393
0.9621686
1.029885
0.9348882
0.9930325
1.148856
0.9896667
1.118342
1.006246
0.9316959
1.017415
0.9235508
1.047383
1.07639
0.8685493