-0.03267316
-1.091957
-0.9717468
-1.037476
-0.9182483
-0.9496641
-0.8805464
-0.9123521
-0.9989886
-1.123026
-0.9289957
-0.9255782
-0.9744623
-0.9725073
-0.8682608
-1.036971
-1.016229
-0.7436286
-0.9934937
-1.026245
-0.9927131
-0.7902473
-0.928415
-0.9996318
-0.8557378
-0.9090973
-1.002579
-0.9261474
-0.9343251
-0.9433974
-0.8006872
-0.9156772
-0.8142831
-1.029687
-0.9679737
-0.8747345
-0.9839483
-0.9117112
-0.9713542
-0.8744953
-0.8617118
-0.9447449
-0.9350159
-1.07545
-0.9804778
-1.006314
-0.9739772
-1.056003
-0.9399728
-0.8700819
-0.9128139
-0.9461667
-0.9959693
-0.8825368
-0.8958922
-0.9935971
-0.8080636
-0.8093862
-0.9260969
-0.9337269
-0.8660317
-0.9204836
-1.05979
-1.003941
-0.802798
-0.8787926
-0.8438728
-0.8934538
-0.7231553
-0.951944
-0.9156469
-0.9612636
-0.9132328
-0.9521477
-0.9611784
-0.816973
-0.9020881
-0.8889024
-0.7159117
-0.8273602
-0.755538
-0.8753635
-0.8219625
-0.9572418
-0.9535798
-0.9944033
-0.8515953
-0.7753204
-0.8176392
-0.7927658
-0.9145926
-0.9482873
-0.7452229
-0.912294
-0.7753456
-0.9132222
-0.7748727
-0.7650613
-0.9351022
-0.7557323
-0.8488828
-0.7469236
-0.7940304
-0.7943219
-0.7406979
-0.7495457
-0.8455092
-0.6001679
-0.7387958
-0.7976021
-0.8886135
-0.8020785
-0.8465354
-0.7819161
-0.5438081
-0.8286357
-0.8165707
-0.7586598
-0.7853066
-0.6435026
-0.8714881
-0.7132656
-0.9210778
-0.6842705
-0.6915007
-0.8126706
-0.8082317
-0.7912851
-0.7692845
-0.8433488
-0.7991741
-0.7454351
-0.8255339
-0.5882943
-0.7093727
-0.8076168
-0.7756844
-0.6918648
-0.7317242
-0.8140013
-0.6931832
-0.773221
-0.7570386
-0.4703948
-0.8168727
-0.6586898
-0.7507391
-0.4660179
-0.6364724
-0.6669099
-0.7018479
-0.6044947
-0.6493233
-0.6522919
-0.7205001
-0.7424443
-0.657553
-0.7020081
-0.582474
-0.8242408
-0.7228062
-0.642755
-0.5619307
-0.593676
-0.609628
-0.7131396
-0.7228932
-0.6847306
-0.7016551
-0.6484719
-0.5857809
-0.687804
-0.6127699
-0.4841298
-0.7524594
-0.5871981
-0.7890414
-0.6216382
-0.7771535
-0.5873827
-0.5718468
-0.586131
-0.6256495
-0.5786021
-0.5914393
-0.603666
-0.7164118
-0.6629811
-0.5818797
-0.5437814
-0.7707188
-0.6177101
-0.7487012
-0.5730736
-0.6066025
-0.6393406
-0.5572779
-0.6370891
-0.6429921
-0.4711798
-0.5682554
-0.7715092
-0.644584
-0.605097
-0.6464779
-0.6372947
-0.573661
-0.4090009
-0.5921885
-0.4194293
-0.4974138
-0.5656129
-0.5077704
-0.5074509
-0.6176717
-0.6182036
-0.5565626
-0.6698592
-0.4786199
-0.6290683
-0.5867369
-0.5590646
-0.6693487
-0.6931949
-0.4068314
-0.6162296
-0.5652888
-0.3820049
-0.4977047
-0.5916744
-0.5696498
-0.3937743
-0.6136765
-0.50696
-0.5896952
-0.6489393
-0.4797646
-0.459133
-0.5537865
-0.4502459
-0.5053435
-0.4618993
-0.5277179
-0.5528892
-0.4355894
-0.5843376
-0.6104674
-0.5013251
-0.5654619
-0.6441994
-0.5464295
-0.3579127
-0.6655154
-0.3715242
-0.535993
-0.5362172
-0.5212026
-0.4710575
-0.4802564
-0.4109526
-0.3900042
-0.4682676
-0.6126088
-0.4568568
-0.4987199
-0.5546077
-0.3913732
-0.4126098
-0.4252538
-0.5017916
-0.3955065
-0.338409
-0.451336
-0.3940605
-0.3062912
-0.3457637
-0.4393768
-0.465904
-0.3953568
-0.508977
-0.4478465
-0.407003
-0.3577142
-0.4682659
-0.5301987
-0.3361457
-0.4733415
-0.5157895
-0.2767438
-0.5978215
-0.4241785
-0.3584403
-0.4498312
-0.3869363
-0.4056589
-0.3629028
-0.4190181
-0.5478721
-0.3598462
-0.4224772
-0.5587993
-0.5046608
-0.4036892
-0.4924166
-0.4994748
-0.4613467
-0.3403615
-0.278156
-0.4453354
-0.4468468
-0.4961915
-0.5710022
-0.3778776
-0.3833888
-0.3427215
-0.4598587
-0.451936
-0.3235089
-0.4311577
-0.4161061
-0.4353471
-0.371605
-0.3713176
-0.2496903
-0.3641793
-0.3858081
-0.4294664
-0.3612804
-0.4332763
-0.2801338
-0.4032605
-0.4047431
-0.3410208
-0.3460983
-0.3738266
-0.1799221
-0.1676888
-0.174222
-0.3474787
-0.3936837
-0.3313624
-0.3527252
-0.3066378
-0.3067345
-0.3863781
-0.3631493
-0.286618
-0.2647141
-0.3481151
-0.2453105
-0.2525825
-0.2032905
-0.3002418
-0.2713682
-0.2127096
-0.3611218
-0.253913
-0.2016234
-0.3733999
-0.1758008
-0.3749268
-0.2088965
-0.2938084
-0.2611878
-0.2107262
-0.2856796
-0.360965
-0.4128703
-0.4314256
-0.2726434
-0.2210784
-0.2133337
-0.309154
-0.3751099
-0.09993051
-0.3565146
-0.2583647
-0.2438367
-0.1645533
-0.3503457
-0.1454734
-0.1446851
-0.2787833
-0.4152208
-0.3859553
-0.120733
-0.1925951
-0.2103638
-0.222092
-0.156277
-0.3552537
-0.3238425
-0.3298546
-0.2941162
-0.3147834
-0.1472033
-0.2740247
-0.2262913
-0.146251
-0.2433422
-0.2875529
-0.01463862
-0.04907731
-0.3615211
-0.3417002
-0.2001825
-0.2498929
-0.1593963
-0.01957176
-0.2063535
-0.1525272
-0.2581171
-0.1642726
-0.2330998
-0.1646546
-0.0967838
-0.1625567
-0.3000755
-0.1962673
-0.1899002
-0.1389064
-0.1610872
-0.1093062
-0.205129
-0.04219673
-0.3542383
-0.1443441
-0.03901652
-0.152834
-0.04493483
-0.2151612
-0.1784633
-0.08245215
-0.1422436
-0.1475214
-0.2349714
-0.06708957
-0.2274713
-0.1080449
-0.2523471
-0.2187623
-0.1553007
-0.1508468
-0.05655429
-0.1650388
-0.04885772
-0.2985081
-0.2394083
-0.1143373
-0.08284744
-0.2254071
-0.04990779
-0.008558901
-0.2090531
0.05349923
-0.2061497
-0.003918509
-0.001054886
0.009166972
-0.2892241
-0.05201436
-0.038668
-0.1612719
-0.04413314
-0.1295565
0.04628172
-0.1227038
-0.1506364
-0.02394631
-0.00423163
-0.004274016
-0.09603585
-0.1440104
-0.06515337
-0.05047564
0.03388931
-0.1895112
-0.06331505
0.02056796
-0.04401857
-0.08094653
-0.06521918
0.03132956
0.04644644
-0.06523994
-0.09648733
-0.002456646
-0.1990626
-0.0426236
0.08539516
-0.1191323
0.09921855
0.01719621
0.02588661
-0.1615193
-0.07593382
0.01908628
-0.1881948
-0.02569413
0.01973835
-0.1140883
-0.001677306
0.1426041
2.746423e-05
-0.04365074
0.1214777
-0.01755077
0.03981801
0.02582114
0.0005615932
0.01030757
-0.02731134
0.002116524
0.008213402
0.08629993
0.1214267
0.008609071
0.0531042
0.02381858
0.07828484
0.1037163
-0.07876125
0.1555373
0.01719683
0.02731924
0.1223066
0.02816877
-0.09762971
-0.07003706
0.04333957
-0.01477883
0.2269732
0.1237955
0.1069611
0.1645006
0.1480686
0.03156883
-0.04296671
0.1117562
0.1243605
0.03969534
0.1193279
0.1009444
0.01189273
0.1300696
0.03489852
0.1142763
-0.006517427
0.1946241
0.006954983
0.2605884
0.1498192
0.1135548
0.02508335
0.1638832
0.2063985
0.1047595
0.04775604
0.09744179
-0.009419909
0.09776232
0.1665845
0.0917032
0.07586712
0.1511198
0.2339816
0.1679972
0.03026333
0.1342071
0.1766074
0.2284321
0.1536776
0.3195533
0.11806
0.1640791
0.04731777
0.1671672
0.1753412
0.1558843
0.1259859
0.1862703
0.1507086
0.1478725
-0.004493343
0.09272879
0.240325
0.2978815
0.133465
0.1310948
0.287798
0.1411425
0.1524093
0.1909718
0.1237413
0.2332488
0.08156969
0.2221158
0.2669374
0.1105192
0.3178339
0.2022583
0.1768151
0.1118241
0.008306077
0.3121914
0.2602798
0.1337921
0.2139305
0.2153655
0.3538319
0.2488667
0.1616971
0.05289183
0.1638013
0.2602308
0.217418
0.1156059
0.1399169
0.241608
0.129733
0.3063991
0.212209
0.2578248
0.3853045
0.2577586
0.2614241
0.1614915
0.1112689
0.2766305
0.272938
0.1014561
0.02892607
0.2960349
0.3280372
0.2382555
0.1782342
0.2471597
0.2761453
0.1408287
0.1820417
0.2654252
0.2669362
0.2627255
0.4059421
0.2632996
0.3772846
0.1228802
0.312925
0.3135616
0.2394626
0.4001245
0.3125599
0.2674375
0.4015761
0.3915637
0.3927253
0.3655182
0.2971183
0.2893496
0.4150256
0.3318435
0.1542584
0.3250944
0.4147247
0.4009995
0.4362408
0.4016793
0.2268068
0.3881022
0.285767
0.2624479
0.423901
0.4382507
0.3884218
0.298426
0.4010373
0.2973712
0.5002113
0.5858839
0.5388458
0.4051007
0.5454912
0.3427597
0.3936229
0.3058639
0.3473003
0.4274705
0.5752391
0.3364817
0.3699022
0.5108986
0.3267091
0.2463086
0.257404
0.3497569
0.3112869
0.3362135
0.2857707
0.4538371
0.3723144
0.2468977
0.4004899
0.3956214
0.5032631
0.3593164
0.3674144
0.3443296
0.4390516
0.3500179
0.4495203
0.3591533
0.4084299
0.3293571
0.3114559
0.4862811
0.3735184
0.4334595
0.430387
0.4344056
0.4001857
0.2503127
0.4086411
0.3149297
0.5958555
0.4873502
0.5029779
0.3584838
0.5661715
0.5277254
0.51529
0.4485176
0.4174761
0.4530383
0.4218641
0.4373436
0.4299688
0.4645073
0.3906637
0.4540652
0.4187805
0.4170108
0.354355
0.4826182
0.4535127
0.4319673
0.5683712
0.5696563
0.599486
0.5840972
0.5463847
0.5380296
0.5556095
0.6006899
0.6098262
0.5285027
0.5249372
0.6440881
0.5914372
0.4432276
0.5577897
0.545624
0.5335217
0.5210984
0.4516773
0.5974287
0.413102
0.5193685
0.4689405
0.5790665
0.5371944
0.551592
0.5086172
0.5046585
0.4713825
0.4678099
0.5386091
0.433509
0.5262197
0.6499084
0.6420055
0.6018333
0.571629
0.67101
0.4344007
0.5726701
0.5981021
0.5133037
0.5916043
0.5145964
0.5279121
0.4150103
0.7424622
0.6011443
0.6053998
0.4633876
0.4998777
0.5834921
0.5453597
0.5943689
0.6486443
0.5705505
0.5729733
0.4435598
0.649132
0.5472969
0.4647808
0.4840827
0.5299298
0.6372546
0.6197522
0.6149377
0.7012585
0.7187679
0.6628795
0.7395906
0.5257204
0.5646958
0.6711425
0.5928327
0.640964
0.6488356
0.6904853
0.4476746
0.6858089
0.6991256
0.8408617
0.726163
0.6691418
0.6788392
0.7204517
0.8487302
0.6787594
0.6207326
0.6545296
0.6855776
0.7268837
0.6728506
0.6236356
0.7555618
0.6943206
0.6712947
0.6443508
0.6870432
0.6734964
0.6230454
0.782593
0.6001572
0.6769409
0.590963
0.6244157
0.7849715
0.7157364
0.7182893
0.7617017
0.7916279
0.8098367
0.6886674
0.6874927
0.7796191
0.6019411
0.8788217
0.6866897
0.7792928
0.7839735
0.6435807
0.7120112
0.6631469
0.7845894
0.6949333
0.6167515
0.6544495
0.7720324
0.6928088
0.850134
0.8604122
0.7007943
0.7028943
0.8205439
0.7995875
0.5829767
0.788666
0.688636
0.6854732
0.7503177
0.7102017
0.7205568
0.7074312
0.7706648
0.7937538
0.6971333
0.8389309
0.8792292
0.9436519
0.8662564
0.7202952
0.8220181
0.6768843
0.7202897
0.7340426
0.7290991
0.9050044
0.7960274
0.8708593
0.6702776
0.8096703
0.8106716
0.8068096
0.7670507
0.8751078
0.7007242
0.8240629
0.7170674
0.8117979
0.7900189
0.8035136
0.7414386
0.8027138
0.8970037
0.8103269
0.966077
0.858232
0.900491
0.8334219
0.8425603
0.7422172
0.9920101
0.909835
0.8598096
0.8388582
1.055593
0.8284568
0.9427033
0.9478132
0.8820855
0.8431197
0.8798167
0.7545242
0.8539762
0.7345802
0.912887
0.9847533
0.7598384
0.9513106
0.7655113
0.8941494
0.9758724
0.8462429
0.9298942
0.858929
0.8893838
0.7274856
0.8982082
0.9877754
0.9914325
0.9651386
0.9366183
0.7763422
1.095365
0.9729835
0.8598611
0.9436898
0.8733805
0.9186615
0.9470962
0.9800078
0.9478898
1.028171
0.9032153
0.9171676
0.8036442
0.9128014
1.023696
0.9420651
1.059098
0.9547818
1.053463
0.8341783
0.8544488
0.9735334
0.9093642
0.9788112
0.7497393
0.9196581
1.046499
0.9235903
0.8359868
1.009689
0.9487753
1.030657
0.9322548
1.012495
1.16942
0.9611634
1.128304
0.9888674
0.9552327
1.013266
0.9311707
1.037852
1.075353
0.8843392