-0.03211492
-1.031542
-0.9859586
-1.032905
-0.946478
-0.9516557
-1.060854
-1.110041
-0.935318
-0.986993
-1.034743
-1.057172
-1.011563
-0.8815135
-0.914969
-1.065007
-0.8889801
-0.9175925
-0.9054455
-0.9337155
-0.9459475
-0.9720057
-0.9597901
-1.093143
-0.9104399
-1.09796
-0.948764
-1.017692
-0.9612396
-0.9100263
-0.9751158
-0.9689826
-0.9708472
-0.9847307
-0.9435548
-0.8667474
-0.8963762
-1.137228
-0.9357945
-0.941281
-1.006272
-0.9351493
-0.8326102
-0.8006029
-0.9521813
-0.9667361
-0.8649059
-0.9052061
-1.028748
-0.8537867
-0.9587798
-0.7777249
-0.9262978
-0.9788193
-0.8561417
-1.031393
-0.8994269
-0.8488194
-0.8949931
-1.008703
-1.061655
-0.9072029
-1.035391
-0.7710459
-0.9594616
-0.7996789
-0.7217254
-0.8403454
-0.7491667
-0.8726912
-0.8974165
-0.9223306
-1.023957
-0.9769372
-0.7018789
-0.9258764
-0.8450774
-0.7132509
-0.8558892
-0.8481827
-0.6700405
-0.9632697
-0.9118301
-0.8708853
-0.8894403
-1.00339
-0.7110339
-0.8605667
-0.8491692
-0.9769859
-0.7729597
-0.737187
-0.8870995
-0.6807603
-0.627748
-0.8392868
-0.7560195
-0.8027743
-0.7709012
-0.846989
-0.7138045
-0.9444833
-0.6452831
-0.822921
-0.856023
-0.7916188
-0.7404055
-0.7632071
-0.8922445
-0.7301013
-0.8430065
-0.7572546
-0.793936
-0.7867747
-0.7731574
-0.7864038
-0.7753098
-0.6392876
-0.7611354
-0.7513512
-0.6890207
-0.8289524
-0.7689867
-0.6677452
-0.8254724
-0.7052956
-0.5881233
-0.7545406
-0.8073601
-0.7302408
-0.7933303
-0.778305
-0.8196783
-0.7170197
-0.6731435
-0.7507155
-0.7879964
-0.5854931
-0.7733467
-0.6210733
-0.6595107
-0.7925857
-0.6624514
-0.8589291
-0.7570646
-0.5965625
-0.7435837
-0.609169
-0.8170758
-0.8274968
-0.6739341
-0.8466269
-0.7939935
-0.5915148
-0.6125822
-0.6274974
-0.6231915
-0.7363301
-0.6415833
-0.6602879
-0.827864
-0.5745148
-0.7485409
-0.6643621
-0.6488265
-0.6423295
-0.7391542
-0.6854424
-0.5757097
-0.657203
-0.6356193
-0.6925411
-0.6515293
-0.6220803
-0.6673922
-0.6676519
-0.683933
-0.7424516
-0.7045119
-0.6338706
-0.691139
-0.6240381
-0.6372772
-0.7373093
-0.6803418
-0.56935
-0.6455607
-0.5603853
-0.5707274
-0.6486903
-0.6129492
-0.444369
-0.5729457
-0.5417232
-0.5879902
-0.6322057
-0.5342766
-0.5139539
-0.6784157
-0.6425358
-0.6539755
-0.5916491
-0.5696524
-0.5050661
-0.7059582
-0.548768
-0.6907638
-0.6245392
-0.5304995
-0.7169479
-0.5582742
-0.4709898
-0.588682
-0.6344164
-0.5562364
-0.6109398
-0.5364258
-0.5818608
-0.560029
-0.5915699
-0.5483369
-0.5334809
-0.452326
-0.5498419
-0.6046741
-0.6136906
-0.4820564
-0.3398266
-0.6120184
-0.5069128
-0.6017777
-0.6198081
-0.2610425
-0.5249243
-0.561533
-0.6448711
-0.6729892
-0.4222047
-0.428292
-0.4802622
-0.4674802
-0.4816039
-0.6425011
-0.4715395
-0.6358222
-0.5816764
-0.4554894
-0.503453
-0.4970482
-0.464592
-0.4508812
-0.4893822
-0.5860168
-0.4836399
-0.4460282
-0.447749
-0.5211538
-0.4924059
-0.4272859
-0.3139353
-0.631444
-0.4963317
-0.3599732
-0.4603129
-0.5606404
-0.434598
-0.6058228
-0.4280739
-0.4805898
-0.4096571
-0.3561454
-0.4309505
-0.3984144
-0.5039796
-0.466965
-0.3824039
-0.3453171
-0.5448398
-0.4859909
-0.4211038
-0.3784597
-0.4425697
-0.408546
-0.5350394
-0.3575265
-0.473568
-0.349618
-0.4979527
-0.6412936
-0.2810051
-0.3346413
-0.2830344
-0.5798627
-0.3317325
-0.4849922
-0.3248725
-0.3278851
-0.4056224
-0.3345174
-0.4725347
-0.3470902
-0.4786917
-0.3707876
-0.4652369
-0.4027195
-0.4848152
-0.6090133
-0.4388865
-0.379547
-0.4194028
-0.3930351
-0.4718336
-0.3908463
-0.2951659
-0.4762452
-0.2550767
-0.3577489
-0.2224816
-0.2505266
-0.3913503
-0.5673563
-0.3930174
-0.3466383
-0.4521253
-0.4007696
-0.344295
-0.3926508
-0.5450237
-0.2858087
-0.305653
-0.3667903
-0.4362041
-0.3688108
-0.3475926
-0.4054705
-0.2625683
-0.3281953
-0.3384503
-0.2766601
-0.2730453
-0.2846582
-0.3821491
-0.3408896
-0.3906478
-0.2968748
-0.2869241
-0.2283244
-0.319568
-0.3359454
-0.4451612
-0.3568584
-0.3674141
-0.2910116
-0.25595
-0.1993287
-0.2798922
-0.1796225
-0.3534374
-0.1827364
-0.3497986
-0.4904045
-0.3093375
-0.2678783
-0.2370086
-0.3280163
-0.2158084
-0.331897
-0.3151674
-0.3224955
-0.3099072
-0.2769209
-0.1898679
-0.2490721
-0.3394449
-0.3745078
-0.3224317
-0.1857166
-0.3588134
-0.2349243
-0.2187418
-0.2471646
-0.2805665
-0.2663133
-0.2263618
-0.1954301
-0.3103944
-0.2361845
-0.1142535
-0.2367591
-0.2446659
-0.2006042
-0.08518378
-0.2263536
-0.3560045
-0.2164442
-0.3901518
-0.117672
-0.07892373
-0.1777406
-0.1830576
-0.2139586
-0.178226
-0.1013972
-0.2567579
-0.08687947
-0.146456
-0.1759243
-0.03637833
-0.1964271
-0.247744
-0.1115058
-0.1714292
-0.126051
-0.1146045
-0.2439681
-0.1246897
-0.1632593
-0.2167927
-0.2721578
-0.1966711
-0.1031451
-0.2398813
-0.1942672
-0.1084872
-0.1155694
-0.2097653
-0.209007
-0.2649785
-0.2312087
-0.2315466
-0.3031166
-0.111438
-0.04503901
-0.244852
-0.1900031
-0.06047015
-0.07602763
-0.2974717
-0.1646391
-0.1983793
-0.01729259
-0.177372
-0.1385794
-0.0003208548
-0.2038441
-0.1426947
-0.2360094
-0.1480439
0.04527554
0.08185542
0.03470996
-0.08673926
-0.1840362
-0.09162103
0.003581513
-0.1144691
-0.1190423
-0.1999755
-0.04342978
-0.009827982
-0.1825891
-0.2755662
-0.0808735
-0.04534683
-0.01704292
-0.1040759
-0.1431385
-0.1365209
0.04066303
-0.06803377
0.002169068
-0.1042096
-0.1247065
0.03480478
0.001961751
-0.05141035
0.006677238
-0.1399595
0.09736261
-0.1045211
-0.1022749
-0.1731712
-0.1553615
0.01056689
0.1513468
-0.1437119
-0.04771319
-0.1084929
-0.008204611
0.08528053
0.02521288
-0.009807209
-0.04325606
0.1133917
-0.01238847
0.02035406
-0.09640224
-0.001102721
-0.05493156
-0.0255772
-0.000964898
0.1433556
-0.009997771
-0.2205452
0.08663234
0.02054557
-0.06438854
-0.09923525
-0.03107585
0.1320626
-0.1056381
0.007145728
0.1736746
-0.008798169
0.08009548
0.134216
-0.1008483
0.01733744
-0.006058395
0.090168
0.05802225
0.09567192
0.0775962
-0.03746054
-0.02630999
-0.03207094
0.1311685
0.07652655
0.02546404
-0.02538185
0.1288576
0.05632656
-0.03666975
0.07706258
0.05731157
0.03141563
0.1396798
0.03078738
0.06377662
0.02940404
0.06425281
0.01929846
0.07789014
0.06954874
0.2137931
-0.02733118
0.2175406
0.05378073
0.1193626
0.2594741
0.1295109
0.08843703
-0.09184229
0.2261767
0.07969759
0.1222538
0.06720694
0.1507655
0.1266037
0.1805841
0.093244
0.2000002
0.1901273
0.169555
0.1760497
0.1169669
0.2565051
0.2577989
0.1978328
0.2583439
0.06588444
0.2062277
0.1671025
0.269668
-0.02987838
0.1177779
0.2006648
0.1520914
0.04237048
0.07989956
0.1615318
0.1444652
0.157863
0.1059313
0.1424911
0.1794039
0.2808293
0.1926294
0.09893785
0.2473482
0.1109882
0.1932122
0.2872846
0.1071259
0.3274664
0.2601426
0.2067616
0.03072535
0.1290923
0.1533842
0.09355625
0.2887725
0.05465795
0.1482294
0.213677
0.1267469
0.2078485
0.2312928
0.2254337
0.19912
0.3135115
0.2201973
0.2347605
0.3369534
-0.1396181
0.2402466
0.06813492
0.3213227
0.2798942
0.2882901
0.282657
0.267921
0.3446643
0.1832183
0.2941614
0.3871099
0.3131135
0.1051724
0.2221973
0.2816892
0.2896982
0.115055
0.2943062
0.2164732
0.1502639
0.1540429
0.1542523
0.3303851
0.2915959
0.3021138
0.2213849
0.1647114
0.2804888
0.1048317
0.253715
0.3519076
0.2737691
0.4164681
0.2629866
0.2892013
0.4337349
0.377373
0.335073
0.220899
0.3445407
0.3950254
0.4165517
0.2776335
0.3847381
0.3079626
0.4173669
0.4456947
0.1586621
0.3176699
0.4044334
0.2899596
0.153334
0.5346402
0.178122
0.4215411
0.261872
0.3075683
0.3295463
0.3585416
0.3791604
0.3192296
0.3391382
0.3164747
0.4372794
0.3055802
0.2584603
0.2550598
0.4635066
0.3968844
0.3864955
0.3411803
0.4996495
0.2843025
0.3480516
0.305973
0.3936502
0.4256422
0.3929476
0.3551261
0.4026113
0.4388406
0.3241436
0.1756064
0.4286009
0.299634
0.4043586
0.3200547
0.3789033
0.526761
0.3480972
0.4455101
0.3362307
0.4356552
0.4046373
0.2802641
0.2828612
0.3315363
0.2805907
0.3139347
0.508322
0.4003263
0.4267179
0.4444967
0.3639729
0.5185725
0.4441315
0.3558275
0.4199992
0.6087903
0.3393365
0.6893109
0.4723454
0.4384038
0.5135458
0.5174402
0.4661119
0.417028
0.3909426
0.2858733
0.4961766
0.3646038
0.4479669
0.4200752
0.5555803
0.3708303
0.507997
0.6105894
0.5077096
0.4548116
0.575132
0.5501849
0.6116305
0.5476979
0.5686939
0.5525876
0.4966968
0.2877474
0.5022406
0.3392261
0.5106124
0.5265844
0.6022522
0.4506409
0.4548173
0.5899021
0.6935812
0.4534415
0.4629798
0.5413644
0.5741005
0.6657292
0.5519813
0.7166179
0.5483459
0.486997
0.5769892
0.5318337
0.4727408
0.4501904
0.6560098
0.5314946
0.5486834
0.4927429
0.6165596
0.7315044
0.6312787
0.4763331
0.4919843
0.4862049
0.6211648
0.5804558
0.4926214
0.6196676
0.7327092
0.5810505
0.4534957
0.7645385
0.6153027
0.5011354
0.5243476
0.4309045
0.6386855
0.6398332
0.6545787
0.619137
0.6946447
0.6335463
0.4250103
0.5957284
0.6567345
0.774332
0.6828414
0.6912265
0.7215586
0.7279265
0.6231332
0.6369882
0.5813664
0.6670844
0.6228323
0.6040393
0.6790387
0.6988512
0.4460989
0.6253118
0.6070317
0.4845267
0.7092276
0.6633451
0.6863857
0.6313604
0.5417978
0.5147757
0.6969038
0.6791807
0.8419507
0.5791509
0.6688854
0.5728534
0.5672213
0.737134
0.6957576
0.6640983
0.6603816
0.7260032
0.6478161
0.6058042
0.5889211
0.6757345
0.6649264
0.8039943
0.5536932
0.783301
0.6379293
0.6349325
0.5914035
0.5165298
0.6287072
0.7684173
0.741091
0.7657442
0.6128927
0.7483343
0.669409
0.6704281
0.7342678
0.6058178
0.5725275
0.8591949
0.6870133
0.7641235
0.5669164
0.7604107
0.6743916
0.6536946
0.6563262
0.8356531
0.8073279
0.7352078
0.8405893
0.774277
0.7571963
0.7571997
0.9456371
0.6877363
0.7298168
0.6679181
0.6814409
0.776118
0.7509724
0.7097364
0.7230856
0.7083883
0.7069815
0.8199103
0.8435609
0.647405
0.9037503
0.7930034
0.7127859
0.5837558
0.773408
0.6971507
0.7174885
0.8739569
0.7119073
0.710529
0.9209896
0.7778868
0.6719734
0.8988342
0.6723003
0.915237
0.9424421
0.9501474
0.8491442
0.8941832
0.7736023
0.8646317
0.9242666
0.8540024
0.920829
0.8850681
0.8414309
0.8180476
0.8270844
0.8534869
0.9524328
0.9372023
0.7824529
0.7844124
0.7917255
0.7833203
0.8621553
0.8259751
0.7025343
0.8820985
0.8304729
0.938282
0.9781286
0.9698211
0.9695922
0.8364661
0.9038303
0.840861
0.8439945
0.8203835
1.013124
0.866808
0.9058149
1.043749
0.9524563
0.8277188
0.9014562
1.051231
0.903197
0.9838203
0.8760586
0.7151241
0.8968822
0.8778312
0.9590391
0.972895
1.002572
1.071341
1.053167
0.9558247
0.9467025
0.95572
0.8273366
0.868546
1.016725
0.9912203
0.9030959
0.8627869
0.9369558
0.9561378
0.8854651
1.002174
1.04081
0.9357102
1.098969
1.113899
0.911232
0.9149008
1.058589
1.068715
0.8789239
0.8847523
0.9391497
0.8346722
1.015401
1.000391
0.934455
0.8772644
1.069718
0.8882718
0.8907204
1.137443
1.045897
1.046239
1.174876
0.8398769
0.9521262
0.9615835
0.9604715