-0.03378409
-0.9595555
-0.9589673
-0.9635941
-1.088105
-0.9311565
-0.8694746
-0.9554596
-0.8453903
-0.9921461
-1.121453
-1.056616
-1.079091
-0.9240414
-0.8931803
-1.028567
-0.9663016
-0.9496809
-1.022242
-0.9215963
-1.090245
-1.105933
-0.9796347
-1.095661
-0.9527786
-0.7877056
-0.954058
-1.084152
-0.905755
-0.9693879
-1.0276
-0.9106572
-0.8376572
-0.9648357
-0.9568179
-1.061473
-0.9925313
-1.089007
-0.8521501
-0.8913064
-0.7591228
-0.8532112
-0.9551491
-0.9652979
-1.015992
-0.8934528
-0.9860482
-0.9528936
-1.033748
-0.8645632
-0.9002355
-0.834259
-0.9237554
-0.8864572
-0.9314164
-0.9617478
-1.020977
-0.9612074
-0.80141
-0.8445227
-0.8398615
-0.9190971
-0.9780342
-0.8333386
-0.7844734
-0.8803802
-0.867893
-0.958656
-0.9543252
-0.8875613
-0.7842096
-0.7832311
-0.8205235
-0.9132095
-0.747428
-0.8013136
-0.8831257
-0.8471721
-0.8071374
-0.9065958
-0.8840577
-0.7393798
-0.761092
-0.7776237
-0.7113231
-0.9776755
-0.7987166
-0.8426697
-0.8828375
-0.6704997
-0.7012682
-0.971699
-0.7837899
-0.8506674
-0.9248161
-0.7134235
-0.6879808
-0.9279276
-0.7343587
-0.7823318
-0.7466422
-0.9219131
-0.7828233
-0.8670939
-0.7577722
-0.8671936
-0.8383883
-0.8920651
-0.9123135
-0.7371333
-0.788412
-0.7410378
-0.7139842
-0.840077
-0.7010469
-0.8993687
-0.5667396
-0.9417312
-0.909477
-0.7573389
-0.7241313
-0.8247102
-0.7116664
-0.8731478
-0.7767638
-0.8882464
-0.7688303
-0.7259414
-0.7274045
-0.8768455
-0.8497408
-0.6442644
-0.622267
-0.8293459
-0.6414959
-0.85569
-0.794241
-0.7869607
-0.6064342
-0.7026308
-0.6984962
-0.900472
-0.7075298
-0.5534145
-0.729422
-0.7009451
-0.7522702
-0.7488934
-0.6233538
-0.57473
-0.7265375
-0.7322075
-0.668345
-0.6995396
-0.6512674
-0.6248765
-0.6768314
-0.8225509
-0.6456213
-0.6533299
-0.7874837
-0.5948943
-0.7302107
-0.5923795
-0.6522215
-0.6682648
-0.6220488
-0.7551051
-0.6206521
-0.672013
-0.6697705
-0.5319163
-0.4770238
-0.6020127
-0.7855993
-0.4960828
-0.6742654
-0.6802111
-0.5546953
-0.7946682
-0.7773283
-0.6011038
-0.7128442
-0.6426305
-0.719694
-0.7060964
-0.5893383
-0.8037355
-0.6299484
-0.6532047
-0.7292568
-0.5625872
-0.5095663
-0.5398726
-0.5858938
-0.6666853
-0.6349416
-0.6810228
-0.702959
-0.5925072
-0.6134053
-0.5913388
-0.5298532
-0.5286135
-0.609913
-0.5304992
-0.6164951
-0.4888086
-0.633454
-0.4604886
-0.5774097
-0.6700205
-0.6272483
-0.5171913
-0.67125
-0.5601099
-0.6046329
-0.43701
-0.4781254
-0.7206081
-0.663643
-0.6559124
-0.5999408
-0.5898357
-0.5284293
-0.4370935
-0.446455
-0.7119529
-0.6921409
-0.5401779
-0.6003177
-0.51075
-0.3678167
-0.6095582
-0.5587635
-0.4093374
-0.4997715
-0.3999049
-0.4774533
-0.3915635
-0.6503402
-0.4910265
-0.5615291
-0.4344736
-0.466672
-0.498222
-0.3820349
-0.5097656
-0.604859
-0.539861
-0.5091468
-0.3880254
-0.4781671
-0.371352
-0.6970011
-0.5406173
-0.5551708
-0.4136126
-0.3498419
-0.4862876
-0.4463557
-0.5041325
-0.3716199
-0.4619828
-0.3271424
-0.5078451
-0.4421965
-0.5041412
-0.5839109
-0.4210561
-0.449319
-0.4879077
-0.4930812
-0.4942436
-0.3654399
-0.361998
-0.4466177
-0.4827342
-0.363354
-0.5565666
-0.3964392
-0.5102857
-0.3654783
-0.4161716
-0.4604967
-0.4433953
-0.4796048
-0.5216289
-0.346274
-0.2735381
-0.4221028
-0.3603302
-0.5392153
-0.3044984
-0.4258628
-0.6282594
-0.3078209
-0.5034719
-0.4252637
-0.3070029
-0.4734805
-0.2999022
-0.3024779
-0.3562
-0.4071566
-0.2883048
-0.353935
-0.5510615
-0.2060707
-0.3445458
-0.2684794
-0.3149222
-0.4258096
-0.468344
-0.3149167
-0.345816
-0.3496045
-0.2796679
-0.4455384
-0.3165619
-0.3377013
-0.3196242
-0.3566615
-0.440138
-0.3222409
-0.2661676
-0.3094245
-0.443329
-0.3856398
-0.3476191
-0.5288109
-0.4005716
-0.3098098
-0.3693158
-0.2711535
-0.3532483
-0.307539
-0.3509104
-0.3099084
-0.4087697
-0.3754758
-0.2910176
-0.2055747
-0.3225513
-0.3901282
-0.3075836
-0.3774665
-0.2685145
-0.2603683
-0.4125213
-0.3674044
-0.3011697
-0.2640709
-0.2120945
-0.4939769
-0.04555675
-0.07412192
-0.2375138
-0.2055068
-0.310285
-0.3019116
-0.2750316
-0.3177668
-0.3947201
-0.2352471
-0.2399274
-0.3242942
-0.3406173
-0.1706863
-0.29041
-0.237959
-0.2579021
-0.3309025
-0.2533533
-0.3650686
-0.264621
-0.3684258
-0.4008759
-0.2124172
-0.2523141
-0.0913772
-0.3377021
-0.2959604
-0.3313386
-0.3431499
-0.2182168
-0.3111149
-0.3371497
-0.219189
-0.2137794
-0.1864969
-0.2997374
-0.2657111
-0.2750167
-0.4237075
-0.2657299
-0.2032422
-0.229484
-0.1337538
-0.3721386
-0.1859103
-0.101295
-0.1621706
-0.1625451
-0.1590159
-0.2125964
-0.21162
-0.2180309
-0.1277216
-0.3018467
-0.1576023
-0.1553334
-0.1800329
-0.1089069
-0.06674504
-0.09959397
-0.3239334
-0.3882986
-0.169787
-0.2403791
0.01818195
-0.2072971
-0.1821164
-0.1437119
-0.2101731
-0.06701784
-0.2154925
-0.1803629
-0.1454572
-0.04686372
-0.06922374
-0.1019519
-0.02936141
-0.05308621
-0.1268389
-0.1055084
-0.2474685
-0.3452318
-0.1235818
-0.2440581
0.04952164
-0.06713773
-0.2244717
-0.1270521
-0.1507854
-0.1868478
-0.2606157
-0.1497247
-0.04535822
-0.005654751
-0.1530086
-0.1178005
-0.08810878
-0.1638542
-0.2017011
-0.06628241
-0.1646394
-0.02327697
-0.08984698
-0.08678753
-0.1890537
-0.03035292
0.0132927
0.002311041
-0.0227269
-0.12096
-0.06198379
-0.007701878
-0.00867717
-0.1597425
-0.09901525
0.04493596
-0.07815236
-0.01948557
-0.08166924
-0.1135821
-0.03410145
0.01161235
-0.09553891
-0.03740081
-0.1044659
-0.09755689
0.04675739
0.1161376
0.01281121
-0.002110468
-0.0987367
-0.1122664
0.04270337
-0.05293984
-0.06241816
0.00838477
-0.1869647
0.1759863
-0.04181293
-0.01920992
0.004280115
-0.0199761
0.08097019
-0.1074349
-0.02636214
0.06600938
-0.03033785
0.06012636
-0.0246821
0.01667263
-0.04236758
-0.133857
0.01907392
0.02015868
0.1012292
-0.07968218
-0.03350659
0.07513426
0.01381995
0.06301516
0.05475053
0.04807896
0.02633304
-0.09399103
-0.01598188
0.1812623
0.0270427
-0.01267496
0.2981624
0.06473738
0.02565237
-0.01037788
0.1272844
-0.02536635
0.1578332
0.1335998
0.07614298
0.1726634
0.05576991
-0.03412012
0.005694068
0.1837663
0.1295227
0.09789167
0.1034674
-0.01864948
0.05583284
0.06799059
0.1292071
0.1096784
0.07903091
0.118318
0.2427673
0.09831889
0.1229206
0.09784585
0.03643515
0.1778831
0.04812255
0.1370592
0.2046003
0.2066453
0.0912966
0.08767917
0.1502781
0.1393787
0.1059988
0.197953
0.0359782
-0.03871396
0.1669809
0.1288463
0.1740863
0.1577013
0.2141242
0.1828819
0.2314691
0.1021585
0.1045652
0.2045201
0.1174418
0.1553319
0.2148968
0.2298387
0.1627607
0.1762112
0.2077039
0.3235663
0.09250609
-0.01132202
0.1323159
0.07716194
0.2079235
0.2931653
0.3026857
0.2473693
0.04877514
0.1981141
0.2407608
0.2879047
0.230246
0.1482373
0.2530602
0.06375389
0.2003637
0.2040984
0.3086555
0.1811844
0.0933788
0.1891153
0.2509612
0.1738765
0.3097381
0.1923146
0.2825893
0.2948717
0.189673
0.2630442
0.1703984
0.2304408
0.2944271
0.178998
0.2954234
0.09435462
0.2262604
0.1946835
0.1825099
0.2459893
0.207818
0.2876526
0.2915878
0.2071844
0.1482984
0.2516993
0.3410519
0.06046265
0.1282997
0.4436776
0.2948446
0.05841154
0.1863617
0.4156681
0.2875685
0.280478
0.3424575
0.3025999
0.3320575
0.310013
0.3058147
0.2540062
0.2813522
0.2369557
0.3344692
0.3530606
0.3684663
0.3391124
0.3080955
0.3968055
0.3416929
0.3250872
0.2669843
0.2851244
0.2950082
0.2398739
0.3191792
0.3073974
0.3291754
0.2059661
0.3574472
0.4095896
0.2146773
0.3078888
0.380274
0.2502276
0.4627757
0.3177339
0.2007536
0.3500392
0.4483904
0.4523903
0.3347461
0.2058444
0.4005347
0.2248409
0.3857713
0.2560752
0.3321078
0.2904843
0.3324299
0.4549615
0.4979968
0.3953268
0.5458083
0.4590608
0.4307059
0.4135115
0.3217062
0.5553654
0.2611796
0.4099802
0.2514349
0.2803954
0.3291322
0.390271
0.4252624
0.3420618
0.4786384
0.3619828
0.4260429
0.327605
0.4656042
0.3691858
0.4711691
0.3676972
0.6337251
0.4152895
0.548216
0.3606533
0.343114
0.382355
0.385227
0.4957829
0.4055019
0.2903942
0.3352842
0.4645594
0.5427882
0.4592526
0.5907545
0.3967782
0.3224346
0.461761
0.4311214
0.4611544
0.5237615
0.5192437
0.4077177
0.5129483
0.6030655
0.3776615
0.5102439
0.5448163
0.4481493
0.3911932
0.4144994
0.5707447
0.3521003
0.5481607
0.5112178
0.5690152
0.5109197
0.5496471
0.3549865
0.4333567
0.4460451
0.5876402
0.5627161
0.4083917
0.54355
0.4407149
0.6277797
0.6301085
0.4804785
0.5591447
0.4236276
0.5857298
0.5573397
0.5106531
0.4303341
0.5083363
0.4875248
0.5703224
0.5089321
0.547426
0.5224596
0.6054167
0.6252039
0.4649609
0.638158
0.6972313
0.5324477
0.5811009
0.4113253
0.639631
0.5163477
0.5841882
0.4512705
0.4938001
0.6945273
0.5346952
0.5142468
0.5945541
0.6141298
0.5415973
0.5579317
0.4578951
0.4430598
0.601453
0.5687962
0.474809
0.6593296
0.6146739
0.6241887
0.613257
0.531086
0.5862739
0.5805116
0.6634948
0.7067667
0.5766526
0.7002675
0.6261622
0.5522005
0.5195511
0.6469306
0.7417936
0.6000955
0.6262817
0.5956949
0.6868427
0.4122436
0.5313623
0.6803165
0.4862382
0.7101381
0.5909686
0.7438086
0.7377565
0.6440349
0.707041
0.7730647
0.6212969
0.7540535
0.5830578
0.5448355
0.6111279
0.6780968
0.5377777
0.5898824
0.8604378
0.5532514
0.6727921
0.6583024
0.8538906
0.7193429
0.6399589
0.6309106
0.7465354
0.7035047
0.7181429
0.7518
0.6572096
0.6586271
0.6264751
0.7856788
0.7639776
0.7223117
0.6034748
0.7028058
0.6252002
0.66271
0.748257
0.7894443
0.7865477
0.7072294
0.78802
0.7165231
0.6587765
0.8018633
0.5969183
0.8211877
0.6969885
0.7348631
0.740028
0.6853496
0.7245605
0.7087739
0.668204
0.7544709
0.7679066
0.7822527
0.8360742
0.6597549
0.7183751
0.704073
0.6723672
0.8150544
0.8673355
0.8574872
0.7123303
0.8628601
0.9051569
0.787309
0.8393263
0.7347525
0.7638255
0.7997509
0.7714552
0.8201426
0.9141727
0.7860447
0.7336727
0.9647308
0.7653376
0.8370973
0.7892183
0.8380255
0.8105904
0.7539302
0.7647724
0.8208241
0.8541826
0.7633629
0.7477365
0.8258896
0.8734809
0.964146
0.8854965
0.7818964
0.7409297
0.9044404
0.9093406
0.880533
0.909057
0.8583659
0.952285
0.8935859
0.9074128
0.929482
0.6515661
0.9481042
0.8576151
0.859762
0.7866008
0.8146585
0.8204049
0.8814513
0.9996385
0.9428787
0.8873548
0.8371797
0.8103122
0.7889541
0.9211183
0.8318874
0.8325619
0.8442885
0.6404189
0.9123743
0.8685695
0.8475287
0.8690461
1.045988
0.8796813
0.904732
0.817841
1.066557
0.8936412
0.8949975
1.031849
1.106289
0.7946917
1.020021
0.911695
1.048709
1.079109
0.9122229
0.8971297
0.8343159
0.8795241
0.9119476
0.8051446
0.916032
0.9814794
1.046844
0.9618263
1.013384
0.9544946
0.8477957
0.8574528
0.782556
0.9323777
0.9073577
0.8768025
1.025149
0.8257612
0.9735846
0.9743969
0.8956849
1.035978
1.10827
0.9735154
0.9999634
1.080832
0.9143619
0.9861275
1.022
1.015812
1.012932
1.044709
0.8040158
1.073864
0.9120427
1.032336
1.015193