0.1260758
-0.9836727
-1.009299
-0.7621391
-0.9084192
-1.049614
-0.9736722
-0.8779753
-1.07008
-1.011121
-1.037392
-1.066332
-0.9858722
-1.023314
-0.8417884
-1.036305
-0.8528155
-0.9246651
-0.966403
-1.006303
-0.8427882
-0.9225688
-1.023585
-0.863625
-1.086781
-0.9222682
-0.7874808
-1.055445
-0.9010156
-0.8691709
-0.9306713
-0.8912136
-0.9550178
-0.8787266
-0.7877324
-1.162695
-0.9906773
-0.9458188
-0.9113448
-0.8925052
-1.061982
-0.8375055
-0.7531157
-1.010741
-0.9405273
-0.8520252
-0.8654263
-0.8948666
-0.9095254
-0.7506702
-0.798275
-0.9419257
-0.8330734
-0.8710768
-0.8390228
-0.7414806
-0.9228949
-0.8160899
-0.923043
-0.7917279
-0.8906242
-0.9397858
-0.8239333
-0.8421051
-0.9319818
-1.075497
-1.016113
-0.7646421
-0.7702431
-0.8092017
-0.8395207
-0.6996522
-0.9053265
-0.7649038
-0.8909791
-0.8426268
-0.8335243
-0.9006083
-0.9085372
-0.7975981
-0.7198725
-0.9302643
-0.7819896
-0.8733117
-0.8011994
-0.8587649
-0.9045723
-0.8275932
-0.7810443
-0.7587276
-0.8733655
-0.8566789
-0.8265887
-0.8023737
-0.8311887
-0.9802024
-0.6588837
-0.6786091
-0.8733471
-0.6817562
-0.7203788
-0.8808456
-0.8867355
-0.8164269
-0.8037555
-0.7254539
-0.7529325
-0.6927046
-0.7444568
-0.8867688
-0.8465624
-0.8091307
-0.6689256
-0.7856369
-0.7771822
-0.6649521
-0.7280302
-0.7582144
-0.8856859
-0.6635173
-0.8554477
-0.7668852
-0.7515213
-0.760212
-0.7107304
-0.8191404
-0.6806953
-0.6607223
-0.7947924
-0.7245413
-0.7352302
-0.7593342
-0.8282971
-0.7531864
-0.7206311
-0.5844036
-0.7995209
-0.7424776
-0.660114
-0.8317117
-0.7548707
-0.7271674
-0.8198051
-0.7163737
-0.6917107
-0.7692715
-0.806311
-0.6172169
-0.7286463
-0.6607549
-0.6898471
-0.6033519
-0.6239406
-0.7405475
-0.5879463
-0.7575104
-0.6515399
-0.6715363
-0.8094462
-0.702269
-0.6584656
-0.7458078
-0.6084268
-0.7795446
-0.6916723
-0.689878
-0.6877985
-0.7313889
-0.6744761
-0.6870129
-0.7201423
-0.5467655
-0.715505
-0.6750407
-0.563147
-0.6478647
-0.5141875
-0.6930694
-0.5836582
-0.8065866
-0.5465547
-0.592637
-0.5455216
-0.6663342
-0.575833
-0.5355989
-0.7746971
-0.6339842
-0.5509686
-0.5282245
-0.7242065
-0.5650304
-0.6125461
-0.6702397
-0.6738178
-0.8004461
-0.6330516
-0.5806294
-0.6191828
-0.6987872
-0.7184967
-0.4850039
-0.6793813
-0.6136224
-0.6306573
-0.6337201
-0.5282209
-0.7425293
-0.5718382
-0.6066312
-0.6011267
-0.5585975
-0.7055438
-0.6104569
-0.6990465
-0.5890251
-0.6324724
-0.5317115
-0.5195884
-0.518417
-0.5807557
-0.5323894
-0.6889347
-0.6076105
-0.5092097
-0.5661582
-0.6393863
-0.6524508
-0.5296271
-0.4252889
-0.6271584
-0.4104311
-0.3682434
-0.333778
-0.4591116
-0.7249863
-0.6434252
-0.3515111
-0.433461
-0.5211287
-0.5568328
-0.5238924
-0.648261
-0.6854881
-0.5226559
-0.5062696
-0.4677843
-0.4048805
-0.43757
-0.5968967
-0.5113397
-0.3307005
-0.5789416
-0.4025148
-0.3519381
-0.5153077
-0.6049234
-0.3833573
-0.4359735
-0.4227174
-0.4720356
-0.4562924
-0.3744002
-0.442132
-0.6132408
-0.5075085
-0.4610154
-0.5727711
-0.2371051
-0.5671145
-0.4589225
-0.4822409
-0.3459605
-0.2456928
-0.3561292
-0.4211288
-0.4450153
-0.3972641
-0.3081123
-0.5644172
-0.3910949
-0.4420379
-0.4398602
-0.4951221
-0.2155737
-0.3942096
-0.2553934
-0.4674782
-0.4522479
-0.5599417
-0.3560105
-0.4286533
-0.3891275
-0.2907653
-0.3241653
-0.4052273
-0.4132275
-0.4919035
-0.3677469
-0.3668067
-0.4399298
-0.4767936
-0.3601201
-0.4221051
-0.4546827
-0.4886273
-0.2594388
-0.4557289
-0.4022596
-0.3124997
-0.384079
-0.3637387
-0.3201407
-0.2203519
-0.2747765
-0.08850648
-0.458565
-0.3786334
-0.3490015
-0.4505796
-0.4772736
-0.4424909
-0.3853648
-0.1980378
-0.214059
-0.2482847
-0.4238667
-0.4757284
-0.4849783
-0.3625047
-0.3872409
-0.2651807
-0.434546
-0.2673313
-0.3976056
-0.2920642
-0.4420649
-0.2893327
-0.2124471
-0.2726684
-0.1210812
-0.1804556
-0.1973879
-0.3324005
-0.4832965
-0.2449319
-0.2988895
-0.3251867
-0.213321
-0.3949
-0.2482342
-0.2702632
-0.1028959
-0.04978319
-0.3098893
-0.4027342
-0.2657056
-0.1235464
-0.3370021
-0.3656182
-0.4787992
-0.2134676
-0.3486832
-0.3263595
-0.2836744
-0.4074117
-0.3367353
-0.3112743
-0.1564116
-0.228417
-0.4357321
-0.3279079
-0.02893357
-0.2514405
-0.2347558
-0.2064955
-0.3062662
-0.2977656
-0.324033
-0.2673387
-0.2484986
-0.2361177
-0.3120854
-0.2164317
-0.2902976
-0.2094169
-0.1011387
-0.1668715
-0.04643949
-0.3143217
-0.293871
-0.1606681
-0.1223813
-0.1806307
-0.2276375
-0.1014313
-0.2379235
-0.262869
-0.144174
-0.1371276
-0.2303841
-0.2432373
-0.2866141
-0.2491637
-0.1849743
-0.229057
-0.2586044
-0.2001488
-0.284766
-0.0703672
-0.2512161
-0.1999647
-0.206007
-0.1672603
-0.1196159
-0.1780275
-0.1077868
0.001385554
-0.1895183
-0.1811615
-0.1581617
-0.1295079
-0.1498841
0.000719138
-0.2497722
-0.2221082
-0.1892011
-0.07509946
-0.1772862
-0.1669151
-0.1689792
-0.07587513
0.03535839
-0.2301491
-0.2013492
-0.1775634
-0.2898664
-0.08683899
-0.1178612
-0.2407552
-0.1046698
-0.05416912
-0.1210803
-0.006887811
-0.03529159
-0.1622392
-0.008001781
-0.1233175
0.001683531
-0.06512338
0.04280147
-0.1459015
-0.1705214
-0.1049378
0.03816373
0.000350355
-0.07486651
-0.03572526
-0.1683658
-0.007249535
0.04902369
-0.06348698
-0.007916875
-0.07277993
0.05201023
-0.09942728
-0.1369426
0.09073866
-0.1478422
-0.09540888
-0.1326042
-0.1645432
0.06131987
0.004539947
0.05153719
-0.1242553
-0.009213869
-0.09336281
0.008021963
-0.1340497
-0.1028707
-0.08015196
-0.0518775
-0.09796876
0.05911398
-0.05663395
-0.0932741
-0.01904598
-0.03179027
-0.03049348
0.01149814
-0.1306739
-0.01115244
0.1368744
0.003142194
-0.05683494
-0.07376617
0.1306853
-0.03574317
0.1213503
-0.2344414
-0.2171488
-0.06015089
-0.03079765
0.06128709
0.01605755
-0.080589
-0.05297189
-0.1104214
0.0508984
-0.1245154
0.002217463
-0.01067033
0.1405956
0.07388925
-0.1025013
-0.01193798
0.1062384
-0.1543697
0.007454866
0.03816993
0.05435731
0.1167059
-0.1183214
0.0955949
-0.05738561
-0.01055737
0.003101965
0.0201811
-0.136452
0.1375061
0.03141534
-0.07885502
-0.06807807
0.2698434
-0.02677676
0.02058799
0.03760484
0.1150498
0.2401092
-0.002773104
0.03685558
-0.06063643
0.02406947
-0.06225891
0.1550623
0.05758571
0.1227177
0.1269094
0.1161112
0.1392329
0.213253
0.2259675
-0.09406511
0.2187613
0.1786655
0.3501276
0.187271
0.398306
0.1816791
0.1051945
0.07992324
0.2537062
0.1667681
0.1270732
0.1877613
0.03292013
-0.00390778
0.06742873
0.1380956
0.1280783
0.09276855
0.1152457
0.1264022
0.1060001
0.1892093
0.2291672
0.2146533
0.168466
0.06103604
0.1131614
0.0153744
0.08321501
0.2204301
0.1144865
0.09988328
0.1125858
0.1490566
-0.005418677
0.186158
0.2423963
0.2350141
0.1992371
0.2469888
0.2762639
0.2217195
0.2350335
0.162308
0.2289833
0.1184702
0.06113741
0.2543394
0.1351227
0.2954228
0.1259812
0.1357419
0.314252
0.2342101
0.2210592
0.3223437
0.3034832
0.1383025
0.2573504
0.1333782
0.07580147
0.2359588
0.2877162
0.1069291
0.1206938
0.1558313
0.2447054
0.1827843
0.1151241
0.1870694
0.3360691
0.05136439
0.3228534
0.306171
0.2345411
0.3365767
0.2148177
0.1515681
0.3006222
0.2100481
0.1292587
0.1907706
0.1334494
0.3620319
0.3554092
0.2422691
0.3565578
0.3944505
0.3409766
0.4266609
0.303211
0.2317562
0.3614929
0.3532152
0.1730553
0.2359149
0.3374338
0.3288075
0.3008506
0.2692607
0.3609019
0.2635893
0.2639708
0.3373636
0.2427984
0.2563208
0.2940445
0.2145556
0.4285482
0.3827035
0.3365335
0.4989761
0.2548649
0.4176384
0.1862344
0.3749212
0.3737735
0.3096
0.3957407
0.3362273
0.2301298
0.3195421
0.3288156
0.3691176
0.3849714
0.2901056
0.3721188
0.3974683
0.3166535
0.4540148
0.5396713
0.4641238
0.1690327
0.3573746
0.4092272
0.5159309
0.2703264
0.4472805
0.252609
0.485701
0.274333
0.279508
0.4679025
0.450862
0.5296592
0.3999867
0.3850944
0.4036591
0.3753827
0.5118363
0.3651472
0.4831763
0.4098453
0.4359195
0.5295241
0.4530219
0.4301992
0.4242559
0.4603132
0.4171118
0.5351012
0.4136108
0.3467181
0.4244692
0.3901643
0.4939058
0.4867957
0.4708944
0.408614
0.3773805
0.5130516
0.4748121
0.4334922
0.523951
0.5252574
0.5544508
0.483801
0.5263813
0.5860883
0.5225711
0.6654499
0.5739116
0.5002273
0.4285142
0.5924203
0.4812025
0.5753903
0.5908563
0.4785242
0.3373719
0.3750247
0.3974727
0.4885409
0.5688149
0.5321472
0.4927675
0.5030544
0.5055266
0.5100187
0.4851664
0.5325037
0.4991485
0.3739113
0.5062926
0.5186831
0.5173979
0.5766544
0.5219948
0.5656528
0.6442876
0.5237425
0.5472844
0.3691082
0.5613157
0.4998473
0.5922427
0.5443526
0.4075558
0.5982466
0.5566613
0.5828806
0.5819791
0.3647514
0.5782248
0.5421096
0.5923879
0.6939747
0.6103646
0.638561
0.6519403
0.6632268
0.5241025
0.7306054
0.5490886
0.5852421
0.4392277
0.7321674
0.5418996
0.5921125
0.5653105
0.507982
0.5633335
0.6195038
0.7156632
0.6615289
0.6560841
0.4896838
0.3967134
0.6056329
0.5524079
0.564229
0.6767163
0.6034501
0.6932076
0.4682142
0.5064909
0.6732586
0.6618932
0.644095
0.5475645
0.5006989
0.4646625
0.7163472
0.7954394
0.6392433
0.6662738
0.7159534
0.6611599
0.6089603
0.6867175
0.6083011
0.7102412
0.7254431
0.6615783
0.6485798
0.6157948
0.4275548
0.6611763
0.7005343
0.6867412
0.7188816
0.6608895
0.595628
0.675904
0.5890259
0.8305962
0.5350503
0.7361405
0.7502761
0.6740737
0.7755365
0.6470088
0.5749527
0.8368248
0.7068952
0.699457
0.6092514
0.6513403
0.9542254
0.6233919
0.5896969
0.7624723
0.692519
0.793955
0.7297313
0.7865816
0.7005309
0.681885
0.741279
0.7728705
0.5877848
0.8647143
0.7476783
0.6729577
0.6431909
0.7722901
0.6394889
0.829196
0.6668716
0.6686063
0.8661856
0.7800246
0.8801988
0.875789
0.7566826
0.6701004
0.7522535
0.7359131
0.756878
0.7289296
0.6943925
0.7056266
0.9284456
0.7393804
0.6552919
0.672104
0.8044219
0.8248731
0.8168679
0.8029525
0.7370189
0.7470568
0.7658579
0.8361505
0.8057791
0.7838982
0.8671675
0.8438959
0.9842314
0.6443168
0.7720391
0.70356
0.759327
0.8317839
0.8213218
0.8138153
0.8072767
0.9389226
0.8146723
0.7578874
0.7625259
0.7579677
0.8245054
0.786162
0.8776518
0.8462867
0.9880746
0.8150045
1.013593
0.7675147
0.7744788
0.5842266
0.7082421
0.8544039
0.7816716
0.8654895
0.7497359
0.8277669
0.9098611
0.9237605
0.8310778
0.8484956
1.134023
0.7110997
0.8664553
0.944473
0.8695479
0.8720486
0.8886525
0.9332664
0.8511695
0.9997761
0.7811729
0.8552559
0.843061
0.9379524
0.9932492
0.854553
0.7686299
0.9191558
0.8820362
0.9031652
0.8410585
0.9712287
1.004244
0.9857947
0.9403952
0.7769163
0.9370903
0.9172499
1.002858
0.9666508
0.9513995
0.8452217
0.9678503
0.9330313
0.8155982
0.8737258
0.8005496
0.950261
0.7964627
0.9559385
1.056151
1.026455
1.009578
0.940749
0.9054533
1.03877
1.052939
1.109293
0.979729
1.017892
0.9484791
0.8838918
0.8937731
1.069254
0.9020957
0.8085059
0.93461
0.8829843
1.081748
0.9652837
0.9711937
0.9648254
0.9214092
0.8890922
1.015573