0.04266104
-0.9451256
-1.059303
-0.9383878
-1.06269
-0.9555547
-0.9771985
-1.020189
-1.121531
-0.9955206
-0.9509695
-0.9282853
-0.9979261
-0.9569095
-0.9501973
-0.9360709
-0.9362378
-0.8503393
-1.013173
-0.9482787
-1.012512
-0.9685539
-0.8464505
-0.9099863
-1.10614
-0.8644633
-0.9079457
-0.9586117
-1.026895
-0.9491429
-0.9210815
-0.9169182
-0.8914375
-1.010535
-0.8811186
-0.8846397
-0.9018006
-0.8355817
-0.9130311
-0.8991648
-0.6707048
-0.7569068
-0.8587551
-0.9174939
-1.012486
-0.8123245
-0.9487712
-0.9337248
-0.9297431
-0.9126394
-0.8230125
-1.017021
-1.035825
-0.6869246
-0.7495532
-0.7888666
-0.8858653
-0.9843238
-0.8672393
-0.8184844
-0.7131357
-0.8025837
-0.9506018
-0.9569978
-0.8749026
-0.8263713
-0.9472136
-0.8257043
-0.8388296
-0.8085353
-0.8113793
-0.6545497
-0.7399167
-0.988448
-1.006424
-0.8494792
-0.8076082
-1.022272
-0.7325101
-0.853606
-0.8406039
-0.8567445
-0.8891667
-0.8757453
-0.834525
-0.806107
-0.6489552
-0.8999698
-0.7601114
-0.9178516
-0.8406863
-0.8255339
-0.7441533
-0.87653
-0.7381513
-0.7161331
-0.7107956
-0.8394647
-0.7232521
-0.8178049
-0.8159477
-0.7567265
-0.7823048
-0.9223074
-0.8833976
-0.9189181
-0.7238035
-0.7411029
-0.9063723
-0.7030803
-0.8703541
-0.8026415
-0.7664862
-0.737701
-0.7057956
-0.7908999
-0.6809524
-0.7284102
-0.8700298
-0.748459
-0.8008689
-0.7267318
-0.8601293
-0.8173791
-0.7315441
-0.6002242
-0.7156429
-0.9079169
-0.7218305
-0.7211224
-0.7000295
-0.5598598
-0.7450228
-0.8135001
-0.7335155
-0.7603823
-0.7027049
-0.5151909
-0.518996
-0.720392
-0.757162
-0.6832381
-0.7634072
-0.7846971
-0.7751546
-0.7367211
-0.6201978
-0.7015463
-0.6583414
-0.6843996
-0.7001054
-0.6959307
-0.7066363
-0.6299044
-0.7338651
-0.624362
-0.7485443
-0.6576118
-0.6095206
-0.5653665
-0.623827
-0.5798525
-0.5425274
-0.6029335
-0.6672536
-0.6620411
-0.6162325
-0.6425131
-0.8197427
-0.588961
-0.6461632
-0.600131
-0.6760074
-0.6975881
-0.6105019
-0.7585973
-0.662862
-0.7692225
-0.642854
-0.8255447
-0.5169722
-0.665347
-0.5828061
-0.6832635
-0.5936276
-0.5557368
-0.5263218
-0.6440207
-0.6786914
-0.5635191
-0.6751725
-0.5808151
-0.6383537
-0.6991325
-0.6820761
-0.532637
-0.5529106
-0.5455818
-0.4858726
-0.5063191
-0.6209267
-0.5700702
-0.6739061
-0.5370967
-0.6439523
-0.7144791
-0.6263668
-0.7825435
-0.462865
-0.4846373
-0.5469515
-0.5723966
-0.5731454
-0.4932967
-0.6374821
-0.6005273
-0.5384552
-0.5492663
-0.5495917
-0.6827316
-0.3719849
-0.5442517
-0.5619242
-0.5315042
-0.6134355
-0.5274457
-0.576745
-0.7214762
-0.505639
-0.4978438
-0.5686901
-0.5530795
-0.5220645
-0.4689662
-0.6606223
-0.5246811
-0.7079819
-0.4901169
-0.5431261
-0.6656807
-0.6442267
-0.5239289
-0.5106154
-0.5018333
-0.596374
-0.6017217
-0.4570972
-0.4813479
-0.550199
-0.4030955
-0.4263203
-0.5292169
-0.6650688
-0.4852608
-0.5201858
-0.4705318
-0.4547877
-0.6729153
-0.491413
-0.4713761
-0.4397269
-0.516348
-0.6002014
-0.4961362
-0.2540008
-0.433693
-0.4266589
-0.4952741
-0.5071941
-0.4041646
-0.3967337
-0.3235936
-0.4210404
-0.6214196
-0.5720254
-0.3793554
-0.4246102
-0.5188292
-0.4013734
-0.4045239
-0.5338805
-0.4098367
-0.5332908
-0.3693178
-0.502546
-0.5907935
-0.3169511
-0.461981
-0.3326173
-0.4645099
-0.2564759
-0.4381955
-0.552614
-0.3420059
-0.3260994
-0.4186835
-0.4343068
-0.5096174
-0.3509448
-0.3585263
-0.414285
-0.4607693
-0.4102361
-0.4731628
-0.4113778
-0.4416576
-0.3246303
-0.5045277
-0.4822403
-0.4391964
-0.292128
-0.5132759
-0.3814932
-0.4650424
-0.431643
-0.3290168
-0.4396643
-0.5227228
-0.221534
-0.3431362
-0.329105
-0.2982852
-0.4361085
-0.3603241
-0.2976112
-0.5196919
-0.5073644
-0.2013015
-0.2643319
-0.2696596
-0.2910863
-0.3643264
-0.3546694
-0.3125129
-0.200137
-0.3931758
-0.4913028
-0.2522129
-0.3294027
-0.2992784
-0.3001402
-0.394345
-0.3743683
-0.4264547
-0.2963038
-0.2755327
-0.3253624
-0.2124252
-0.249945
-0.3557762
-0.3309664
-0.3689698
-0.363158
-0.2390794
-0.2351102
-0.2377776
-0.2171639
-0.2651387
-0.326112
-0.2929714
-0.2582256
-0.2230226
-0.3040574
-0.3870807
-0.3076802
-0.1544594
-0.2622131
-0.3337844
-0.2536362
-0.4354802
-0.1607232
-0.2332251
-0.2335615
-0.3794991
-0.4185578
-0.2462301
-0.2315079
-0.2351182
-0.2855792
-0.2347029
-0.07203056
-0.119718
-0.4314178
-0.2962727
-0.3749341
-0.2723695
-0.1205843
-0.1878968
-0.2831765
-0.2339418
-0.2302479
-0.1308043
-0.1726245
-0.2094291
-0.3767399
-0.3732053
-0.3087285
-0.3281657
-0.1938653
-0.2330504
-0.07973128
-0.06550817
-0.2274581
-0.3134735
-0.1191502
-0.1814856
-0.1292748
-0.152877
-0.1593162
-0.1204329
-0.1820641
-0.07663897
-0.1454932
-0.1337216
-0.1679185
-0.1362615
-0.1818015
-0.1250269
-0.03198994
-0.2050234
-0.1363641
-0.3264213
-0.2131159
-0.1769634
-0.1591382
-0.05721978
-0.131812
-0.1633336
-0.03508512
-0.04864969
-0.1104905
-0.07937612
-0.2343364
-0.06037835
-0.1238964
0.008964078
-0.138419
-0.1095443
-0.1659929
-0.08695936
-0.08986991
-0.1935523
-0.2937666
-0.1570516
-0.2206708
-0.2044048
-0.2334825
-0.2483139
-0.0971507
-0.0176304
0.02581184
-0.1523801
-0.1836569
-0.05568247
-0.09685431
-0.007979859
0.0155047
-0.1355911
-0.007384238
-0.05478096
-0.09043512
-0.1185808
-0.1569665
-0.04064086
-0.02747232
-0.1352481
-0.1646631
0.008292971
-0.1516529
-0.07095908
-0.04738777
-0.09139896
0.05231918
-0.1090125
0.02305299
-0.05913944
-0.1289361
-0.08633933
-0.08651932
0.01058978
-0.07339146
0.05813252
-0.04160491
-0.09024706
-0.02894528
-0.1531941
0.06212456
-0.03319753
0.1217617
-0.08878325
-0.06964435
-0.01076289
0.06675311
-0.05047322
0.01909886
0.1000549
-0.1003045
-0.1033515
0.04420112
-0.01449044
-0.09903587
-0.1736801
0.07561754
-0.03525065
-0.09778217
0.08293094
0.006619201
0.220447
0.1637044
-0.131775
0.04224864
-0.0812768
0.1140392
-0.01666572
0.1010664
0.1207657
0.07586939
0.203274
0.1258015
-0.05534345
0.02062524
-0.0894665
0.002375966
0.1136362
0.2124917
0.06989616
-0.07422424
-0.07466348
0.1811672
0.08616173
0.1469255
0.01399662
-0.0006434008
0.1953469
0.07781597
0.1332975
0.01623149
-0.04581871
0.002372465
0.2707356
-0.1059454
0.05448084
0.1384096
0.01583432
0.1371716
-0.01039143
0.2099759
0.03338741
0.09609114
0.1422355
0.0175556
0.1322735
0.01723125
-0.02833668
0.1668517
0.1811216
0.1178724
0.09037524
0.1592082
0.2544817
0.2104188
0.1676146
0.08620477
0.1496151
-0.009721235
0.1571134
0.07822213
-0.05162361
0.08906694
0.2042533
0.09626518
0.1343291
0.1058358
0.09926296
0.1536602
0.1300237
0.06882751
-0.002175073
0.1292813
0.1777545
0.1598586
0.3245897
0.2530522
0.1280781
0.2274071
0.198976
0.1078476
0.190856
0.1057091
0.1336871
0.2535316
0.1451141
0.2298217
0.1566882
0.2018206
0.227374
0.03091873
0.2471398
0.2565128
0.3218613
0.2752114
0.3630641
0.1023421
0.3128764
0.1430904
0.3132578
0.111415
0.3213203
0.1902778
0.3252565
0.2868236
0.189384
0.2487956
0.2802447
0.3443865
0.3448971
0.3251778
0.1919798
0.3220333
0.2309712
-0.0374909
0.2054019
0.1921807
0.1968559
0.2709464
0.3385889
0.2639019
0.3313607
0.2408762
0.3522748
0.2897793
0.214451
0.07306072
0.3568034
0.1672473
0.4423593
0.2793792
0.1768945
0.3447637
0.2225148
0.3167844
0.4017947
0.3168489
0.3335854
0.3988805
0.3731171
0.2086117
0.1217658
0.2737189
0.1109308
0.2397357
0.291625
0.3526939
0.2866718
0.3487232
0.2647698
0.2293284
0.318308
0.26699
0.2683491
0.4368463
0.1631249
0.304604
0.3101271
0.3273025
0.3704406
0.2203321
0.3685853
0.2565728
0.3126605
0.2523392
0.340419
0.2299646
0.3156681
0.2912445
0.438351
0.4704518
0.3507655
0.4177829
0.3766166
0.5041448
0.2176921
0.30248
0.3354973
0.3892441
0.363985
0.3515656
0.3730255
0.2611826
0.3484199
0.3873157
0.3828071
0.4106576
0.5925758
0.3545819
0.330094
0.3924736
0.4360924
0.3683038
0.5172476
0.3795684
0.5004763
0.2877579
0.3788447
0.4492202
0.347371
0.3965766
0.2936516
0.2909428
0.3468909
0.413992
0.4305945
0.5819168
0.4872951
0.5151485
0.2931775
0.3562386
0.4724297
0.4046905
0.4126932
0.5051789
0.5156513
0.4353994
0.5803255
0.3771276
0.4453781
0.4330996
0.3033385
0.5107891
0.4017647
0.5753671
0.5847688
0.3193099
0.26356
0.5167108
0.5001088
0.376221
0.5251336
0.6100954
0.4588547
0.4113041
0.5297185
0.54586
0.3935311
0.49627
0.5711077
0.3406643
0.5517415
0.6782452
0.4560578
0.4775443
0.5254296
0.6768024
0.4823518
0.3200889
0.6151837
0.6191031
0.6262037
0.515277
0.7540647
0.5155848
0.495564
0.5769351
0.5856472
0.4865735
0.5318914
0.4050146
0.4922363
0.5985504
0.6141821
0.5182471
0.5738985
0.5247361
0.6393614
0.6055613
0.6064032
0.5874848
0.5098108
0.5631369
0.564513
0.4564152
0.5043297
0.4112128
0.4803193
0.7313044
0.5789711
0.5178812
0.578481
0.637814
0.6509536
0.5658068
0.575383
0.6724509
0.530765
0.4987484
0.6809032
0.5022397
0.5297496
0.4435933
0.6218691
0.5658642
0.6296075
0.5155948
0.6249995
0.706172
0.6711753
0.6281654
0.6505696
0.525298
0.7221335
0.6600743
0.5433843
0.6699519
0.5890624
0.7532081
0.618103
0.652806
0.734277
0.6907246
0.6263913
0.7019419
0.5633622
0.5455124
0.6498211
0.7251893
0.7223726
0.6414521
0.7094799
0.6035357
0.6740631
0.6605447
0.5692064
0.6649578
0.5093884
0.7410101
0.7506638
0.7655185
0.7565702
0.8156559
0.7104188
0.5736079
0.7542056
0.6746684
0.7351287
0.7284071
0.6981136
0.6551607
0.5658476
0.4890217
0.663365
0.736332
0.7507504
0.73067
0.7643485
0.6517947
0.6880795
0.7708806
0.7075798
0.637752
0.6929335
0.8179617
0.7969155
0.6456908
0.779567
0.7141309
0.6633417
0.6575378
0.8139169
0.7143113
0.7998887
0.8965858
0.6872038
0.6977873
0.7570758
0.7500664
0.5942141
0.8401187
0.6897679
0.6977714
0.7148897
0.9705345
0.7586918
0.7449067
0.8162477
0.7938832
0.7108438
0.8616557
0.8024373
0.7683949
0.6252572
0.644568
0.8050877
0.8078293
0.8917201
0.7995945
0.775703
0.8687946
0.9315021
0.8174901
0.7162581
0.9036208
0.7897188
0.7060688
0.871056
0.6257221
0.7931875
0.7545646
0.7575761
0.771613
0.7900643
0.8009797
0.8683519
0.7694705
0.8075837
0.8719266
0.7563687
0.845678
0.7886063
0.8925535
0.877208
1.047306
0.9667734
0.8288192
0.8877844
0.8516093
0.8956793
0.7972494
0.9379283
0.999663
0.8247589
0.9123538
0.7501092
0.7929982
0.6997591
0.9102834
0.7571249
0.9413621
0.9496271
0.9087315
0.9129989
0.9747668
0.8573781
0.8424121
0.9973259
0.87179
1.03361
1.003896
0.7616163
0.9336442
1.011634
0.8326088
0.8441889
0.7897989
0.8593884
1.036362
0.777753
0.870375
0.8765856
0.711317
0.8860395
0.9318793
0.9045149
1.105999
1.01834
0.9397751
0.9654866
0.8916622
1.017603
0.9496975
0.9067656
0.9939098
0.987298
0.9551974
0.9535902
0.8048831
1.00739
0.8111657
1.037071
0.9095557
1.025976
0.8516787
0.9591158
0.9944939
0.8703351
0.9150808
1.080905
1.009259
1.048421
0.9956618
1.025888
0.9158139
1.080198
0.9462812
1.08534
1.011505
0.9148194
1.041111
1.081399
0.9349125
0.9096311
0.8440331