-0.01661628
-0.9636489
-0.954316
-0.9604262
-1.05785
-0.9291682
-0.8734644
-0.959765
-0.8663743
-1.001049
-1.087377
-1.068067
-1.081644
-0.9408068
-0.8977709
-1.009606
-0.9719315
-0.9685715
-1.022925
-0.9334816
-1.112287
-1.082106
-0.9544533
-1.098001
-0.9325991
-0.7881149
-0.9455528
-1.092157
-0.9115385
-0.9611208
-1.046706
-0.9039831
-0.8575545
-0.9668673
-0.9630179
-1.054973
-0.9979802
-1.092112
-0.8678055
-0.9047021
-0.7533744
-0.8551607
-0.9527882
-0.9653971
-1.008372
-0.8778347
-1.002772
-0.9714369
-1.051703
-0.8723462
-0.8982356
-0.8426911
-0.924438
-0.8877986
-0.9250786
-0.9452521
-1.005146
-0.9384837
-0.8112683
-0.8513364
-0.8354723
-0.9068205
-0.9775867
-0.8656825
-0.7748924
-0.8935243
-0.8624958
-0.9403843
-0.9383543
-0.8899774
-0.7987808
-0.7845591
-0.792221
-0.8949757
-0.7620864
-0.8025553
-0.8614256
-0.857205
-0.80944
-0.8782899
-0.873009
-0.7495607
-0.7603797
-0.7814894
-0.7168084
-0.953022
-0.809808
-0.8371931
-0.8823485
-0.6859703
-0.6982752
-0.9599964
-0.7946652
-0.8653383
-0.9071292
-0.6978124
-0.6891943
-0.9048541
-0.7324111
-0.7801277
-0.7631989
-0.9213234
-0.7648582
-0.8522689
-0.7465059
-0.8453344
-0.8372604
-0.892192
-0.9118567
-0.7378503
-0.7993805
-0.7409564
-0.706657
-0.84328
-0.6898515
-0.8834719
-0.5878879
-0.9545299
-0.9145116
-0.7578445
-0.7066379
-0.8128372
-0.6972601
-0.8953563
-0.7967422
-0.8972907
-0.7951139
-0.7051611
-0.7252734
-0.9048642
-0.8397961
-0.6191568
-0.6459276
-0.8382804
-0.6356819
-0.8388221
-0.7975768
-0.8087307
-0.6131136
-0.6854927
-0.6908478
-0.8758417
-0.705403
-0.5498489
-0.7296715
-0.7097956
-0.7480447
-0.7568598
-0.6101253
-0.563205
-0.7332026
-0.7403617
-0.6767364
-0.7025201
-0.6600678
-0.6108968
-0.6761502
-0.8043455
-0.6315224
-0.65737
-0.7637988
-0.6131836
-0.7441034
-0.5978788
-0.6734127
-0.6681697
-0.5979636
-0.741785
-0.6270967
-0.6743101
-0.6587716
-0.5167336
-0.4797085
-0.6109379
-0.7964602
-0.5245886
-0.6667839
-0.6849925
-0.5614269
-0.8094478
-0.7727374
-0.6133564
-0.7227446
-0.6443938
-0.7271008
-0.714975
-0.5767852
-0.8034676
-0.6279873
-0.6618017
-0.7103121
-0.5565179
-0.5025211
-0.5455322
-0.6119973
-0.6765531
-0.64109
-0.6790301
-0.7285056
-0.5880225
-0.6246743
-0.6093404
-0.5318759
-0.5212513
-0.6271078
-0.513788
-0.6283859
-0.4928991
-0.6455031
-0.4612684
-0.5792992
-0.6661428
-0.6289593
-0.5112624
-0.64544
-0.5368735
-0.6199842
-0.4575037
-0.4651944
-0.7155984
-0.6508657
-0.6511405
-0.6179267
-0.6119525
-0.5401663
-0.4341028
-0.4315481
-0.6970531
-0.6795454
-0.5344055
-0.5916613
-0.5215241
-0.3799476
-0.610984
-0.5602022
-0.3971392
-0.5000552
-0.4092624
-0.467072
-0.3588843
-0.6689272
-0.4999826
-0.5784377
-0.4361611
-0.4391847
-0.4929664
-0.3691725
-0.5178489
-0.6028731
-0.5282873
-0.5127467
-0.4029862
-0.498004
-0.3831132
-0.6884084
-0.5347128
-0.5440094
-0.4116879
-0.3496659
-0.4901723
-0.4497861
-0.4960957
-0.363534
-0.4904398
-0.3098253
-0.525032
-0.4288973
-0.5119106
-0.5863384
-0.4404579
-0.4371972
-0.4837666
-0.5089623
-0.4927214
-0.3678782
-0.3454776
-0.4449773
-0.4743132
-0.3569713
-0.5412165
-0.4073731
-0.4744699
-0.3933879
-0.3880047
-0.4830005
-0.4436359
-0.4748718
-0.5348456
-0.3590342
-0.2789059
-0.411227
-0.3488068
-0.5174184
-0.2869429
-0.412685
-0.6478402
-0.3173626
-0.4972049
-0.4200647
-0.315275
-0.4827679
-0.2685806
-0.2806886
-0.3747057
-0.4113898
-0.2826587
-0.3599402
-0.5737539
-0.1834329
-0.3407796
-0.2855177
-0.297238
-0.4273892
-0.4734385
-0.3235239
-0.3447033
-0.3372931
-0.2909529
-0.4267675
-0.3078551
-0.3500194
-0.3234878
-0.3664271
-0.4537115
-0.3130918
-0.2651008
-0.3157409
-0.4379159
-0.3836718
-0.345169
-0.5062284
-0.4207444
-0.3099094
-0.3636221
-0.2875237
-0.32873
-0.3066857
-0.3261338
-0.3053829
-0.4087428
-0.3562116
-0.2864632
-0.2097818
-0.343278
-0.3689508
-0.3130127
-0.3945893
-0.2749694
-0.2466882
-0.4077286
-0.3702406
-0.2758257
-0.2619609
-0.221625
-0.4888289
-0.05081082
-0.06552022
-0.2241096
-0.1903477
-0.322536
-0.296171
-0.2583205
-0.328558
-0.3893145
-0.2529754
-0.2387732
-0.3353871
-0.368731
-0.1552435
-0.2769497
-0.233887
-0.2557262
-0.3086667
-0.2413881
-0.3625342
-0.2631995
-0.3668821
-0.3982584
-0.2232632
-0.2522992
-0.08171748
-0.3256487
-0.2911208
-0.3388808
-0.3411566
-0.1762465
-0.3210444
-0.3628759
-0.2389226
-0.1982365
-0.1937729
-0.3057821
-0.2352825
-0.2747487
-0.4117362
-0.2484717
-0.2087535
-0.2146144
-0.1340634
-0.3682905
-0.185382
-0.09170989
-0.145689
-0.1799416
-0.1452587
-0.2117176
-0.1795503
-0.2234403
-0.122885
-0.305922
-0.1737121
-0.1478812
-0.1686873
-0.1152058
-0.07441594
-0.09179825
-0.3220201
-0.3817344
-0.1880136
-0.2538298
0.03358741
-0.1881838
-0.1724443
-0.1232346
-0.2173588
-0.0664486
-0.1855348
-0.1500606
-0.1361167
-0.06481986
-0.08315079
-0.1232354
-0.0340089
-0.06473572
-0.1315023
-0.08546944
-0.2457694
-0.3482733
-0.1259093
-0.2571104
0.05208486
-0.09430402
-0.2395947
-0.1190198
-0.1377495
-0.1794844
-0.2674728
-0.1441781
-0.04235646
-0.01385154
-0.1755975
-0.1330348
-0.08726164
-0.1457309
-0.2010681
-0.05176595
-0.1630426
-0.02627784
-0.0714424
-0.1170866
-0.1859945
-0.01501519
0.03285267
-0.007033073
-0.01631946
-0.1080711
-0.05313148
0.004982156
-0.02600136
-0.1673167
-0.0929575
0.05241668
-0.1033621
-0.03065248
-0.06588783
-0.09154344
-0.04259857
0.007627919
-0.0870471
-0.03557859
-0.1095785
-0.1059317
0.057191
0.105446
0.01490968
0.006635507
-0.1004186
-0.1103981
0.0369829
-0.06990681
-0.05892589
-0.00185095
-0.1754721
0.1724759
-0.02567682
-0.03168936
0.001889945
-0.03044648
0.1057335
-0.1218072
-0.05122998
0.06097323
-0.011774
0.07633491
-0.025672
0.03606935
-0.02965083
-0.1419023
0.03166814
0.03694796
0.0905202
-0.07987725
-0.03935409
0.07772634
0.02307616
0.0965804
0.05196402
0.03063025
0.02172325
-0.105891
-0.04357035
0.1771237
0.02993956
-0.02503486
0.2725673
0.03934645
0.01444707
-0.0157265
0.1254865
-0.0250391
0.1588868
0.1212321
0.0680957
0.1812328
0.06255803
-0.03152792
0.01722998
0.1892184
0.1560054
0.1075362
0.09484379
-0.01452575
0.05695223
0.06050826
0.1201895
0.09488871
0.08648117
0.1243411
0.2525431
0.07265818
0.152353
0.08194776
0.007041691
0.1770498
0.04924182
0.1389094
0.2166865
0.216648
0.06369617
0.08256129
0.1436443
0.1280785
0.1108773
0.2064067
0.03813045
-0.04634201
0.1445855
0.1172618
0.1712048
0.1537667
0.2325009
0.1704157
0.2268326
0.08526382
0.09755678
0.189173
0.1089042
0.1600028
0.2317396
0.2331521
0.1568387
0.179724
0.2136478
0.2984852
0.07615581
-0.01474716
0.1249686
0.08239379
0.2267603
0.3023807
0.3178148
0.2816165
0.04898585
0.2093479
0.2315065
0.2738203
0.2475531
0.1230606
0.2533597
0.08036883
0.1859183
0.2025336
0.3081505
0.1870728
0.1098739
0.1823845
0.2629226
0.1949121
0.2744046
0.1966994
0.2683527
0.3002101
0.1932395
0.2586829
0.1759219
0.2413308
0.3009771
0.1850654
0.2624539
0.07685667
0.2342643
0.2082862
0.1509449
0.2553666
0.1807982
0.2999757
0.2598606
0.2203843
0.1408426
0.2539967
0.3239886
0.05349525
0.08887286
0.4437353
0.2736078
0.04715918
0.2098611
0.3813749
0.2873723
0.2684242
0.3406233
0.3140179
0.3188459
0.2988191
0.286474
0.2461367
0.2908313
0.2301298
0.3262165
0.3372759
0.3805051
0.3060567
0.2848677
0.3966412
0.348293
0.3322497
0.251599
0.2824006
0.3171885
0.2361961
0.3112874
0.3178133
0.3236578
0.1966954
0.3654305
0.4034588
0.2497002
0.298021
0.3705623
0.2529337
0.4397134
0.319139
0.1940801
0.3464957
0.4548078
0.4329503
0.3345127
0.204085
0.4063615
0.2365538
0.3959136
0.2320984
0.3320978
0.2938899
0.3478076
0.4719886
0.4711854
0.3800162
0.5437806
0.4563079
0.4285467
0.3935377
0.3191184
0.5542647
0.2509226
0.3982402
0.2631436
0.2749353
0.346504
0.3822671
0.4234578
0.3539692
0.4639199
0.3841942
0.3984827
0.3013531
0.4597544
0.3892667
0.4723479
0.3791625
0.6315916
0.4275915
0.5743415
0.3772177
0.3712412
0.3955574
0.4025727
0.4941198
0.4027423
0.2924961
0.3520979
0.4613925
0.5292546
0.4675829
0.610074
0.4052817
0.3042841
0.4528317
0.4226207
0.4547135
0.5089405
0.5153515
0.4033904
0.504811
0.5870993
0.3786507
0.5165758
0.5521742
0.4603496
0.3999742
0.42039
0.5810326
0.3532505
0.5505381
0.5188021
0.5581804
0.5101556
0.5473565
0.3579672
0.4301276
0.4344229
0.5951872
0.5555534
0.3943278
0.5523789
0.4428459
0.6256706
0.6384591
0.485486
0.5509461
0.4248122
0.5967583
0.543894
0.5288066
0.4328393
0.49242
0.4793485
0.5277904
0.5097345
0.5529613
0.5536283
0.5811776
0.606825
0.4768456
0.6497482
0.7021109
0.5523865
0.584665
0.4213381
0.6206064
0.5169044
0.5728254
0.4560227
0.4799437
0.6900545
0.5310148
0.5189645
0.6012959
0.6532325
0.5525173
0.5495529
0.4706791
0.4156488
0.6056135
0.5658119
0.471528
0.6689793
0.6212161
0.6170436
0.6183426
0.5341344
0.5707037
0.5709263
0.6489486
0.7302671
0.57034
0.7122465
0.6454143
0.5558357
0.4988954
0.6503852
0.7223172
0.5879164
0.6206855
0.586513
0.6626962
0.4137605
0.539713
0.6858507
0.497928
0.7365988
0.5966929
0.7556219
0.7320369
0.6421699
0.7019119
0.7503064
0.6274075
0.74734
0.5715151
0.5637511
0.6100112
0.6804977
0.5297092
0.5855927
0.8605087
0.5710389
0.6643504
0.6592702
0.8520601
0.7188159
0.6289453
0.6512674
0.7368069
0.6855889
0.7190893
0.7348469
0.6377382
0.666585
0.6121925
0.7882142
0.7767682
0.7124331
0.6117248
0.690272
0.6305245
0.686471
0.739269
0.8108879
0.7881931
0.6934397
0.7923064
0.7053001
0.6408628
0.7972688
0.6032171
0.8093669
0.7162195
0.7643499
0.7324604
0.683077
0.741898
0.7117741
0.6587941
0.7363182
0.7716328
0.7754898
0.8213569
0.6623975
0.7174755
0.728619
0.6692902
0.8138273
0.8771715
0.8565886
0.689916
0.8303864
0.9104486
0.7936225
0.8474508
0.7424103
0.7617891
0.8116812
0.7633287
0.812575
0.8990811
0.7946171
0.715728
0.951051
0.7502619
0.8135483
0.7783129
0.8214529
0.8173845
0.7524918
0.7565719
0.8091498
0.868959
0.7675768
0.7471279
0.8127185
0.8712408
0.9697736
0.8705056
0.7933387
0.7484725
0.9299758
0.9032897
0.8772693
0.9081958
0.8455792
0.9440453
0.8965735
0.9067634
0.9278533
0.6562144
0.9489676
0.8644324
0.8735726
0.7842139
0.8013756
0.8318299
0.8654297
1.010751
0.9397831
0.8738185
0.8636535
0.8050942
0.783538
0.9024074
0.8471549
0.847923
0.850101
0.6550328
0.9123028
0.8681948
0.8342418
0.9019993
1.060429
0.8934857
0.889827
0.8284806
1.068258
0.9056446
0.910916
1.041263
1.102759
0.813514
1.044411
0.9126858
1.051157
1.076417
0.8973954
0.8967264
0.8432695
0.8792105
0.9287979
0.8169215
0.9056783
1.00365
1.060113
0.9807973
1.024136
0.9418073
0.8621784
0.8379706
0.7848367
0.9732406
0.9000802
0.8412545
1.032147
0.8311454
0.9879158
0.9680394
0.8996967
1.023474
1.107383
0.9635387
1.006871
1.060771
0.8929712
0.9690619
1.013079
1.019506
1.016208
1.032696
0.7922936
1.063724
0.9011716
1.020444
1.016334