-0.01754222
-0.9686122
-0.9572428
-0.9866022
-1.066037
-0.9303919
-0.8645059
-0.9575095
-0.8638739
-0.9937697
-1.107143
-1.075036
-1.088095
-0.9567281
-0.8985251
-1.004862
-0.9823686
-0.9427567
-1.014548
-0.9288327
-1.104551
-1.090622
-0.9641269
-1.081803
-0.9358484
-0.8020743
-0.9468523
-1.088387
-0.9045985
-0.9786212
-1.036529
-0.9070576
-0.8487403
-0.9730081
-0.9643974
-1.06664
-0.9988999
-1.094547
-0.8639214
-0.8831706
-0.7438102
-0.8484159
-0.9441554
-0.9434186
-1.013398
-0.8853148
-0.9932851
-0.971268
-1.040464
-0.8836852
-0.9175452
-0.8145108
-0.9478394
-0.8925132
-0.9173261
-0.9454198
-1.024747
-0.9433442
-0.8139896
-0.8528993
-0.8229822
-0.9175614
-0.9701885
-0.8492794
-0.7708686
-0.8789739
-0.8541178
-0.9683579
-0.9520832
-0.8719325
-0.7867374
-0.8039494
-0.8066462
-0.9137452
-0.7367361
-0.8057412
-0.8797554
-0.8356624
-0.8018958
-0.891699
-0.8764364
-0.7518931
-0.7679213
-0.7831175
-0.7000281
-0.9636638
-0.8215471
-0.8378623
-0.8892057
-0.6696217
-0.679851
-0.9642679
-0.795597
-0.8513225
-0.9115263
-0.6971355
-0.6985923
-0.9210221
-0.7308849
-0.7675987
-0.7247262
-0.9239482
-0.7893038
-0.8642191
-0.7663329
-0.8502703
-0.8301983
-0.8810461
-0.9033261
-0.7281887
-0.7842259
-0.7362486
-0.7271635
-0.8657668
-0.7029291
-0.8839009
-0.5594803
-0.9408045
-0.8921784
-0.7609576
-0.716067
-0.8419878
-0.6935978
-0.8708727
-0.7992512
-0.8825631
-0.7754694
-0.7036
-0.756022
-0.8795613
-0.8437274
-0.6691848
-0.6239476
-0.8446281
-0.6246116
-0.8604543
-0.795165
-0.7904492
-0.6177741
-0.6999627
-0.6839852
-0.8811682
-0.7053245
-0.5312746
-0.7145845
-0.710655
-0.7552442
-0.7611431
-0.6284622
-0.5613683
-0.7230267
-0.7414218
-0.6635029
-0.6891189
-0.6589105
-0.6222168
-0.6828494
-0.8096402
-0.6271413
-0.6349761
-0.7676114
-0.5941467
-0.750565
-0.5785314
-0.6698127
-0.6601601
-0.6226034
-0.7529877
-0.6158001
-0.6458372
-0.6560557
-0.5329545
-0.4574213
-0.5959511
-0.7854937
-0.5080925
-0.6716739
-0.6918837
-0.5810958
-0.8263712
-0.7740501
-0.6133142
-0.7081483
-0.639339
-0.7328482
-0.6975055
-0.564254
-0.8077261
-0.6112328
-0.647334
-0.7030972
-0.5563429
-0.4851514
-0.538099
-0.5987539
-0.6640861
-0.6010465
-0.6719302
-0.7161536
-0.5861481
-0.6043613
-0.6023243
-0.5464353
-0.5289787
-0.6291207
-0.5401254
-0.6243878
-0.5093407
-0.6566979
-0.481177
-0.5692336
-0.664828
-0.5949377
-0.5155791
-0.672465
-0.5612162
-0.5910286
-0.4262384
-0.4687396
-0.7219799
-0.6418654
-0.6566247
-0.6019466
-0.6207711
-0.5381871
-0.4441433
-0.4239077
-0.6935315
-0.6897727
-0.5400318
-0.577827
-0.5059264
-0.3884974
-0.6175943
-0.5646132
-0.3890744
-0.4936699
-0.4205972
-0.4922691
-0.363473
-0.6512137
-0.5014381
-0.5570012
-0.4382096
-0.4435794
-0.4935248
-0.383783
-0.5152069
-0.5907307
-0.5382215
-0.5184049
-0.3996984
-0.4974868
-0.3713095
-0.6746068
-0.5360926
-0.5594834
-0.4160158
-0.3861204
-0.4980544
-0.4490234
-0.5083398
-0.3527605
-0.4802203
-0.3184054
-0.5153836
-0.4563879
-0.5179051
-0.5770982
-0.4276153
-0.4453157
-0.4888676
-0.518733
-0.5143808
-0.3703651
-0.3342179
-0.4346273
-0.4883717
-0.353157
-0.5538256
-0.4022129
-0.4916776
-0.3810359
-0.4140904
-0.4837656
-0.4327406
-0.476027
-0.5385563
-0.3548085
-0.2817849
-0.4253029
-0.3758528
-0.532459
-0.3123746
-0.4114815
-0.6369865
-0.334485
-0.4933472
-0.4320531
-0.3086308
-0.4764671
-0.2785995
-0.2821112
-0.3542097
-0.4106214
-0.250321
-0.3366412
-0.5952845
-0.1715051
-0.3493372
-0.2689151
-0.3092323
-0.4016355
-0.4399261
-0.3215554
-0.312167
-0.3485976
-0.2925903
-0.4381272
-0.3027247
-0.3531547
-0.3159702
-0.3749334
-0.4447135
-0.3199486
-0.2830496
-0.3240399
-0.4531387
-0.3892916
-0.374255
-0.5184611
-0.4147485
-0.3047919
-0.3490704
-0.2725301
-0.3515786
-0.294675
-0.3602376
-0.31093
-0.424769
-0.3388961
-0.2723927
-0.2044873
-0.3196375
-0.3657633
-0.3233474
-0.3779791
-0.2789254
-0.2624594
-0.4155408
-0.3574226
-0.2633346
-0.2681002
-0.2049385
-0.476288
-0.05944386
-0.06708589
-0.2170917
-0.210402
-0.3013532
-0.3014966
-0.2512702
-0.3301515
-0.402526
-0.2357811
-0.264516
-0.3259609
-0.3744496
-0.149715
-0.3004337
-0.2395709
-0.2432185
-0.3158427
-0.2372655
-0.3623615
-0.2617902
-0.3858232
-0.3973452
-0.2134848
-0.2711372
-0.0973468
-0.3444315
-0.3055467
-0.3376915
-0.3279545
-0.1976975
-0.3213908
-0.3589335
-0.2489036
-0.2115923
-0.1921145
-0.2996807
-0.2518535
-0.2644361
-0.4107808
-0.2536895
-0.2273895
-0.2239649
-0.1510973
-0.3696878
-0.1899981
-0.1012529
-0.1708233
-0.1418991
-0.1666804
-0.2076699
-0.1759569
-0.2078678
-0.09545461
-0.3115372
-0.1749623
-0.1588265
-0.1889783
-0.1149405
-0.06496524
-0.07732162
-0.3171048
-0.4062162
-0.2014143
-0.2445784
0.02395859
-0.1915983
-0.1845315
-0.1432375
-0.2231339
-0.04861214
-0.1784815
-0.1663153
-0.1309998
-0.06136046
-0.08933244
-0.1172019
-0.03575292
-0.05587659
-0.1193461
-0.07866173
-0.2581731
-0.3548026
-0.1150426
-0.2423359
0.06966308
-0.0712989
-0.2233467
-0.1098407
-0.1399792
-0.1858108
-0.2392341
-0.1341478
-0.07050814
-0.004316849
-0.1655562
-0.1232522
-0.07944548
-0.1421545
-0.1997435
-0.05726566
-0.1768737
-0.04348721
-0.08502354
-0.1170657
-0.1780108
-0.01284608
0.02319564
-0.004467932
-0.003720241
-0.1337681
-0.0717096
0.003645325
-0.01506754
-0.1744646
-0.09165645
0.07081265
-0.07367767
-0.03999561
-0.07317006
-0.1081825
-0.04227339
0.0154904
-0.06381159
-0.03196323
-0.1057723
-0.1125431
0.02792468
0.10464
0.01159286
0.004954621
-0.1090255
-0.118566
0.03529052
-0.05681222
-0.069885
-0.003545827
-0.183969
0.1580671
-0.03667516
-0.04113715
0.003437356
-0.02372706
0.08483558
-0.1161744
-0.04533162
0.08979764
-0.03701139
0.06814218
-0.03361171
-0.004095271
-0.0332588
-0.1406693
0.02790368
0.02393099
0.08648081
-0.08688158
-0.04222993
0.09356416
0.0214882
0.06986742
0.04938068
0.04305555
0.02012024
-0.08716763
-0.01545702
0.1739218
0.01894181
-0.007201566
0.2688307
0.04067491
0.03667165
-0.006937597
0.1265331
-0.01266655
0.1425809
0.1245271
0.07389826
0.1801778
0.06114109
-0.03533938
-0.005452772
0.1885154
0.133599
0.111371
0.1079597
-0.01135591
0.04624304
0.05659355
0.1280318
0.1058582
0.08950861
0.1300154
0.2653055
0.1035256
0.1426395
0.07116107
0.008556614
0.1880674
0.05039145
0.1465799
0.2216286
0.2001014
0.06836442
0.09164915
0.1535718
0.1226193
0.1182432
0.2144363
0.04696857
-0.03495773
0.1698667
0.1356538
0.1768366
0.14553
0.2127918
0.1669405
0.2038839
0.1023471
0.0821716
0.1821827
0.1114576
0.1658594
0.2282297
0.2259045
0.1430148
0.186154
0.2195131
0.3041562
0.07973262
-0.03071745
0.1279206
0.08718084
0.2056203
0.2867132
0.3205595
0.2639413
0.04213674
0.2029598
0.2155659
0.2725889
0.2528828
0.1452636
0.259229
0.06978878
0.1875472
0.1869497
0.2892769
0.162352
0.09990219
0.1852562
0.2531314
0.1765085
0.3059681
0.192231
0.2748317
0.2969484
0.1856588
0.2532965
0.1678995
0.2383546
0.2973416
0.1819901
0.2683786
0.1169376
0.2453878
0.1921843
0.1682391
0.2280011
0.2093861
0.3222651
0.299957
0.1970704
0.14787
0.2665253
0.3502707
0.05719699
0.1306759
0.4124235
0.2903746
0.05615954
0.2021441
0.4133
0.2710952
0.27274
0.331129
0.3205129
0.3389188
0.2973711
0.3126015
0.2341399
0.2608773
0.2404186
0.3345351
0.3340142
0.3583937
0.3303783
0.2896326
0.4001124
0.3327851
0.3283671
0.2864989
0.2720516
0.2974501
0.226817
0.3272996
0.3257939
0.3092298
0.1972871
0.3591231
0.4004892
0.2804385
0.3033986
0.368924
0.2693314
0.4791822
0.3289158
0.2064728
0.3449244
0.4673152
0.4446064
0.3338223
0.1970668
0.3988594
0.2291146
0.4025604
0.2403546
0.3361673
0.3225862
0.3366402
0.4663245
0.499048
0.4009591
0.555452
0.4737411
0.4367733
0.4047643
0.3408357
0.5504822
0.2630952
0.390046
0.2445541
0.2621569
0.3328176
0.3947633
0.4210674
0.3441612
0.4690912
0.3624333
0.4045451
0.3074003
0.4624904
0.3786263
0.4519677
0.3685434
0.6409357
0.4157581
0.5482085
0.3667377
0.3391697
0.3940408
0.3894291
0.5091835
0.3938
0.2916421
0.359453
0.4507295
0.540493
0.4605271
0.6206706
0.3884287
0.316301
0.4671589
0.4179069
0.468777
0.5120554
0.5210987
0.4100546
0.5096556
0.5990512
0.3805294
0.5194888
0.5352719
0.4451403
0.3845913
0.4233937
0.5701116
0.3478816
0.5755283
0.5238968
0.5781788
0.4956283
0.549674
0.3528376
0.4362171
0.4487355
0.5866833
0.5671832
0.3767539
0.5491289
0.4503709
0.6368075
0.6143515
0.4729854
0.5461063
0.4261751
0.5900923
0.5400426
0.5351075
0.4111129
0.4807166
0.4848772
0.5631131
0.5140403
0.5487897
0.5412764
0.5886398
0.6076112
0.4644689
0.6675892
0.7014853
0.5191335
0.5873962
0.4294719
0.6223476
0.5230654
0.5700715
0.4603461
0.4707368
0.7037341
0.4988451
0.5102904
0.5778781
0.6633977
0.538035
0.538889
0.4740519
0.4432058
0.6077976
0.5677145
0.4842534
0.6539202
0.593668
0.6087193
0.6307975
0.5347132
0.5903866
0.5619612
0.6628192
0.7292972
0.5685192
0.7101387
0.6385171
0.5538325
0.5113352
0.644352
0.7419147
0.6007884
0.6119055
0.6085946
0.6544944
0.414982
0.5615821
0.6890698
0.4985976
0.7179025
0.5948375
0.739804
0.7357507
0.6337235
0.6999398
0.7552547
0.6178865
0.7463722
0.5665938
0.5583909
0.60654
0.6832293
0.5330857
0.5859157
0.851058
0.5661891
0.6669208
0.6630549
0.8669331
0.7287763
0.6388755
0.632815
0.7566889
0.7170654
0.7011754
0.7409834
0.6421834
0.6597729
0.6256601
0.7756302
0.7767155
0.7198058
0.619347
0.6932095
0.6550406
0.6899538
0.7193995
0.8042849
0.7624338
0.7129495
0.7910463
0.7129995
0.6566416
0.7904246
0.6161733
0.8213662
0.7250082
0.756902
0.7379369
0.6808782
0.7527133
0.6996563
0.6775221
0.7196123
0.759561
0.7822743
0.827626
0.6711994
0.7082126
0.6977808
0.6532238
0.8077324
0.8687951
0.8678395
0.7105913
0.8474585
0.917208
0.7748641
0.8681284
0.7450557
0.7591716
0.8175155
0.7681459
0.8091268
0.899179
0.7938085
0.7302215
0.9602653
0.737484
0.8317226
0.7825594
0.8312079
0.8261561
0.7674833
0.7777386
0.8137493
0.8918703
0.7688108
0.7661223
0.8128605
0.8665232
0.9711681
0.893278
0.7950134
0.7381171
0.9265886
0.9020784
0.9019203
0.8953962
0.8578404
0.9327953
0.8861973
0.8936508
0.9410357
0.6600902
0.9641687
0.8729341
0.8633981
0.7948181
0.7937575
0.8265231
0.8764788
0.9920695
0.9397946
0.8825961
0.8395561
0.8194642
0.7884949
0.9267187
0.834209
0.8335578
0.8483312
0.6387849
0.9229606
0.8566675
0.835321
0.9091569
1.023372
0.920471
0.9028285
0.8213609
1.072828
0.8936426
0.8984332
1.024155
1.077614
0.7969432
1.032153
0.8870267
1.066643
1.086781
0.9051743
0.894905
0.8609876
0.8847122
0.902411
0.7919697
0.9249334
0.9710028
1.05085
0.9612085
1.032418
0.9598153
0.8595423
0.8495631
0.8109662
0.9703147
0.9188292
0.8371412
1.021598
0.8563759
0.9738781
0.9608403
0.8823772
1.018844
1.118398
0.9754317
0.9940796
1.060819
0.9114878
0.9731614
1.026391
1.001469
1.022499
1.011472
0.7998794
1.065122
0.9010797
1.010243
1.012453