-0.02789358
-1.022712
-0.9770868
-1.028999
-0.9428892
-0.9691757
-1.060898
-1.094825
-0.9148491
-0.9944928
-0.9980535
-1.0599
-1.020768
-0.8761571
-0.9284094
-1.068158
-0.8827973
-0.9173854
-0.9242251
-0.9252736
-0.9618597
-0.9876809
-0.9530886
-1.081771
-0.8998634
-1.073738
-0.9524754
-1.018669
-0.9416365
-0.9073502
-0.9654928
-0.9608299
-0.9544594
-0.9638291
-0.9577658
-0.857937
-0.9126112
-1.156395
-0.9472722
-0.9683222
-1.00891
-0.9271185
-0.8285077
-0.800358
-0.9536781
-0.9644305
-0.8828956
-0.933947
-1.025978
-0.8528594
-0.9448191
-0.7920914
-0.9014782
-0.9799231
-0.8513212
-1.018338
-0.9129829
-0.8499683
-0.905758
-0.9865799
-1.041873
-0.9152258
-1.017324
-0.7770093
-0.9515595
-0.8190657
-0.7186477
-0.8349189
-0.7479639
-0.8978652
-0.8789492
-0.9288468
-1.022571
-0.9665906
-0.7273583
-0.9265843
-0.8580365
-0.7316256
-0.881642
-0.8413046
-0.6873588
-0.9489194
-0.9129874
-0.8451972
-0.8834287
-0.9891737
-0.7143173
-0.8648901
-0.8657225
-0.9853773
-0.7652468
-0.7376565
-0.8875606
-0.6871556
-0.6385213
-0.8434974
-0.7593462
-0.8026353
-0.7682116
-0.858916
-0.719321
-0.9363423
-0.6493888
-0.7961493
-0.8421546
-0.798395
-0.7468854
-0.7754056
-0.8894766
-0.7353933
-0.8262892
-0.7439437
-0.8068044
-0.7822515
-0.7949779
-0.7956388
-0.7687656
-0.6344141
-0.7538904
-0.7521542
-0.7071608
-0.8383023
-0.7705396
-0.6985555
-0.8004715
-0.70874
-0.6001199
-0.7679406
-0.7969393
-0.713594
-0.7965271
-0.7961685
-0.8368705
-0.7059321
-0.6593911
-0.7368352
-0.7851255
-0.5851867
-0.7923543
-0.603195
-0.6600633
-0.7955718
-0.6637778
-0.842244
-0.7475424
-0.6094341
-0.7406498
-0.6338213
-0.8084504
-0.806506
-0.6555367
-0.8312038
-0.8008716
-0.5980356
-0.6057196
-0.6313405
-0.6245417
-0.7683014
-0.6373425
-0.6505266
-0.8127261
-0.6071902
-0.7510744
-0.6641648
-0.6515359
-0.6416372
-0.7588536
-0.6910565
-0.5603069
-0.6612538
-0.6511573
-0.6656738
-0.6634011
-0.6110733
-0.6707134
-0.6843332
-0.6752929
-0.7534353
-0.6994921
-0.6564344
-0.6912671
-0.6220892
-0.6318646
-0.7543063
-0.6767305
-0.5592762
-0.6459294
-0.5680234
-0.5905359
-0.6474271
-0.6209052
-0.4409546
-0.5638161
-0.5434948
-0.5885193
-0.6278418
-0.513521
-0.4879461
-0.6722067
-0.6718085
-0.66035
-0.586159
-0.5641566
-0.5198717
-0.7285356
-0.5513795
-0.6465191
-0.6463658
-0.5453475
-0.6971926
-0.5551664
-0.4865514
-0.5879329
-0.6319669
-0.5823995
-0.5968312
-0.5441853
-0.5876691
-0.5369028
-0.5878627
-0.535956
-0.5241738
-0.4659662
-0.542433
-0.6132415
-0.6209358
-0.4617033
-0.3364501
-0.612421
-0.5142655
-0.6023407
-0.6241252
-0.2730425
-0.5047061
-0.5763103
-0.6557705
-0.6570463
-0.4397403
-0.4201156
-0.4847721
-0.4634178
-0.4889642
-0.6453059
-0.4626733
-0.6138612
-0.5638723
-0.4408814
-0.5047858
-0.4937907
-0.4776428
-0.4363473
-0.4988653
-0.5941288
-0.4873002
-0.4474892
-0.4545543
-0.5120804
-0.4949765
-0.4551693
-0.2950426
-0.6227355
-0.5020912
-0.3621927
-0.4702391
-0.5462034
-0.4500606
-0.6011398
-0.4451984
-0.4798771
-0.4031415
-0.3406878
-0.4211273
-0.4038184
-0.5027307
-0.4620379
-0.3941782
-0.350635
-0.556329
-0.4808108
-0.4088142
-0.3840621
-0.431985
-0.4028076
-0.5364524
-0.3383759
-0.4695962
-0.3333752
-0.4812997
-0.6293622
-0.2787684
-0.3121747
-0.2909285
-0.5806562
-0.3148303
-0.4992739
-0.3258744
-0.3283181
-0.4144005
-0.3457716
-0.4902898
-0.3420689
-0.4869681
-0.3601177
-0.46972
-0.404483
-0.4889034
-0.5927254
-0.4477414
-0.3702381
-0.4037863
-0.3971262
-0.4587837
-0.3958691
-0.3304239
-0.4673667
-0.2580373
-0.3592318
-0.2271655
-0.2455317
-0.3817706
-0.5700192
-0.3903173
-0.3419961
-0.4444046
-0.4010712
-0.3222473
-0.3971374
-0.5455065
-0.2669564
-0.2988387
-0.3754736
-0.4266792
-0.3744923
-0.3455718
-0.3861638
-0.2667345
-0.3007878
-0.3337891
-0.2779603
-0.2627036
-0.2667132
-0.3613677
-0.3443832
-0.3776554
-0.3018734
-0.2703685
-0.2205277
-0.3284129
-0.3420247
-0.4827612
-0.355531
-0.3732375
-0.2789789
-0.2713803
-0.2037218
-0.2821515
-0.1923638
-0.3546237
-0.1826113
-0.3498971
-0.4945906
-0.3175299
-0.2590056
-0.2264841
-0.3115013
-0.2407434
-0.3210566
-0.3286422
-0.3501276
-0.3164585
-0.2706004
-0.2070187
-0.2376741
-0.3339194
-0.361153
-0.3183071
-0.1852648
-0.3321801
-0.2287662
-0.2146301
-0.2629373
-0.2724156
-0.254798
-0.2191997
-0.1952124
-0.3104271
-0.270466
-0.1123412
-0.2510986
-0.2436531
-0.2059078
-0.05203054
-0.2118828
-0.3538254
-0.2067322
-0.3887301
-0.115103
-0.05038586
-0.1778333
-0.1888303
-0.1995771
-0.16747
-0.1221782
-0.2522634
-0.06622323
-0.1369455
-0.1923338
-0.03764071
-0.2005507
-0.2372526
-0.09793675
-0.1842346
-0.1313139
-0.1395658
-0.2390163
-0.1092772
-0.1886498
-0.2254031
-0.2640402
-0.1990965
-0.1055557
-0.2266206
-0.2034474
-0.09988231
-0.1267057
-0.2075336
-0.2012748
-0.2621319
-0.2414878
-0.2499139
-0.3038131
-0.113475
-0.02943614
-0.2333617
-0.1952933
-0.07394634
-0.07124999
-0.2909682
-0.1433255
-0.1930003
0.003030029
-0.1650705
-0.1386312
-0.01439144
-0.2005357
-0.1374974
-0.2022198
-0.1729986
0.04751482
0.09370028
0.04241629
-0.06768408
-0.1741683
-0.09682471
-0.02353463
-0.1313598
-0.1113641
-0.1992334
-0.05299346
0.0003638033
-0.1575874
-0.2668438
-0.05346642
-0.04106201
-0.03881981
-0.09409828
-0.1455178
-0.1266744
0.04521052
-0.07000307
-0.0115449
-0.1267509
-0.124014
0.009343284
0.01044566
-0.05026587
0.02053084
-0.1199207
0.08021854
-0.09642652
-0.1129877
-0.1772114
-0.1685376
0.03826248
0.1793498
-0.1386392
-0.05269208
-0.1160019
-0.008241199
0.07890464
0.02687967
-0.02547522
-0.06123466
0.08975576
0.02510187
0.04093071
-0.08857909
-0.0008005404
-0.07764517
-0.02643333
0.003157239
0.1553019
-0.004376473
-0.2260028
0.1230534
0.03079293
-0.07639346
-0.08038028
-0.02157983
0.1622659
-0.1124109
0.03545014
0.1709123
-0.01727856
0.07681891
0.1451714
-0.1005254
0.03974932
-0.001150454
0.08418263
0.06578949
0.07253113
0.07659638
-0.03700723
-0.02975813
-0.05019908
0.1287168
0.06452186
0.0059712
-0.02288183
0.121904
0.05218373
-0.03751901
0.06388591
0.04861412
0.02153697
0.1422724
0.04825997
0.07918171
0.04073185
0.0422453
0.01481591
0.07782013
0.07499253
0.198415
-0.03417871
0.2122168
0.03688649
0.1170847
0.2751457
0.1211119
0.07337505
-0.09544094
0.2245531
0.07216025
0.1132454
0.08201987
0.1340573
0.1363185
0.1876522
0.1000636
0.194403
0.1729537
0.1701838
0.1859195
0.1305067
0.2607069
0.2568734
0.2021833
0.250358
0.05819287
0.2014754
0.1773434
0.270985
-0.03678138
0.1306376
0.1972577
0.1690595
0.04400975
0.1081916
0.1605571
0.158828
0.1467595
0.1009707
0.1603085
0.1925186
0.2834059
0.1897052
0.1033698
0.2605167
0.1323547
0.1956177
0.2680876
0.1208919
0.3133824
0.2493372
0.217525
0.04071357
0.1336342
0.1526469
0.07822483
0.2808515
0.04807878
0.1432134
0.2123834
0.1208984
0.2395788
0.2282351
0.2204955
0.1845464
0.3263828
0.2122673
0.2341558
0.3515723
-0.1211379
0.25713
0.06118923
0.3212993
0.3052328
0.2795467
0.2718596
0.2804288
0.3562468
0.1565994
0.2809643
0.3835338
0.3156576
0.113908
0.2201061
0.2839895
0.3177971
0.1055483
0.3003425
0.2293778
0.1409707
0.1553735
0.1572227
0.3204239
0.2876921
0.3110672
0.2314078
0.1796345
0.2746731
0.1112356
0.2535457
0.3522694
0.2891982
0.406829
0.2568015
0.2563325
0.4289127
0.3613899
0.3349308
0.2172787
0.3322373
0.3898659
0.3973174
0.2782061
0.4114917
0.3100082
0.4314117
0.4532811
0.1557837
0.3202804
0.4143392
0.283723
0.1544995
0.5161303
0.1618864
0.3902134
0.2698053
0.3172553
0.3328169
0.3419832
0.3613034
0.3315994
0.3423712
0.3409791
0.4346571
0.2983245
0.258392
0.2337898
0.4405779
0.3905596
0.411757
0.3465545
0.4780766
0.2863471
0.3553149
0.3012129
0.3833384
0.4202002
0.4026529
0.3788741
0.4007771
0.434194
0.3408919
0.1615857
0.4040745
0.3049999
0.3938372
0.3251435
0.358229
0.5557456
0.3477506
0.4404482
0.3214854
0.4283102
0.3796411
0.2594118
0.2824311
0.3325041
0.262826
0.3198749
0.5036274
0.4251957
0.4607206
0.4393455
0.3666703
0.4912626
0.4277917
0.3727103
0.4213764
0.6103829
0.3466368
0.654284
0.4553993
0.4486854
0.5306872
0.5277233
0.4963368
0.4257372
0.3776829
0.287726
0.5111118
0.3418182
0.4615579
0.4125962
0.5632143
0.372552
0.4869071
0.6200056
0.5114933
0.4532167
0.5525489
0.5366367
0.6129424
0.5556484
0.5753118
0.5696616
0.5011208
0.2873692
0.5198487
0.3517943
0.5071703
0.5423769
0.5907004
0.4607496
0.4438583
0.5608567
0.6989145
0.4449378
0.4537036
0.5428589
0.5772191
0.67082
0.5506154
0.747339
0.5258043
0.4730401
0.5799123
0.5147017
0.4515945
0.4551412
0.6307066
0.530899
0.5493651
0.5006372
0.6042097
0.7212509
0.6207939
0.4754796
0.4970725
0.4747663
0.6200519
0.5773078
0.4956807
0.6060951
0.7361095
0.5783354
0.443467
0.7558957
0.6107426
0.513361
0.523754
0.4327412
0.6529566
0.6129089
0.6279649
0.6054961
0.6707968
0.6424621
0.4085968
0.5975106
0.6581175
0.7670557
0.7123978
0.6804314
0.7152503
0.7119268
0.6039432
0.6243143
0.5957243
0.6830207
0.6448186
0.6024755
0.6739177
0.6819659
0.4444466
0.6453782
0.613316
0.5226626
0.7134345
0.6504675
0.6622276
0.6302482
0.5620819
0.5111409
0.6903682
0.6650095
0.8208814
0.5762455
0.6911723
0.5551582
0.5805966
0.7344281
0.7019215
0.6552389
0.6669083
0.7154379
0.6726475
0.59855
0.5892152
0.6696749
0.6723058
0.829718
0.5466689
0.8011403
0.6437056
0.6331182
0.5865755
0.5073702
0.6310773
0.7881817
0.7554539
0.7660952
0.5892394
0.7755435
0.6738107
0.675445
0.7494297
0.6235541
0.5810012
0.8666001
0.707416
0.7473951
0.5623664
0.7711861
0.6568969
0.6639405
0.6608042
0.8412241
0.8033274
0.7381315
0.8321893
0.7878428
0.7672876
0.7752809
0.939212
0.7057938
0.7412534
0.6918087
0.687642
0.7746798
0.7546105
0.7089833
0.7516874
0.6853349
0.7179615
0.8228996
0.8651843
0.6528633
0.9399765
0.7703606
0.7055624
0.5918198
0.7627533
0.7091897
0.7082654
0.8735623
0.7116816
0.721919
0.9280117
0.7888861
0.7017425
0.8742243
0.6786513
0.8804847
0.9452007
0.9259351
0.8661845
0.9106008
0.7792154
0.8554947
0.9228822
0.8574148
0.9169432
0.8557411
0.8483809
0.8039986
0.8299916
0.8571699
0.9613389
0.9269959
0.7949912
0.7760957
0.7928041
0.8040204
0.8556059
0.8262927
0.7059732
0.8988828
0.8298534
0.9400091
0.9750873
0.9686515
0.9579264
0.8409208
0.8938658
0.8585649
0.8423626
0.79811
1.021593
0.8870846
0.9043125
1.049655
0.9656796
0.814006
0.8853288
1.057356
0.9034488
0.9927169
0.9056046
0.6934025
0.8830243
0.8646595
0.9578982
0.9804519
1.006744
1.07269
1.047133
0.9489078
0.9500453
0.9709488
0.8436305
0.8580831
1.019379
1.0024
0.8828556
0.8674171
0.9382389
0.9863968
0.8965027
0.9967748
1.040208
0.9390784
1.085969
1.122935
0.8999605
0.9010395
1.04476
1.038515
0.8594388
0.8774119
0.9614394
0.8216352
0.989459
1.01659
0.9191379
0.8858924
1.074568
0.8978502
0.879491
1.12375
1.023583
1.061425
1.183898
0.8552524
0.9543751
0.970177
0.9734415