-0.02613779
-0.9752997
-0.9518823
-0.981773
-1.06838
-0.9162302
-0.8810785
-0.9730118
-0.8623231
-0.9970456
-1.103505
-1.083961
-1.075307
-0.9563246
-0.9119034
-0.9936977
-0.974339
-0.9322759
-1.01498
-0.9259831
-1.116317
-1.102226
-0.9783008
-1.084319
-0.9514676
-0.7664493
-0.9639462
-1.106844
-0.9107813
-0.9559261
-1.029811
-0.8982006
-0.8479966
-0.9663251
-0.9753605
-1.052516
-0.989997
-1.056102
-0.8732079
-0.9002425
-0.7575726
-0.8617727
-0.9581575
-0.9817235
-0.9950474
-0.8684878
-0.9855564
-0.9567758
-1.046352
-0.9031854
-0.8998297
-0.8274181
-0.9334859
-0.8836984
-0.9158083
-0.9505762
-1.012271
-0.9437498
-0.7961242
-0.8511834
-0.8565642
-0.9128894
-0.9806063
-0.83827
-0.7906045
-0.8648295
-0.8711816
-0.9541212
-0.9280962
-0.8708598
-0.7921478
-0.8062775
-0.8041515
-0.9182321
-0.7286071
-0.8019999
-0.8805831
-0.8606845
-0.811883
-0.8986671
-0.8610047
-0.7530694
-0.7595672
-0.7694933
-0.7105566
-0.9544148
-0.8047308
-0.8094394
-0.8780125
-0.6650606
-0.7025354
-0.9623531
-0.784551
-0.8362026
-0.9306202
-0.7079598
-0.6919806
-0.910401
-0.7228731
-0.7731611
-0.7427658
-0.9371182
-0.7761048
-0.8667265
-0.7544582
-0.8357925
-0.8359723
-0.8795217
-0.9230863
-0.7375814
-0.7911847
-0.7543017
-0.7316983
-0.8403268
-0.7135945
-0.8951059
-0.5654033
-0.9473719
-0.8871125
-0.7680749
-0.7310975
-0.8142696
-0.7028859
-0.8831358
-0.7995201
-0.8907918
-0.7902988
-0.7166069
-0.7337711
-0.8893305
-0.8119741
-0.6365699
-0.6466754
-0.8375772
-0.6273754
-0.8650618
-0.7990572
-0.8040002
-0.6249834
-0.7095617
-0.6770766
-0.8762242
-0.7068767
-0.5374624
-0.7387298
-0.6854638
-0.7776296
-0.769053
-0.6204215
-0.5713357
-0.7217315
-0.744038
-0.6832404
-0.7019145
-0.6693623
-0.6292639
-0.6814368
-0.7897945
-0.6300969
-0.6441679
-0.7626809
-0.5744162
-0.7241102
-0.5892178
-0.6596875
-0.6703237
-0.6221278
-0.749149
-0.6148284
-0.6761359
-0.6498609
-0.5141676
-0.4734471
-0.607354
-0.7798639
-0.5222188
-0.6651186
-0.692504
-0.562077
-0.8037971
-0.7733616
-0.6160806
-0.7036672
-0.6510353
-0.7346595
-0.6916299
-0.5577568
-0.798151
-0.6086884
-0.6702452
-0.7207913
-0.5535676
-0.4908593
-0.5544793
-0.5966535
-0.6853009
-0.6380001
-0.6772589
-0.719761
-0.5913351
-0.6175169
-0.6065821
-0.5243377
-0.5248505
-0.6128441
-0.5223129
-0.6369517
-0.5151175
-0.6491908
-0.4857848
-0.5717118
-0.6600919
-0.6210447
-0.5111178
-0.6335614
-0.5478806
-0.6033621
-0.4430902
-0.4864333
-0.7232305
-0.6532979
-0.652253
-0.5965079
-0.5930486
-0.551938
-0.4342898
-0.4235279
-0.6969781
-0.6937485
-0.55609
-0.5844817
-0.5006781
-0.3674428
-0.6243619
-0.5639352
-0.3921116
-0.4831409
-0.4312389
-0.4902423
-0.3626007
-0.6492752
-0.5124196
-0.5516692
-0.4298853
-0.4518504
-0.4767838
-0.3796442
-0.5089103
-0.5977754
-0.537276
-0.4987017
-0.4171623
-0.5099712
-0.3934746
-0.6596831
-0.5314092
-0.5458485
-0.4180161
-0.3537437
-0.5001604
-0.4552667
-0.497972
-0.3608836
-0.4925841
-0.3098803
-0.5283555
-0.4336095
-0.5255376
-0.5832672
-0.437109
-0.4483797
-0.4832319
-0.5308787
-0.5186296
-0.3763708
-0.3409961
-0.4528817
-0.4873123
-0.3548296
-0.5690606
-0.4109217
-0.4780867
-0.3629081
-0.4149709
-0.4839387
-0.4204356
-0.4813836
-0.5229697
-0.3200169
-0.28149
-0.4131375
-0.3424506
-0.5113862
-0.3152464
-0.41264
-0.6281738
-0.3287896
-0.4915174
-0.4378508
-0.3157952
-0.4876766
-0.2806613
-0.2741831
-0.3637475
-0.4130243
-0.2632129
-0.3587047
-0.5716966
-0.175497
-0.3424796
-0.2584703
-0.311975
-0.4009222
-0.4562545
-0.3366292
-0.3374263
-0.3365801
-0.2849029
-0.425141
-0.3004621
-0.3626941
-0.2977185
-0.3754807
-0.4585235
-0.3276498
-0.2830047
-0.3383143
-0.4317779
-0.3932479
-0.3606019
-0.5179156
-0.4246014
-0.3271227
-0.3590219
-0.2854459
-0.347425
-0.2965125
-0.3664949
-0.3132492
-0.3820685
-0.3315201
-0.2770675
-0.2029071
-0.3342205
-0.3928046
-0.3065043
-0.3927244
-0.2885873
-0.2626199
-0.4230489
-0.3875796
-0.2862817
-0.2621918
-0.2195255
-0.4870139
-0.03336713
-0.07170404
-0.231683
-0.188465
-0.3061928
-0.2951333
-0.2605755
-0.3352967
-0.4014552
-0.2636766
-0.237716
-0.3260191
-0.3615565
-0.1632743
-0.2850569
-0.2313456
-0.2519701
-0.3083809
-0.2329061
-0.3521925
-0.2433512
-0.3675093
-0.3992872
-0.2206627
-0.2598657
-0.06501717
-0.3421882
-0.2844292
-0.3312653
-0.3411971
-0.1932356
-0.3060005
-0.3799738
-0.2488975
-0.2265662
-0.1766755
-0.2933663
-0.2596113
-0.2591956
-0.4172949
-0.234871
-0.2233917
-0.2111942
-0.1438173
-0.3651073
-0.1954663
-0.1032806
-0.1376473
-0.1758095
-0.1507168
-0.1906336
-0.2016515
-0.2243983
-0.1047735
-0.2909445
-0.1585749
-0.1541584
-0.1740647
-0.1125213
-0.07006856
-0.06833566
-0.3165669
-0.3868135
-0.1949213
-0.2315747
0.03963647
-0.2012112
-0.1898153
-0.1399034
-0.2170559
-0.06925263
-0.1996497
-0.1487791
-0.1366474
-0.05548139
-0.09523857
-0.1004746
-0.03324969
-0.0282338
-0.1111551
-0.09164034
-0.2549586
-0.3524393
-0.1195524
-0.2512675
0.08420862
-0.08235233
-0.2303937
-0.1208444
-0.1446517
-0.1901848
-0.2488089
-0.13765
-0.04904706
-0.00124814
-0.1590119
-0.1238651
-0.09318743
-0.169029
-0.1938392
-0.06079924
-0.1590169
-0.02647327
-0.08397495
-0.09793934
-0.1894533
-0.01362284
0.0208677
0.007499317
-0.02251468
-0.1203129
-0.05544806
0.01892886
-0.02173885
-0.1455978
-0.1009715
0.06652963
-0.09751104
-0.04435171
-0.07133154
-0.101531
-0.04012023
0.008449207
-0.07223511
-0.04432073
-0.1132142
-0.09813912
0.04598258
0.09005466
0.01227197
0.001287704
-0.1118634
-0.1226091
0.04708188
-0.05262055
-0.07034595
0.004918278
-0.1991686
0.182116
-0.04519383
-0.05671783
-0.01054259
-0.02338123
0.09458392
-0.09777934
-0.05108445
0.07718118
-0.03861738
0.07558407
-0.002872482
0.0300071
-0.02752788
-0.1480891
0.01869675
0.03561189
0.08639619
-0.08420273
-0.03937499
0.07648196
0.01434272
0.08370833
0.05681052
0.02300036
0.02707577
-0.1144926
-0.02158549
0.1806115
0.02786718
-0.02445533
0.2799073
0.02767921
0.01366823
-0.008216053
0.1265387
-0.02967403
0.1628094
0.1283859
0.08373214
0.1858633
0.06498592
-0.04777376
7.939044e-05
0.1887933
0.1614447
0.1074844
0.1220243
-0.02719596
0.0367357
0.05990052
0.1104252
0.09660357
0.08051721
0.1279535
0.2730308
0.09944353
0.1240311
0.1069787
0.02922935
0.1667467
0.0570849
0.1470605
0.1977472
0.2052678
0.06524521
0.08502049
0.1479361
0.1443939
0.08857799
0.2060945
0.05516667
-0.06006409
0.1460229
0.1161738
0.17343
0.1628507
0.2216676
0.1889898
0.2073958
0.09595417
0.08880568
0.1833087
0.1097487
0.1544775
0.2357238
0.2610856
0.1774826
0.1660538
0.2155439
0.3038216
0.09037698
-0.02632201
0.1327295
0.09365038
0.1984248
0.281643
0.3339326
0.2686738
0.05264476
0.205402
0.232047
0.2741104
0.2345706
0.1351624
0.2471122
0.06768513
0.1743146
0.1988409
0.3233238
0.18511
0.102984
0.2049672
0.2579352
0.1981933
0.29649
0.2036286
0.2854692
0.2886091
0.182495
0.2381451
0.1766463
0.2339502
0.3050735
0.182511
0.2956765
0.09575688
0.2383335
0.1791154
0.1517134
0.2536667
0.2105798
0.2987396
0.295241
0.2115005
0.1545609
0.2580051
0.3327944
0.04119672
0.1233428
0.437777
0.3005432
0.06170545
0.203508
0.4132255
0.2714021
0.2808891
0.3384366
0.3183754
0.3296483
0.2890174
0.3138723
0.2582363
0.2897585
0.2244622
0.3089497
0.3529488
0.3525415
0.3225985
0.3137535
0.3902032
0.3361174
0.3438147
0.239684
0.270995
0.2764955
0.2234372
0.3023138
0.3197609
0.3318917
0.2027252
0.3983071
0.3936422
0.2535668
0.2983525
0.3815046
0.2737917
0.4435849
0.3245909
0.1992429
0.3449486
0.477631
0.4373634
0.3306609
0.2065944
0.4044074
0.2446412
0.4056222
0.2344734
0.3377361
0.2946994
0.3604082
0.4594826
0.5062488
0.3827218
0.5458148
0.4606528
0.4191213
0.3938427
0.324449
0.565073
0.2445022
0.4008829
0.2484486
0.2627411
0.3377272
0.3950546
0.4520217
0.3328046
0.4847426
0.3780679
0.4101027
0.297906
0.4645636
0.3661647
0.4531746
0.3743367
0.6402387
0.4026386
0.5381553
0.3799512
0.3401169
0.3936465
0.3777797
0.5013609
0.4350056
0.2830357
0.3641417
0.4418714
0.5340368
0.4522229
0.6063079
0.4000584
0.306622
0.4705008
0.4371047
0.460324
0.5231082
0.5079812
0.385014
0.4889576
0.589753
0.3558382
0.5114266
0.5457602
0.451322
0.3934197
0.4129174
0.5678908
0.3566408
0.5567289
0.5209589
0.5762621
0.5094831
0.5509064
0.3462254
0.4201186
0.4387809
0.5930444
0.5514688
0.3951088
0.559015
0.4199868
0.6296467
0.6199358
0.4889076
0.5506297
0.4279953
0.6138097
0.5546011
0.5177636
0.4226429
0.5084709
0.4741261
0.5542388
0.5374053
0.5413978
0.5513782
0.5973256
0.6183849
0.4534324
0.6531115
0.6991724
0.5312016
0.5804051
0.4348519
0.6232365
0.5226082
0.5610295
0.4589184
0.4882713
0.6797174
0.4939823
0.5107001
0.5818275
0.640393
0.5414945
0.5603365
0.4677805
0.4301267
0.6065729
0.5583019
0.4916922
0.6633925
0.5932754
0.6218299
0.6183856
0.5461446
0.5956983
0.5534167
0.6576795
0.7314778
0.5790926
0.6991565
0.6512879
0.5457695
0.5169692
0.6550043
0.7261768
0.5971536
0.6313987
0.5889149
0.6634897
0.438498
0.553479
0.6849558
0.5094249
0.6997948
0.6081611
0.7302
0.738243
0.6447666
0.7034232
0.7515741
0.6331652
0.7505006
0.5743316
0.5585807
0.6159201
0.6739474
0.5326432
0.5957923
0.8620241
0.554043
0.6869579
0.6681831
0.8611864
0.7332145
0.6339545
0.6208645
0.764853
0.696114
0.723404
0.7340275
0.6558382
0.6675543
0.6466834
0.7833597
0.7831405
0.7283001
0.6183885
0.7045267
0.6466023
0.6834224
0.7382592
0.8060867
0.7676312
0.7077411
0.7967359
0.6837191
0.6421587
0.7883764
0.592958
0.8040467
0.6986939
0.7548221
0.7307818
0.6540282
0.7442667
0.7086883
0.6700665
0.7345639
0.7573285
0.7612993
0.8162542
0.6558072
0.7232079
0.7112448
0.6589682
0.8138977
0.8630076
0.8728596
0.7025919
0.8467755
0.901132
0.7716003
0.8532328
0.7424773
0.7699942
0.8050371
0.7629162
0.8149776
0.8941893
0.7755079
0.7396239
0.945381
0.7485418
0.8226043
0.7922494
0.845513
0.8181842
0.7496106
0.7726464
0.8204806
0.8837838
0.7952552
0.7421284
0.8141607
0.8729961
0.9508496
0.9043704
0.7770352
0.7377121
0.922505
0.9177875
0.8753033
0.916027
0.8565816
0.9454317
0.8994824
0.9036623
0.9181212
0.6792217
0.9441823
0.8543912
0.8668314
0.7827476
0.8128556
0.8379507
0.8686189
1.003599
0.9412333
0.8602804
0.8397436
0.7972437
0.7784772
0.9153817
0.8471793
0.8431541
0.8500214
0.6478559
0.9251731
0.8680367
0.8681339
0.8917229
1.041703
0.8940161
0.8886692
0.8157551
1.077689
0.8911271
0.9060397
1.033509
1.097181
0.8132348
1.036082
0.9002216
1.049127
1.085813
0.9108714
0.9003171
0.8575749
0.8860843
0.9103248
0.8196291
0.9027585
1.017323
1.025469
0.953723
1.042603
0.9493059
0.8605728
0.8525548
0.7847776
0.9456462
0.9493584
0.8417246
1.019186
0.8295585
0.9907829
0.9729378
0.9005116
1.019142
1.104498
0.9644696
0.9815997
1.074051
0.9396204
0.9573832
1.011627
1.003086
1.015759
1.042283
0.789617
1.042467
0.9037043
1.022632
1.020844