-0.02748615
-0.9755623
-0.96139
-0.9715727
-1.065935
-0.9345887
-0.8625773
-0.9558414
-0.8551248
-0.9921587
-1.085731
-1.066189
-1.087179
-0.9377855
-0.8886836
-1.018986
-0.9828275
-0.9327299
-1.022918
-0.9342385
-1.108758
-1.1174
-0.961662
-1.105249
-0.9456294
-0.7806032
-0.9565241
-1.095385
-0.9155465
-0.9734178
-1.046102
-0.9106595
-0.8465256
-0.9721377
-0.9560756
-1.055225
-0.9947553
-1.094876
-0.8840177
-0.8813809
-0.7583525
-0.8609188
-0.961838
-0.9515777
-1.004268
-0.888879
-0.9936614
-0.9669601
-1.037888
-0.873794
-0.910492
-0.8143919
-0.9251032
-0.8824511
-0.9450846
-0.9640842
-1.028512
-0.956724
-0.7964103
-0.8341362
-0.8448758
-0.9193978
-0.9571795
-0.8434219
-0.7785218
-0.8734887
-0.8667805
-0.9495298
-0.9211507
-0.8776727
-0.8007644
-0.7890491
-0.8047701
-0.8996261
-0.7264707
-0.8221866
-0.8734917
-0.8487726
-0.7864297
-0.8799387
-0.8817474
-0.757164
-0.766657
-0.7868412
-0.7103922
-0.9553452
-0.8264123
-0.8455032
-0.9089323
-0.6629403
-0.6919417
-0.9489672
-0.789591
-0.8491614
-0.9180099
-0.6938944
-0.6985884
-0.9293571
-0.7340562
-0.7772506
-0.7460201
-0.9408255
-0.7608186
-0.8685795
-0.7466573
-0.8535913
-0.867217
-0.9009278
-0.895211
-0.7282003
-0.7967841
-0.7424262
-0.7135788
-0.8569157
-0.6846093
-0.882699
-0.5693579
-0.9401451
-0.9015554
-0.7636929
-0.7267181
-0.8252704
-0.7018794
-0.8811168
-0.7834834
-0.8769286
-0.7815706
-0.7135941
-0.7259664
-0.8912965
-0.8462156
-0.6178597
-0.6356204
-0.8257052
-0.6329772
-0.8702683
-0.7893057
-0.7944167
-0.6128513
-0.7158144
-0.6998527
-0.9008638
-0.7109055
-0.5476756
-0.7400117
-0.7062327
-0.764041
-0.759437
-0.621486
-0.5800603
-0.7065374
-0.7499447
-0.6821472
-0.7107142
-0.6561069
-0.6199479
-0.6849219
-0.8210852
-0.6409148
-0.6450978
-0.7510553
-0.597573
-0.7425883
-0.5751297
-0.6722032
-0.6593417
-0.6206684
-0.7368959
-0.6277849
-0.6455872
-0.6401409
-0.525199
-0.4844537
-0.5821657
-0.7883642
-0.515214
-0.6630881
-0.6933017
-0.5589078
-0.7982711
-0.7686671
-0.6274328
-0.7082605
-0.6424113
-0.7159135
-0.7049539
-0.5883851
-0.8065838
-0.6163825
-0.6480456
-0.7285546
-0.5540284
-0.5005475
-0.5415972
-0.5862204
-0.6922783
-0.6397807
-0.6848553
-0.7192075
-0.5849523
-0.6140488
-0.5939208
-0.5346535
-0.5279862
-0.6201035
-0.5406945
-0.6122042
-0.4879106
-0.6496845
-0.4849955
-0.5665582
-0.6668841
-0.6230939
-0.5165007
-0.6841986
-0.5347887
-0.593701
-0.4274132
-0.4723655
-0.6952828
-0.6511016
-0.6194503
-0.602469
-0.5985789
-0.5185534
-0.4246428
-0.429972
-0.6924737
-0.6879591
-0.539336
-0.595191
-0.5054688
-0.374574
-0.609242
-0.5709126
-0.3938403
-0.4853547
-0.4255274
-0.4620021
-0.3897844
-0.6726129
-0.5016463
-0.5763293
-0.4320312
-0.4542138
-0.4981312
-0.3949087
-0.5097702
-0.5979942
-0.5343773
-0.4974657
-0.4205347
-0.4971033
-0.3863275
-0.6674079
-0.5321263
-0.5737979
-0.4332711
-0.3584765
-0.4865523
-0.4588966
-0.4781116
-0.3570583
-0.4698339
-0.2992445
-0.5127322
-0.4501714
-0.5135617
-0.5837356
-0.4391347
-0.441869
-0.4904427
-0.5116293
-0.533729
-0.3673139
-0.3571021
-0.4500079
-0.5002551
-0.3646847
-0.5681656
-0.3773364
-0.501549
-0.3813373
-0.4212214
-0.4841596
-0.4588945
-0.4577383
-0.5046872
-0.3749862
-0.2538217
-0.4101504
-0.3377282
-0.5408846
-0.2892972
-0.406915
-0.6461181
-0.3138538
-0.5086811
-0.436348
-0.317644
-0.4848239
-0.2890135
-0.2768534
-0.3556628
-0.4089889
-0.2603168
-0.3602237
-0.5492186
-0.2006708
-0.3432888
-0.2750868
-0.3070531
-0.3955693
-0.4489974
-0.3176743
-0.355743
-0.34484
-0.2830936
-0.4364383
-0.3019491
-0.3525022
-0.3287284
-0.3780242
-0.4592098
-0.3290976
-0.276294
-0.3375572
-0.4495632
-0.3647538
-0.3633421
-0.5182536
-0.4140107
-0.3051832
-0.3724838
-0.2913716
-0.3470025
-0.2777396
-0.3438669
-0.327097
-0.4010637
-0.3437672
-0.2731055
-0.2115777
-0.3267582
-0.3725213
-0.3090721
-0.3895656
-0.2572458
-0.288421
-0.4302822
-0.3868698
-0.3103092
-0.2751007
-0.2151113
-0.4871539
-0.06477794
-0.05092325
-0.212626
-0.2177794
-0.31064
-0.3153289
-0.2720314
-0.3149366
-0.4140651
-0.2368447
-0.2345166
-0.3222995
-0.3547131
-0.1741535
-0.2853852
-0.2178043
-0.2647577
-0.3294904
-0.235275
-0.3686854
-0.2845574
-0.3595451
-0.3955506
-0.2278232
-0.2549509
-0.08455284
-0.3431673
-0.2955076
-0.3358014
-0.3378478
-0.1907447
-0.3152186
-0.3624224
-0.2291458
-0.204131
-0.1882035
-0.297213
-0.267209
-0.2986118
-0.3981904
-0.2574457
-0.2085332
-0.2253996
-0.145174
-0.376274
-0.2054021
-0.1175184
-0.1479071
-0.1825778
-0.1511614
-0.187447
-0.1915237
-0.2114796
-0.1080492
-0.3065301
-0.1746333
-0.1631888
-0.1632667
-0.1017088
-0.06429255
-0.09590614
-0.3080521
-0.3761302
-0.1953225
-0.2439188
0.0338805
-0.2108945
-0.1778553
-0.1187698
-0.21399
-0.08386494
-0.2050715
-0.1503707
-0.1511975
-0.07107315
-0.08146175
-0.1107113
-0.02183458
-0.04562636
-0.1153263
-0.08732836
-0.2412159
-0.3546351
-0.1284138
-0.2445375
0.06093057
-0.08044052
-0.2449376
-0.115024
-0.1345448
-0.1681628
-0.2575196
-0.1356627
-0.04318296
-0.00192401
-0.1713665
-0.115611
-0.09051066
-0.1413689
-0.2011229
-0.06431542
-0.1779009
-0.03039376
-0.09956786
-0.1139138
-0.1766712
-0.01735659
0.006900308
0.007120863
-0.03339277
-0.1078889
-0.05773894
0.004596328
-0.02986879
-0.1630361
-0.08920394
0.05052708
-0.08850353
-0.04224657
-0.08757647
-0.1010403
-0.04320362
0.009655021
-0.09125301
-0.04285584
-0.1013975
-0.1085066
0.04293712
0.115298
0.02077932
-0.004653731
-0.06817734
-0.09908391
0.05301611
-0.0260355
-0.0707409
0.004356767
-0.1981276
0.1638931
-0.02087835
-0.03585713
0.0188148
-0.009029548
0.07660099
-0.1163607
-0.03896972
0.102564
-0.0407198
0.07319833
-0.02203549
0.03463708
-0.02473666
-0.1466326
0.01549274
0.02103897
0.0747656
-0.07269477
-0.03365079
0.06379413
0.003004976
0.06826383
0.04991813
0.03337875
0.02188715
-0.09078438
-0.03202242
0.1880371
0.01252765
-0.02289458
0.2702492
0.02845954
0.02336935
-0.009522586
0.1235916
-0.02863739
0.1524773
0.1156367
0.08437966
0.1807671
0.09319736
-0.0142006
0.009839519
0.1783297
0.1514513
0.09182122
0.09804104
0.001744196
0.03630168
0.0618518
0.09291843
0.09241389
0.1058819
0.1260177
0.274781
0.1066419
0.1379686
0.09597648
0.01440368
0.1942184
0.03279867
0.1669422
0.1978768
0.1917542
0.08347526
0.093016
0.1409621
0.1552556
0.1001981
0.2119036
0.03535835
-0.05421338
0.1420862
0.1014681
0.1774681
0.1404882
0.2110917
0.1681755
0.2054573
0.1051084
0.1102802
0.1933625
0.1171898
0.1560605
0.2423665
0.2211106
0.1554901
0.1700567
0.2077165
0.3000235
0.07806657
-0.01906575
0.127992
0.0866595
0.2069039
0.2751678
0.3329921
0.2647917
0.03874282
0.206425
0.2276854
0.2800416
0.2256486
0.1266152
0.2660212
0.05906669
0.1892759
0.2133115
0.2941082
0.1686416
0.09737573
0.1875129
0.271273
0.1819816
0.3100762
0.1924814
0.2889851
0.2845105
0.20362
0.2432124
0.177351
0.2269313
0.3032781
0.1741062
0.2756536
0.08068239
0.2214157
0.193583
0.158004
0.2430281
0.1927158
0.3075862
0.2679909
0.2113458
0.1375919
0.2535364
0.3386378
0.04619888
0.1193637
0.4418274
0.2866779
0.06157759
0.2134049
0.4039973
0.275748
0.2790473
0.3161976
0.3008676
0.3042493
0.3110794
0.3163011
0.2444605
0.290979
0.238555
0.3251168
0.3358877
0.3705254
0.3332914
0.3089096
0.386149
0.338838
0.3193466
0.2628623
0.2742494
0.3100802
0.2496511
0.3251993
0.3165948
0.3278478
0.191073
0.3845998
0.408551
0.2394114
0.296442
0.3782794
0.255499
0.4557531
0.3247264
0.201199
0.3557522
0.4605639
0.4384739
0.3213591
0.2088033
0.3823887
0.2497074
0.389549
0.2599965
0.339813
0.3046956
0.3413695
0.4451892
0.4895923
0.3784635
0.5464171
0.4686758
0.4280082
0.4033444
0.302179
0.5580962
0.2388133
0.3932918
0.2518066
0.2782356
0.3371626
0.3815801
0.4269664
0.3490526
0.4890975
0.385802
0.4123108
0.3124401
0.449302
0.381887
0.4379404
0.36416
0.6376718
0.4172484
0.5389798
0.370553
0.3330281
0.3982083
0.3893879
0.5090812
0.4046979
0.2823903
0.3385531
0.4545068
0.5293752
0.4825385
0.6109305
0.381503
0.3242943
0.4789597
0.4429722
0.470987
0.5376266
0.5112769
0.3891333
0.5189927
0.6094207
0.3801651
0.4926477
0.5541096
0.4580772
0.3780464
0.411145
0.5633891
0.3273651
0.5742572
0.5220418
0.5810597
0.5225944
0.5675878
0.3531311
0.4438745
0.4274124
0.5743645
0.5518594
0.3851247
0.5585898
0.4148574
0.6138735
0.6369838
0.4753756
0.5475426
0.4153574
0.5878976
0.546185
0.5239021
0.4187857
0.5118875
0.4876627
0.5555099
0.5266173
0.5632144
0.5465976
0.5806291
0.6177186
0.4876885
0.6720679
0.6837691
0.5328788
0.5808899
0.4426811
0.6362012
0.5157661
0.5733925
0.4536304
0.489249
0.7018197
0.5077353
0.5159589
0.5816474
0.6369939
0.5378213
0.5466904
0.4497684
0.4308507
0.6130062
0.5543886
0.4911407
0.6705614
0.5952777
0.6163602
0.6374385
0.5363876
0.5839523
0.5560685
0.6700781
0.7200662
0.5780392
0.7034344
0.6498182
0.5447118
0.5145469
0.643359
0.7432357
0.5965503
0.6268845
0.5756347
0.6689856
0.4222754
0.5322643
0.7120027
0.5013311
0.7131384
0.5941985
0.7585493
0.7369164
0.6082696
0.7009222
0.7588159
0.624887
0.7572391
0.5759225
0.5533457
0.6195283
0.6693331
0.5341709
0.5892041
0.8458259
0.5769525
0.6763421
0.6511438
0.8404858
0.7078778
0.650737
0.6283753
0.7808052
0.6870948
0.7015546
0.7362422
0.6410263
0.6763885
0.6308394
0.7630376
0.7726614
0.7236616
0.6099695
0.6936647
0.660493
0.687967
0.7350381
0.7903885
0.7733011
0.7007297
0.7956075
0.7003357
0.6612991
0.7823046
0.6138834
0.8091738
0.7073988
0.7479418
0.7480763
0.6707837
0.7377899
0.713661
0.6796449
0.7329282
0.756257
0.7800187
0.8190065
0.6715725
0.7151199
0.6927437
0.6614993
0.7971416
0.8602236
0.8715903
0.6937575
0.8413636
0.9191255
0.7857105
0.844108
0.7371466
0.7769017
0.7913248
0.7651653
0.8288633
0.9143085
0.7869492
0.7248764
0.9378235
0.7418309
0.8276047
0.7916734
0.8084579
0.8173237
0.764584
0.747268
0.7931845
0.8569685
0.7773726
0.7623509
0.8080095
0.8750154
0.9684082
0.8676453
0.7641442
0.7438601
0.9320235
0.9016699
0.8945765
0.895848
0.8506369
0.9514772
0.8787628
0.9014362
0.9407565
0.6588926
0.9508485
0.8525577
0.8597237
0.7845768
0.8014552
0.8441974
0.8632507
0.9984491
0.9613514
0.871808
0.8488853
0.8009791
0.7953912
0.9118637
0.8279382
0.826065
0.8742123
0.6420599
0.9218406
0.8482224
0.8366598
0.8615548
1.041325
0.8817343
0.8867589
0.8341831
1.066153
0.8991473
0.9166988
1.033922
1.088836
0.8158115
1.03711
0.8823722
1.059939
1.093639
0.9130563
0.8957609
0.8479089
0.8786072
0.9012002
0.8111398
0.9090294
0.9799109
1.043518
0.954916
1.025595
0.9563682
0.8649314
0.8592069
0.8106808
0.9559505
0.9250701
0.8420925
1.033352
0.8468078
0.9955337
0.9753078
0.9092256
1.043218
1.10002
0.9870395
1.000297
1.072167
0.9047244
0.9541595
1.021119
1.027276
1.01082
1.030598
0.7614213
1.045432
0.9090076
1.017535
0.9958607