-0.03056157
-1.089444
-0.9768673
-1.057804
-0.918326
-0.9378291
-0.8984407
-0.9159341
-0.9730368
-1.126418
-0.9295127
-0.9386678
-0.9785623
-0.967358
-0.8898021
-1.028643
-1.000937
-0.7579016
-0.9883737
-1.0167
-0.9698136
-0.7844078
-0.9024254
-0.984251
-0.9001232
-0.8850567
-1.025468
-0.9479849
-0.9421282
-0.9367878
-0.7765761
-0.9197287
-0.827378
-1.018648
-0.9556962
-0.8624846
-0.955731
-0.9199973
-0.9904966
-0.873899
-0.8450342
-0.9528335
-0.9250744
-1.077056
-0.97782
-1.015342
-0.9665967
-1.072206
-0.9270884
-0.8706424
-0.9188752
-0.9543838
-0.9990754
-0.8742142
-0.9036099
-0.9823272
-0.829125
-0.8157842
-0.9254561
-0.9346274
-0.876828
-0.8994669
-1.047213
-1.006148
-0.8023778
-0.8702618
-0.8283009
-0.8982888
-0.7259607
-0.9438532
-0.9117447
-0.9687715
-0.9331015
-0.9468689
-0.9642839
-0.835114
-0.9114496
-0.8863822
-0.7086028
-0.8142003
-0.7662959
-0.8855459
-0.8183958
-0.950994
-0.9320739
-0.9891245
-0.8387456
-0.7552068
-0.7984257
-0.7876621
-0.9103753
-0.9499326
-0.7387063
-0.940893
-0.7636865
-0.8988662
-0.7601581
-0.744422
-0.9317153
-0.7650229
-0.8377406
-0.7753213
-0.7846081
-0.7875178
-0.706811
-0.7425578
-0.8298024
-0.5799656
-0.748899
-0.7883748
-0.8902793
-0.8129983
-0.8403051
-0.7820048
-0.5478992
-0.8168637
-0.7937481
-0.754008
-0.771379
-0.6448714
-0.8726429
-0.6936725
-0.9148216
-0.6735866
-0.6785722
-0.8015097
-0.8003443
-0.7860764
-0.7523484
-0.8508245
-0.8331232
-0.7523307
-0.8306956
-0.6234145
-0.7336489
-0.810818
-0.7826795
-0.6919032
-0.7117352
-0.8112428
-0.6994998
-0.7483958
-0.7309605
-0.4942001
-0.8108345
-0.6515814
-0.7416421
-0.4616793
-0.6283561
-0.6609305
-0.721227
-0.6090799
-0.6486485
-0.6344423
-0.7155228
-0.7528999
-0.649401
-0.700974
-0.5763754
-0.7982917
-0.7447364
-0.6378854
-0.5621226
-0.5960207
-0.6022404
-0.7012009
-0.7213443
-0.6804145
-0.6982753
-0.6237984
-0.5856247
-0.669461
-0.6050316
-0.5050135
-0.7658835
-0.5887909
-0.7970582
-0.6014779
-0.7793925
-0.5943119
-0.5585421
-0.6055206
-0.6356151
-0.5579664
-0.6053853
-0.593712
-0.7353723
-0.6572874
-0.5908037
-0.5505355
-0.7635695
-0.6395745
-0.7361993
-0.5623847
-0.6004647
-0.6205078
-0.5501571
-0.6351816
-0.6648866
-0.4557236
-0.5467746
-0.7784147
-0.6231665
-0.6305094
-0.6618747
-0.6525882
-0.5605134
-0.4075569
-0.5941013
-0.4133862
-0.503121
-0.5650204
-0.4926474
-0.4848351
-0.5961053
-0.6093801
-0.5567732
-0.6797545
-0.4873658
-0.6541896
-0.5646741
-0.5468434
-0.6579684
-0.6642272
-0.4051354
-0.6107636
-0.5568882
-0.3753117
-0.4906547
-0.5578073
-0.5738845
-0.3826153
-0.6058627
-0.4921605
-0.6009745
-0.6230167
-0.493249
-0.4736125
-0.5477065
-0.4705476
-0.511364
-0.4659619
-0.5186694
-0.5715795
-0.4301459
-0.5755534
-0.6094334
-0.4971903
-0.5995283
-0.6468983
-0.541061
-0.3400128
-0.6483844
-0.3458562
-0.564198
-0.5522837
-0.4967618
-0.4490387
-0.4795088
-0.3943451
-0.3785802
-0.4798065
-0.6161043
-0.4595659
-0.4821729
-0.5397072
-0.3922785
-0.395244
-0.4272099
-0.4948185
-0.4011859
-0.3287196
-0.4757749
-0.3920578
-0.2778766
-0.3453246
-0.4369458
-0.4623182
-0.4008065
-0.5279472
-0.4484536
-0.4245706
-0.3723243
-0.483399
-0.5186565
-0.3319169
-0.4853975
-0.5280099
-0.2907035
-0.571152
-0.4406208
-0.3603103
-0.4471992
-0.3719732
-0.4132117
-0.3540977
-0.4309474
-0.5391305
-0.369378
-0.4222488
-0.5723903
-0.5306551
-0.3755404
-0.5064955
-0.4953451
-0.4448943
-0.3365315
-0.271884
-0.413663
-0.4565806
-0.4916401
-0.5867646
-0.3854533
-0.3816141
-0.3432825
-0.4520783
-0.4616642
-0.3264774
-0.4267466
-0.4219249
-0.4617726
-0.3546162
-0.3713779
-0.2472991
-0.3763452
-0.3638058
-0.4256889
-0.3805803
-0.424206
-0.3012281
-0.3790887
-0.4084942
-0.3411614
-0.3578748
-0.3679265
-0.189973
-0.1677246
-0.1905867
-0.3442893
-0.3630201
-0.3387163
-0.3243183
-0.3350299
-0.3098817
-0.4029753
-0.3647139
-0.2874453
-0.2447453
-0.3547837
-0.2599938
-0.2499525
-0.2040335
-0.2786908
-0.261935
-0.2108921
-0.3508936
-0.2404873
-0.2212627
-0.3690681
-0.1719476
-0.3437928
-0.2277306
-0.3075394
-0.243154
-0.1877664
-0.28648
-0.3556346
-0.4086866
-0.4143393
-0.2539747
-0.2169297
-0.2056484
-0.2957834
-0.3836155
-0.1246521
-0.3678112
-0.2672768
-0.227499
-0.1600883
-0.3604809
-0.1332263
-0.1219812
-0.2731043
-0.4495836
-0.3990429
-0.118764
-0.1835327
-0.2021569
-0.2018044
-0.1513277
-0.3547271
-0.3344955
-0.3424393
-0.2974011
-0.3250028
-0.1612044
-0.2647919
-0.2289568
-0.1203263
-0.2246713
-0.2894878
-0.006173603
-0.0470174
-0.3680867
-0.3423195
-0.2108168
-0.2563214
-0.1368096
-0.02456812
-0.2016524
-0.1379019
-0.292452
-0.1606761
-0.2545457
-0.1514009
-0.1044941
-0.1704542
-0.2987734
-0.2022988
-0.1747549
-0.1237751
-0.1671482
-0.1166503
-0.2068884
-0.03313964
-0.365939
-0.1442166
-0.04045047
-0.1764855
-0.04733733
-0.209488
-0.1877898
-0.08634205
-0.1245204
-0.1519046
-0.2264555
-0.0651189
-0.2245069
-0.08853362
-0.258058
-0.2295249
-0.1876116
-0.1241745
-0.05839419
-0.1575796
-0.0689937
-0.297437
-0.2367017
-0.09759985
-0.07760171
-0.2211568
-0.03875998
-0.01623284
-0.2108363
0.02423988
-0.2137757
-0.007588544
-0.01165799
0.01403649
-0.3217448
-0.07105745
-0.05929509
-0.1466148
-0.04205316
-0.1254652
0.0552172
-0.1163397
-0.1482609
-0.03023271
-0.01746164
-0.01035032
-0.09318599
-0.1221721
-0.06736319
-0.0425897
0.02906333
-0.1620047
-0.05586304
0.002344631
-0.04302201
-0.06581184
-0.06616464
0.03200353
0.05536393
-0.05538775
-0.07644034
0.005903374
-0.2008837
-0.04189909
0.06002106
-0.1192186
0.09973754
0.03470362
0.01036335
-0.1416467
-0.08199822
0.0342751
-0.1992578
-0.01040915
0.01849058
-0.1262098
-0.00883159
0.1495465
-0.01430848
-0.05374073
0.09429901
0.008834941
0.02711327
0.01786235
-0.002672961
0.03268003
-0.03196559
-0.001294211
0.008767063
0.07064863
0.1256874
0.01176139
0.05675945
0.01736803
0.06667933
0.1043884
-0.07353363
0.1352033
0.01127151
0.03324979
0.1240891
0.006196079
-0.09337875
-0.06263067
0.05604731
-0.002418434
0.2235222
0.1216623
0.1006363
0.169541
0.153518
0.06439207
-0.03671442
0.1214624
0.1291322
0.03459306
0.1013935
0.110579
0.006489759
0.1164242
0.03843066
0.1139117
-0.0170364
0.1908884
0.008195081
0.2543155
0.1378455
0.1107478
0.02651249
0.1860385
0.2239577
0.1311443
0.05040542
0.0992318
-0.0364584
0.08493209
0.1748064
0.1074319
0.08476763
0.1358449
0.2350926
0.1619523
0.02133578
0.1020459
0.1527828
0.2182367
0.1502616
0.3143944
0.1115162
0.160914
0.05877095
0.1910967
0.1749007
0.1942657
0.1397336
0.1864034
0.1368145
0.148566
-0.007041036
0.09120735
0.236603
0.3170543
0.1211233
0.1272018
0.315359
0.1522024
0.1485484
0.1979587
0.1111436
0.2453687
0.06704834
0.2357039
0.2484936
0.1368446
0.3318956
0.1911685
0.1856665
0.1339669
0.02724404
0.3153466
0.2383666
0.1357178
0.2038559
0.1947235
0.3671775
0.2451139
0.1674265
0.07328622
0.1608014
0.2581286
0.2287225
0.1047544
0.1442286
0.2477933
0.1356346
0.3278637
0.1843764
0.2196332
0.3798026
0.2526613
0.2830344
0.1754385
0.1394982
0.2769697
0.2789468
0.1027825
0.03924239
0.2952638
0.3313967
0.2685588
0.1916387
0.2229266
0.2884513
0.1366342
0.1971009
0.2521577
0.2663456
0.2480068
0.3930999
0.2511285
0.3691598
0.1175001
0.3244872
0.3299899
0.2378518
0.4081357
0.3194335
0.264317
0.4026589
0.37923
0.422903
0.3565772
0.3091334
0.2912786
0.3993794
0.3279113
0.1727645
0.3449267
0.4088507
0.3885747
0.4430504
0.4207897
0.244005
0.3737055
0.2833961
0.2468196
0.4025894
0.4310877
0.4096963
0.2975499
0.4125036
0.266229
0.481467
0.5863615
0.5424432
0.4046468
0.5368889
0.3518056
0.3952783
0.3190024
0.3333154
0.4269682
0.5598298
0.346212
0.3672361
0.4772051
0.3272819
0.2463575
0.2544173
0.3466767
0.3210291
0.3230006
0.26312
0.4863712
0.3920502
0.2549979
0.4216516
0.3847605
0.4945476
0.3690705
0.3684398
0.3286117
0.4480142
0.338895
0.4629092
0.367315
0.4173978
0.3243629
0.3322452
0.4804795
0.373763
0.444329
0.4200593
0.4429909
0.38564
0.2575351
0.3832794
0.3265634
0.5791398
0.4763071
0.5174318
0.3549259
0.5637172
0.5297232
0.5006169
0.4391475
0.4248602
0.458131
0.4155338
0.4547613
0.4409333
0.4586559
0.397596
0.447808
0.4184304
0.4431943
0.3810141
0.4919774
0.4441588
0.4434741
0.5446159
0.5560602
0.6143432
0.5508162
0.5704326
0.5438227
0.541125
0.6191516
0.6261941
0.5222755
0.5293023
0.6241012
0.5836284
0.4203499
0.5307511
0.5432044
0.541629
0.50252
0.4648297
0.6310249
0.4142697
0.5087148
0.461808
0.5905086
0.5152353
0.5604448
0.4941261
0.5164893
0.4645824
0.4931335
0.5563261
0.4329933
0.5009966
0.6659405
0.6487144
0.5975091
0.5663255
0.6801728
0.4218022
0.5870877
0.6168731
0.5120079
0.5990391
0.5400601
0.5464211
0.4434582
0.7346259
0.6222752
0.6005496
0.4822954
0.4965734
0.5874013
0.5612815
0.5832175
0.6650888
0.5771262
0.5621692
0.4631482
0.6526615
0.5362549
0.4600172
0.4923036
0.537555
0.6305339
0.626058
0.5996543
0.6972233
0.7305993
0.6605483
0.7276614
0.5318314
0.5657046
0.66808
0.597384
0.6363287
0.6532796
0.6905259
0.4142865
0.6636443
0.6823555
0.8508887
0.7240736
0.6701881
0.685513
0.7326976
0.8469934
0.6651065
0.6266399
0.6723792
0.6734647
0.7396889
0.6765514
0.6137209
0.7679708
0.7055135
0.6630253
0.6420182
0.6852972
0.6985054
0.6396129
0.7731783
0.591189
0.6775663
0.5782954
0.6426785
0.790987
0.7520549
0.7297051
0.7597564
0.7956113
0.8030712
0.6889635
0.6741548
0.7477746
0.6046507
0.8839904
0.7031594
0.7397914
0.80274
0.6598058
0.7044911
0.6671117
0.7716227
0.6934345
0.6147163
0.6375038
0.7648719
0.6713454
0.8224758
0.8514478
0.7154121
0.7024086
0.8095756
0.7966334
0.6023928
0.7967269
0.6937704
0.6791947
0.7621013
0.697143
0.7201851
0.6994679
0.7817448
0.7655767
0.6982047
0.8361548
0.8690752
0.9340449
0.8622953
0.7173131
0.8133137
0.6689975
0.7403326
0.7427856
0.7210175
0.8949148
0.7977695
0.8684928
0.6572519
0.8072948
0.8131355
0.817239
0.768937
0.866869
0.7295258
0.8221352
0.7314739
0.8072958
0.7809157
0.8017252
0.7579307
0.8090211
0.8916761
0.8264485
0.9645638
0.863246
0.8918413
0.8181951
0.8307795
0.7713139
0.9695519
0.9201937
0.8590464
0.8327225
1.072281
0.837128
0.9353131
0.9611734
0.885227
0.8219321
0.8826277
0.7739454
0.849159
0.7286994
0.9083102
0.9857542
0.7953406
0.946555
0.8087266
0.8918722
0.9980668
0.8549249
0.9493649
0.8429426
0.8762493
0.742735
0.8859003
0.9744762
0.9901488
0.9657934
0.9273332
0.7588152
1.107083
0.9464341
0.8590335
0.9453719
0.8644694
0.924639
0.9423621
0.9753788
0.9335101
1.020275
0.9049157
0.9082816
0.7994322
0.9113291
1.025932
0.939099
1.057387
0.9502423
1.02956
0.8542738
0.8682939
0.9783859
0.9161852
0.9771401
0.7558376
0.9012704
1.047744
0.9200215
0.8354766
1.011337
0.9575656
1.017864
0.924268
1.004036
1.169739
0.9511983
1.114465
1.000284
0.9462443
1.019563
0.933983
1.025874
1.085095
0.8691867