-0.04465929
-1.040318
-0.963673
-1.036897
-0.9511918
-0.9728902
-1.070504
-1.111977
-0.9425489
-0.9931761
-1.010421
-1.059018
-1.009754
-0.8686047
-0.9476335
-1.071097
-0.8807639
-0.9134568
-0.9142652
-0.9233883
-0.9480054
-0.9752558
-0.9641103
-1.098216
-0.8883083
-1.093502
-0.9653976
-0.9988894
-0.9489012
-0.9342029
-0.9677039
-0.9712327
-0.9412335
-1.002249
-0.9449793
-0.8742675
-0.9051564
-1.146198
-0.935802
-0.9396448
-1.013994
-0.9220802
-0.8401203
-0.7824831
-0.9706586
-0.9701236
-0.9079965
-0.9262942
-1.042503
-0.8521173
-0.9651538
-0.7942489
-0.9048861
-0.9875639
-0.8441043
-1.021425
-0.9087051
-0.8418459
-0.8804287
-0.9971786
-1.075829
-0.9007934
-1.035066
-0.7779464
-0.9537275
-0.8029876
-0.7379566
-0.8526741
-0.7534862
-0.9069666
-0.8707693
-0.9207312
-1.022544
-0.9940224
-0.736814
-0.9089554
-0.850377
-0.7078769
-0.8618387
-0.8409072
-0.680815
-0.941846
-0.9223482
-0.8558154
-0.8600261
-0.9964678
-0.7156966
-0.8703639
-0.861208
-0.9910505
-0.773033
-0.7433112
-0.8639155
-0.7098646
-0.6199578
-0.8382796
-0.7506115
-0.8081913
-0.7762909
-0.8531795
-0.7163049
-0.9162636
-0.6334937
-0.8250223
-0.8502708
-0.7863782
-0.7375201
-0.7769129
-0.8806358
-0.7369183
-0.802931
-0.7642956
-0.7783133
-0.7895488
-0.793531
-0.7940935
-0.778701
-0.6253319
-0.7574144
-0.7544846
-0.6945559
-0.8648757
-0.7576319
-0.6808723
-0.826277
-0.6967689
-0.6082147
-0.7688383
-0.7889679
-0.7328072
-0.8069052
-0.7872525
-0.8217053
-0.7047744
-0.652429
-0.7366077
-0.8079488
-0.5950875
-0.7642145
-0.6207277
-0.6588904
-0.78632
-0.6596907
-0.8505306
-0.7478793
-0.6322799
-0.7193638
-0.6251762
-0.8235755
-0.8044453
-0.6613808
-0.8396154
-0.7964229
-0.6237693
-0.6213157
-0.6255054
-0.6158157
-0.7112393
-0.6483151
-0.6643155
-0.821652
-0.5991861
-0.7725592
-0.656757
-0.6700707
-0.6421348
-0.7533138
-0.6746861
-0.5464184
-0.6680433
-0.6531989
-0.6740388
-0.6644575
-0.5987201
-0.6610407
-0.6823903
-0.6894879
-0.7543899
-0.7236909
-0.6294147
-0.7052311
-0.6367718
-0.6408543
-0.7556581
-0.6806404
-0.5488703
-0.6659796
-0.5377006
-0.5778011
-0.6587612
-0.6125405
-0.4725486
-0.5653453
-0.5599903
-0.5912217
-0.6213758
-0.5357698
-0.499992
-0.6703889
-0.6527525
-0.6685903
-0.5923994
-0.5785922
-0.5130625
-0.7088817
-0.5515586
-0.6499144
-0.6333544
-0.521855
-0.6952295
-0.5772271
-0.4822268
-0.5819492
-0.6358891
-0.5902186
-0.6239616
-0.5449263
-0.5877988
-0.5594523
-0.5988147
-0.5363776
-0.5173295
-0.4470567
-0.5614434
-0.6099094
-0.6215251
-0.4916029
-0.3395063
-0.5992515
-0.5285548
-0.6225366
-0.6259981
-0.2388353
-0.5246461
-0.5771911
-0.6729674
-0.6655781
-0.4430547
-0.4077117
-0.469286
-0.444433
-0.4890057
-0.6429893
-0.4737806
-0.6161304
-0.5651258
-0.4623294
-0.4985011
-0.495986
-0.4749573
-0.4482422
-0.4962294
-0.5800965
-0.5066524
-0.4598094
-0.467016
-0.503793
-0.5138226
-0.4557444
-0.315718
-0.6319047
-0.5205948
-0.3646677
-0.4649918
-0.5295394
-0.4523917
-0.6002609
-0.4387049
-0.4887725
-0.4144361
-0.3667655
-0.4399956
-0.415588
-0.5120556
-0.4664287
-0.3550125
-0.3369567
-0.5682916
-0.4735761
-0.4078548
-0.3589857
-0.4503224
-0.3932055
-0.5400669
-0.3477173
-0.4717091
-0.3385315
-0.4990589
-0.6161636
-0.2779063
-0.3062278
-0.3083164
-0.5690819
-0.3323409
-0.5172564
-0.3363696
-0.3314326
-0.413555
-0.3278398
-0.4778282
-0.3592124
-0.4859405
-0.3793265
-0.4534548
-0.4180083
-0.4775535
-0.6121921
-0.4471093
-0.3584642
-0.4065948
-0.4074094
-0.460747
-0.3960274
-0.3142403
-0.4684134
-0.2721595
-0.3723628
-0.2342321
-0.2710715
-0.3711453
-0.5479216
-0.3825614
-0.3553826
-0.4179221
-0.3949911
-0.3480192
-0.3748888
-0.540945
-0.2659314
-0.299115
-0.3697883
-0.4481938
-0.3804061
-0.3314849
-0.3996728
-0.2682761
-0.307965
-0.3319417
-0.2834989
-0.2670522
-0.2692381
-0.3868849
-0.3358951
-0.4083526
-0.2740477
-0.2772849
-0.2178231
-0.3342754
-0.3445607
-0.4655946
-0.3563761
-0.4007479
-0.2694945
-0.2601703
-0.2145352
-0.2744005
-0.1755888
-0.3710414
-0.199105
-0.3332601
-0.487927
-0.3240396
-0.2488233
-0.2452351
-0.3237285
-0.2255766
-0.3477436
-0.3242696
-0.3393824
-0.3244665
-0.2670564
-0.191791
-0.2380711
-0.3426348
-0.3563796
-0.3407431
-0.1653973
-0.3462547
-0.2369507
-0.2038994
-0.257738
-0.2770805
-0.2304554
-0.2484017
-0.211518
-0.3206576
-0.2309408
-0.1175213
-0.2362536
-0.2587263
-0.2052286
-0.06495937
-0.2225138
-0.3490655
-0.2077017
-0.3646024
-0.1252204
-0.0562057
-0.1736047
-0.1946271
-0.2084587
-0.1512461
-0.09997019
-0.2432158
-0.06957107
-0.1397998
-0.1728358
-0.0479854
-0.1982448
-0.2463452
-0.1083523
-0.1805988
-0.1299887
-0.1400298
-0.2481072
-0.1064134
-0.1652775
-0.2386729
-0.2625518
-0.1992581
-0.09906237
-0.2179309
-0.20119
-0.09569122
-0.1420954
-0.2187149
-0.1719918
-0.2752819
-0.2334385
-0.2368713
-0.3136106
-0.1182214
-0.04334808
-0.2495189
-0.1884502
-0.07145471
-0.08185171
-0.261221
-0.1243951
-0.193217
0.008565931
-0.185355
-0.1340289
-0.01414336
-0.1912407
-0.1377452
-0.2115008
-0.1802742
0.06742632
0.08700577
0.01454954
-0.06408855
-0.1704546
-0.07776975
-0.0140627
-0.1434155
-0.1210817
-0.210283
-0.04143323
-0.02654426
-0.1533588
-0.2663473
-0.09510937
-0.03808765
-0.02664344
-0.0940466
-0.1505218
-0.1422397
0.05715847
-0.07527287
0.000355253
-0.1048894
-0.1249145
0.01689332
-0.002056512
-0.05410081
0.01521386
-0.1287112
0.09222823
-0.1200542
-0.09512393
-0.1685915
-0.1495328
0.02339871
0.1541315
-0.1347809
-0.05446022
-0.1059994
0.0003435113
0.08139795
0.0453416
0.00377062
-0.03411787
0.123805
-0.001813377
0.01881471
-0.1043182
-0.0003887949
-0.06680778
0.0002159986
-0.0004579305
0.1632333
-0.02909068
-0.2133555
0.09580949
0.02112725
-0.05821129
-0.0840853
-0.03470149
0.1570395
-0.1141331
0.002310219
0.1555554
-0.01071984
0.05859774
0.141936
-0.116791
0.01612635
0.002930495
0.08204107
0.07840323
0.09546693
0.0663374
-0.01674717
-0.01088684
-0.03348158
0.1427922
0.08525357
0.01400705
-0.01876307
0.1438526
0.04601193
-0.05115068
0.07188924
0.06434134
0.02192502
0.143611
0.03504706
0.06751541
0.02022886
0.05112431
0.01542515
0.06402693
0.06933186
0.2064581
-0.03330998
0.2249287
0.04457998
0.1021454
0.2688517
0.1336851
0.06945205
-0.08578477
0.2261606
0.07922927
0.1147426
0.06701346
0.143199
0.1277568
0.1936464
0.08716143
0.1901826
0.1789474
0.1753637
0.1744661
0.1234992
0.2451189
0.2591364
0.1977008
0.2434428
0.06356571
0.1962985
0.1786357
0.2486047
-0.01729165
0.1316772
0.1827146
0.170082
0.05463003
0.09903622
0.1716916
0.1270779
0.1678015
0.09829692
0.1476599
0.1830277
0.2442529
0.1742861
0.1063863
0.2520047
0.1204442
0.1976591
0.2777371
0.1191121
0.3036254
0.2384773
0.2108397
0.03559296
0.14779
0.1788587
0.06918508
0.304133
0.05903214
0.1576682
0.2115154
0.1258375
0.2307698
0.2438734
0.2122621
0.1914194
0.3164327
0.2158049
0.2252632
0.3636919
-0.1356222
0.225055
0.05463015
0.2986178
0.2625326
0.2808946
0.2696739
0.2754284
0.3586713
0.1599892
0.3055885
0.4040642
0.2946568
0.1234921
0.2322039
0.2915376
0.2936622
0.1300722
0.3176579
0.231567
0.1415156
0.1494556
0.1514931
0.3306104
0.2998445
0.2968349
0.2143536
0.1828374
0.268924
0.1084673
0.2464236
0.333881
0.2835763
0.3903182
0.2357888
0.2562267
0.449346
0.3361073
0.3177671
0.2178437
0.3293216
0.3826366
0.4004466
0.3014435
0.3794842
0.2967113
0.4017388
0.4586951
0.1560564
0.3058065
0.4059657
0.2925511
0.1617855
0.5125033
0.1797484
0.40306
0.2849255
0.3057287
0.3136564
0.3698029
0.3620643
0.3172042
0.3595182
0.3416892
0.4446331
0.2998653
0.2625306
0.2606544
0.4490086
0.3952829
0.3728905
0.3401705
0.4750265
0.2711459
0.3451068
0.3150582
0.3897147
0.4219618
0.4039681
0.3741355
0.3956564
0.4438853
0.3361066
0.1555578
0.441981
0.2995696
0.3942588
0.3363972
0.3694887
0.5422946
0.3569416
0.4350308
0.3340142
0.4544744
0.4125418
0.275838
0.2987846
0.3512076
0.2468258
0.29739
0.5108276
0.4122097
0.463462
0.4520389
0.3589581
0.4979491
0.445493
0.3645374
0.4228113
0.6153537
0.3341711
0.6644401
0.481767
0.4400397
0.5098627
0.522113
0.4895384
0.4106283
0.381599
0.2850804
0.5145818
0.3395138
0.442087
0.4226489
0.5564805
0.3665911
0.4997127
0.6238735
0.5263376
0.4560676
0.5596141
0.5374256
0.6105959
0.5385573
0.5562041
0.5608413
0.4993354
0.2991544
0.5135393
0.3573894
0.5243206
0.54068
0.6063466
0.4478926
0.4531799
0.5555681
0.7062351
0.4583024
0.4312311
0.5405998
0.5853319
0.6668828
0.551774
0.7336883
0.5501784
0.47762
0.5865204
0.5405562
0.4444853
0.4480034
0.6545468
0.5083362
0.5700703
0.5104712
0.6135509
0.7372492
0.6114478
0.4657747
0.4977333
0.4772064
0.6172502
0.5721569
0.510245
0.6082252
0.7448184
0.5848088
0.4433155
0.7677651
0.627112
0.497596
0.52864
0.4489066
0.6322989
0.6222083
0.6219716
0.6002926
0.6665049
0.6263826
0.4105924
0.6026388
0.6569287
0.7665508
0.7041386
0.6700891
0.7140076
0.7409877
0.6130364
0.6306362
0.575314
0.6955262
0.6682449
0.6126338
0.6723299
0.6818417
0.4548442
0.6461579
0.6365076
0.4918239
0.7089752
0.6661435
0.6725283
0.6247988
0.5344792
0.5124335
0.6823125
0.6721522
0.8142233
0.5737375
0.6871285
0.5618064
0.5690235
0.7272856
0.6735212
0.668911
0.6636173
0.717964
0.6438094
0.614362
0.5996245
0.6532631
0.6613262
0.8145881
0.5605803
0.8048585
0.6211833
0.6263791
0.578496
0.5192295
0.6409229
0.7864099
0.770719
0.7716169
0.6042482
0.7429135
0.6795488
0.6781196
0.7470411
0.6036144
0.5716249
0.8571919
0.6963069
0.759683
0.562969
0.7669525
0.6572233
0.6622914
0.6542248
0.8333039
0.8177137
0.7401252
0.8387943
0.8035323
0.7599087
0.7534852
0.9524819
0.6977214
0.7571246
0.6824759
0.6760752
0.7785678
0.754635
0.7043373
0.7454644
0.6934958
0.7162141
0.7997791
0.8677402
0.6462455
0.9264953
0.7600411
0.7090339
0.5722761
0.7850275
0.7014035
0.7304825
0.8763301
0.6847993
0.7209526
0.9206696
0.7860589
0.7054281
0.8962833
0.6587124
0.8908633
0.9478018
0.9367463
0.8374479
0.9084482
0.7789638
0.8488547
0.9346211
0.8667864
0.91554
0.8544992
0.8504562
0.7952051
0.8156096
0.8692848
0.9437772
0.9343715
0.7832337
0.7684478
0.7901038
0.7878721
0.8364519
0.8082656
0.7035098
0.8860332
0.8088215
0.9467148
0.9895884
0.9587956
0.9615451
0.8422352
0.8784195
0.8390755
0.8665723
0.8187595
1.034833
0.879809
0.8981467
1.042242
0.9646804
0.8403812
0.8878495
1.035735
0.902359
0.9941846
0.8980033
0.694592
0.9094513
0.8809236
0.9351142
0.9896135
1.006066
1.071484
1.047211
0.9491448
0.9441727
0.9651614
0.8424083
0.8657394
1.027453
1.001757
0.900538
0.8693836
0.9266937
0.9787003
0.8941748
0.9963857
1.044467
0.9188886
1.103792
1.131713
0.8814716
0.8995897
1.066212
1.056117
0.8775448
0.8906954
0.9547636
0.8153247
1.007423
1.010037
0.9433687
0.861658
1.070422
0.8905975
0.8972858
1.133511
1.028054
1.035408
1.197592
0.860788
0.9328801
0.9677783
0.9540388