-0.04112863
-1.095232
-0.9602828
-1.031082
-0.9143308
-0.935934
-0.8922919
-0.9168239
-0.9883123
-1.140226
-0.954579
-0.9204917
-0.9960094
-0.9718938
-0.8814944
-1.031895
-1.001938
-0.7573477
-0.9845335
-1.02974
-0.9788105
-0.7806835
-0.8966554
-0.9865952
-0.863151
-0.9147008
-0.9856927
-0.9320678
-0.9494588
-0.9292704
-0.7885972
-0.8999577
-0.8126823
-1.010987
-0.9614073
-0.8586957
-0.9732364
-0.9229868
-0.993814
-0.8818275
-0.8613289
-0.9481536
-0.9343793
-1.076004
-0.9823197
-1.021893
-0.9733879
-1.043432
-0.9500216
-0.8739518
-0.9174445
-0.9490404
-1.004042
-0.8983059
-0.873759
-0.9665389
-0.8234186
-0.8036476
-0.9148131
-0.9168655
-0.8699552
-0.8936103
-1.043245
-1.008437
-0.79895
-0.857687
-0.8535102
-0.9045758
-0.7164671
-0.9547311
-0.917887
-0.9862786
-0.9240216
-0.9505114
-0.9720557
-0.8368864
-0.9002618
-0.89442
-0.7060621
-0.8225786
-0.7785118
-0.8718762
-0.8180564
-0.9442896
-0.9551645
-0.9914076
-0.8325397
-0.7622139
-0.8058918
-0.8051921
-0.9274608
-0.9425262
-0.759099
-0.9253595
-0.7785648
-0.8803167
-0.7818958
-0.7657385
-0.9062753
-0.7486966
-0.8215545
-0.7537939
-0.7946674
-0.7677892
-0.7297927
-0.7470187
-0.8541472
-0.5623932
-0.7426355
-0.805933
-0.8819259
-0.8099759
-0.8106575
-0.7845329
-0.5533201
-0.8053353
-0.7824122
-0.7533393
-0.7874443
-0.6496146
-0.8679702
-0.6771301
-0.9107283
-0.6895977
-0.7065061
-0.7961591
-0.7933896
-0.7654684
-0.77847
-0.8546889
-0.8122091
-0.7565756
-0.8295589
-0.6067953
-0.7204205
-0.8168228
-0.7826358
-0.6943914
-0.7458998
-0.8025043
-0.7039849
-0.773149
-0.7314138
-0.4807551
-0.8150805
-0.6479634
-0.7385719
-0.464838
-0.6437697
-0.6623513
-0.7033043
-0.6262877
-0.6706957
-0.6351238
-0.7119987
-0.7410641
-0.6587203
-0.6932065
-0.5827505
-0.8081599
-0.7112071
-0.632845
-0.5439313
-0.6085759
-0.6354627
-0.7059347
-0.7245159
-0.6889457
-0.7059782
-0.6270454
-0.5867879
-0.6561566
-0.6039039
-0.4920135
-0.7516712
-0.574639
-0.771335
-0.5907421
-0.7690287
-0.6001089
-0.5760069
-0.6085051
-0.6233232
-0.5642584
-0.6059579
-0.596448
-0.7251794
-0.673161
-0.594502
-0.5529804
-0.7602878
-0.6363874
-0.7464822
-0.5405667
-0.5978907
-0.6238838
-0.5387548
-0.6328124
-0.6470187
-0.4595412
-0.5552287
-0.780306
-0.6339127
-0.6393348
-0.6585169
-0.6527583
-0.578372
-0.4155388
-0.5866283
-0.4353694
-0.517571
-0.5635434
-0.4895684
-0.5095552
-0.6100341
-0.6032594
-0.5536128
-0.6839033
-0.5022131
-0.6409526
-0.5579796
-0.5616918
-0.6612507
-0.680912
-0.4190972
-0.6303604
-0.5691392
-0.3776729
-0.5105155
-0.5836552
-0.5617913
-0.3833505
-0.6211666
-0.4984443
-0.5749866
-0.6381969
-0.4959045
-0.4854466
-0.5494776
-0.4765663
-0.5137965
-0.4555224
-0.547075
-0.5713313
-0.4340508
-0.5792028
-0.6096086
-0.4994626
-0.5592969
-0.6384928
-0.5388268
-0.3479901
-0.6685795
-0.3467537
-0.5252887
-0.5516705
-0.4992076
-0.4536587
-0.4593787
-0.4042358
-0.3829963
-0.4794964
-0.6028743
-0.4744795
-0.4987915
-0.5734447
-0.3936368
-0.4004726
-0.41697
-0.4958494
-0.4207397
-0.3481147
-0.4574758
-0.389805
-0.2956744
-0.3387926
-0.4287227
-0.4689133
-0.3597152
-0.5251196
-0.4457572
-0.4039703
-0.3550706
-0.4586725
-0.5228637
-0.3406861
-0.4883142
-0.5158423
-0.2837179
-0.5721213
-0.4508682
-0.3677975
-0.4491931
-0.3699254
-0.4101333
-0.3686274
-0.409418
-0.5345989
-0.3524242
-0.4355929
-0.5880659
-0.5108048
-0.3799739
-0.4934833
-0.5013791
-0.4498509
-0.3260875
-0.2862817
-0.4360666
-0.4534794
-0.4834088
-0.5867187
-0.3868449
-0.3862047
-0.3526086
-0.465564
-0.4745559
-0.3330071
-0.4337942
-0.4160208
-0.4583639
-0.3690108
-0.3370509
-0.258605
-0.3657108
-0.3891956
-0.4206603
-0.3728381
-0.4317382
-0.2722442
-0.385256
-0.4036853
-0.3476131
-0.364553
-0.3780977
-0.1675244
-0.1803336
-0.1881467
-0.354797
-0.3814617
-0.3299997
-0.319939
-0.3246018
-0.3117758
-0.4023445
-0.3682818
-0.2720577
-0.274752
-0.3671358
-0.2473567
-0.2475319
-0.1974268
-0.2837911
-0.258158
-0.2154499
-0.3517481
-0.2539859
-0.2037827
-0.3861847
-0.1737656
-0.3485389
-0.2287878
-0.2924789
-0.2440096
-0.189803
-0.2885348
-0.3360665
-0.4120694
-0.4128509
-0.2583104
-0.2283304
-0.2028996
-0.3015169
-0.3601883
-0.1279624
-0.3660199
-0.2731749
-0.2361899
-0.137995
-0.3448575
-0.1429848
-0.1516743
-0.2796062
-0.43196
-0.3999302
-0.1158989
-0.2007399
-0.2119679
-0.211447
-0.1803807
-0.3331171
-0.333909
-0.3535707
-0.3110754
-0.3348033
-0.1559032
-0.2907514
-0.2204165
-0.1391872
-0.2442624
-0.3021821
-0.001045279
-0.04923167
-0.3507853
-0.3392962
-0.2041571
-0.262509
-0.1535168
-0.02081529
-0.1963884
-0.1320675
-0.2664972
-0.1774384
-0.2662785
-0.165718
-0.09935559
-0.1472838
-0.3070487
-0.2086232
-0.1958445
-0.1241689
-0.1607059
-0.1194733
-0.2182932
-0.04003365
-0.3565022
-0.1258336
-0.03259711
-0.1436593
-0.04278696
-0.1850388
-0.1942581
-0.1021273
-0.1212662
-0.1519121
-0.2109948
-0.0692833
-0.2516457
-0.1113259
-0.2495234
-0.188604
-0.1634369
-0.1444576
-0.04801542
-0.1660602
-0.07335245
-0.3054118
-0.2453355
-0.1085377
-0.08548173
-0.2265081
-0.05319445
-0.014213
-0.2317339
0.03361956
-0.2054141
0.0142853
-0.009352477
0.01205401
-0.2838022
-0.05805873
-0.04959082
-0.1725503
-0.06065112
-0.1415741
0.07444993
-0.1294329
-0.1655495
-0.05090224
-0.03557629
0.008851482
-0.09500603
-0.1231937
-0.07741761
-0.04903078
0.0213847
-0.1718262
-0.07855653
-0.002662858
-0.03720049
-0.06416204
-0.04214235
0.05433778
0.05710115
-0.03467383
-0.07915843
-0.013241
-0.1988512
-0.0448021
0.0535892
-0.1265487
0.1033294
0.02016027
0.0257844
-0.1536736
-0.1040821
0.05319947
-0.1907034
-0.005227568
-0.02232597
-0.1146165
-0.01796515
0.1385492
-0.01634271
-0.04615744
0.1312265
-0.007450577
0.04561411
0.0180283
0.004618636
0.02402578
-0.02583879
0.01472978
0.0009640969
0.08047906
0.1177129
0.01679275
0.06955026
0.0001229983
0.07078223
0.08422656
-0.05490811
0.1233617
0.01742343
0.03446045
0.14384
0.02047352
-0.08710985
-0.07265356
0.04560051
-0.02486484
0.2267462
0.1060814
0.1022539
0.1605444
0.1331474
0.04145641
-0.0569821
0.09960518
0.1321941
0.05325571
0.108035
0.08081657
-0.01166451
0.1436328
0.01473175
0.12494
-0.02707275
0.187292
0.0283278
0.2710315
0.1615282
0.1105324
0.009141142
0.1541761
0.2114562
0.1278323
0.05041341
0.1093873
-0.03835368
0.0861888
0.1835164
0.1157544
0.1041069
0.14679
0.2535381
0.1815368
0.02378216
0.1171753
0.1423935
0.2346765
0.1475333
0.2941792
0.1223898
0.1514284
0.05326744
0.1854446
0.168264
0.1532446
0.1398305
0.1791639
0.1437683
0.155417
-0.02053099
0.08057068
0.2533093
0.2876086
0.1265605
0.1117111
0.3098067
0.1376822
0.1538169
0.1611289
0.1137219
0.2364198
0.05244247
0.2255949
0.2567895
0.1120288
0.3306332
0.2135102
0.1634143
0.1100368
0.01826948
0.3150124
0.2403598
0.1443187
0.1977766
0.1874224
0.3509983
0.2467235
0.1694149
0.06915191
0.1678973
0.2585556
0.2302978
0.1008166
0.123849
0.2337042
0.1472035
0.313988
0.2226724
0.2433893
0.3827353
0.2758242
0.2762154
0.1692956
0.1487309
0.3063887
0.2508492
0.1042155
0.06516973
0.2624632
0.3411509
0.2535994
0.1947605
0.2490952
0.3061448
0.1436505
0.2139962
0.2424682
0.2596851
0.2630679
0.4005879
0.2644794
0.3854795
0.1540631
0.3138754
0.3192762
0.247101
0.4081554
0.2955312
0.2536235
0.3862418
0.3729285
0.4216665
0.3525084
0.3093022
0.2930833
0.4067565
0.3188101
0.176151
0.3326975
0.3880629
0.3946198
0.4328366
0.4005725
0.2249684
0.3667411
0.282447
0.230108
0.4221966
0.4310675
0.4076939
0.2955647
0.3969892
0.2663628
0.4761363
0.5757475
0.5318354
0.4024509
0.5506149
0.356243
0.3826645
0.3012527
0.340784
0.435138
0.5421761
0.3285914
0.3656922
0.4817374
0.3446057
0.2398908
0.258657
0.351949
0.3264581
0.3347134
0.2681565
0.4617268
0.3888754
0.2765429
0.4234012
0.3987652
0.4971637
0.3767265
0.3643104
0.3460531
0.4678599
0.3465751
0.4416425
0.3674494
0.3970285
0.3140613
0.3181015
0.509086
0.3916619
0.4521067
0.4522597
0.4412013
0.3720132
0.2727967
0.3829127
0.3194966
0.579027
0.4793004
0.506777
0.3675665
0.5592187
0.5182844
0.496476
0.443221
0.4416367
0.4646848
0.4056272
0.4428754
0.4340491
0.4540899
0.3783459
0.441158
0.4325014
0.4367646
0.3598577
0.509039
0.4425682
0.4488705
0.5600362
0.5601173
0.6145862
0.5646623
0.5557506
0.5381122
0.547957
0.6126577
0.6327396
0.5244693
0.5378316
0.6207765
0.5759989
0.4555402
0.5467217
0.527441
0.52039
0.5067513
0.4632766
0.6315836
0.4031733
0.5170719
0.4751502
0.5898317
0.5338546
0.5436173
0.5203305
0.5453239
0.4560628
0.4784127
0.5561929
0.4322523
0.505916
0.6578139
0.6560091
0.5803639
0.5719823
0.6631778
0.4401443
0.5642897
0.6006941
0.5233462
0.618995
0.5352698
0.5263602
0.439686
0.7479414
0.6230164
0.6109653
0.4777042
0.4807512
0.5936834
0.5377707
0.5933353
0.6677551
0.5624483
0.5674355
0.4506016
0.651245
0.5501651
0.4417594
0.4940344
0.5382622
0.647736
0.6220115
0.6087314
0.6969371
0.7452561
0.6654451
0.7136826
0.5282179
0.5564209
0.6858485
0.5711135
0.6406868
0.6219561
0.6856139
0.4551225
0.6636968
0.6957408
0.841533
0.719276
0.6726225
0.6910359
0.7506178
0.8284628
0.6658088
0.6237808
0.6548998
0.6808602
0.7621988
0.6964523
0.6029065
0.7522772
0.6810251
0.6783874
0.6396546
0.6965213
0.696121
0.6409279
0.7780151
0.5870468
0.6837242
0.576284
0.6432129
0.7942567
0.7334902
0.7231934
0.7638265
0.7958474
0.7920751
0.705765
0.7016309
0.7706201
0.589413
0.8745344
0.6719951
0.7652104
0.7926711
0.6487697
0.7016006
0.6523092
0.7944459
0.6933373
0.6083618
0.6112644
0.7488788
0.6814848
0.8517538
0.8476548
0.7108562
0.7012676
0.8099429
0.7945714
0.5835083
0.7943259
0.6811102
0.6867819
0.7620133
0.7117101
0.7282218
0.7218368
0.783378
0.7956893
0.6940584
0.8293787
0.8731479
0.9287956
0.8660842
0.7330027
0.8261035
0.6698821
0.7215442
0.7526568
0.7383529
0.910371
0.8112215
0.8704686
0.6584991
0.8063488
0.8111574
0.8332309
0.7614495
0.8547426
0.7232372
0.8302726
0.7130587
0.8185399
0.8081533
0.7956815
0.7537415
0.7899658
0.9064059
0.8280548
0.9598152
0.8626219
0.9012638
0.8419547
0.8263999
0.7678514
1.005183
0.9263686
0.8718864
0.8353859
1.05241
0.810693
0.9087647
0.9448079
0.8865729
0.8532085
0.8862485
0.7611179
0.8720577
0.7251842
0.9292333
1.008316
0.772215
0.9391856
0.7801029
0.8830947
0.9924002
0.8411692
0.9522551
0.8347389
0.8750087
0.7490561
0.9088284
0.9869226
0.9810347
0.9798002
0.9406462
0.7895319
1.103774
0.9639809
0.8605747
0.9499998
0.8571732
0.9342864
0.9494889
0.9874231
0.950171
1.01864
0.9001708
0.8964236
0.7815115
0.9214611
1.028289
0.9342451
1.049815
0.9382766
1.029264
0.8399528
0.8617103
0.9804442
0.9203534
0.9703476
0.7393246
0.8963071
1.037103
0.9190805
0.8385664
1.031655
0.9539441
1.022804
0.9244428
1.006936
1.154197
0.9611757
1.105879
0.985191
0.9466292
1.008708
0.9172859
1.053748
1.09451
0.8535446