-0.02404349
-0.9629487
-0.9485541
-0.9884329
-1.074073
-0.914475
-0.8651631
-0.9586132
-0.8643514
-0.995676
-1.096603
-1.057123
-1.090872
-0.9257899
-0.8956087
-1.012687
-0.9792223
-0.9593102
-1.034218
-0.9293818
-1.109021
-1.082521
-0.9677673
-1.091476
-0.9553954
-0.8053221
-0.9413937
-1.101607
-0.927999
-0.9779968
-1.039435
-0.9029119
-0.8444531
-0.9951678
-0.9468974
-1.068992
-0.9972754
-1.077983
-0.8710399
-0.8823768
-0.762535
-0.8461017
-0.9479073
-0.9250582
-1.02611
-0.8708315
-0.9957947
-0.9781515
-1.045566
-0.870204
-0.9122934
-0.8321529
-0.9246939
-0.876189
-0.9278425
-0.9441765
-1.020867
-0.9556484
-0.8029797
-0.8475542
-0.8362705
-0.9073174
-0.9731221
-0.8552541
-0.7968732
-0.8869052
-0.8640695
-0.9466598
-0.9487475
-0.9041562
-0.7976991
-0.7993519
-0.8025353
-0.8934071
-0.7382271
-0.7892083
-0.8636978
-0.8408796
-0.800042
-0.9016198
-0.879587
-0.7347448
-0.7699516
-0.7741727
-0.7097634
-0.9656272
-0.8090463
-0.8311151
-0.8655615
-0.6714637
-0.7105465
-0.9532415
-0.8019079
-0.846244
-0.9149435
-0.6992314
-0.7013649
-0.9061402
-0.7311083
-0.7796792
-0.7430373
-0.9290552
-0.7703519
-0.8563282
-0.761149
-0.8494669
-0.8553424
-0.8762265
-0.9002405
-0.7481618
-0.8010686
-0.7484857
-0.713001
-0.8694431
-0.7081203
-0.9043502
-0.5596032
-0.9313179
-0.8854924
-0.7663593
-0.7063327
-0.8266469
-0.6942368
-0.877709
-0.7901455
-0.8958931
-0.7813072
-0.716645
-0.748127
-0.8966232
-0.8427545
-0.629299
-0.6385738
-0.828927
-0.6357871
-0.8543453
-0.79233
-0.7912849
-0.6154459
-0.697291
-0.6777156
-0.8742513
-0.6891274
-0.5329786
-0.7495131
-0.7299427
-0.7592137
-0.7646448
-0.6120437
-0.5676782
-0.7147727
-0.7382902
-0.6810701
-0.6972844
-0.6593904
-0.6254285
-0.6810394
-0.8216066
-0.6351665
-0.6366294
-0.7451239
-0.5952347
-0.7517666
-0.5976158
-0.6855486
-0.6600255
-0.6236335
-0.7470226
-0.6320465
-0.6552549
-0.6610884
-0.5304188
-0.4970266
-0.6012615
-0.7796055
-0.5003164
-0.6562454
-0.6816585
-0.5665391
-0.7950078
-0.7783809
-0.6284116
-0.7208569
-0.6291793
-0.7267534
-0.7015334
-0.5808627
-0.7867385
-0.6221421
-0.6617465
-0.7298828
-0.5902044
-0.4878917
-0.5307508
-0.6020513
-0.6597946
-0.6191834
-0.6731954
-0.7154982
-0.5969582
-0.6183725
-0.5944431
-0.5389035
-0.5269827
-0.6329914
-0.5470886
-0.6323818
-0.5123032
-0.6374279
-0.4510485
-0.5584666
-0.6609163
-0.6145485
-0.508368
-0.6501591
-0.5285934
-0.6144482
-0.4244339
-0.472864
-0.7180547
-0.6483405
-0.6526579
-0.6077514
-0.5906641
-0.5390384
-0.4416746
-0.4461825
-0.7141239
-0.6831457
-0.5302381
-0.5765548
-0.5051942
-0.38343
-0.6183954
-0.5532335
-0.3868339
-0.4784056
-0.4163302
-0.469838
-0.3764754
-0.6570765
-0.4869277
-0.5474216
-0.4251045
-0.4437785
-0.4914362
-0.3708264
-0.5190409
-0.6032658
-0.5250242
-0.5084354
-0.3943062
-0.5044004
-0.3750841
-0.6739046
-0.5390868
-0.5346108
-0.4139909
-0.3584006
-0.4816464
-0.4465939
-0.4933781
-0.3611109
-0.4897453
-0.3038097
-0.5282727
-0.4414143
-0.5212988
-0.5693191
-0.4296058
-0.4456708
-0.4953647
-0.5089572
-0.5167118
-0.3758521
-0.3345827
-0.4727325
-0.4898567
-0.3576195
-0.5599374
-0.4061042
-0.5097651
-0.3739376
-0.4250182
-0.4700441
-0.4059544
-0.4654866
-0.5270373
-0.3383642
-0.2782536
-0.4137051
-0.3348914
-0.5404664
-0.300126
-0.4159877
-0.6234142
-0.3187199
-0.4863574
-0.4241763
-0.303413
-0.4890144
-0.2804145
-0.2739988
-0.3467349
-0.4124012
-0.2630816
-0.3420775
-0.5658173
-0.1805741
-0.337571
-0.2524378
-0.3063618
-0.396992
-0.4585396
-0.3131205
-0.3484317
-0.3495341
-0.2944852
-0.4412186
-0.3109002
-0.3604237
-0.3318501
-0.3555451
-0.4534067
-0.3225383
-0.2755249
-0.3207568
-0.4331557
-0.3761056
-0.3579114
-0.5129998
-0.4268823
-0.3053475
-0.3574945
-0.2987295
-0.3410763
-0.2951783
-0.3536069
-0.3013987
-0.4010087
-0.3499151
-0.2627688
-0.214343
-0.3256283
-0.3651929
-0.3267987
-0.3688996
-0.2731115
-0.2667328
-0.4268352
-0.3637761
-0.2788585
-0.2503489
-0.2174083
-0.4728065
-0.05991608
-0.06400168
-0.2150428
-0.2162368
-0.2914821
-0.2984759
-0.2669458
-0.3182358
-0.3989311
-0.2395991
-0.2354482
-0.3395114
-0.3641454
-0.1627506
-0.2799033
-0.2084481
-0.254947
-0.3100035
-0.2401272
-0.3601771
-0.2609071
-0.3866024
-0.408395
-0.2247439
-0.2384158
-0.09072516
-0.3347144
-0.2798782
-0.3451404
-0.3227843
-0.2050801
-0.3230418
-0.3364134
-0.2379755
-0.2237687
-0.1921066
-0.2920215
-0.2743808
-0.282421
-0.4180485
-0.2416107
-0.2378552
-0.2277047
-0.1370429
-0.3782521
-0.2003125
-0.1024696
-0.146321
-0.1686604
-0.1529534
-0.2067947
-0.1893657
-0.2038482
-0.1253526
-0.3017125
-0.1799332
-0.1551233
-0.1731854
-0.1081241
-0.06550324
-0.09723261
-0.3209543
-0.3600629
-0.2047591
-0.243906
0.02243777
-0.1817262
-0.1737909
-0.1406683
-0.2212256
-0.05421031
-0.2085077
-0.1451286
-0.1470226
-0.03445875
-0.07169636
-0.09978561
-0.03051339
-0.06842744
-0.1147167
-0.08998923
-0.2348849
-0.3531513
-0.1177853
-0.2460476
0.06448513
-0.09456201
-0.2418128
-0.1121992
-0.1414232
-0.1724383
-0.2501078
-0.1252812
-0.02363374
-0.005712875
-0.1520529
-0.1167381
-0.1120173
-0.1709915
-0.1893849
-0.03903581
-0.1818005
-0.03070718
-0.0853977
-0.1026861
-0.1850924
-0.005524582
0.01779315
0.004325454
-0.01071606
-0.1256335
-0.07137675
-0.002985758
-0.03703141
-0.1728257
-0.09523227
0.07046401
-0.09112682
-0.04001881
-0.07481956
-0.1146048
-0.04133432
-0.008195533
-0.09178206
-0.02667789
-0.08683106
-0.09651361
0.03435926
0.1178827
0.01959882
0.009249456
-0.09246024
-0.1200881
0.02644919
-0.06343865
-0.08501597
-0.003543979
-0.1766114
0.1711861
-0.03817881
-0.05965481
0.004466204
-0.01589073
0.1083008
-0.1237396
-0.04772271
0.07886911
-0.02731942
0.0697237
-0.02835205
0.03017829
-0.0291294
-0.1444227
0.008168975
0.02271923
0.08518899
-0.07383909
-0.03179309
0.08118989
0.0093379
0.05270085
0.04449763
0.0249084
0.0006643553
-0.08746135
-0.01183995
0.1790479
0.02593718
-0.01103286
0.2685177
0.04038722
0.02438797
-0.01047866
0.1168402
-0.02149561
0.1354094
0.1139319
0.08782172
0.1694132
0.0562422
-0.04686433
-0.006287453
0.1834284
0.1513755
0.08520241
0.08777186
-0.0228576
0.05785336
0.06799091
0.1201529
0.1050282
0.0773641
0.1121833
0.2623145
0.08348073
0.1332153
0.08339737
0.0008937281
0.1873501
0.04087384
0.144507
0.2155372
0.2093201
0.07457883
0.09241599
0.161112
0.1661083
0.1019281
0.2389485
0.05637347
-0.04198352
0.1431598
0.112934
0.1910546
0.162163
0.2144715
0.1778528
0.2231029
0.1191715
0.08830574
0.2041927
0.09872959
0.1769697
0.2191199
0.2228261
0.1280238
0.1897724
0.1956047
0.2824866
0.06048293
-0.02011239
0.1349007
0.07577395
0.2076005
0.2994719
0.3255429
0.2764483
0.05823741
0.2101332
0.239741
0.2556025
0.2385682
0.1310135
0.271215
0.07378277
0.1913807
0.2189474
0.292109
0.1552285
0.09731762
0.20157
0.2734682
0.1922231
0.287914
0.1823053
0.2996809
0.295079
0.1800937
0.2371318
0.1654975
0.2252512
0.319158
0.1921165
0.291874
0.09603934
0.2270961
0.187665
0.178451
0.2323906
0.2022866
0.2991098
0.2850166
0.2065114
0.1539867
0.2812423
0.3291521
0.06141689
0.1111727
0.4337009
0.2973758
0.04492698
0.1902408
0.4108302
0.2736021
0.2709336
0.3385519
0.2929535
0.3193353
0.3013711
0.2984916
0.2468671
0.2873906
0.2375399
0.3036289
0.3365347
0.3698395
0.3226284
0.3092265
0.3894378
0.3368805
0.3172145
0.2206764
0.2714035
0.2810818
0.2273391
0.3078872
0.3071043
0.3218984
0.1917802
0.3724212
0.4227158
0.2424011
0.2951385
0.3823516
0.2710488
0.4358478
0.3264473
0.2082956
0.3600292
0.4585123
0.4383509
0.3362278
0.2148899
0.392422
0.2269177
0.3902788
0.2500669
0.3588597
0.3186905
0.3499865
0.4739214
0.5019439
0.3894021
0.5227962
0.4670459
0.4166801
0.411466
0.2993432
0.5571062
0.2483835
0.3813483
0.2355897
0.26536
0.3126773
0.4104208
0.430062
0.3341224
0.4624123
0.3743191
0.4081063
0.291099
0.4673158
0.3709929
0.4608919
0.3620813
0.6309262
0.4245157
0.5561608
0.3898758
0.3442194
0.3955369
0.4126511
0.5195466
0.3950346
0.2770307
0.3585766
0.4561732
0.5597872
0.4586317
0.6070988
0.3905697
0.313129
0.4521953
0.4515844
0.4633843
0.5139289
0.5153965
0.4264471
0.4850567
0.6089017
0.3591109
0.5015865
0.5518721
0.4519975
0.3792657
0.394271
0.5829712
0.3546813
0.5452416
0.5205605
0.575791
0.5011592
0.5764652
0.351623
0.4319289
0.4271395
0.5829795
0.5553935
0.3941181
0.5297328
0.436065
0.6433163
0.6181988
0.4713053
0.5559644
0.4261659
0.5891865
0.5517885
0.5187678
0.4295771
0.5071549
0.4700054
0.5719665
0.5149717
0.5395313
0.553599
0.5967111
0.6094836
0.4649416
0.6819892
0.7013339
0.5047461
0.5728817
0.4302314
0.6404323
0.5227965
0.5923003
0.4648024
0.4749373
0.7006088
0.5188844
0.5009904
0.5979891
0.6415573
0.5316797
0.5487257
0.4578941
0.4409845
0.6123178
0.5723529
0.4888539
0.6624932
0.5999545
0.6297121
0.615744
0.5240678
0.5694663
0.5702059
0.6608333
0.7422571
0.5855628
0.7177227
0.655446
0.5456123
0.5225862
0.6292445
0.724415
0.5895647
0.629897
0.5903733
0.6689948
0.428615
0.5424716
0.6802604
0.4947901
0.7207922
0.5856979
0.7494472
0.7334084
0.6497044
0.6897343
0.7587286
0.6041053
0.7516062
0.5733353
0.5610182
0.614295
0.6911478
0.5389877
0.5904317
0.8681008
0.5764091
0.6796305
0.6563579
0.8488921
0.7117594
0.6540642
0.6426374
0.7565975
0.7094885
0.6945027
0.7433055
0.6425366
0.6613091
0.6447148
0.781875
0.7816593
0.7245648
0.6122908
0.6830999
0.6530022
0.6761575
0.7373204
0.8058221
0.7881368
0.6939864
0.7948714
0.7259995
0.6302089
0.7838421
0.6004104
0.8184809
0.7148262
0.7467358
0.7380949
0.6682821
0.7328799
0.7029952
0.6898745
0.7389761
0.7395005
0.7836871
0.8205286
0.6485928
0.7271156
0.7000603
0.6518308
0.8302135
0.8774408
0.862508
0.7062309
0.8448138
0.8990724
0.7929304
0.8476048
0.7210367
0.7781758
0.7984658
0.7575716
0.8104934
0.9021313
0.7945776
0.7351565
0.9471424
0.7588842
0.8172564
0.8019234
0.8408494
0.8217237
0.7554302
0.767675
0.8219393
0.8762032
0.7595045
0.7618182
0.797945
0.8735968
0.9557481
0.8967117
0.7820952
0.7216479
0.9250617
0.8994075
0.8882441
0.9182525
0.8425388
0.9553158
0.8900248
0.9086218
0.9273323
0.6475195
0.9526386
0.8650699
0.870755
0.7808965
0.810542
0.8353827
0.8775771
0.9942321
0.9478266
0.8603412
0.8484199
0.7979367
0.795461
0.94497
0.8363537
0.8415267
0.8457686
0.6234697
0.9344839
0.8539916
0.8273469
0.8897147
1.029286
0.899857
0.9051302
0.8203191
1.055622
0.8993027
0.8911602
1.024416
1.109485
0.8069932
1.027447
0.8886064
1.066637
1.089126
0.9181726
0.9138406
0.8443359
0.8724169
0.9031144
0.8156291
0.9233494
0.9901053
1.057794
0.9538868
1.002398
0.9359675
0.8679302
0.8604737
0.7837872
0.953952
0.9250051
0.8379052
1.040961
0.838713
0.9769535
0.9746094
0.9002004
1.02201
1.114239
0.9799134
0.9751413
1.077082
0.9191588
0.9691201
1.032036
1.002013
1.005499
1.017492
0.7988443
1.059057
0.8853695
1.029395
1.023202