-0.03637033
-1.047759
-0.9732606
-1.031428
-0.9258509
-0.9608824
-1.052043
-1.089367
-0.9386114
-0.9802701
-1.012905
-1.052572
-1.014558
-0.8616124
-0.9342411
-1.043685
-0.9005149
-0.91119
-0.9099065
-0.9172726
-0.9474265
-0.9934041
-0.9648625
-1.099749
-0.8841462
-1.081373
-0.945869
-1.002251
-0.9490277
-0.9407652
-0.96938
-0.968522
-0.9712834
-0.986687
-0.9628687
-0.86836
-0.9064936
-1.167122
-0.9353961
-0.9467636
-1.010853
-0.9201754
-0.8427487
-0.8010084
-0.9654842
-0.9697986
-0.8742153
-0.9181387
-1.017323
-0.85522
-0.9425985
-0.7897625
-0.9085646
-0.9955835
-0.864016
-1.032942
-0.922131
-0.8431692
-0.8930316
-1.013954
-1.059504
-0.9195274
-1.032149
-0.7991166
-0.9459516
-0.8024795
-0.7250295
-0.8424701
-0.7584582
-0.8907952
-0.8822558
-0.9052602
-1.006843
-0.9885595
-0.7221399
-0.9229643
-0.8556831
-0.7185483
-0.8583651
-0.850439
-0.6838201
-0.9653891
-0.9123223
-0.8549672
-0.8726373
-1.003286
-0.7312313
-0.8893447
-0.8709699
-0.9929278
-0.7560456
-0.7499933
-0.8746819
-0.7072376
-0.5987878
-0.8345627
-0.7495152
-0.84069
-0.7777235
-0.8466892
-0.7180056
-0.9437919
-0.6522826
-0.8109751
-0.830915
-0.7971859
-0.737843
-0.7723336
-0.8840623
-0.7264486
-0.8294002
-0.7404132
-0.7989342
-0.8012986
-0.7957542
-0.7936505
-0.7685437
-0.6322983
-0.7729748
-0.7669131
-0.6985057
-0.8643569
-0.7829623
-0.6701333
-0.8217945
-0.7219746
-0.5878098
-0.7744124
-0.8110457
-0.7334614
-0.7947842
-0.7809579
-0.8118055
-0.7042172
-0.6549386
-0.7647905
-0.7904628
-0.597597
-0.7614448
-0.615237
-0.6440209
-0.8123577
-0.6433662
-0.8291854
-0.7487002
-0.6079868
-0.7421719
-0.626149
-0.8141743
-0.8303824
-0.6676241
-0.8294787
-0.7931248
-0.6009797
-0.6111603
-0.6274469
-0.6351305
-0.7197091
-0.6384183
-0.6474679
-0.8264365
-0.5796908
-0.7802058
-0.6497363
-0.6736818
-0.6224347
-0.7460978
-0.6907334
-0.5450006
-0.6622711
-0.6642384
-0.6863199
-0.6604119
-0.6082269
-0.6478763
-0.6688018
-0.6892944
-0.7388952
-0.7179238
-0.6149719
-0.6863993
-0.6376727
-0.6266241
-0.7555312
-0.6604464
-0.5775436
-0.6690286
-0.5474098
-0.5759177
-0.6359444
-0.6242566
-0.452876
-0.5494681
-0.5350042
-0.5909241
-0.6286088
-0.5248461
-0.5068999
-0.6934873
-0.6468413
-0.6621383
-0.5763992
-0.5647403
-0.5193675
-0.7128415
-0.5355161
-0.6763157
-0.629602
-0.5473679
-0.7221105
-0.5530019
-0.4708464
-0.5741012
-0.6410424
-0.5698735
-0.6424822
-0.5300207
-0.5931373
-0.5581339
-0.6002294
-0.5469975
-0.5173674
-0.4642336
-0.5704411
-0.5843109
-0.6222743
-0.4539628
-0.3482168
-0.6102744
-0.5076425
-0.6101187
-0.6337412
-0.2694616
-0.5148609
-0.5664502
-0.6453072
-0.6820559
-0.4358978
-0.4294517
-0.4809766
-0.4543038
-0.4998917
-0.6150524
-0.4530534
-0.6352985
-0.5669267
-0.4464083
-0.4980465
-0.5038288
-0.4693897
-0.4135865
-0.5005499
-0.6027043
-0.4861525
-0.4455115
-0.4697077
-0.5132312
-0.4998777
-0.4499708
-0.3104842
-0.6154311
-0.4890838
-0.3571884
-0.4594394
-0.5394071
-0.4258039
-0.6287864
-0.4407355
-0.4643652
-0.4169172
-0.3494006
-0.4327214
-0.4152408
-0.5056492
-0.4499122
-0.3751691
-0.3600839
-0.5768141
-0.4832959
-0.4014019
-0.3752654
-0.4395816
-0.3905947
-0.5403253
-0.3588726
-0.4744929
-0.3431278
-0.4938967
-0.6425573
-0.2698655
-0.2960688
-0.3043465
-0.5766821
-0.3154024
-0.4875682
-0.3427022
-0.3367163
-0.4196542
-0.3398331
-0.476527
-0.3402985
-0.4819617
-0.3526972
-0.4734522
-0.4262041
-0.4926389
-0.5988112
-0.4519065
-0.3795004
-0.4028337
-0.374622
-0.4774575
-0.3985343
-0.3102736
-0.4817516
-0.2391918
-0.3523392
-0.2134519
-0.2491094
-0.3693539
-0.566479
-0.3964387
-0.3490155
-0.4399808
-0.3796505
-0.3420412
-0.3858946
-0.530827
-0.2953117
-0.2971472
-0.3855377
-0.4517811
-0.3852427
-0.3318737
-0.3893495
-0.2665109
-0.3256397
-0.3159079
-0.2788633
-0.2615263
-0.2728932
-0.3610866
-0.3435887
-0.407066
-0.2928068
-0.2909067
-0.2198399
-0.3463679
-0.3536668
-0.4865148
-0.3607494
-0.363646
-0.2621297
-0.2600112
-0.1981077
-0.2753212
-0.1908938
-0.369754
-0.1896126
-0.3538646
-0.4941597
-0.317518
-0.2486905
-0.2370179
-0.3130109
-0.2328068
-0.3365643
-0.3403145
-0.333145
-0.3019361
-0.2613663
-0.2122821
-0.2489797
-0.3279324
-0.3607804
-0.3311909
-0.1651993
-0.3316615
-0.2457891
-0.2335978
-0.258537
-0.2636335
-0.2553031
-0.2544028
-0.1906718
-0.3205123
-0.2624223
-0.1183177
-0.2414186
-0.2265451
-0.1980573
-0.0604411
-0.217336
-0.3503245
-0.2166511
-0.3673926
-0.1225866
-0.07050699
-0.1830613
-0.1687678
-0.2103437
-0.1748941
-0.1118424
-0.2679609
-0.06751818
-0.1258386
-0.1801897
-0.02223881
-0.2040673
-0.232795
-0.1041443
-0.1667319
-0.1170612
-0.1259264
-0.2362062
-0.1245144
-0.1719585
-0.2328734
-0.2606746
-0.1819696
-0.1046071
-0.2245722
-0.1966599
-0.1088377
-0.1120519
-0.1980488
-0.2056501
-0.2569161
-0.2577904
-0.2334413
-0.3012874
-0.1097124
-0.05441361
-0.2137097
-0.1839822
-0.09429615
-0.07899612
-0.274295
-0.1401938
-0.1923027
0.00120487
-0.2030627
-0.1178248
-0.01774884
-0.2166954
-0.1372567
-0.2354572
-0.1585947
0.06327834
0.06902412
0.01214833
-0.05709532
-0.1745226
-0.09373873
-0.02267848
-0.1504921
-0.1299005
-0.196687
-0.05206943
0.003101731
-0.1641211
-0.2844195
-0.06620066
-0.03395557
-0.04256367
-0.1071295
-0.1578467
-0.1259383
0.05328993
-0.06683456
-0.02111952
-0.09891783
-0.1165729
0.03693779
-0.0004954502
-0.05803297
0.008349714
-0.1460159
0.09156771
-0.1042569
-0.1173382
-0.1807209
-0.1838296
0.02806956
0.1653368
-0.1422945
-0.04651652
-0.07182231
-0.01205855
0.08516012
0.0265639
-0.003736737
-0.03695432
0.1090721
0.02243842
0.04081954
-0.07486515
-0.01405966
-0.06067942
-0.01114949
0.02124871
0.1705099
-0.007116529
-0.2311957
0.1151571
0.02073959
-0.06651943
-0.09549095
-0.009068446
0.1542745
-0.1125447
0.009171081
0.1799585
-0.01521871
0.0784775
0.1535079
-0.0963474
0.04847991
-0.002890301
0.09428314
0.0764061
0.08325818
0.06853489
-0.04217638
-0.03009051
-0.02101157
0.1468732
0.07869379
0.008703638
-0.03691475
0.1491915
0.0630387
-0.05064498
0.07908702
0.06970335
0.01974318
0.1223524
0.04407771
0.08707354
0.03051364
0.04630605
0.01260323
0.08545809
0.07383283
0.1828298
-0.04143125
0.2150786
0.04575853
0.127029
0.2645753
0.1198121
0.07380694
-0.1105125
0.2314004
0.07784301
0.1060038
0.04774233
0.1364987
0.1587332
0.1843533
0.1014541
0.1781335
0.1737766
0.1797975
0.1742195
0.1258493
0.2461744
0.2546158
0.2088216
0.2550459
0.04340646
0.1983081
0.1600002
0.2536489
-0.0247174
0.1287673
0.2029243
0.1543777
0.03786051
0.09470199
0.1402363
0.1401354
0.1399661
0.103915
0.1419875
0.2015865
0.2802934
0.1804479
0.09561785
0.2316997
0.137547
0.1853872
0.2752799
0.1016187
0.3106105
0.2437821
0.2062801
0.04557188
0.1233657
0.1402749
0.1001154
0.2854193
0.03873059
0.1549949
0.2150659
0.1217038
0.2350335
0.2296218
0.2376439
0.1688885
0.3329472
0.2011725
0.2352655
0.3543664
-0.1418838
0.2361413
0.08603556
0.3024273
0.2940639
0.2960621
0.2895362
0.2951619
0.3500178
0.1685174
0.3005132
0.4167719
0.3154225
0.1338
0.2308959
0.2809318
0.3209531
0.1371137
0.2865952
0.2208428
0.150218
0.1675923
0.1564858
0.3272596
0.2852329
0.3153797
0.2095516
0.1821653
0.2726943
0.1209223
0.2617731
0.3565248
0.2778894
0.4113055
0.2497372
0.2724385
0.4460479
0.3731617
0.3303637
0.2092372
0.345263
0.3723287
0.4168038
0.2890347
0.3907762
0.3172013
0.4159035
0.4525231
0.1457393
0.3251079
0.3995183
0.2648171
0.1520818
0.5249813
0.1654986
0.3874323
0.2607689
0.3049376
0.3354523
0.3558091
0.376071
0.3254742
0.3433585
0.3477515
0.4564438
0.2862557
0.262477
0.2382271
0.4597425
0.4007593
0.3901378
0.3403439
0.4970168
0.2830192
0.3612406
0.2924644
0.3849063
0.4134382
0.4086373
0.3727065
0.4062856
0.4328353
0.3321461
0.1541869
0.4291177
0.2975842
0.4056498
0.3299713
0.3637243
0.5289042
0.3303449
0.425172
0.3516305
0.4227065
0.3962272
0.2732855
0.2881168
0.3514863
0.2734923
0.3199234
0.5069765
0.4154047
0.4599199
0.4266457
0.3607538
0.50646
0.4309314
0.3723018
0.4398809
0.5889126
0.3411404
0.6702451
0.4660176
0.4517687
0.5182873
0.5020342
0.4690682
0.4306691
0.40346
0.2712254
0.5202142
0.32566
0.4434276
0.4246628
0.5711358
0.3809791
0.5003944
0.63029
0.5103685
0.4752304
0.5721138
0.5498886
0.605757
0.5402874
0.5434773
0.5730195
0.5122052
0.2896229
0.5169302
0.361083
0.5071415
0.5430289
0.6062987
0.4458955
0.4499462
0.5642423
0.7171793
0.4329125
0.4414044
0.5482793
0.5854539
0.676734
0.5298384
0.7279452
0.5613625
0.4888171
0.5748405
0.538487
0.4741715
0.4593808
0.6476475
0.5294393
0.5628723
0.5084602
0.6066949
0.744937
0.6189469
0.4752384
0.493686
0.5050327
0.6221682
0.5748796
0.4935548
0.6098377
0.7382964
0.5725753
0.461995
0.769318
0.6088337
0.5005519
0.5314551
0.4535701
0.6430213
0.6430494
0.6363262
0.6073869
0.6779829
0.6109808
0.4068829
0.5975068
0.6677416
0.7564747
0.7124809
0.7029832
0.7213478
0.739949
0.6086339
0.6269609
0.5745409
0.6930864
0.6533154
0.6208015
0.6632011
0.6902779
0.4685452
0.6268642
0.6152243
0.4821351
0.7075696
0.6597925
0.6748116
0.6194001
0.5557068
0.53006
0.7012396
0.660587
0.8386183
0.5784499
0.6822025
0.5539226
0.5800096
0.7436001
0.6842367
0.6757834
0.6591599
0.701228
0.6714158
0.6032979
0.603569
0.6518422
0.6722934
0.8163779
0.5592713
0.7785411
0.6244905
0.612881
0.6041266
0.5141918
0.6293679
0.777508
0.7641715
0.792657
0.588467
0.7610412
0.6854744
0.6750217
0.7434197
0.6015211
0.5875246
0.8651295
0.7025474
0.7529688
0.5807433
0.7505245
0.6585608
0.6852609
0.6565282
0.8415505
0.8048491
0.7223447
0.8441941
0.780975
0.7382096
0.766941
0.9463265
0.6917128
0.7270155
0.6591361
0.7073129
0.7751861
0.7649281
0.7069944
0.7483294
0.6914423
0.7297584
0.8226305
0.8439486
0.6449782
0.9383235
0.7921698
0.7134707
0.588156
0.7597285
0.7191329
0.7213989
0.8780024
0.6964036
0.7357108
0.9170422
0.80154
0.6981904
0.8570594
0.6681428
0.8721768
0.9397492
0.9379112
0.861371
0.9088505
0.7829503
0.8666327
0.9403065
0.8515859
0.9051052
0.8467368
0.8628666
0.8192523
0.8050234
0.8688239
0.9583575
0.9488382
0.7908544
0.7968071
0.7769427
0.7854025
0.8509761
0.8134141
0.6942447
0.8791642
0.8143489
0.9298834
0.9623489
0.9771861
0.9734869
0.8604404
0.8622062
0.8316805
0.8583263
0.8131781
1.003381
0.86295
0.9012615
1.041902
0.9717536
0.8349924
0.8717473
1.022596
0.9330551
0.9807801
0.8893805
0.7008999
0.8906461
0.8720718
0.9591571
0.9779322
1.004918
1.067755
1.070123
0.946403
0.9482094
0.9712121
0.8413382
0.8875148
1.043933
0.9996507
0.8897678
0.8747582
0.9590443
0.9736383
0.8855763
1.004221
1.033189
0.9095919
1.090884
1.117949
0.8963438
0.9147443
1.032793
1.055298
0.8953467
0.8952445
0.9417831
0.8168844
0.9814883
1.019299
0.9366493
0.8670753
1.071453
0.8809345
0.8871155
1.115818
1.027304
1.025781
1.181151
0.8527182
0.95803
0.9500995
0.9672155