-0.02853668
-0.9501729
-0.9462628
-0.989855
-1.061268
-0.914947
-0.8660212
-0.9487231
-0.8557779
-0.9912987
-1.10112
-1.062586
-1.0737
-0.9532376
-0.8763559
-1.024869
-0.9835157
-0.9451034
-1.018314
-0.9146972
-1.105751
-1.10258
-0.9646839
-1.093864
-0.9409439
-0.7850156
-0.9532292
-1.09407
-0.9136488
-0.9688528
-1.044633
-0.9055323
-0.8435051
-0.9753839
-0.9437051
-1.066364
-0.9854441
-1.081644
-0.8592806
-0.8826286
-0.7510838
-0.8490842
-0.9671282
-0.9529615
-1.00315
-0.89448
-1.005872
-0.9411925
-1.034819
-0.8815948
-0.9263322
-0.8028183
-0.9061021
-0.8811567
-0.9246627
-0.9401392
-1.022894
-0.9411212
-0.8098617
-0.8626027
-0.8378362
-0.8916558
-0.9809017
-0.8481149
-0.7869251
-0.8842647
-0.8532582
-0.9460265
-0.9320701
-0.8846939
-0.7890473
-0.8155993
-0.8239481
-0.9099583
-0.7457831
-0.8052968
-0.8792298
-0.8173487
-0.798006
-0.9076127
-0.8609148
-0.7491072
-0.7642927
-0.7747108
-0.7134545
-0.9557296
-0.8125254
-0.8322359
-0.8843343
-0.6813027
-0.6832573
-0.9584544
-0.7859698
-0.846346
-0.9255172
-0.7129822
-0.6939217
-0.9124636
-0.748969
-0.7738955
-0.74123
-0.9454282
-0.7650261
-0.8686908
-0.7755762
-0.8457994
-0.8511352
-0.8631535
-0.895829
-0.7344517
-0.7870017
-0.7435388
-0.7120993
-0.8395753
-0.6986676
-0.8925023
-0.5639894
-0.9507515
-0.8904117
-0.7802316
-0.7208631
-0.8193145
-0.7081097
-0.8598214
-0.7749846
-0.9001741
-0.7998448
-0.7205149
-0.7421675
-0.9021852
-0.8440093
-0.6363325
-0.6241453
-0.8356461
-0.6363951
-0.8521447
-0.7927392
-0.7876252
-0.6055723
-0.7100634
-0.7068324
-0.8771887
-0.7175143
-0.5253001
-0.7256722
-0.7191409
-0.7583771
-0.7468686
-0.6305376
-0.5634033
-0.7213615
-0.7324589
-0.6823909
-0.7060934
-0.6643417
-0.6259659
-0.6833938
-0.8029067
-0.6355978
-0.6460403
-0.7577562
-0.5805676
-0.7451502
-0.5985103
-0.6606512
-0.6653295
-0.6127891
-0.7617953
-0.6192813
-0.6812166
-0.6648076
-0.5116873
-0.4607993
-0.5932015
-0.780838
-0.5036838
-0.6768869
-0.6934891
-0.5767601
-0.7962118
-0.7681371
-0.6063715
-0.7108315
-0.6252877
-0.7422946
-0.6897781
-0.5964219
-0.7946342
-0.5948546
-0.6549668
-0.7280582
-0.5632346
-0.4895851
-0.5385585
-0.6087243
-0.688223
-0.641442
-0.6775387
-0.7070369
-0.5912016
-0.6216441
-0.5887128
-0.5421553
-0.5251783
-0.6149988
-0.5326611
-0.6236064
-0.4798627
-0.6617352
-0.4633049
-0.5814534
-0.664103
-0.6195769
-0.5087051
-0.6552007
-0.5435808
-0.6036228
-0.4256845
-0.4678166
-0.7189241
-0.6521893
-0.6358003
-0.5904374
-0.6104522
-0.5409233
-0.4400013
-0.4577907
-0.6926832
-0.7092377
-0.5266229
-0.5629978
-0.5029088
-0.369962
-0.6198195
-0.5668699
-0.3784887
-0.4694295
-0.3917939
-0.4820567
-0.3673672
-0.6536795
-0.4882147
-0.5441329
-0.4209712
-0.4639449
-0.4998363
-0.3753763
-0.5255159
-0.5965062
-0.5324363
-0.5066661
-0.3983137
-0.5036993
-0.3728572
-0.6769154
-0.5374914
-0.5598296
-0.4121269
-0.3694152
-0.4918915
-0.4343787
-0.5036298
-0.3606069
-0.4922634
-0.3019182
-0.5169623
-0.4466609
-0.5165612
-0.5852397
-0.4391802
-0.4343256
-0.4722424
-0.5026775
-0.5176727
-0.3775908
-0.3445736
-0.4489006
-0.4887201
-0.3633663
-0.5518996
-0.3915855
-0.4843879
-0.3817684
-0.4140758
-0.4752624
-0.4325407
-0.4751154
-0.5176726
-0.3491217
-0.2764214
-0.4161578
-0.340809
-0.5320556
-0.3017926
-0.4253266
-0.6279515
-0.3178059
-0.4988829
-0.4091231
-0.3195345
-0.472102
-0.2704232
-0.3008255
-0.3779913
-0.4141999
-0.2918493
-0.3483947
-0.5718141
-0.1901897
-0.3580472
-0.2771551
-0.2989066
-0.4116536
-0.4705637
-0.3072924
-0.3400978
-0.3293858
-0.2952208
-0.4458244
-0.3002567
-0.3732463
-0.3163943
-0.3713673
-0.4406919
-0.3168831
-0.2858339
-0.3281856
-0.4426483
-0.3911582
-0.3325052
-0.5134301
-0.4205309
-0.3190446
-0.3605956
-0.2857102
-0.3528127
-0.2984345
-0.3405515
-0.3226251
-0.4060385
-0.356471
-0.2765587
-0.2084897
-0.317418
-0.3699594
-0.3206381
-0.3969778
-0.2718371
-0.253665
-0.4256952
-0.3804362
-0.2900364
-0.2554529
-0.2096617
-0.4884517
-0.04295388
-0.06815489
-0.2156643
-0.2068565
-0.2948393
-0.3073323
-0.2677047
-0.3218933
-0.4003098
-0.231248
-0.2579959
-0.3318831
-0.3623986
-0.1654575
-0.2541646
-0.2322718
-0.2734
-0.3200202
-0.2511816
-0.3651613
-0.2750422
-0.3910987
-0.3900747
-0.2192739
-0.274972
-0.1069478
-0.3412416
-0.3098951
-0.3480482
-0.3552692
-0.1989078
-0.3215377
-0.3466551
-0.2323207
-0.2316381
-0.1753514
-0.2898456
-0.2664444
-0.2705964
-0.4036284
-0.2525114
-0.2182057
-0.2066249
-0.127945
-0.3685287
-0.2019276
-0.1179429
-0.1580615
-0.1764222
-0.1696548
-0.177366
-0.1902741
-0.2116031
-0.1426968
-0.2978013
-0.1717615
-0.1504629
-0.1707415
-0.1089712
-0.08409367
-0.0884433
-0.295648
-0.3711914
-0.2035995
-0.2339549
0.0241831
-0.183572
-0.1753804
-0.1234419
-0.2176528
-0.06652435
-0.1834878
-0.147712
-0.1253579
-0.06827606
-0.07897301
-0.09864187
-0.0321272
-0.05069126
-0.1161605
-0.09760083
-0.251015
-0.3397929
-0.1116267
-0.2407125
0.04788005
-0.07071177
-0.2311934
-0.12756
-0.1564529
-0.1699784
-0.2294205
-0.1483578
-0.03239725
-0.01600506
-0.1719628
-0.1244121
-0.08701839
-0.1480534
-0.2101144
-0.05355325
-0.1523737
-0.03148208
-0.08750323
-0.1014973
-0.1658828
-0.03404131
0.01713222
-0.0134407
-0.02100451
-0.1223898
-0.05317447
0.01107563
-0.01554001
-0.1568213
-0.1067383
0.06219167
-0.08915526
-0.04708679
-0.08726971
-0.1192327
-0.04477095
0.01472313
-0.07260879
-0.02215656
-0.08407281
-0.104313
0.04257025
0.1086905
0.02587753
-0.02096093
-0.1213139
-0.1033852
0.04306597
-0.06705466
-0.06809403
0.01140259
-0.1694307
0.1625723
-0.06232833
-0.03347233
0.003469081
-0.008193804
0.1033623
-0.1176686
-0.06363524
0.06202125
-0.02662129
0.07815245
-0.02274401
0.01904333
-0.02341016
-0.153799
0.03573367
0.02046357
0.08605517
-0.07584763
-0.02479605
0.06768165
0.029426
0.06494683
0.01898876
0.03806267
0.03125861
-0.0902811
-0.01913727
0.1642406
0.01865018
-0.01556746
0.2664958
0.03858316
0.04189142
0.006724028
0.1220711
-0.04396122
0.154933
0.1103675
0.0790229
0.1663177
0.05434147
-0.01749243
0.01242861
0.1942066
0.1456817
0.08528427
0.09468395
-0.01116575
0.04655452
0.09349437
0.1144383
0.08181573
0.0881392
0.1288885
0.2728587
0.09565682
0.128178
0.06710026
0.04067121
0.1895301
0.0461928
0.1439037
0.2055076
0.210748
0.05710176
0.09876273
0.1540786
0.148171
0.1126355
0.2135676
0.05449313
-0.03438743
0.1644394
0.1251165
0.1877113
0.1597383
0.2139781
0.1719482
0.2255006
0.08688918
0.08924993
0.1877821
0.1079975
0.1460658
0.2342062
0.2507797
0.126255
0.1744883
0.1835499
0.3035236
0.08478287
-0.003753104
0.1097738
0.07345609
0.2067092
0.2902412
0.3409039
0.2682665
0.04227221
0.2176101
0.2302093
0.2725535
0.2359139
0.1181896
0.2590131
0.06013785
0.2060245
0.2008212
0.3092381
0.1651282
0.08111227
0.1833221
0.2494016
0.1771332
0.3030791
0.1962469
0.2820553
0.3029559
0.2146895
0.2436723
0.1811
0.2514471
0.3218389
0.192684
0.2819609
0.08653379
0.2274674
0.183831
0.1741707
0.2370006
0.2082902
0.2947644
0.2841317
0.2251908
0.1393797
0.2662951
0.3246127
0.04967137
0.1356528
0.4309373
0.2847988
0.04230674
0.196625
0.3928653
0.2583203
0.2721621
0.3317124
0.3219652
0.3074246
0.3221196
0.3029166
0.250602
0.2833944
0.2509239
0.334278
0.3359232
0.364666
0.3200774
0.3215889
0.3788319
0.3276172
0.338308
0.2650499
0.2710466
0.3077569
0.2276768
0.3188513
0.3149889
0.3203275
0.1807873
0.3511273
0.3906567
0.2610895
0.2987878
0.383203
0.2788582
0.4278106
0.3309452
0.1897924
0.3505133
0.4478587
0.4405428
0.3187157
0.2188745
0.3950175
0.2417417
0.3991735
0.2555226
0.3112144
0.2863628
0.3284242
0.4589673
0.4836031
0.3943251
0.5450751
0.4591601
0.4243821
0.4167674
0.3232635
0.5523976
0.248365
0.3924112
0.2627665
0.2691908
0.3386965
0.371752
0.4234782
0.3401225
0.4735278
0.3678136
0.4016025
0.295329
0.4569072
0.357139
0.4332337
0.3766807
0.6638316
0.418167
0.552498
0.3657477
0.3542577
0.3942628
0.3915104
0.510204
0.4263977
0.2902281
0.3594871
0.4555685
0.5355918
0.4583252
0.605051
0.3972298
0.3166077
0.4561022
0.4432322
0.4515096
0.5328821
0.5125188
0.4016587
0.5000397
0.6185145
0.3698944
0.5138848
0.5654351
0.4584497
0.3909347
0.4151139
0.5723894
0.3408359
0.5503866
0.5013987
0.5759839
0.5143548
0.5708694
0.367272
0.4451457
0.4290132
0.5810879
0.5464911
0.3778597
0.5466586
0.4179879
0.625117
0.6507126
0.461333
0.5661625
0.431105
0.5897315
0.5536989
0.5123663
0.4245708
0.5107901
0.4629811
0.5474537
0.5251508
0.5431984
0.5349368
0.5759409
0.6097814
0.4651581
0.6658276
0.702724
0.5177451
0.581701
0.4309783
0.6405034
0.5195271
0.5671378
0.4723618
0.4562697
0.6981815
0.5137775
0.5096842
0.5944905
0.6277684
0.5304172
0.560072
0.4637376
0.4184396
0.6155188
0.5781086
0.4678843
0.6697971
0.5920059
0.6161105
0.6365434
0.5111809
0.584795
0.5653909
0.6351013
0.7387397
0.5560729
0.7157416
0.6405835
0.557815
0.5050689
0.6435921
0.7305222
0.5864229
0.6300084
0.5944664
0.680025
0.4099965
0.5360965
0.6925274
0.5147736
0.728723
0.601972
0.7558538
0.7166622
0.6293026
0.6933978
0.7626462
0.6377549
0.7628861
0.5668924
0.5535499
0.6053247
0.7010605
0.5310918
0.5836899
0.8392963
0.5727319
0.6779437
0.6676455
0.8599491
0.731605
0.6339536
0.6310689
0.753214
0.7016654
0.7054489
0.7627046
0.6357992
0.6570636
0.6285658
0.7667162
0.7766216
0.7202464
0.6066886
0.7191997
0.6453445
0.6865442
0.7290812
0.8063238
0.7831828
0.6903955
0.7943843
0.6977647
0.6447373
0.7963107
0.6114583
0.8204126
0.7071002
0.7523704
0.7344436
0.6665093
0.7445067
0.7201618
0.6945234
0.7399583
0.7590206
0.7727183
0.8205647
0.6771394
0.7111147
0.7010424
0.6710128
0.8252394
0.8750783
0.8659366
0.7008902
0.8327557
0.9170634
0.7756645
0.8472401
0.7449549
0.7621185
0.8083649
0.7736573
0.8191934
0.9048354
0.7811122
0.733634
0.9513901
0.7629936
0.8403165
0.7943836
0.8277887
0.8170301
0.7530625
0.7571143
0.8121191
0.8742272
0.7657273
0.7524974
0.8064129
0.8799827
0.9754431
0.8776661
0.7889625
0.7277392
0.9312216
0.9120218
0.8901304
0.8891214
0.8311564
0.9645945
0.8971623
0.8866941
0.9262055
0.6613877
0.9397567
0.8817593
0.8773798
0.7904489
0.8003048
0.8396934
0.8727088
1.005302
0.9435635
0.854591
0.8436608
0.8266074
0.7855639
0.9190114
0.8314201
0.8481067
0.8235649
0.6504872
0.9228432
0.8667965
0.8351441
0.895957
1.032455
0.8867454
0.8834273
0.8241914
1.065914
0.8946983
0.9090083
1.052054
1.088589
0.7952891
1.010413
0.9241474
1.054404
1.071722
0.9060994
0.9105489
0.8459558
0.8927768
0.9017536
0.8134573
0.9167577
0.9906521
1.033763
0.9595458
1.029975
0.9455652
0.8447868
0.8775493
0.7783564
0.9487798
0.9157309
0.8716191
1.033038
0.8306887
0.9912488
0.9549598
0.8877565
1.043437
1.10162
0.9692257
0.9975851
1.085777
0.9279457
0.9498431
1.028316
1.003921
1.021832
1.043952
0.7814517
1.050562
0.8966267
1.005323
1.0292