0.03159423
-0.9555671
-1.044663
-0.9245623
-1.043394
-0.9486973
-0.9739444
-1.006895
-1.138989
-0.9888259
-0.9678133
-0.933482
-1.019395
-0.9585499
-0.9387876
-0.9302409
-0.9240371
-0.846889
-1.001692
-0.9223349
-1.038976
-0.977245
-0.8677353
-0.9084223
-1.08705
-0.8667021
-0.9050017
-0.968369
-1.046775
-0.9518651
-0.9303269
-0.8972341
-0.892611
-1.013979
-0.8999982
-0.8884959
-0.9062767
-0.8268521
-0.9260972
-0.9169821
-0.6739322
-0.7625307
-0.881156
-0.9020822
-0.9848679
-0.7859786
-0.9695746
-0.9487747
-0.9467529
-0.9152795
-0.8360101
-1.023447
-1.026296
-0.6918159
-0.7590945
-0.7827797
-0.8842243
-0.9852991
-0.8341491
-0.822345
-0.7054724
-0.8109681
-0.9554053
-0.9656671
-0.8750202
-0.8238938
-0.946059
-0.8182684
-0.8706625
-0.8158709
-0.8041227
-0.6455995
-0.731458
-0.9908704
-0.9907009
-0.8621305
-0.7815811
-1.036522
-0.7245279
-0.8409961
-0.8315597
-0.8433744
-0.9120548
-0.8650526
-0.8442321
-0.7910204
-0.6439543
-0.893811
-0.7786221
-0.9161593
-0.8354589
-0.8200142
-0.7228335
-0.914603
-0.7313456
-0.7229512
-0.711693
-0.8398785
-0.7362792
-0.835499
-0.8027427
-0.7517885
-0.7957358
-0.9007751
-0.8930509
-0.9363142
-0.7232376
-0.7287807
-0.8888039
-0.711585
-0.860358
-0.7968086
-0.7966363
-0.7278307
-0.6927896
-0.7815499
-0.661445
-0.6987185
-0.8486004
-0.7349812
-0.8346719
-0.7318185
-0.8624231
-0.8071155
-0.7273274
-0.6061682
-0.7179927
-0.9379447
-0.7176812
-0.7223574
-0.7041863
-0.5699781
-0.7499557
-0.832703
-0.7608806
-0.77444
-0.7143342
-0.5039565
-0.5392977
-0.6881787
-0.7674003
-0.6736733
-0.7661449
-0.8149425
-0.7711447
-0.7298887
-0.6137712
-0.6803804
-0.6628208
-0.6831604
-0.692653
-0.6952032
-0.705834
-0.638228
-0.7323861
-0.6247549
-0.7486727
-0.667684
-0.6174377
-0.5753491
-0.6165636
-0.5880692
-0.5508757
-0.6012119
-0.6655604
-0.6493354
-0.6355229
-0.6658045
-0.8105442
-0.5899433
-0.6520907
-0.6002864
-0.6660492
-0.6926681
-0.6080899
-0.7651265
-0.6800443
-0.7653622
-0.6690148
-0.8138309
-0.5187536
-0.6634161
-0.5971413
-0.6926011
-0.5813299
-0.5689891
-0.5232936
-0.6253302
-0.6693684
-0.5850119
-0.6877193
-0.5638217
-0.642309
-0.7013541
-0.6786837
-0.5170871
-0.589303
-0.5449344
-0.5028092
-0.510963
-0.6305202
-0.5722296
-0.6701241
-0.538944
-0.6327897
-0.7368896
-0.6358659
-0.7701368
-0.4856954
-0.4649926
-0.5617179
-0.565983
-0.5779838
-0.5283341
-0.6333021
-0.6146927
-0.5251981
-0.5573959
-0.568695
-0.6706058
-0.3869878
-0.5470548
-0.5807692
-0.525772
-0.6189626
-0.5159467
-0.5610679
-0.738961
-0.4991786
-0.5129888
-0.5634963
-0.5676193
-0.5306161
-0.4502608
-0.6679581
-0.5240899
-0.7264399
-0.4939301
-0.5484626
-0.6678642
-0.653052
-0.5348493
-0.5294985
-0.505671
-0.6151985
-0.604694
-0.4494869
-0.4746931
-0.5342467
-0.3879619
-0.4365378
-0.5336635
-0.6640853
-0.498095
-0.5290467
-0.4671781
-0.4583775
-0.6597786
-0.5237361
-0.4714857
-0.4435026
-0.5088837
-0.6024368
-0.5145563
-0.2882744
-0.4518505
-0.4280196
-0.4951268
-0.4869942
-0.3916391
-0.372319
-0.3454868
-0.4259193
-0.6359143
-0.5920266
-0.4048577
-0.4191134
-0.51294
-0.3961996
-0.3819935
-0.5531238
-0.4211376
-0.5230001
-0.3630167
-0.5117686
-0.5992211
-0.3190568
-0.4512956
-0.3397807
-0.4742202
-0.257864
-0.4608516
-0.5632028
-0.3451218
-0.3172567
-0.4257681
-0.4422432
-0.5363108
-0.3266921
-0.3536768
-0.401856
-0.4757676
-0.4180777
-0.4655029
-0.4266785
-0.4447446
-0.3082515
-0.4924126
-0.4920585
-0.4123861
-0.2950941
-0.5123946
-0.3936186
-0.4694399
-0.4271511
-0.3529163
-0.4265156
-0.5059213
-0.2130925
-0.3278907
-0.2955571
-0.2909606
-0.4259885
-0.355575
-0.3189104
-0.5130168
-0.5071397
-0.1946111
-0.2781716
-0.2871345
-0.2920291
-0.3530656
-0.3525134
-0.3379579
-0.1885184
-0.3853535
-0.4651251
-0.2217926
-0.2957853
-0.3254816
-0.301693
-0.3823559
-0.3914412
-0.4095285
-0.3006115
-0.2715142
-0.3123055
-0.2145799
-0.2305941
-0.3473909
-0.3486816
-0.3717845
-0.3719998
-0.2612525
-0.2287001
-0.2377313
-0.2292307
-0.2651555
-0.3348956
-0.3087771
-0.2742386
-0.2477245
-0.2742531
-0.3900642
-0.2998357
-0.1611102
-0.2740193
-0.3222005
-0.2436099
-0.4328123
-0.1832979
-0.2476505
-0.2303047
-0.3622305
-0.4065066
-0.2495866
-0.2398296
-0.2569667
-0.2947053
-0.2235473
-0.07541199
-0.1433842
-0.4135076
-0.2988067
-0.3705642
-0.2687659
-0.1130362
-0.2100923
-0.2718247
-0.2306615
-0.2214736
-0.1252393
-0.1853605
-0.2056965
-0.3736279
-0.3790019
-0.3058704
-0.321889
-0.1911936
-0.2455222
-0.08517239
-0.057196
-0.2396132
-0.3228844
-0.1315697
-0.1628338
-0.1251232
-0.1493213
-0.1600516
-0.095977
-0.1690423
-0.1011149
-0.1652917
-0.1436426
-0.1573264
-0.1231954
-0.2026812
-0.1376063
-0.02555828
-0.1877229
-0.1221344
-0.301657
-0.227667
-0.1485129
-0.1564861
-0.02743574
-0.1397064
-0.1861154
-0.07211376
-0.0746157
-0.1016048
-0.07168289
-0.2031996
-0.04301186
-0.09981611
0.009934178
-0.1262035
-0.111991
-0.1644466
-0.09919565
-0.07773829
-0.1908085
-0.2911501
-0.1649953
-0.2097184
-0.1916119
-0.2368377
-0.2452029
-0.08282548
-0.03638637
0.02790068
-0.1605772
-0.1761489
-0.06390702
-0.07914618
0.01783223
0.02146245
-0.1293614
-0.02340465
-0.1015755
-0.07911621
-0.09839778
-0.1570714
-0.01095604
-0.03363007
-0.1156244
-0.132428
0.01868291
-0.1598582
-0.0566493
-0.03827381
-0.1149584
0.04659936
-0.1233892
0.02437056
-0.04114087
-0.1738205
-0.07582227
-0.06411745
-0.003437123
-0.06966061
0.05264139
-0.04871566
-0.08910157
-0.02363776
-0.1390127
0.05998207
-0.02346146
0.141163
-0.0971965
-0.07151087
-0.02180948
0.05712374
-0.03253875
0.03159657
0.1085065
-0.1138777
-0.09888045
0.03755158
-0.0001984709
-0.07965136
-0.1838859
0.08893294
-0.02191056
-0.07501653
0.08960666
0.009635747
0.2294183
0.172602
-0.1115984
0.04940079
-0.0986714
0.1146849
-0.01694174
0.09814359
0.1093401
0.08925399
0.1854622
0.139553
-0.04794749
0.007001864
-0.08079047
-0.02751859
0.1014604
0.212298
0.06619873
-0.06702406
-0.05982695
0.147142
0.06630217
0.1334797
0.04883226
-0.007402658
0.1810925
0.07693576
0.1234587
0.02308771
-0.008066948
-0.01444175
0.2657672
-0.1042376
0.06085827
0.1228553
0.02010308
0.1331849
-0.02062004
0.2333795
0.02693102
0.1062365
0.1400884
0.008961682
0.1493162
0.04505193
-0.01076477
0.1561674
0.2077506
0.1039028
0.1177445
0.152893
0.2438713
0.2017125
0.1500923
0.07241176
0.158141
-0.010355
0.1554432
0.07742796
-0.06364251
0.08143493
0.2227632
0.07491868
0.1327514
0.1014593
0.1172076
0.1746196
0.1493895
0.0878344
0.003356987
0.1316972
0.173071
0.1543024
0.3199901
0.262218
0.1256055
0.2530077
0.2011258
0.1327834
0.1876447
0.1253769
0.1402409
0.2467751
0.1538209
0.2337216
0.1438596
0.1704792
0.2155233
0.009381051
0.2481486
0.2575862
0.3363333
0.2748806
0.3247929
0.1076946
0.3032466
0.1508206
0.3084932
0.1199273
0.2958631
0.2066528
0.3348302
0.302359
0.1801811
0.2310574
0.2668765
0.3537863
0.3270658
0.3179143
0.1930705
0.2948077
0.2369183
-0.02601362
0.2154178
0.1798478
0.2032713
0.2784262
0.3130546
0.2686951
0.3525578
0.2404102
0.3509075
0.2624407
0.2240521
0.08675058
0.3435027
0.1669907
0.4358197
0.2665326
0.1986647
0.3325965
0.2427227
0.3003243
0.3981093
0.3375686
0.3298115
0.3967877
0.3876926
0.1779648
0.1094866
0.2658054
0.1160896
0.2267094
0.3023862
0.3466406
0.2872838
0.3386256
0.25405
0.2254571
0.3130315
0.2673691
0.2585322
0.4355543
0.1676114
0.3000798
0.3416835
0.3121203
0.380559
0.2086754
0.3643711
0.2592141
0.313308
0.2605587
0.3348225
0.2416412
0.3159476
0.2615399
0.4275901
0.4882745
0.3551088
0.4247754
0.3921481
0.5048754
0.2116764
0.3116645
0.3314989
0.3865453
0.3552077
0.3559602
0.4011376
0.2769262
0.3591509
0.4145379
0.3938319
0.3928955
0.5977791
0.3751168
0.3398552
0.3916893
0.4577938
0.3591767
0.5352219
0.3927236
0.4949536
0.2952317
0.3806203
0.4336108
0.3567566
0.389912
0.2953267
0.3216905
0.3468915
0.4155297
0.4350726
0.5776448
0.5060685
0.5129043
0.2790377
0.3636063
0.4811731
0.4100102
0.3936109
0.4872545
0.526159
0.4272602
0.5777441
0.3796916
0.4477529
0.4429197
0.3130409
0.5106723
0.4171836
0.5788445
0.5797531
0.3254472
0.2759783
0.5317571
0.4942776
0.3698515
0.5185469
0.6067352
0.4734903
0.4044577
0.5317208
0.5690401
0.3916908
0.5160223
0.5673811
0.3497829
0.5311923
0.66516
0.4701301
0.488592
0.5204845
0.6753514
0.490605
0.3281781
0.6431515
0.5979831
0.6211803
0.5156511
0.7396673
0.5457691
0.481948
0.580416
0.5735678
0.4868365
0.5269388
0.4004493
0.4979912
0.5977623
0.6182621
0.5188625
0.5704385
0.5139685
0.620143
0.6026141
0.6029668
0.5655535
0.5045222
0.5743113
0.575465
0.4504871
0.5029379
0.3949279
0.4981605
0.7341578
0.5788751
0.5213495
0.5968922
0.6335595
0.6447466
0.5663274
0.5563713
0.6692178
0.536386
0.4995388
0.6655141
0.4868688
0.529874
0.4338265
0.6157551
0.6005548
0.5944197
0.522849
0.6178443
0.7033198
0.6610888
0.6416234
0.6380061
0.5456475
0.7132731
0.6758822
0.5234851
0.6473248
0.5670941
0.741866
0.6340972
0.6629089
0.7394318
0.7071694
0.6308687
0.6851388
0.5692015
0.5465863
0.6624216
0.7397838
0.7383781
0.6411751
0.7303376
0.609109
0.6703493
0.670309
0.57127
0.6529122
0.5451142
0.7317009
0.7293711
0.7801959
0.7683384
0.8125206
0.7304455
0.5540065
0.7602938
0.6645986
0.740143
0.7400258
0.7153795
0.6588595
0.5653043
0.5038984
0.6801324
0.7410378
0.7581365
0.7377792
0.7950462
0.6660873
0.6963521
0.798522
0.7084428
0.6379707
0.6913259
0.8010887
0.7888099
0.6333714
0.8101012
0.7343735
0.639105
0.6483079
0.82478
0.702079
0.8267852
0.9031214
0.6803709
0.7044958
0.7661269
0.7411892
0.563972
0.8416636
0.7111892
0.6935439
0.728636
0.9693433
0.7803388
0.7385309
0.814689
0.7876571
0.7164257
0.8653557
0.8015908
0.7654453
0.6140884
0.6511568
0.8176837
0.8091218
0.8929057
0.8329231
0.7646142
0.8710257
0.9428224
0.823657
0.7147835
0.9225817
0.8017425
0.7051987
0.881099
0.6439257
0.7838583
0.7545632
0.77578
0.7940647
0.7796719
0.805365
0.8460136
0.7737168
0.7897274
0.8667846
0.7596081
0.8580171
0.7860603
0.8992073
0.8781766
1.052992
0.9578411
0.8221651
0.8916686
0.8675781
0.8799864
0.7890819
0.9487
0.9997055
0.83934
0.9095187
0.7629874
0.7690086
0.7285417
0.9139296
0.7532881
0.9429703
0.9317766
0.8987988
0.8964314
0.9764945
0.8670352
0.85663
1.009544
0.8602509
1.004097
0.9969457
0.7716318
0.9105675
0.9982506
0.8403991
0.8267273
0.7676041
0.8613992
1.002753
0.7843087
0.8840124
0.8613568
0.7101706
0.8961677
0.9474598
0.9144606
1.103602
1.021234
0.9437883
0.9669589
0.8806004
1.026584
0.9663016
0.8813461
1.003372
0.9892406
0.9503705
0.9710263
0.8207124
1.005465
0.8347416
1.034454
0.9063011
0.9895246
0.8668462
0.9749259
0.9794142
0.870679
0.9031379
1.078135
0.9892648
1.036265
0.9852295
0.9978685
0.8966647
1.070617
0.9506014
1.066233
1.012494
0.9071152
1.032254
1.084834
0.9456336
0.9181688
0.8620824