-0.01990635
-1.036157
-0.9690838
-1.050203
-0.9468924
-0.9359151
-1.058773
-1.107075
-0.9255656
-0.9776528
-1.014133
-1.05909
-1.014827
-0.8694685
-0.9325121
-1.062688
-0.8831863
-0.9295791
-0.8982389
-0.9262311
-0.964023
-0.9831665
-0.9720234
-1.106564
-0.8953054
-1.098372
-0.9550328
-1.019441
-0.971136
-0.9154783
-0.972013
-0.9635773
-0.9613154
-0.9883178
-0.9320936
-0.876819
-0.9094855
-1.148704
-0.9571212
-0.9434022
-0.9959617
-0.9273152
-0.8295788
-0.8054841
-0.9400511
-0.9892364
-0.8847172
-0.9047652
-1.027371
-0.8498738
-0.9384019
-0.781385
-0.911927
-0.9792831
-0.8357239
-1.043755
-0.9119426
-0.8347659
-0.8992631
-0.9880164
-1.05532
-0.906443
-1.027582
-0.7802446
-0.9479201
-0.8132076
-0.7358907
-0.8496242
-0.7454575
-0.8792671
-0.8944681
-0.9131497
-1.00266
-0.9716706
-0.7119063
-0.9262958
-0.8609541
-0.7280769
-0.8692558
-0.8444648
-0.678914
-0.9567933
-0.9211988
-0.8586087
-0.882451
-0.9891679
-0.7099269
-0.8600984
-0.8583652
-0.9677884
-0.7657856
-0.7324547
-0.8682437
-0.6936806
-0.6046755
-0.8431083
-0.7518877
-0.7935349
-0.7660999
-0.8667083
-0.7130673
-0.9301846
-0.6618967
-0.8103542
-0.8457942
-0.7874271
-0.7464872
-0.7514524
-0.8902293
-0.7422598
-0.8127183
-0.7407498
-0.8030155
-0.794232
-0.7611538
-0.8001642
-0.7677394
-0.648471
-0.7663756
-0.7516421
-0.7187332
-0.8401638
-0.7569659
-0.6791075
-0.8264965
-0.7064831
-0.5985721
-0.7605201
-0.8000663
-0.697398
-0.8038894
-0.7785734
-0.8411982
-0.6978061
-0.6672027
-0.7387327
-0.806701
-0.5872517
-0.781084
-0.6073026
-0.6634105
-0.7937519
-0.6577247
-0.8489835
-0.7552073
-0.6109744
-0.7439566
-0.6167304
-0.7959876
-0.8225793
-0.6548016
-0.8264498
-0.7895122
-0.609914
-0.5885923
-0.6069772
-0.6196544
-0.7230617
-0.6513729
-0.6469124
-0.8215237
-0.6142488
-0.7675224
-0.636591
-0.641207
-0.6231979
-0.7284715
-0.6959594
-0.5430725
-0.6653282
-0.637278
-0.6769297
-0.6704879
-0.5923596
-0.6488379
-0.6826804
-0.6611678
-0.746077
-0.7169592
-0.6246184
-0.7087406
-0.6290795
-0.6151109
-0.7431867
-0.6605851
-0.5723455
-0.6662535
-0.5646334
-0.5810972
-0.6390743
-0.6166789
-0.4592455
-0.5515312
-0.5453563
-0.6027776
-0.6332371
-0.5422525
-0.4924272
-0.6770595
-0.6595416
-0.6686801
-0.5890981
-0.5795485
-0.5003228
-0.6986934
-0.5363622
-0.683899
-0.6331609
-0.5476219
-0.7121511
-0.5475589
-0.4838606
-0.5925183
-0.6284607
-0.5605844
-0.6175202
-0.5482226
-0.5913491
-0.5751165
-0.5968111
-0.5529231
-0.5306364
-0.442409
-0.5552248
-0.5997556
-0.6211476
-0.4584065
-0.352121
-0.624919
-0.5159676
-0.6124361
-0.6112104
-0.2507071
-0.5049425
-0.5805831
-0.6556645
-0.6577716
-0.4352502
-0.4155432
-0.4991043
-0.4621268
-0.4599387
-0.6452896
-0.476105
-0.6270976
-0.5590243
-0.4424627
-0.5139976
-0.4986869
-0.4709426
-0.4415388
-0.4991262
-0.5915471
-0.4798885
-0.427696
-0.4610752
-0.5069356
-0.4791068
-0.4713151
-0.3058207
-0.6227128
-0.5185672
-0.387146
-0.4704169
-0.5254527
-0.4355692
-0.6141379
-0.4266035
-0.4769525
-0.3795232
-0.3534168
-0.4480701
-0.425453
-0.5139314
-0.4697868
-0.374894
-0.3430668
-0.5496138
-0.4881869
-0.4070769
-0.3637594
-0.4322948
-0.3841631
-0.5251579
-0.3575478
-0.4674949
-0.3283992
-0.5041004
-0.6206764
-0.2842968
-0.3241086
-0.2968204
-0.5790838
-0.3275627
-0.4954661
-0.3455178
-0.3422964
-0.4105947
-0.3323673
-0.4661101
-0.3447275
-0.477999
-0.3832312
-0.457134
-0.4207113
-0.4897922
-0.5793259
-0.4389364
-0.3635166
-0.4056276
-0.4135637
-0.4684574
-0.3919742
-0.3144471
-0.493259
-0.2638921
-0.3720303
-0.2176488
-0.2333419
-0.3822799
-0.5559426
-0.3745618
-0.3399413
-0.434727
-0.3885491
-0.3426445
-0.4075713
-0.5299622
-0.2665563
-0.3052141
-0.3648811
-0.4377745
-0.3685616
-0.3452003
-0.395486
-0.2836741
-0.3045695
-0.3292633
-0.2627495
-0.2674617
-0.2736451
-0.3730088
-0.3354958
-0.3930049
-0.2775918
-0.2502998
-0.2159279
-0.3499561
-0.3333919
-0.4816815
-0.3588831
-0.3757649
-0.259591
-0.2445478
-0.1870178
-0.2728728
-0.1885971
-0.3571806
-0.1835911
-0.3453238
-0.4799277
-0.3122562
-0.2622091
-0.2325687
-0.3055724
-0.2093919
-0.3278029
-0.321622
-0.3483556
-0.30753
-0.2525472
-0.1998583
-0.2726554
-0.3400837
-0.3543404
-0.3102888
-0.184905
-0.3272947
-0.2359865
-0.2131147
-0.2713759
-0.2695456
-0.2518954
-0.2290159
-0.1982562
-0.2990521
-0.2419781
-0.1170268
-0.2468331
-0.2411329
-0.1998003
-0.06799061
-0.2263313
-0.3624716
-0.1947567
-0.3795377
-0.1298663
-0.07147071
-0.182168
-0.1774907
-0.2136275
-0.1840198
-0.1340879
-0.2663169
-0.08274242
-0.1081675
-0.1914178
-0.0287717
-0.2071253
-0.2357519
-0.1114727
-0.1631954
-0.1218495
-0.1316972
-0.2383502
-0.09731927
-0.1635831
-0.2329635
-0.2579279
-0.201245
-0.09913491
-0.2106271
-0.2096246
-0.1241357
-0.1350997
-0.2076564
-0.1957847
-0.2806749
-0.2163634
-0.2369933
-0.2974038
-0.09786026
-0.04670234
-0.2336252
-0.1988642
-0.08414766
-0.08197895
-0.2999481
-0.148751
-0.1919886
0.003159006
-0.1837145
-0.1205265
-0.007296141
-0.2159031
-0.1450985
-0.2215222
-0.1666498
0.05625192
0.08361675
0.02834828
-0.03263849
-0.1728045
-0.09538707
-0.01860402
-0.1255905
-0.1102046
-0.1918584
-0.0532336
0.01400676
-0.1748799
-0.2875106
-0.07226442
-0.04989186
-0.04062616
-0.1046133
-0.1461401
-0.1192067
0.05785961
-0.0728366
-0.006105554
-0.1176253
-0.1162725
0.03538706
-0.005406654
-0.03830345
0.01339287
-0.1271741
0.09480483
-0.09327567
-0.1070472
-0.1935435
-0.1690953
0.02224445
0.1520343
-0.1552286
-0.06399564
-0.06687293
-0.005584627
0.102504
0.03996144
0.008623955
-0.04759159
0.112647
0.02294928
0.0009800725
-0.08403307
-0.01669408
-0.08476036
-0.02323044
0.01948647
0.1746875
-0.006712702
-0.2157367
0.09003061
0.007996072
-0.07310409
-0.08803033
-0.03413165
0.1546485
-0.1225977
0.001521258
0.1690247
-0.008505565
0.07447866
0.1276583
-0.1060825
0.0300079
-0.0005309908
0.09765294
0.08980077
0.08837512
0.05531988
-0.04368718
-0.02191667
-0.02573671
0.1399704
0.06613537
0.009268511
-0.01756967
0.1376153
0.04313258
-0.03618958
0.06501912
0.03768121
0.02030845
0.1396027
0.04280117
0.09211394
0.02144931
0.05118621
0.01634901
0.0878602
0.04756624
0.187295
-0.02756933
0.2192727
0.03657845
0.1297998
0.2509231
0.1258253
0.05628447
-0.1049004
0.225815
0.07122605
0.1260881
0.04771753
0.1297976
0.1399306
0.1980713
0.1109134
0.1965471
0.1817816
0.1680152
0.1724717
0.12401
0.2361177
0.2567593
0.1839903
0.255546
0.06315363
0.1965818
0.1535474
0.2567787
-0.01150317
0.1107188
0.1740658
0.1519513
0.04006725
0.10684
0.1745055
0.1458502
0.1335506
0.1044141
0.1381387
0.2065205
0.2780683
0.1903354
0.1041013
0.2446151
0.1468663
0.1731986
0.2886244
0.1254557
0.3048973
0.2450212
0.2032009
0.04857477
0.1171359
0.1513348
0.07343463
0.2962505
0.04808119
0.1695871
0.2213863
0.1099678
0.2538084
0.2370511
0.2196187
0.2047052
0.3065392
0.2246705
0.2368054
0.355468
-0.133717
0.2375608
0.06469696
0.2913659
0.2805443
0.2801666
0.2886547
0.2800475
0.3517749
0.1709814
0.2882527
0.3949512
0.3059956
0.1176176
0.2372069
0.2893829
0.2967464
0.1435408
0.2912048
0.2121503
0.1380785
0.157974
0.1442704
0.3190782
0.2930581
0.3158956
0.1958101
0.1745811
0.2965381
0.1246802
0.2627593
0.3602156
0.2689373
0.4249522
0.247765
0.2631288
0.4317331
0.3401017
0.3159063
0.2089323
0.3410912
0.3793516
0.3943087
0.2822674
0.3819757
0.3063744
0.4242089
0.4653442
0.1712981
0.3117663
0.3965722
0.3001878
0.1662739
0.5116653
0.1661386
0.4037916
0.2742805
0.3326023
0.3243061
0.3631593
0.3648444
0.3396933
0.3539444
0.3410719
0.426248
0.3014339
0.2580186
0.2381306
0.4703987
0.3944326
0.3958435
0.3338536
0.4825483
0.2930488
0.3406614
0.3052226
0.3922323
0.4003548
0.4171259
0.3764765
0.3972895
0.4342876
0.3296268
0.1598806
0.4197707
0.3035646
0.3863869
0.3292082
0.3625719
0.5395853
0.3531143
0.4503403
0.353938
0.4128801
0.379967
0.2758741
0.2836428
0.326042
0.2552898
0.3031881
0.5178996
0.4022184
0.4528837
0.4577223
0.361121
0.5137629
0.4490282
0.3487421
0.4461432
0.6096421
0.3304952
0.6652556
0.456277
0.4322967
0.5249243
0.5189429
0.4549267
0.4359029
0.4050893
0.280845
0.5267012
0.3265079
0.4553951
0.4094777
0.5628189
0.3817208
0.5247767
0.6143152
0.5085581
0.4366515
0.5729142
0.5556842
0.5982037
0.5126807
0.5773904
0.5569331
0.4953306
0.2853168
0.5216858
0.3446725
0.4968951
0.5277613
0.594507
0.4333432
0.4395958
0.5679955
0.721258
0.4518877
0.4494673
0.5454194
0.5777003
0.6696306
0.5719411
0.7265629
0.5402202
0.4802779
0.5975582
0.5472473
0.4653132
0.4453765
0.643272
0.515237
0.5743649
0.5062389
0.5844295
0.7407259
0.6140009
0.4714521
0.5076202
0.4739599
0.6221257
0.5690677
0.5122485
0.6028676
0.7228001
0.5620602
0.4469089
0.7591448
0.607534
0.5106869
0.5182038
0.4406186
0.6271231
0.6299039
0.6511108
0.6033486
0.674651
0.6286608
0.4146134
0.584926
0.6605707
0.7700861
0.7279482
0.6740499
0.7235634
0.7136653
0.6211146
0.6314272
0.586149
0.6843246
0.6542387
0.6130862
0.6617077
0.6734775
0.4285301
0.6412292
0.6258648
0.5022203
0.7007227
0.6555485
0.6815885
0.6200591
0.5363896
0.5187792
0.6803266
0.6809615
0.8407297
0.5837165
0.6857439
0.5502448
0.567826
0.7581737
0.6822981
0.664341
0.6686076
0.706213
0.6606425
0.5912266
0.6086185
0.6870228
0.6557823
0.8275542
0.5590039
0.7676254
0.6529107
0.6082509
0.6096932
0.5159246
0.6396658
0.7634629
0.7460621
0.787294
0.6013601
0.7427193
0.6637867
0.6871654
0.7315041
0.5995507
0.6049463
0.8531708
0.70543
0.767841
0.5653818
0.7590284
0.643504
0.6792464
0.6601935
0.8335469
0.8056491
0.714576
0.8341166
0.7891176
0.7264628
0.761652
0.9467738
0.6873329
0.7473928
0.6615864
0.6956159
0.780388
0.7534135
0.7075941
0.7485779
0.6916222
0.7160417
0.8201646
0.8346789
0.6504907
0.9106544
0.7929014
0.7159391
0.5969606
0.7661293
0.7112445
0.7292793
0.8774624
0.7041842
0.7447812
0.9208232
0.7920579
0.7118604
0.8905162
0.6646256
0.881425
0.9502292
0.9365509
0.8662448
0.9046827
0.7832691
0.8556447
0.9286136
0.869777
0.9100506
0.8845272
0.8519259
0.8023299
0.8150788
0.8448187
0.9473284
0.9560271
0.80627
0.777741
0.7892212
0.8084159
0.8453673
0.82265
0.6985458
0.908452
0.8307537
0.9351188
0.9857868
0.9554033
0.971622
0.8500793
0.9008874
0.81536
0.8565716
0.8089296
1.021486
0.8812001
0.9091752
1.031963
0.9593039
0.8086637
0.8831384
1.039473
0.9277158
0.9901453
0.8873959
0.7006863
0.8970905
0.8701068
0.9351637
0.9946396
0.9907579
1.068195
1.04825
0.9505521
0.9407724
0.9573577
0.8445886
0.8789763
1.018562
0.9812833
0.8845966
0.8725977
0.9418496
0.9794806
0.8908325
0.9815474
1.045341
0.9187202
1.098016
1.137351
0.9000646
0.9027756
1.059951
1.058436
0.8750193
0.8865627
0.9603581
0.8327
0.995254
1.01814
0.9370282
0.8597208
1.066548
0.9020043
0.9018248
1.115982
1.039209
1.020703
1.160386
0.8512745
0.9543289
0.9563663
0.948857