-0.03552782
-1.028407
-0.9817396
-1.037719
-0.9400568
-0.9645221
-1.047412
-1.088916
-0.9211775
-0.9972047
-1.021916
-1.042923
-1.008765
-0.876161
-0.9311717
-1.065405
-0.87174
-0.9180559
-0.8922258
-0.9147194
-0.9408273
-0.9936119
-0.9547776
-1.108383
-0.9065191
-1.085017
-0.9608794
-1.017497
-0.9554171
-0.9273864
-0.9805503
-0.9742631
-0.9774009
-0.9964469
-0.9544021
-0.8701625
-0.9097115
-1.128508
-0.9278763
-0.9541551
-1.017164
-0.9174677
-0.8413047
-0.7873443
-0.9399443
-0.9731992
-0.8722066
-0.9384692
-1.022954
-0.8650764
-0.9515776
-0.7875985
-0.9231935
-0.9683836
-0.8533692
-1.035902
-0.9181133
-0.8576053
-0.8835293
-0.979773
-1.054172
-0.8976004
-1.025405
-0.7883695
-0.9718593
-0.8128283
-0.7332874
-0.8583
-0.7501848
-0.8882776
-0.873724
-0.9038124
-1.018088
-0.948671
-0.7061236
-0.9148815
-0.8644166
-0.7057299
-0.8664821
-0.8344778
-0.6878782
-0.9654741
-0.9067422
-0.838137
-0.8862875
-0.9952761
-0.7153402
-0.8670898
-0.861755
-0.992169
-0.7738339
-0.7261296
-0.8761656
-0.7036113
-0.6153909
-0.8307894
-0.7374199
-0.8040517
-0.7701091
-0.8419639
-0.7141299
-0.9418302
-0.6520719
-0.8008472
-0.8254964
-0.7871512
-0.7322225
-0.7600217
-0.8898978
-0.7373484
-0.822859
-0.7416873
-0.8057817
-0.7729926
-0.8019956
-0.7728683
-0.7761135
-0.6349086
-0.7634894
-0.7689443
-0.6732436
-0.8661729
-0.7764363
-0.6892029
-0.8129695
-0.7166901
-0.5875112
-0.7671525
-0.7994085
-0.7128711
-0.7916429
-0.7928453
-0.8231216
-0.7189996
-0.6414729
-0.7459381
-0.7845052
-0.5839251
-0.7889276
-0.6028086
-0.6633733
-0.7933093
-0.6542718
-0.8374321
-0.757885
-0.6446817
-0.7445376
-0.6089635
-0.8087192
-0.8282068
-0.65698
-0.8442431
-0.7863353
-0.596619
-0.6144479
-0.6215726
-0.6105625
-0.7382261
-0.6539054
-0.6661661
-0.8312034
-0.5868799
-0.7538823
-0.6507502
-0.659284
-0.6227137
-0.7201901
-0.686534
-0.5489669
-0.6554893
-0.6371778
-0.6877464
-0.6550378
-0.614592
-0.6582065
-0.6724817
-0.6757652
-0.7510745
-0.6970682
-0.6394526
-0.6925036
-0.6294923
-0.6388819
-0.7708845
-0.6655624
-0.5572106
-0.6802483
-0.5487561
-0.5872922
-0.6462047
-0.6235876
-0.4532344
-0.5460917
-0.5420994
-0.607427
-0.6486896
-0.5505362
-0.5014634
-0.6743915
-0.6466233
-0.6558838
-0.5970506
-0.5651707
-0.5433567
-0.7144219
-0.5482889
-0.6821321
-0.6378084
-0.542519
-0.7144737
-0.5662178
-0.460824
-0.5849998
-0.637209
-0.573467
-0.6324892
-0.5310995
-0.5981513
-0.5567657
-0.601376
-0.551715
-0.525654
-0.4293131
-0.5482136
-0.6146132
-0.6127969
-0.4780431
-0.3411038
-0.6068763
-0.5155079
-0.6045969
-0.621281
-0.2578956
-0.5178417
-0.5683265
-0.6515032
-0.6765726
-0.4325421
-0.4193748
-0.4875844
-0.4631589
-0.4855514
-0.6327868
-0.4650199
-0.6356187
-0.5733891
-0.4774884
-0.5079469
-0.4854486
-0.470737
-0.4319083
-0.4797195
-0.5840079
-0.4992442
-0.4618227
-0.4683906
-0.5036345
-0.4903811
-0.4468334
-0.3054983
-0.6321152
-0.5129178
-0.3622813
-0.473971
-0.5400672
-0.4383381
-0.6142719
-0.4348914
-0.4816109
-0.3880886
-0.3406807
-0.4341189
-0.3897346
-0.5097934
-0.4658352
-0.3688613
-0.3550325
-0.5656274
-0.4843365
-0.4007632
-0.3654052
-0.4299978
-0.3933431
-0.5378365
-0.3466972
-0.4846086
-0.3455349
-0.4973101
-0.6281563
-0.2821852
-0.3161113
-0.2929609
-0.5814381
-0.3261908
-0.4896461
-0.3378944
-0.3361096
-0.400934
-0.3548738
-0.4896878
-0.3495281
-0.4762612
-0.3616122
-0.4558982
-0.41597
-0.4841151
-0.6027912
-0.4404193
-0.373016
-0.4197755
-0.426663
-0.4653293
-0.388901
-0.3019577
-0.4846666
-0.2454103
-0.3664885
-0.2115948
-0.2658608
-0.379984
-0.5570354
-0.3657731
-0.3508905
-0.4226814
-0.4037033
-0.3513771
-0.3792327
-0.5406144
-0.2670156
-0.298062
-0.372357
-0.4377534
-0.3826006
-0.3527993
-0.3876461
-0.271194
-0.3091822
-0.3227802
-0.256232
-0.2707349
-0.2637292
-0.3719804
-0.3444645
-0.3917441
-0.2814839
-0.2906898
-0.2245097
-0.3389611
-0.3489204
-0.4682802
-0.3567256
-0.3629906
-0.2767971
-0.2366905
-0.2003651
-0.2996377
-0.1875658
-0.345334
-0.1696751
-0.355225
-0.5004489
-0.3107152
-0.2425484
-0.2262758
-0.3276195
-0.2231934
-0.3253706
-0.3392785
-0.3422067
-0.3226963
-0.2716116
-0.2066438
-0.2750705
-0.354173
-0.3610622
-0.3272267
-0.1711867
-0.3288758
-0.2370462
-0.2093544
-0.2421538
-0.275233
-0.2408692
-0.2430021
-0.182024
-0.3187432
-0.2492349
-0.1195536
-0.2422809
-0.2531875
-0.2092419
-0.06613509
-0.2467779
-0.3452803
-0.2240183
-0.3818971
-0.1132779
-0.06550033
-0.192375
-0.170316
-0.219677
-0.1588306
-0.1060065
-0.2584499
-0.09124449
-0.1278655
-0.1923132
-0.04056924
-0.2103475
-0.2328671
-0.1099169
-0.1680066
-0.1184925
-0.1439145
-0.240263
-0.1151493
-0.1655993
-0.2242828
-0.2805429
-0.2142529
-0.1071276
-0.2263174
-0.2141621
-0.1261213
-0.1274467
-0.1888194
-0.2144733
-0.2789979
-0.2334467
-0.2390865
-0.3176104
-0.1244709
-0.03984922
-0.2522665
-0.1900577
-0.06750208
-0.0640921
-0.2887631
-0.1404605
-0.2160747
-0.0107501
-0.1777349
-0.1228941
-0.002649266
-0.219749
-0.129227
-0.2279487
-0.1633237
0.05838955
0.09298996
0.0243734
-0.08946277
-0.1742635
-0.09077189
-0.0002736568
-0.1335274
-0.122445
-0.199577
-0.05270017
-0.01850555
-0.1522569
-0.2814335
-0.07138007
-0.06205459
-0.02724979
-0.1237643
-0.1509544
-0.1372034
0.05942829
-0.06409182
-0.02447431
-0.1090861
-0.1322216
0.02779791
0.004757547
-0.06284921
0.02306751
-0.1229423
0.1009487
-0.1066343
-0.09563193
-0.1765154
-0.1651877
0.01374209
0.1509377
-0.137984
-0.04584035
-0.06807328
-0.01849767
0.08754951
0.05256808
-0.003007967
-0.03632097
0.09293665
0.006740418
-0.004675482
-0.09724495
0.001613578
-0.07226616
-0.01493281
0.01732257
0.1383633
0.003812021
-0.2101626
0.09679061
0.02143218
-0.04092816
-0.07947634
-0.02456765
0.1583718
-0.1244514
-0.01465961
0.1652755
-0.02922835
0.0755302
0.1418554
-0.1000321
0.02924626
-0.01697406
0.09426064
0.05068354
0.06965185
0.05855109
-0.02432229
-0.02972569
-0.01947698
0.1351733
0.07407458
0.007823719
-0.03378808
0.1409034
0.04093839
-0.03779259
0.06865391
0.06331346
0.03561839
0.1296712
0.02189402
0.07910438
0.03134677
0.05854852
0.02481458
0.07346484
0.04890678
0.1893014
-0.02164576
0.2078645
0.0299752
0.1169248
0.2626131
0.1250412
0.07283022
-0.1096335
0.2264636
0.08370136
0.1160111
0.05175549
0.1292758
0.1348496
0.194271
0.1013425
0.1930427
0.1889155
0.1715442
0.172495
0.1058831
0.2362463
0.2560317
0.2234198
0.2687614
0.0431991
0.2052508
0.1712404
0.2476971
-0.02289815
0.1183281
0.2069591
0.160586
0.05267848
0.1024859
0.1708048
0.1388301
0.1645768
0.1039748
0.1484807
0.1803419
0.2762281
0.20198
0.1188922
0.2375888
0.1310164
0.1900898
0.2704078
0.1110777
0.300513
0.2376297
0.2114581
0.02041062
0.1562472
0.1757028
0.09088672
0.282327
0.03570249
0.1496917
0.2166714
0.1193178
0.2310173
0.229461
0.2062988
0.1937604
0.3192743
0.2078175
0.2494363
0.354191
-0.1447851
0.2464733
0.07328775
0.3111077
0.2920094
0.2856658
0.2697077
0.2800366
0.3655092
0.1784161
0.280802
0.3769325
0.3085186
0.1303476
0.2213549
0.2960185
0.3144068
0.1524596
0.2808781
0.2236259
0.1615668
0.1565082
0.148126
0.3375551
0.2946798
0.2939967
0.2004118
0.1620433
0.3000452
0.1128278
0.2488889
0.3591343
0.2906836
0.4064258
0.2520395
0.2536083
0.4284474
0.3604179
0.3263871
0.2177819
0.3448756
0.391773
0.3995103
0.2775344
0.4040903
0.3081071
0.4257981
0.4532068
0.1675361
0.3204661
0.3980353
0.3036397
0.1392086
0.5417492
0.1617561
0.3934493
0.2731763
0.3229643
0.3374174
0.3490972
0.3783655
0.324501
0.3412567
0.3304347
0.4453115
0.2893882
0.2734806
0.237003
0.4720754
0.3997371
0.3883406
0.3234295
0.4857363
0.2946556
0.3489257
0.3233169
0.3852722
0.3970873
0.4287622
0.374694
0.4037523
0.4373234
0.3360977
0.1456925
0.435091
0.294491
0.4057835
0.3422547
0.3598456
0.5389353
0.3572255
0.4470926
0.3260634
0.4292504
0.3786733
0.2812954
0.2776854
0.3150529
0.2546183
0.308724
0.4982833
0.3783669
0.4371705
0.4536297
0.3691048
0.5209483
0.4465138
0.350071
0.4260578
0.6011042
0.3341319
0.6566564
0.4608125
0.4600449
0.5231717
0.5142518
0.4769157
0.4143517
0.3987432
0.2854168
0.4993605
0.3388402
0.4574389
0.4214295
0.5661349
0.3565612
0.5178169
0.6092228
0.5038756
0.4613455
0.5635298
0.5401967
0.6146124
0.5573065
0.5631188
0.5679717
0.5168923
0.2869401
0.5067912
0.3426188
0.4972901
0.529354
0.6118745
0.4254941
0.4290357
0.5936018
0.6948578
0.4605994
0.4193506
0.5444887
0.567985
0.6526145
0.565343
0.7280057
0.5481336
0.4773984
0.5769026
0.5487684
0.4677294
0.4466349
0.6411229
0.5336805
0.5680938
0.5077528
0.617346
0.7303311
0.6064199
0.4803359
0.4921109
0.4742934
0.6257188
0.5727641
0.4802652
0.6088315
0.7366365
0.5787978
0.44522
0.7589292
0.5956074
0.4967989
0.5157589
0.4333885
0.6392561
0.6193524
0.6426647
0.6099209
0.6930901
0.6358812
0.4121678
0.5932363
0.6784864
0.7897947
0.7115072
0.6867103
0.7106313
0.7200431
0.6149553
0.6430194
0.5887058
0.6809569
0.6362434
0.6156845
0.6626493
0.6780586
0.4499667
0.6268072
0.6028574
0.5049043
0.6920085
0.6840035
0.6697197
0.6492344
0.5445458
0.5070511
0.6940361
0.6797127
0.8340006
0.5782656
0.6821343
0.5459767
0.5932045
0.7522869
0.6820066
0.6539874
0.6625023
0.7176517
0.6483241
0.6034918
0.6155841
0.6533889
0.653061
0.803723
0.5602793
0.7985836
0.6382086
0.6172318
0.5962776
0.5087735
0.6441452
0.7953302
0.7498987
0.7693175
0.5865069
0.7522428
0.672333
0.6831678
0.754166
0.5990006
0.5643587
0.852176
0.6830796
0.7545564
0.5699562
0.7688458
0.6522375
0.6794932
0.6390343
0.8470664
0.8150558
0.7293002
0.8124044
0.7962242
0.7493001
0.7788481
0.9485835
0.6895306
0.7408668
0.6780974
0.6932449
0.7718885
0.7574045
0.7099968
0.7272387
0.6759363
0.7307469
0.8273526
0.85908
0.6427573
0.9394906
0.7684328
0.7281637
0.5799511
0.7632946
0.7267192
0.7142232
0.8688293
0.7083088
0.7516844
0.9165918
0.7848008
0.7024327
0.8814272
0.6738387
0.8873861
0.943359
0.9460469
0.8646334
0.8991829
0.7841048
0.8535005
0.9287912
0.8597009
0.914922
0.8609328
0.862547
0.8013071
0.8234846
0.8741055
0.937515
0.9414566
0.7849888
0.7752343
0.8011875
0.7924914
0.8456306
0.8158591
0.7117593
0.8843576
0.8141112
0.9313365
0.9909321
0.9705048
0.9783238
0.8785692
0.8630832
0.8502818
0.8551077
0.8283164
1.025257
0.8933024
0.9127986
1.039034
0.948775
0.8239183
0.8818298
1.030425
0.9231208
0.9878484
0.9017994
0.6891973
0.8908284
0.8748404
0.9340414
0.9825065
1.000172
1.073626
1.054431
0.9491203
0.9515901
0.9656656
0.8348409
0.8573138
1.035734
0.9973078
0.8709857
0.8762424
0.9367046
0.9934042
0.8869603
0.9981079
1.064949
0.9000839
1.102126
1.120558
0.8998191
0.9150109
1.036886
1.057826
0.8728077
0.8698438
0.9393338
0.8249237
1.006527
1.007289
0.931825
0.8681687
1.065901
0.8944066
0.9119776
1.129828
1.010463
1.028424
1.171903
0.8588559
0.9878277
0.9492408
0.974077