0.1259387
-0.9694122
-1.015613
-0.7548681
-0.8997921
-1.058029
-1.006112
-0.8732781
-1.080443
-0.9983425
-1.033964
-1.068389
-0.9773989
-1.02009
-0.8312306
-1.049307
-0.8421156
-0.9267238
-0.9706584
-1.005317
-0.8553308
-0.9297951
-1.040608
-0.8521778
-1.08496
-0.9047374
-0.7973221
-1.035281
-0.892071
-0.8468442
-0.9171957
-0.907316
-0.9681163
-0.8800755
-0.7959257
-1.151611
-1.008529
-0.9402433
-0.906243
-0.8991626
-1.048752
-0.8576102
-0.7219846
-0.9820213
-0.9462693
-0.8439284
-0.8838756
-0.8840841
-0.9124198
-0.741215
-0.779839
-0.9394198
-0.8496212
-0.8558238
-0.8460923
-0.7524955
-0.9371979
-0.8270747
-0.9542636
-0.8100919
-0.8857062
-0.9416876
-0.7961003
-0.8338563
-0.9096308
-1.070166
-1.037224
-0.7698858
-0.7876948
-0.7972943
-0.8357824
-0.6967375
-0.8954776
-0.7888607
-0.8983324
-0.8705035
-0.8197991
-0.8937313
-0.9015861
-0.8139261
-0.6995683
-0.9007745
-0.7982354
-0.8835918
-0.8235041
-0.8783218
-0.8867152
-0.8044641
-0.7882282
-0.7613216
-0.8767181
-0.8683354
-0.8237234
-0.8065084
-0.8341955
-0.9601934
-0.6621633
-0.67076
-0.9053725
-0.6804504
-0.7207676
-0.8613182
-0.9159464
-0.8235204
-0.8188861
-0.7165025
-0.7578118
-0.6881519
-0.7383677
-0.8850714
-0.8387033
-0.8001304
-0.6619663
-0.7727328
-0.7956816
-0.668813
-0.7199363
-0.7496612
-0.8768128
-0.6407211
-0.8660153
-0.7514778
-0.7783308
-0.7432505
-0.7105441
-0.8365943
-0.6845349
-0.6795982
-0.7919072
-0.72536
-0.7197637
-0.7488568
-0.8120272
-0.7447735
-0.7186412
-0.5800978
-0.802696
-0.7296824
-0.6588048
-0.8252321
-0.7432523
-0.7113746
-0.8230229
-0.7408109
-0.679698
-0.7708302
-0.7929798
-0.632979
-0.7317533
-0.6655288
-0.7262056
-0.6113905
-0.6405308
-0.7498091
-0.5745522
-0.7650552
-0.6556373
-0.6711492
-0.8132019
-0.6990596
-0.6690784
-0.7505959
-0.6142939
-0.7829929
-0.680204
-0.6978334
-0.6935741
-0.719226
-0.6745997
-0.696769
-0.7210942
-0.5434213
-0.7020712
-0.6642516
-0.5417265
-0.6278261
-0.5027311
-0.6945396
-0.5804371
-0.7910723
-0.5444701
-0.6032431
-0.5638505
-0.6649547
-0.5619063
-0.5015037
-0.7690898
-0.6266705
-0.5428042
-0.5215641
-0.6995024
-0.5484653
-0.6046
-0.6725969
-0.6748428
-0.7885003
-0.6383717
-0.5953947
-0.5967467
-0.6939461
-0.6936708
-0.4738083
-0.679298
-0.6172929
-0.6160069
-0.6189038
-0.5165722
-0.7518285
-0.5580662
-0.6296914
-0.6054675
-0.5780645
-0.710898
-0.5934982
-0.6852846
-0.5871888
-0.6413819
-0.5351018
-0.5480859
-0.5160192
-0.5703146
-0.5460795
-0.7069818
-0.6238929
-0.5110736
-0.5557084
-0.6092131
-0.639712
-0.523484
-0.433999
-0.6517462
-0.4274975
-0.3644425
-0.3215017
-0.4513948
-0.7061205
-0.6467476
-0.331637
-0.4359872
-0.5124316
-0.5369631
-0.5125489
-0.6191355
-0.6831617
-0.5170062
-0.5161126
-0.4766005
-0.4122037
-0.4446315
-0.6101799
-0.4887651
-0.3316013
-0.5748151
-0.4213784
-0.3532486
-0.5222405
-0.6252336
-0.3683614
-0.4346103
-0.4007632
-0.4721924
-0.4616988
-0.3614569
-0.4458196
-0.634178
-0.5223385
-0.4811468
-0.5626912
-0.2350457
-0.5638516
-0.445003
-0.4859356
-0.3528858
-0.2501587
-0.3293482
-0.4261861
-0.4571027
-0.403792
-0.2976433
-0.556187
-0.3996384
-0.4371636
-0.413733
-0.488636
-0.236544
-0.3795872
-0.2627339
-0.4716611
-0.4581624
-0.5738892
-0.3585118
-0.4317422
-0.3919013
-0.2846711
-0.3225049
-0.4313278
-0.3989126
-0.5078497
-0.3651811
-0.3677362
-0.4562576
-0.4663742
-0.3941666
-0.4149864
-0.4410796
-0.4636089
-0.2388586
-0.4504283
-0.3904856
-0.3071394
-0.3737317
-0.3572741
-0.319182
-0.2337304
-0.3003933
-0.09491342
-0.4467639
-0.3803965
-0.3360965
-0.4166834
-0.4566489
-0.4250449
-0.3781422
-0.1935238
-0.204535
-0.2450943
-0.4017143
-0.4519383
-0.4868345
-0.3595667
-0.3641156
-0.2282765
-0.4243199
-0.2538936
-0.3834034
-0.3216776
-0.4340703
-0.2912597
-0.1993625
-0.2711531
-0.1135398
-0.1799695
-0.2020356
-0.3505431
-0.4930426
-0.2545039
-0.303134
-0.3328786
-0.212173
-0.4005507
-0.2583988
-0.2440352
-0.1039176
-0.08730553
-0.2987683
-0.4063877
-0.2788062
-0.1312443
-0.3548647
-0.3965458
-0.4535499
-0.2349332
-0.3390552
-0.3214704
-0.2776469
-0.4196613
-0.334243
-0.3055628
-0.1833698
-0.2285805
-0.4562943
-0.3316998
-0.05589281
-0.2199245
-0.2324095
-0.2112088
-0.2962269
-0.2859423
-0.305492
-0.2624964
-0.2364939
-0.2149479
-0.3376521
-0.2273303
-0.2947183
-0.2066748
-0.106363
-0.1967952
-0.06357392
-0.3170904
-0.277216
-0.1541336
-0.1271552
-0.1655641
-0.2186539
-0.1105421
-0.2517375
-0.2637737
-0.1710865
-0.1473399
-0.2324237
-0.2210236
-0.2615921
-0.2290032
-0.1606444
-0.2219424
-0.2587094
-0.2162274
-0.2971234
-0.07147351
-0.2540909
-0.2019895
-0.1901566
-0.1400676
-0.1307241
-0.1673634
-0.08534565
-0.0008275087
-0.2020584
-0.1762291
-0.1737367
-0.1339187
-0.1389455
0.00277499
-0.2536233
-0.1934056
-0.2128691
-0.0774521
-0.1644633
-0.1634335
-0.1610102
-0.078257
0.02713994
-0.2310741
-0.2054154
-0.1798473
-0.2907616
-0.06663189
-0.1394649
-0.2532385
-0.1220339
-0.06609893
-0.1106183
-0.01412788
-0.01325108
-0.1593196
-0.02957791
-0.1563715
0.01298861
-0.07187234
0.03608107
-0.1417676
-0.1578957
-0.1327882
0.05800204
0.008381081
-0.09376119
-0.02732446
-0.1522782
-0.01442546
0.0577301
-0.06963851
-0.01224048
-0.0838993
0.04560273
-0.08145157
-0.1326025
0.08574232
-0.1336158
-0.09457594
-0.1084489
-0.1542101
0.05814143
0.01897156
0.02933808
-0.1385177
0.006209521
-0.08712198
0.01533592
-0.1492268
-0.1063755
-0.109624
-0.04301314
-0.07413123
0.06773055
-0.06763585
-0.06383687
-0.01736935
-0.04360696
-0.03136787
0.01844073
-0.1282407
-0.008657531
0.1235258
0.007342243
-0.05519584
-0.0789212
0.1179916
-0.008662416
0.1332372
-0.2361355
-0.2298719
-0.0635847
-0.01381316
0.06541053
0.02050999
-0.07753515
-0.05831817
-0.1215247
0.04528482
-0.1249805
0.01423949
-0.02474086
0.1330254
0.08998802
-0.0934189
-0.002372031
0.1259438
-0.1586028
0.01139151
0.04074271
0.05606273
0.1135602
-0.1370278
0.1181669
-0.08699127
-0.00696878
-0.003062951
0.01628715
-0.1416351
0.1422255
0.04042938
-0.08670078
-0.07623411
0.2899146
-0.03789305
0.009307749
0.04443227
0.1077412
0.2254255
-0.02010439
0.03697629
-0.03813567
0.01609243
-0.05743313
0.150434
0.04761967
0.1357997
0.1176888
0.1399672
0.1401037
0.1985728
0.2046174
-0.1153387
0.2255566
0.1740448
0.345287
0.1875387
0.3852201
0.1916661
0.09525886
0.1043153
0.2585957
0.1725217
0.1147034
0.1898013
0.01739859
0.0274585
0.08913201
0.1454852
0.1342702
0.1024393
0.1447026
0.1302913
0.08890109
0.2025642
0.240586
0.2002475
0.1692424
0.0556039
0.1038964
0.009312216
0.09254303
0.2072713
0.122401
0.07014108
0.1379287
0.1262769
-0.007311787
0.1703477
0.2469108
0.2384273
0.2079785
0.2719856
0.2766801
0.2375052
0.2469615
0.1693189
0.231428
0.1361239
0.07086579
0.2254568
0.1366723
0.3092495
0.146309
0.1253904
0.3158672
0.2332892
0.2024205
0.3140781
0.3485301
0.1342293
0.2474602
0.1202513
0.08841736
0.2274812
0.3040313
0.112006
0.139009
0.1476989
0.2330795
0.206769
0.1140141
0.1736798
0.3446221
0.02313489
0.3267525
0.3020707
0.2204563
0.3353216
0.1898137
0.1687609
0.2969586
0.2222168
0.1261586
0.1828766
0.1445663
0.339045
0.3721299
0.2302864
0.3411161
0.3821306
0.3576014
0.4464615
0.3013711
0.2419118
0.3714474
0.3545545
0.1825121
0.2236451
0.3275246
0.3039582
0.3008715
0.2722055
0.3656954
0.2452083
0.2659548
0.3080296
0.2380662
0.2466937
0.2987024
0.2115025
0.4608926
0.3606016
0.3331244
0.4926078
0.2676301
0.4014913
0.1859555
0.3656572
0.3735013
0.2971283
0.3945506
0.3519781
0.2177284
0.3128075
0.3238294
0.3434503
0.392364
0.2967493
0.3625753
0.3668565
0.32066
0.4593022
0.5341692
0.4567935
0.1791639
0.3561641
0.4175722
0.5217254
0.2746713
0.468144
0.2317661
0.4605361
0.2668638
0.2926449
0.4614024
0.4183505
0.5390818
0.3989803
0.4160582
0.4188524
0.3612197
0.4956367
0.3793626
0.4573302
0.4249192
0.4433669
0.5046455
0.4329879
0.4532039
0.4197297
0.4724386
0.3861396
0.5064904
0.4058829
0.3533533
0.4483796
0.3893628
0.4939416
0.4761699
0.4682874
0.4098377
0.3955975
0.5200657
0.4803089
0.4336202
0.5395522
0.5369294
0.561736
0.4742144
0.5252257
0.5585451
0.5155136
0.6609944
0.5645405
0.5009589
0.4197594
0.5744777
0.4977002
0.5677917
0.5754159
0.4877044
0.3487233
0.3809671
0.4184291
0.5000494
0.5614677
0.5335215
0.4875735
0.4941944
0.5104915
0.499539
0.4812185
0.5298033
0.5041224
0.3573796
0.4764698
0.5395929
0.4888342
0.6035822
0.5278012
0.5555553
0.634338
0.5302362
0.5420279
0.372
0.5682735
0.5129416
0.6012234
0.5210521
0.4053676
0.5913489
0.5416603
0.6212435
0.5722264
0.3797691
0.5870103
0.5585987
0.5917757
0.6797463
0.6150734
0.6397013
0.6350773
0.6862379
0.5273666
0.7309592
0.5431112
0.5766955
0.4594943
0.7136065
0.5310938
0.6130773
0.5652
0.5080241
0.5568098
0.6333644
0.7175218
0.6739826
0.6605761
0.4840256
0.4078197
0.5892159
0.5366389
0.5732905
0.7144746
0.624812
0.7176981
0.4768631
0.5131881
0.6751988
0.6677992
0.6302621
0.544477
0.5117097
0.4563653
0.7205567
0.8135728
0.6499262
0.672875
0.7123606
0.6803914
0.6048673
0.670864
0.6046201
0.6989369
0.7227569
0.6543078
0.6631876
0.5894824
0.4419625
0.6932317
0.6767445
0.6878631
0.7221512
0.659025
0.5878668
0.6866592
0.5696313
0.843133
0.5360443
0.7275762
0.7736876
0.6919294
0.8065421
0.6407903
0.5605652
0.8336675
0.7036209
0.704136
0.6148085
0.6619789
0.9400006
0.6025532
0.5910453
0.749346
0.686478
0.7787875
0.7144707
0.7978993
0.7014115
0.6771519
0.7457626
0.8109901
0.5947193
0.8752912
0.7623637
0.6672974
0.6489453
0.777739
0.6097166
0.8451133
0.6630228
0.6869306
0.8373916
0.7637008
0.892185
0.8911767
0.7532699
0.6583859
0.7423848
0.747973
0.7612102
0.7150695
0.7072459
0.6951255
0.9100231
0.7258789
0.6374153
0.6651752
0.8143518
0.8317665
0.7975091
0.8253507
0.7295287
0.7630429
0.7705661
0.8497065
0.7917986
0.7647309
0.850203
0.8373818
0.983254
0.6420688
0.76117
0.6953639
0.7713649
0.8424161
0.845444
0.7963004
0.8033328
0.9479462
0.8282242
0.7969702
0.7671931
0.7751614
0.7947964
0.7843894
0.8720567
0.8716489
0.982594
0.8096212
1.023421
0.7416489
0.7598743
0.6172126
0.6977861
0.8732041
0.7753063
0.869425
0.7603264
0.832256
0.8969519
0.9496809
0.8189413
0.8444043
1.133781
0.6927294
0.8763264
0.938086
0.8725242
0.8631966
0.8838439
0.9369511
0.8504379
0.9811051
0.8157907
0.8625535
0.8641969
0.9305122
0.9678371
0.8539692
0.7946192
0.9298459
0.9130273
0.9055341
0.8549612
0.9742422
0.9983876
0.9844326
0.9482475
0.7858787
0.9180377
0.9209439
0.9985543
0.9659178
0.9289555
0.8428756
0.9667261
0.9318842
0.7972049
0.9077919
0.8184208
0.9769685
0.8115573
0.9337344
1.061282
1.023555
1.008442
0.9371025
0.9211337
1.044312
1.036167
1.082954
0.9853885
1.022386
0.9144285
0.8838
0.8772674
1.079435
0.8899718
0.846743
0.952599
0.880968
1.063158
0.9683817
0.9684239
0.9773018
0.8966164
0.912803
0.9970122