-0.02613282
-1.026669
-0.986231
-1.037416
-0.9461722
-0.9469607
-1.050505
-1.087311
-0.9416837
-0.9985295
-1.017343
-1.072564
-1.015645
-0.8726789
-0.9245195
-1.073759
-0.8899025
-0.9119531
-0.914803
-0.9153035
-0.9415
-0.9682576
-0.968845
-1.092407
-0.8906866
-1.111365
-0.9516988
-0.9989437
-0.9513199
-0.900425
-0.9790153
-0.9516195
-0.9750008
-0.9764948
-0.9631532
-0.8744714
-0.9089069
-1.161569
-0.938876
-0.9436661
-1.009752
-0.9394467
-0.8329661
-0.7959933
-0.9530927
-0.9707872
-0.8676072
-0.9268948
-1.023492
-0.8478545
-0.944626
-0.7851046
-0.9215403
-0.9775277
-0.8680909
-1.044371
-0.9214372
-0.8375741
-0.9091346
-0.9829641
-1.068034
-0.9104147
-1.036946
-0.7746517
-0.9414148
-0.8056756
-0.7155354
-0.8234555
-0.7592392
-0.8833977
-0.8819787
-0.906055
-1.003786
-0.9395574
-0.7125672
-0.9102344
-0.8347955
-0.7156754
-0.8671578
-0.8577958
-0.677235
-0.9574699
-0.9127817
-0.8574434
-0.8632728
-0.992768
-0.7035036
-0.8741511
-0.8440231
-0.9940986
-0.7735958
-0.7182982
-0.8689531
-0.6913469
-0.6055961
-0.8321194
-0.7722189
-0.8169501
-0.7719822
-0.8657872
-0.7246445
-0.9259131
-0.6719802
-0.7969129
-0.8356822
-0.7718618
-0.747773
-0.7660635
-0.8847655
-0.727357
-0.8262936
-0.7486555
-0.810218
-0.7865598
-0.7867412
-0.7933709
-0.7800293
-0.6424116
-0.7538397
-0.7580349
-0.6999153
-0.8513517
-0.7727786
-0.6851522
-0.8161284
-0.7148352
-0.591926
-0.7722396
-0.8139584
-0.7184519
-0.7878633
-0.799265
-0.8434517
-0.6987203
-0.6565365
-0.7550966
-0.7869747
-0.5687874
-0.8130621
-0.6167638
-0.6509796
-0.8093058
-0.6679526
-0.8457102
-0.7537135
-0.6056968
-0.7274539
-0.6211585
-0.8118769
-0.809968
-0.6562215
-0.8346523
-0.7776377
-0.5739561
-0.5994921
-0.6207689
-0.6215147
-0.7508689
-0.649665
-0.6688559
-0.8189375
-0.5835379
-0.7603147
-0.6402586
-0.6511578
-0.645261
-0.7357378
-0.6691868
-0.5362196
-0.6678873
-0.6576408
-0.6871372
-0.6393933
-0.5994795
-0.6673117
-0.6820695
-0.6737252
-0.7585104
-0.7281168
-0.6434044
-0.6978508
-0.624021
-0.624509
-0.7702147
-0.6904546
-0.5719306
-0.6713478
-0.5460042
-0.582141
-0.6406655
-0.6325609
-0.4447753
-0.5420828
-0.551847
-0.5894733
-0.6208606
-0.5265194
-0.4950939
-0.6725921
-0.6387091
-0.6584768
-0.5826581
-0.5920876
-0.5240909
-0.7220097
-0.5342388
-0.6726312
-0.6621035
-0.5399824
-0.7138938
-0.5443067
-0.444766
-0.5722456
-0.6360383
-0.5725574
-0.6216755
-0.54212
-0.6057219
-0.5476042
-0.6002224
-0.542235
-0.5199286
-0.4339374
-0.5617527
-0.6225189
-0.6391706
-0.4585641
-0.3431908
-0.6073142
-0.5224125
-0.6165606
-0.6223342
-0.2711262
-0.4954711
-0.5847906
-0.6577816
-0.6726676
-0.4303709
-0.4111709
-0.499661
-0.4608455
-0.4946849
-0.652135
-0.477084
-0.6328736
-0.5418152
-0.4449136
-0.502064
-0.4920957
-0.4552867
-0.4410872
-0.4884731
-0.5936333
-0.5026205
-0.4510961
-0.4633074
-0.4968276
-0.4878932
-0.448071
-0.3044454
-0.6269992
-0.5183086
-0.3415012
-0.4850135
-0.5241199
-0.4365472
-0.6210975
-0.443801
-0.4724191
-0.4225096
-0.3612366
-0.4344339
-0.3921874
-0.4955611
-0.4765946
-0.3743906
-0.3711647
-0.569751
-0.5002674
-0.425522
-0.3620361
-0.4359909
-0.4122704
-0.533262
-0.3419606
-0.4890179
-0.3152438
-0.480364
-0.6291257
-0.2856498
-0.3082782
-0.2905272
-0.5502214
-0.3324427
-0.4942701
-0.3446485
-0.3384137
-0.3969542
-0.3392545
-0.4901397
-0.3517038
-0.4692696
-0.3641879
-0.4737003
-0.4405607
-0.4880191
-0.6135613
-0.4377654
-0.3781059
-0.3985473
-0.4054541
-0.4617663
-0.3724952
-0.3078007
-0.4846889
-0.2599427
-0.3521004
-0.2314464
-0.2372405
-0.3825822
-0.5465855
-0.3734051
-0.3450065
-0.4420524
-0.390831
-0.3705451
-0.3997109
-0.5388316
-0.2740646
-0.3056388
-0.3592421
-0.4532724
-0.3854274
-0.3524236
-0.4085743
-0.2754533
-0.3068833
-0.3392317
-0.2791299
-0.2679317
-0.2926174
-0.3675685
-0.3383098
-0.405484
-0.3211898
-0.2851146
-0.2097713
-0.3499394
-0.3333714
-0.4763651
-0.3290106
-0.3673908
-0.2804604
-0.2569689
-0.1963692
-0.2855893
-0.1922779
-0.3680599
-0.1864184
-0.3582374
-0.488768
-0.3001129
-0.2510779
-0.2288893
-0.3204681
-0.2365007
-0.3222262
-0.3145502
-0.3395439
-0.3282752
-0.2752179
-0.2069321
-0.2545334
-0.3420699
-0.3855734
-0.3235976
-0.173015
-0.3501798
-0.2431819
-0.1993095
-0.235626
-0.2795617
-0.2321204
-0.2330796
-0.1920977
-0.3046905
-0.2288463
-0.1121431
-0.2378574
-0.2446503
-0.2208787
-0.06240691
-0.202482
-0.3274735
-0.2034281
-0.390397
-0.1187739
-0.06562315
-0.1918062
-0.1799281
-0.1934355
-0.163587
-0.09916787
-0.2579076
-0.07455336
-0.1435933
-0.1988274
-0.05581052
-0.190938
-0.2312803
-0.1318761
-0.1898125
-0.1175866
-0.1429933
-0.22588
-0.1060805
-0.1557486
-0.2369523
-0.2678025
-0.2008299
-0.09019297
-0.2308855
-0.2102428
-0.1131938
-0.1143714
-0.1918359
-0.1969893
-0.2794154
-0.2198434
-0.234906
-0.3034713
-0.1136819
-0.0480189
-0.2312019
-0.1655247
-0.07939953
-0.06930326
-0.282243
-0.148597
-0.1856822
0.006994016
-0.2092909
-0.1454587
-0.0281795
-0.2135518
-0.1446232
-0.2159535
-0.1597002
0.05850294
0.08675327
0.04717552
-0.06060535
-0.168736
-0.08039182
-0.01073134
-0.1391726
-0.1015199
-0.2003024
-0.06885039
-0.005402868
-0.1574085
-0.2818026
-0.0774941
-0.05719068
-0.01740465
-0.09108314
-0.1471979
-0.1272283
0.06433641
-0.07782974
0.002372505
-0.1151659
-0.117046
0.04921499
-0.02368342
-0.04774337
0.0285937
-0.1336505
0.1067723
-0.1096433
-0.1057772
-0.1713059
-0.1628421
0.004202834
0.164409
-0.1244752
-0.06550316
-0.09655936
-0.02157073
0.08986665
0.03659888
-0.01088978
-0.04179896
0.09883723
7.22335e-05
0.01739304
-0.08088241
-0.006940479
-0.08492307
-0.02435658
0.009548534
0.1685863
-0.0006034547
-0.225626
0.1057299
0.01278776
-0.07199422
-0.07420515
-0.03403265
0.1687656
-0.1135231
0.006224512
0.1749937
-0.02128369
0.0681657
0.15628
-0.1026903
0.02659346
-0.01608728
0.09853643
0.05830439
0.06156724
0.05929591
-0.03067789
-0.02946102
-0.03760669
0.1139474
0.07233601
0.01913305
-0.009916079
0.1521449
0.04806609
-0.0409339
0.07642716
0.03977487
0.01500323
0.1418215
0.03082498
0.07554569
0.01310559
0.05528807
0.005791257
0.05796568
0.05747678
0.2019934
-0.0322683
0.2004344
0.04484656
0.1099574
0.2391794
0.1404501
0.06079034
-0.1060397
0.2239795
0.07015161
0.109874
0.06993804
0.1447178
0.1309025
0.1930654
0.09155486
0.1882455
0.1764738
0.1870728
0.166782
0.1286959
0.2394265
0.243016
0.199241
0.2542618
0.06014292
0.1823731
0.1622684
0.2487372
-0.02656219
0.1128173
0.2062502
0.1665006
0.0636372
0.113914
0.162007
0.1484471
0.1502142
0.1059769
0.1530058
0.1855149
0.2774671
0.1917905
0.09571991
0.2571041
0.129547
0.189623
0.2810651
0.1075371
0.3096969
0.2202646
0.2089543
0.03925185
0.1229057
0.1503714
0.08751176
0.2805034
0.0627576
0.1492609
0.1944821
0.1231316
0.2552087
0.2535672
0.2157556
0.1710511
0.3291954
0.2048281
0.2415452
0.3476503
-0.1214735
0.2285693
0.06660799
0.3121847
0.2557305
0.2807207
0.2869921
0.2684245
0.358794
0.1814459
0.3061068
0.3881253
0.31772
0.1335014
0.227317
0.278195
0.3099533
0.1312061
0.3184142
0.2413717
0.154448
0.1729681
0.1328711
0.3229974
0.2980366
0.3063784
0.2150115
0.1733876
0.2861641
0.109996
0.2545414
0.3544299
0.2657333
0.417153
0.2424143
0.2558595
0.4302631
0.3651467
0.3308763
0.2210992
0.3237822
0.3834867
0.3947363
0.2737763
0.4014822
0.2998965
0.4209032
0.4604079
0.1561863
0.3291992
0.4149448
0.3031833
0.1599257
0.5302802
0.1542943
0.3934734
0.2604011
0.3115903
0.3356537
0.3480766
0.3665251
0.3451304
0.3638137
0.3452744
0.4452646
0.2950982
0.2550893
0.2458004
0.468839
0.3972767
0.3696482
0.3272348
0.4755964
0.2847482
0.3611274
0.2928254
0.3806327
0.3956658
0.4093496
0.3670419
0.4027501
0.4265177
0.3485832
0.1522065
0.4430459
0.31253
0.4060129
0.3312309
0.3819085
0.5248892
0.3543763
0.4372027
0.3390555
0.4250205
0.3808937
0.2725712
0.2763662
0.3435045
0.2442682
0.313366
0.5248418
0.4020552
0.4249312
0.4500287
0.3589362
0.5049046
0.436599
0.3679404
0.4321856
0.6080986
0.3447175
0.6496921
0.4608846
0.4399079
0.5172329
0.5008287
0.4728641
0.4162142
0.4054489
0.2960107
0.5178196
0.3480021
0.4533714
0.4274727
0.5775
0.3854182
0.5199043
0.6122101
0.516367
0.4499605
0.5683872
0.549591
0.6055661
0.5380437
0.5671277
0.5706605
0.498927
0.3131131
0.5242068
0.3560524
0.5210206
0.520356
0.6234871
0.4564025
0.4562496
0.5804974
0.7130961
0.4416627
0.4602088
0.5499471
0.5827024
0.688395
0.5787898
0.7274151
0.556837
0.471124
0.5934054
0.5307073
0.4642844
0.4411688
0.6507042
0.5189855
0.5676711
0.5039427
0.6113616
0.7229407
0.6158588
0.483015
0.490775
0.4591055
0.6101337
0.5595666
0.4999013
0.6052251
0.724153
0.5816391
0.4455554
0.7636071
0.6193227
0.5154862
0.5537638
0.4501659
0.6489594
0.6276494
0.6475097
0.6096458
0.6752958
0.6447833
0.4104365
0.5974588
0.6645276
0.7727736
0.6977519
0.6930153
0.7045563
0.7346807
0.6050984
0.6232379
0.5738039
0.6765188
0.648825
0.6178098
0.652326
0.6971844
0.4634172
0.6456406
0.6222925
0.5053665
0.7031163
0.6603268
0.6788018
0.6348346
0.5561536
0.5243028
0.6973496
0.6713557
0.8288952
0.583563
0.6726865
0.5622822
0.5846764
0.7303115
0.6798771
0.6486657
0.656738
0.7227813
0.6479552
0.5975447
0.6151641
0.6630582
0.6614833
0.8045463
0.5597378
0.8099167
0.6412244
0.6324448
0.5954267
0.5064611
0.6336895
0.782748
0.7815085
0.7585187
0.6022985
0.7651175
0.679259
0.6858464
0.722629
0.6259584
0.5732299
0.8674877
0.6822338
0.7482029
0.5681741
0.7510595
0.6436159
0.6853344
0.6522124
0.8202797
0.8282044
0.7327841
0.8385052
0.793266
0.7534893
0.7758785
0.9428457
0.68289
0.7530002
0.6716178
0.6875206
0.7700084
0.7464284
0.71599
0.7563732
0.6788262
0.7074208
0.8309626
0.8304975
0.6403247
0.9350019
0.7846501
0.7391411
0.5907658
0.768834
0.6971152
0.7258022
0.8982091
0.6932709
0.7287024
0.9051881
0.7991455
0.7114647
0.8751422
0.6635321
0.8746645
0.933855
0.931839
0.8470124
0.9096878
0.7825043
0.8288868
0.910906
0.869096
0.9253129
0.8783529
0.8495203
0.8057726
0.8120078
0.8511802
0.9611662
0.9489369
0.775965
0.7804215
0.810555
0.7869162
0.8481114
0.8212658
0.7204539
0.8799964
0.8213631
0.9457297
0.9806553
0.958885
0.9489901
0.8800325
0.8872582
0.8447033
0.8463242
0.7934599
1.017192
0.88794
0.9223811
1.040562
0.9625706
0.8178809
0.8867982
1.038013
0.9353098
0.9965174
0.9068419
0.6901573
0.888688
0.8712988
0.9356094
0.996082
0.9991574
1.077193
1.057771
0.9367409
0.9444974
0.9759862
0.8374554
0.8711017
1.02352
0.9793242
0.8912017
0.8614841
0.9185919
0.9758199
0.8809918
1.00206
1.042979
0.9165828
1.096072
1.119745
0.890095
0.8881591
1.042261
1.083151
0.8650418
0.8820937
0.9468566
0.8253543
0.9943881
0.9997043
0.9408672
0.8527275
1.06552
0.8920679
0.8807759
1.111968
1.034138
1.031889
1.185985
0.8475832
0.9560773
0.9583202
0.9803118