0.1395189
-0.9675696
-1.01714
-0.7573253
-0.9002556
-1.066399
-0.9823435
-0.8764592
-1.074891
-1.008097
-1.028227
-1.053401
-0.9963395
-1.022509
-0.8477977
-1.023899
-0.8212767
-0.9261815
-0.9640671
-0.9990751
-0.8431209
-0.935041
-1.049942
-0.8439889
-1.075995
-0.9110958
-0.775139
-1.051824
-0.8762184
-0.8541929
-0.9206314
-0.8872824
-0.9668468
-0.8624374
-0.7950569
-1.173525
-1.003946
-0.9382507
-0.9225959
-0.9086937
-1.06887
-0.8491638
-0.7412858
-0.994437
-0.935502
-0.8304432
-0.8487739
-0.9071828
-0.9062574
-0.7602262
-0.792538
-0.9383527
-0.8325713
-0.8606793
-0.8575609
-0.7552157
-0.9253778
-0.8307829
-0.9486279
-0.813264
-0.8996193
-0.9521826
-0.7989233
-0.8293471
-0.9165014
-1.064049
-1.04389
-0.7571093
-0.761733
-0.7921455
-0.8428446
-0.726525
-0.9144253
-0.777186
-0.9054626
-0.8347852
-0.8142251
-0.9088763
-0.9188118
-0.7990461
-0.7149165
-0.9199008
-0.7934749
-0.8752824
-0.8075168
-0.8513132
-0.9085378
-0.7990128
-0.7861547
-0.7565836
-0.8816319
-0.8545028
-0.8439154
-0.7905159
-0.8312962
-0.9375221
-0.6670861
-0.6677913
-0.8714862
-0.6678623
-0.7227201
-0.8762645
-0.9055705
-0.8283566
-0.8175253
-0.7110905
-0.7656977
-0.6772065
-0.7520625
-0.8891594
-0.8428691
-0.81197
-0.6764832
-0.7633586
-0.7948787
-0.6646275
-0.7077721
-0.7596098
-0.8787143
-0.6597058
-0.8571085
-0.7466814
-0.7759892
-0.7452714
-0.7046195
-0.8329824
-0.6707816
-0.6869608
-0.7954249
-0.7455063
-0.716852
-0.7391327
-0.8135591
-0.7644296
-0.7159433
-0.5717545
-0.8075261
-0.723367
-0.6859222
-0.8031077
-0.7537791
-0.698722
-0.809141
-0.7307639
-0.6536667
-0.7548747
-0.7848788
-0.6356738
-0.7184706
-0.6718558
-0.7091822
-0.605229
-0.6094682
-0.746581
-0.5642442
-0.7410512
-0.6490616
-0.6863434
-0.8076511
-0.6896757
-0.6504584
-0.7480863
-0.6151196
-0.7837161
-0.6989216
-0.6858707
-0.6997919
-0.7080821
-0.6858275
-0.6775353
-0.7423211
-0.5439857
-0.7159218
-0.6588782
-0.55355
-0.6374662
-0.498693
-0.6826305
-0.5930606
-0.8003924
-0.5457004
-0.6047121
-0.5575136
-0.6579942
-0.5590485
-0.4954034
-0.7826473
-0.6347088
-0.5274414
-0.5371504
-0.735087
-0.5461923
-0.6056463
-0.678061
-0.6630113
-0.7882707
-0.6376445
-0.6007433
-0.6079528
-0.6740164
-0.6841093
-0.4753665
-0.6723224
-0.6099578
-0.618972
-0.6298412
-0.5069868
-0.7323656
-0.5816524
-0.6316155
-0.5990859
-0.5680167
-0.7000015
-0.6010766
-0.6901618
-0.5846506
-0.6276482
-0.5168657
-0.5286463
-0.5057909
-0.5938923
-0.5439527
-0.6971361
-0.6286805
-0.5112964
-0.5665214
-0.6442871
-0.6596392
-0.5192495
-0.4373573
-0.6239088
-0.4347885
-0.3643916
-0.3726197
-0.4728377
-0.7108467
-0.6518267
-0.3278247
-0.4153059
-0.504977
-0.5454194
-0.5131071
-0.6323407
-0.705531
-0.5348193
-0.4855053
-0.482335
-0.3891603
-0.4164858
-0.5940179
-0.5099868
-0.3264971
-0.5935272
-0.4174093
-0.3554373
-0.5090132
-0.6027926
-0.379589
-0.4360309
-0.3903626
-0.4901885
-0.4654281
-0.3544797
-0.4547091
-0.6312058
-0.5137711
-0.4745125
-0.5696909
-0.2240329
-0.5470115
-0.4639457
-0.48733
-0.347615
-0.2617483
-0.3178475
-0.4321991
-0.4622333
-0.404408
-0.2985743
-0.5546544
-0.3840379
-0.4214069
-0.4134136
-0.5043058
-0.2497201
-0.4032145
-0.2534385
-0.4741638
-0.4635323
-0.5642767
-0.3573568
-0.4443965
-0.3874387
-0.289699
-0.3401733
-0.4316977
-0.414123
-0.4972922
-0.3768865
-0.3566073
-0.4497631
-0.4776691
-0.3898062
-0.4338788
-0.4707911
-0.4612448
-0.2467237
-0.4380763
-0.4170973
-0.2922637
-0.387349
-0.362753
-0.3224541
-0.2473081
-0.2638972
-0.09193104
-0.4489522
-0.3704466
-0.344068
-0.4391362
-0.4570297
-0.4237873
-0.3853788
-0.1698414
-0.1924051
-0.2327596
-0.4067917
-0.4743648
-0.4695711
-0.346677
-0.3840773
-0.2664632
-0.4280353
-0.2533214
-0.3981608
-0.2996265
-0.4452956
-0.2763159
-0.1833984
-0.2609122
-0.1166385
-0.1578243
-0.1928673
-0.3644046
-0.4968349
-0.2579282
-0.3240236
-0.3070833
-0.2086656
-0.3936682
-0.2628779
-0.253147
-0.1234962
-0.06715801
-0.2997253
-0.4167416
-0.2851002
-0.1287342
-0.3504466
-0.3947759
-0.4740722
-0.2118434
-0.3276034
-0.3250911
-0.273547
-0.4315179
-0.348298
-0.3141725
-0.2014266
-0.2096947
-0.4294746
-0.3190173
-0.04966433
-0.2320623
-0.2370916
-0.2185381
-0.2944291
-0.2892886
-0.3218359
-0.2787164
-0.2462785
-0.2377547
-0.329973
-0.2273891
-0.2888843
-0.1833509
-0.1095034
-0.1753236
-0.06771442
-0.2886832
-0.2920178
-0.1665032
-0.1223294
-0.1638148
-0.2080746
-0.1196947
-0.2304217
-0.2838947
-0.1543338
-0.1457543
-0.2537326
-0.2423136
-0.2589607
-0.2420834
-0.1644784
-0.2087328
-0.249037
-0.2084593
-0.301874
-0.07706325
-0.2530202
-0.1967605
-0.1943451
-0.1586469
-0.1443445
-0.1818458
-0.11001
0.001040619
-0.1719531
-0.1740479
-0.1565084
-0.130555
-0.1546641
0.01158773
-0.2545349
-0.2177607
-0.1921893
-0.06325613
-0.1566727
-0.1795532
-0.1779191
-0.07654598
0.02697533
-0.218777
-0.2074568
-0.1827686
-0.2854434
-0.08536734
-0.1361472
-0.2774566
-0.109069
-0.05499349
-0.106029
-0.01805815
-0.03736895
-0.1646902
-0.01624316
-0.1207299
-0.00063
-0.03831801
0.0534492
-0.1354351
-0.154677
-0.1375952
0.05584881
0.01186833
-0.1043753
-0.0470616
-0.1455123
-0.01350248
0.06791019
-0.05299536
-0.01021966
-0.0543382
0.04801014
-0.08098346
-0.1418332
0.08728106
-0.1509352
-0.09320287
-0.1315485
-0.1351988
0.05688563
0.0009316179
0.01957652
-0.1296186
0.0009271255
-0.09402015
0.01115241
-0.1485873
-0.1210518
-0.09189841
-0.03015227
-0.1011041
0.04047273
-0.06266928
-0.0812622
-0.006817075
-0.04330447
-0.04048689
0.01074132
-0.1399346
-0.01355969
0.1271494
0.01019286
-0.06046892
-0.05712486
0.1311533
-0.0201385
0.1397241
-0.2275283
-0.2245131
-0.06182461
-0.01598019
0.07936168
0.02870758
-0.06629174
-0.06412018
-0.1055234
0.05350618
-0.128428
0.00758227
-0.009346613
0.150631
0.07142164
-0.0852699
0.007773598
0.1213674
-0.1659109
-0.001950764
0.05094049
0.06151292
0.1204537
-0.1253576
0.1022168
-0.06106444
-0.009721862
-0.01111192
0.007056146
-0.1295037
0.123033
0.02792805
-0.05580331
-0.07036629
0.2896656
-0.04746289
0.03013624
0.02745015
0.1174431
0.2275979
-0.01773892
0.03716979
-0.05080114
0.03184248
-0.07863509
0.1369011
0.05468761
0.1205424
0.1045372
0.1369586
0.1386693
0.2117166
0.2311119
-0.1066171
0.2252325
0.181919
0.3420456
0.1515543
0.4023259
0.1880725
0.1243446
0.0946133
0.2472614
0.1630692
0.1156274
0.166353
0.03343973
0.001267269
0.0738577
0.1683682
0.113799
0.09044518
0.1362093
0.140586
0.1043325
0.1822746
0.2068141
0.1901763
0.1466512
0.0859166
0.1228958
0.0134423
0.07287915
0.1906212
0.110869
0.07428845
0.1376378
0.1411236
-0.005940768
0.1733299
0.2350758
0.2444162
0.1962461
0.2667958
0.2903482
0.2198907
0.2453825
0.1835896
0.2382667
0.1384967
0.04374909
0.2482078
0.105239
0.3153803
0.1469679
0.1290419
0.3097413
0.2451099
0.2084617
0.3248665
0.3217824
0.1354603
0.2536632
0.1082065
0.07873808
0.2233042
0.2898814
0.1055847
0.1137321
0.1612546
0.2257492
0.1866798
0.1089547
0.1654209
0.3484177
0.06092049
0.3293473
0.2892989
0.1939615
0.3235026
0.1903109
0.1587753
0.2847703
0.2065895
0.1356938
0.1927078
0.1229057
0.3640622
0.3820559
0.2280603
0.3700669
0.3765522
0.3557969
0.444701
0.3152702
0.2411582
0.3710411
0.3553591
0.166435
0.2382847
0.3315034
0.3100119
0.3355524
0.3000935
0.3629833
0.2425202
0.2641571
0.3326133
0.253047
0.2543931
0.2930335
0.2183725
0.4250816
0.382754
0.3635057
0.4920965
0.2746308
0.4132442
0.1894053
0.3850357
0.3629055
0.3121729
0.4069806
0.3429511
0.2200557
0.3295473
0.3165309
0.3932279
0.4005733
0.2960205
0.3491066
0.3742643
0.3176718
0.4638771
0.5593446
0.471887
0.1601926
0.3271531
0.4173278
0.5291022
0.2612581
0.4584862
0.2239351
0.4656983
0.2833441
0.282262
0.4626303
0.4248962
0.5084183
0.4098861
0.4037184
0.4162185
0.3764871
0.4896222
0.3625108
0.4795219
0.4156564
0.4303724
0.5070689
0.4511479
0.4491053
0.4180212
0.4818217
0.3962274
0.5145579
0.4053541
0.3620489
0.4203288
0.3973902
0.5003708
0.4756558
0.46375
0.4058926
0.3872268
0.5098702
0.4560055
0.4295169
0.5412706
0.5533513
0.5369239
0.4952895
0.4970375
0.5733772
0.533818
0.6518391
0.5530836
0.505529
0.4187728
0.5688258
0.50321
0.5837529
0.5651978
0.4926374
0.3458422
0.3872221
0.4285863
0.4991835
0.5529016
0.537546
0.4751314
0.4975582
0.5198904
0.5289187
0.4824033
0.5394151
0.5025353
0.3694739
0.4851673
0.5193925
0.5030626
0.5812182
0.502312
0.5653959
0.6199993
0.5361492
0.5598961
0.3881441
0.5378761
0.517013
0.5807554
0.537363
0.3964331
0.5804379
0.5488389
0.6189354
0.5898335
0.3641759
0.5938901
0.5494012
0.584106
0.7045412
0.6209383
0.6306725
0.6198575
0.672989
0.5170359
0.7290693
0.5340354
0.5824487
0.4588425
0.7237295
0.5608589
0.6106849
0.5581486
0.5129442
0.5717768
0.6090643
0.7377613
0.647677
0.6682905
0.461475
0.3905159
0.5934818
0.5446624
0.556484
0.6567295
0.6062865
0.6990319
0.4789631
0.5293465
0.6808158
0.633215
0.6237197
0.5484112
0.4998063
0.451347
0.6995472
0.7845243
0.6191233
0.6682768
0.7066913
0.6819853
0.5945707
0.6702697
0.6039207
0.702158
0.7205308
0.6624608
0.6614476
0.5901386
0.4320791
0.6560643
0.6822074
0.6829908
0.7218604
0.669409
0.6036048
0.6731637
0.5932211
0.8221409
0.524329
0.7178379
0.7814727
0.6872424
0.7805569
0.6383633
0.5691037
0.8221138
0.6839168
0.6935586
0.6146869
0.6736982
0.9478617
0.6252182
0.5947801
0.7517473
0.6784905
0.7992704
0.7126741
0.7701138
0.7098262
0.6963173
0.7359299
0.7939362
0.5971919
0.8565237
0.7505454
0.6745564
0.6286398
0.7575303
0.6153819
0.8266454
0.6784666
0.6882506
0.8740085
0.759409
0.8654681
0.863612
0.7607631
0.6425578
0.7366454
0.7406634
0.763342
0.7374432
0.665849
0.7113845
0.9143313
0.7352329
0.6431542
0.6749927
0.8082066
0.8372421
0.8178174
0.8265379
0.7382045
0.7390754
0.8051781
0.8648541
0.7867116
0.7737222
0.8645776
0.825777
0.9651228
0.6548654
0.7755898
0.688923
0.7745329
0.8255524
0.8522698
0.8144793
0.7992861
0.9494528
0.8375349
0.7814162
0.7662995
0.7897054
0.798514
0.798915
0.8706914
0.8555418
0.9826122
0.8093159
1.029829
0.7662225
0.7642688
0.5958409
0.717172
0.8740529
0.7902979
0.8679248
0.7805142
0.8405239
0.8979347
0.9216446
0.8314946
0.8487802
1.125371
0.6958776
0.8862444
0.9526345
0.8771071
0.8611039
0.8977735
0.9338096
0.8391432
0.9668635
0.7861507
0.8673208
0.8641544
0.9556318
0.9963291
0.8510517
0.7714755
0.920798
0.8931019
0.9026967
0.8487602
0.9614537
1.007146
0.9825225
0.9571573
0.7648684
0.9073807
0.9049058
0.9992955
0.9533695
0.9361984
0.852446
0.9716079
0.9455947
0.814699
0.9116989
0.8171946
0.9664141
0.7892675
0.9329501
1.077129
1.036801
1.021408
0.9344948
0.9106817
1.054089
1.041835
1.111721
1.00515
1.010155
0.9300031
0.8931217
0.889593
1.054691
0.9098882
0.8152839
0.9243396
0.8882028
1.077954
0.9647835
0.9758103
0.9758179
0.923001
0.9141222
1.002272