-0.04577485
-1.080675
-0.9713665
-1.037757
-0.909194
-0.9377179
-0.8987674
-0.9332142
-0.9891633
-1.14269
-0.957913
-0.9271438
-0.9613797
-0.9608312
-0.8868673
-1.044701
-0.986182
-0.7645929
-1.012925
-1.026767
-0.9626194
-0.7731888
-0.9016276
-0.991314
-0.8793096
-0.9103487
-0.9815532
-0.9281165
-0.9361706
-0.950752
-0.7856989
-0.8898418
-0.828103
-1.02759
-0.9478294
-0.8697437
-0.9853365
-0.900423
-0.9787149
-0.87243
-0.8560187
-0.9907805
-0.9394742
-1.07486
-0.9850369
-1.033294
-0.9624122
-1.070717
-0.9412771
-0.8674189
-0.9123554
-0.9299065
-1.015911
-0.8802994
-0.8930579
-0.998293
-0.824446
-0.7890463
-0.914323
-0.9316962
-0.8558089
-0.8872659
-1.035579
-1.002561
-0.8031814
-0.8711612
-0.8353268
-0.893994
-0.7147032
-0.9344447
-0.8967059
-0.9640553
-0.9264905
-0.9604507
-0.9631699
-0.823752
-0.9017615
-0.8882509
-0.7098555
-0.8411169
-0.7745238
-0.8764858
-0.8284627
-0.9452885
-0.9412251
-1.017624
-0.83464
-0.7418332
-0.8020362
-0.8056091
-0.9018465
-0.9404379
-0.7600855
-0.908121
-0.755426
-0.9193783
-0.7832839
-0.7720971
-0.9477193
-0.7591149
-0.8075443
-0.7594997
-0.8023649
-0.7814366
-0.728518
-0.742423
-0.8371878
-0.5821019
-0.7374647
-0.8103682
-0.8804848
-0.8030552
-0.8205072
-0.7630129
-0.5385373
-0.7877365
-0.7874731
-0.7342651
-0.7902466
-0.6476788
-0.869599
-0.6809013
-0.9027938
-0.667833
-0.6940492
-0.8251894
-0.7807355
-0.7885985
-0.7704387
-0.8524086
-0.8210666
-0.7579902
-0.8327306
-0.6152879
-0.7082218
-0.8196474
-0.7710928
-0.6813336
-0.7323654
-0.836788
-0.6979232
-0.7447675
-0.7518346
-0.50736
-0.8079359
-0.6404062
-0.7597278
-0.4636579
-0.6479319
-0.6746363
-0.7014159
-0.607608
-0.6772052
-0.647851
-0.7131505
-0.7599159
-0.6612973
-0.7003928
-0.5789876
-0.7925333
-0.7578453
-0.6232804
-0.568498
-0.5828647
-0.6250343
-0.7053137
-0.7147653
-0.6886594
-0.7109666
-0.6176781
-0.586668
-0.6723444
-0.6069893
-0.4966329
-0.7557867
-0.5750732
-0.7736832
-0.5968683
-0.7572183
-0.5767698
-0.5370143
-0.5974264
-0.6499279
-0.588724
-0.6017443
-0.6043163
-0.7188597
-0.6360399
-0.5794234
-0.5383529
-0.753373
-0.6629255
-0.7456999
-0.5729006
-0.5989627
-0.6262933
-0.5498172
-0.6310748
-0.6645133
-0.4685956
-0.5528581
-0.7788352
-0.6367018
-0.6191035
-0.646267
-0.6396556
-0.5829142
-0.4333716
-0.5918382
-0.4043903
-0.4982125
-0.5641588
-0.5042929
-0.4847712
-0.6177775
-0.5877302
-0.5596335
-0.6625826
-0.4957059
-0.6513008
-0.5807035
-0.5383548
-0.6727343
-0.6841807
-0.4075445
-0.6194858
-0.581428
-0.3747685
-0.5036969
-0.5791088
-0.5654246
-0.3785445
-0.6059503
-0.494703
-0.5897373
-0.6530317
-0.4816778
-0.4725731
-0.553778
-0.4751567
-0.4972753
-0.4651441
-0.5264276
-0.5642976
-0.4245864
-0.5957726
-0.580975
-0.4868587
-0.5870393
-0.6142537
-0.5429614
-0.3706136
-0.6781152
-0.344766
-0.537269
-0.5368509
-0.5038345
-0.4743472
-0.4679361
-0.3874016
-0.3718581
-0.4815537
-0.5989217
-0.4593382
-0.4875779
-0.5422951
-0.3771912
-0.4013609
-0.4202137
-0.5061832
-0.4189494
-0.3410927
-0.4764246
-0.4047787
-0.2914838
-0.3554139
-0.4262942
-0.4638711
-0.3632245
-0.5177984
-0.4481641
-0.3997531
-0.3617604
-0.4558567
-0.5188001
-0.3390407
-0.4599089
-0.5141251
-0.2824529
-0.5903144
-0.4472837
-0.3678598
-0.4710142
-0.3777064
-0.4268107
-0.3866073
-0.4113831
-0.5304085
-0.355829
-0.4124309
-0.5676347
-0.5127443
-0.3981341
-0.5080245
-0.5073463
-0.4743789
-0.3192159
-0.2797922
-0.4409419
-0.4446794
-0.4898443
-0.5680128
-0.372115
-0.3920143
-0.3445361
-0.4567017
-0.4579153
-0.3324077
-0.4185862
-0.4305522
-0.4476998
-0.3742822
-0.3589168
-0.2416643
-0.3719395
-0.3793532
-0.4200709
-0.369998
-0.4290667
-0.2807834
-0.3743033
-0.4033486
-0.3292813
-0.3427619
-0.3856855
-0.2011882
-0.1687769
-0.1803226
-0.3528219
-0.3918434
-0.3509136
-0.3288732
-0.3182569
-0.2989018
-0.3950382
-0.3486855
-0.2727425
-0.2699366
-0.3515794
-0.2616606
-0.2419626
-0.1992023
-0.2996721
-0.2643574
-0.2085183
-0.3648507
-0.2409395
-0.2150707
-0.3706397
-0.191428
-0.3628657
-0.2316667
-0.333794
-0.2618728
-0.2111342
-0.286354
-0.3402061
-0.4332267
-0.429186
-0.2642931
-0.2101535
-0.2168294
-0.3159324
-0.3611225
-0.1339583
-0.3794513
-0.2673191
-0.2242076
-0.1607588
-0.3403296
-0.135009
-0.1412745
-0.2823806
-0.4320216
-0.3784018
-0.1396735
-0.1969827
-0.2063113
-0.1901218
-0.1780997
-0.3599657
-0.3169311
-0.3212974
-0.3134515
-0.3048975
-0.1622684
-0.2815276
-0.2370881
-0.1380176
-0.2455963
-0.2805484
-0.001354196
-0.04626928
-0.3652038
-0.3388577
-0.2084221
-0.2646616
-0.1444133
-0.02048717
-0.2079457
-0.1365104
-0.2816094
-0.1561125
-0.2616468
-0.161933
-0.1077676
-0.1713828
-0.2898775
-0.1933105
-0.1752387
-0.1395778
-0.1726945
-0.1100337
-0.2025009
-0.03821656
-0.3677601
-0.1366195
-0.04403051
-0.175323
-0.06970709
-0.1936651
-0.1797098
-0.09778099
-0.1131645
-0.1392721
-0.2124751
-0.07444268
-0.2380472
-0.1081411
-0.2390453
-0.1977201
-0.1355327
-0.1570754
-0.04798241
-0.1464147
-0.05642814
-0.314467
-0.2465855
-0.1239257
-0.07841179
-0.2085362
-0.04030576
-0.02560479
-0.2116088
0.0313937
-0.2106399
0.03314829
-0.01106847
0.007586218
-0.2980529
-0.07566132
-0.05870153
-0.1489163
-0.04719304
-0.1323692
0.04387647
-0.1347944
-0.1642688
-0.03832435
-0.01455297
-0.009896481
-0.08104622
-0.1470539
-0.06087402
-0.05191417
0.02173202
-0.1686618
-0.05901853
0.009111334
-0.02321645
-0.05826181
-0.04359246
0.03457425
0.06902375
-0.03073259
-0.07133745
0.0151647
-0.1755985
-0.03696871
0.05951658
-0.1173369
0.09823453
0.03098212
0.02354037
-0.1509743
-0.08589689
0.01214269
-0.1780659
-0.01915736
-0.004783788
-0.08440355
0.0002059867
0.1350434
-0.009649297
-0.04728852
0.1205928
-0.002075708
0.03920523
0.005568102
-0.005828879
0.02894484
-0.0233877
-0.00149186
0.005978878
0.06744396
0.1178019
0.01593599
0.0544089
0.02674477
0.07015103
0.1182206
-0.0743986
0.146654
0.05155684
0.02323382
0.1184526
0.0009702472
-0.09232096
-0.08516583
0.05081125
-0.03857523
0.228381
0.1357357
0.0847853
0.177184
0.1268382
0.04639127
-0.04035627
0.1167212
0.1322336
0.05895039
0.1318114
0.1136141
0.01527384
0.1287343
0.03520302
0.1273223
0.009111771
0.1931314
0.03370641
0.2735888
0.1458752
0.1181923
0.02742546
0.1612856
0.2053257
0.1324018
0.07737723
0.1219344
-0.02991029
0.1075894
0.1740693
0.1000144
0.09076107
0.1520885
0.2428133
0.1752126
0.02313252
0.113703
0.1622907
0.2499065
0.154009
0.3089566
0.12231
0.1709293
0.04755156
0.2002398
0.1649939
0.1562243
0.13988
0.1750808
0.1287745
0.1494892
0.007229052
0.09271611
0.2371976
0.3172323
0.1334563
0.13787
0.3112005
0.1363814
0.1469044
0.2001253
0.09799342
0.2421376
0.05458523
0.2230325
0.2553033
0.1352935
0.3249272
0.1914971
0.1701967
0.1152297
0.02284607
0.3219621
0.246319
0.1191833
0.1913761
0.2044619
0.3653971
0.2416103
0.1569186
0.0594755
0.1729191
0.2588164
0.219515
0.0995779
0.1397954
0.2446251
0.1331855
0.3101063
0.210918
0.2325861
0.3790942
0.2487849
0.282279
0.1559259
0.1223521
0.2889248
0.2586538
0.09575981
0.05104142
0.299642
0.3280435
0.2468631
0.2058334
0.2314816
0.2818393
0.1405361
0.1999082
0.2482596
0.287119
0.2423923
0.3896908
0.2563288
0.3726165
0.1417774
0.3142212
0.3258418
0.2446718
0.4133105
0.31673
0.2883073
0.394168
0.4014514
0.4114351
0.3640282
0.3054497
0.2933216
0.4001314
0.3202032
0.1794608
0.3267909
0.420936
0.395945
0.446419
0.3968517
0.235479
0.3643874
0.2860428
0.2450106
0.4134064
0.4216077
0.3996427
0.3054031
0.3889925
0.2633151
0.4923389
0.5932093
0.5370179
0.4021425
0.5359427
0.331682
0.384742
0.2913289
0.3359762
0.4171882
0.5618558
0.3350101
0.3492023
0.4940482
0.3396563
0.2289295
0.2551158
0.3508442
0.3145064
0.325303
0.2767416
0.4696114
0.3829404
0.2604319
0.4129763
0.3788
0.5067831
0.3751367
0.3785077
0.343321
0.4387588
0.3582476
0.4246709
0.3538484
0.4004981
0.3037971
0.3071683
0.5080811
0.3759023
0.4274447
0.4349454
0.448169
0.3808837
0.2443272
0.3914318
0.3192065
0.5912326
0.484151
0.5254227
0.3709409
0.5598319
0.5350962
0.5164332
0.4348142
0.4275384
0.4593667
0.4244299
0.4448056
0.4753797
0.4485056
0.3706981
0.4509004
0.4017389
0.4266567
0.3601048
0.4933312
0.4536639
0.4536525
0.5583175
0.5684625
0.6188332
0.5626997
0.5517662
0.5466174
0.5385891
0.6051714
0.6222213
0.5065802
0.5246598
0.6388347
0.5851291
0.4527367
0.5538309
0.5435663
0.5197437
0.5104562
0.4566161
0.6169005
0.4126783
0.5041017
0.4604283
0.5737542
0.5052786
0.5445616
0.5274425
0.527814
0.4664258
0.4653354
0.5695599
0.4095611
0.5249202
0.6520969
0.6550706
0.6290164
0.5790519
0.6644651
0.435523
0.5750349
0.6201298
0.5018376
0.6150567
0.5407799
0.5346979
0.4351741
0.7388428
0.6108745
0.5936916
0.4704222
0.5153886
0.6097439
0.5420192
0.5833207
0.6793985
0.5736833
0.5690444
0.4524061
0.6506179
0.5384782
0.4407446
0.4684983
0.5372953
0.6384662
0.615996
0.6278958
0.7125985
0.7375387
0.6586082
0.7313523
0.5289283
0.5487238
0.6648901
0.6045842
0.6399982
0.6387408
0.6918453
0.4467386
0.6808477
0.6890643
0.8409036
0.7160907
0.6713873
0.6919624
0.7334839
0.8457882
0.674154
0.6236973
0.6630365
0.7076281
0.7480112
0.6627582
0.6081741
0.7621272
0.6840887
0.6596423
0.6451947
0.6807009
0.7121539
0.6283821
0.7834133
0.6060256
0.6682929
0.5933022
0.6347427
0.7900218
0.7490803
0.705027
0.7706732
0.8011128
0.7814693
0.6911756
0.6828245
0.7896346
0.6176821
0.8897586
0.7092415
0.7500868
0.7861935
0.6478082
0.6991647
0.6671358
0.7971432
0.6921539
0.6051347
0.6319039
0.7625103
0.7015157
0.8373587
0.8470878
0.7099846
0.6944515
0.8112533
0.782834
0.5967522
0.7922523
0.6681291
0.7037273
0.7689239
0.7068512
0.7375754
0.7024698
0.7880844
0.7657301
0.7047043
0.8313857
0.8847215
0.9521464
0.8744849
0.757928
0.8395169
0.6811736
0.7279585
0.7382525
0.713767
0.8916425
0.7968701
0.8703669
0.6567745
0.816283
0.8005775
0.8054582
0.7651157
0.8611369
0.7272809
0.8199729
0.7066699
0.8120847
0.8166646
0.8243613
0.7530563
0.7816707
0.9050105
0.818563
0.9568839
0.8444348
0.8934941
0.8125453
0.8241341
0.7725655
0.9583754
0.9035466
0.87187
0.8539416
1.088985
0.8218878
0.9438557
0.9631893
0.8675164
0.8373309
0.8737382
0.7721987
0.8656515
0.7234761
0.941697
1.004343
0.7929759
0.9396421
0.7609352
0.8849474
0.9801556
0.8532662
0.9338524
0.8457351
0.8859538
0.7328491
0.9043791
0.9855966
0.9779118
0.9602448
0.9244874
0.7822302
1.097223
0.9789604
0.867965
0.948661
0.8454424
0.9287795
0.9439765
0.9833454
0.9359451
1.052807
0.8934391
0.9015783
0.7769615
0.9248201
1.044467
0.9575389
1.054311
0.9500265
1.061728
0.8377579
0.8608225
0.9672836
0.908144
0.9648499
0.748956
0.9120638
1.056148
0.9159223
0.8164702
1.02453
0.9511738
1.027823
0.909013
1.007799
1.14282
0.9570289
1.125364
1.003779
0.9497512
1.014623
0.9298845
1.052354
1.085984
0.8661433