0.138646
-0.955766
-1.040283
-0.7731696
-0.9068008
-1.063274
-0.9913774
-0.8585546
-1.056267
-1.015455
-1.04792
-1.077382
-1.003024
-1.014834
-0.8339181
-1.030044
-0.8238951
-0.9137643
-0.9676553
-1.013308
-0.8270226
-0.9181242
-1.030052
-0.8618487
-1.076419
-0.9320804
-0.8036797
-1.032497
-0.8744454
-0.866545
-0.9099249
-0.9112218
-0.9708217
-0.8513502
-0.8115949
-1.173212
-0.9995905
-0.9375674
-0.9059902
-0.9090779
-1.064054
-0.8538142
-0.7631221
-1.000347
-0.9519856
-0.8354734
-0.8767524
-0.9006836
-0.9052301
-0.7417119
-0.7981941
-0.9505381
-0.8485264
-0.8703456
-0.841711
-0.748956
-0.9198835
-0.8274196
-0.9484867
-0.7997644
-0.9022069
-0.9357924
-0.7986013
-0.8479018
-0.9048476
-1.083784
-1.035641
-0.7657851
-0.7732295
-0.7925532
-0.8399389
-0.7142299
-0.9008296
-0.782953
-0.9143303
-0.8348908
-0.8324199
-0.8991566
-0.9017712
-0.7881124
-0.7051869
-0.8957391
-0.7989281
-0.8663898
-0.8054481
-0.851403
-0.9067531
-0.8136725
-0.7812936
-0.7666423
-0.8845383
-0.8573534
-0.8167078
-0.8019875
-0.8378996
-0.9654839
-0.6726901
-0.6889656
-0.8935847
-0.6713711
-0.7308975
-0.8856339
-0.921686
-0.8282714
-0.8230158
-0.724279
-0.7643141
-0.6882349
-0.7512256
-0.8927258
-0.8322819
-0.8141139
-0.6936884
-0.7785367
-0.7957419
-0.6438101
-0.7393007
-0.7597421
-0.8747069
-0.6617551
-0.8875249
-0.7772213
-0.7702084
-0.7579663
-0.7260643
-0.8446404
-0.6822578
-0.6653122
-0.784143
-0.7192263
-0.7383969
-0.730743
-0.8182246
-0.769182
-0.7077912
-0.5885343
-0.786648
-0.730355
-0.6632345
-0.8184289
-0.7357369
-0.7033695
-0.8427968
-0.7393644
-0.6716987
-0.7662373
-0.8034279
-0.6198118
-0.7232835
-0.6518475
-0.7073699
-0.6124367
-0.6167469
-0.7568712
-0.5974795
-0.7469724
-0.6497268
-0.6727789
-0.8017488
-0.6892853
-0.6612269
-0.7350387
-0.6229357
-0.7596548
-0.6878819
-0.707382
-0.6884188
-0.7190259
-0.6893965
-0.6702332
-0.7260263
-0.5504836
-0.7034987
-0.6601567
-0.5571257
-0.6281608
-0.5210075
-0.6877482
-0.5893758
-0.7875906
-0.5426594
-0.5820704
-0.5480341
-0.6578684
-0.5383168
-0.5155199
-0.7821729
-0.630002
-0.5614772
-0.5146661
-0.6964324
-0.536784
-0.6120433
-0.660506
-0.6753925
-0.7840546
-0.63941
-0.5889921
-0.5966234
-0.6827534
-0.6947448
-0.480274
-0.6733438
-0.6208674
-0.6285971
-0.6413173
-0.5222522
-0.7464008
-0.5890906
-0.6470469
-0.5840234
-0.5617555
-0.6843148
-0.5786695
-0.6873752
-0.584889
-0.6216884
-0.5095189
-0.5195054
-0.5128827
-0.600981
-0.5315043
-0.6879425
-0.6088932
-0.5148277
-0.5437207
-0.6293368
-0.6221584
-0.5207302
-0.432794
-0.6307071
-0.4268995
-0.3603511
-0.3446493
-0.4601301
-0.7035663
-0.6478667
-0.345107
-0.4393797
-0.5066074
-0.5412062
-0.5281859
-0.6251751
-0.6983285
-0.5358396
-0.4990037
-0.4779765
-0.3904357
-0.4417788
-0.5866761
-0.5067937
-0.3163514
-0.5956572
-0.4235256
-0.3578638
-0.5167218
-0.620203
-0.3696688
-0.4342659
-0.3960042
-0.4878692
-0.4808817
-0.366573
-0.4688796
-0.6344502
-0.5286943
-0.4678676
-0.5731813
-0.2429157
-0.561053
-0.4648675
-0.4916091
-0.352228
-0.2273246
-0.3675224
-0.4338775
-0.4503631
-0.4059972
-0.3089593
-0.5618848
-0.3710329
-0.4285541
-0.4143236
-0.5133091
-0.2495771
-0.3702161
-0.2481892
-0.4747176
-0.4740358
-0.5663345
-0.3679827
-0.4409946
-0.3775249
-0.279818
-0.3239439
-0.4254094
-0.4237538
-0.4872331
-0.373324
-0.3761829
-0.4256951
-0.4828718
-0.3825451
-0.4258995
-0.4679268
-0.4727167
-0.2405906
-0.4520643
-0.3906743
-0.3041963
-0.3821916
-0.3569314
-0.3222553
-0.2514227
-0.2992511
-0.07787794
-0.4589568
-0.3683417
-0.3314589
-0.4384608
-0.4555018
-0.4290435
-0.3820439
-0.2035934
-0.1745612
-0.2475854
-0.3927263
-0.4653119
-0.4833608
-0.3491187
-0.3821937
-0.2360339
-0.4346865
-0.276861
-0.386064
-0.304508
-0.4564265
-0.2838965
-0.1773301
-0.2641341
-0.1187115
-0.1751621
-0.2042792
-0.3440313
-0.5012724
-0.2455164
-0.3113835
-0.3207116
-0.195987
-0.4274886
-0.2558612
-0.2569582
-0.1087298
-0.06438338
-0.3011965
-0.3978998
-0.2660292
-0.1320601
-0.368132
-0.3908751
-0.4636023
-0.204836
-0.3077528
-0.3381195
-0.2899501
-0.4065263
-0.3271079
-0.3119777
-0.1702087
-0.2366575
-0.4586735
-0.3286676
-0.03339612
-0.2296383
-0.2335798
-0.2188711
-0.2950723
-0.2852238
-0.3127649
-0.2703213
-0.2416867
-0.2197679
-0.3246935
-0.2220741
-0.298657
-0.1975725
-0.103185
-0.1800964
-0.06711797
-0.2937683
-0.2845807
-0.1803646
-0.1260589
-0.2012903
-0.220156
-0.1138391
-0.2456667
-0.2630396
-0.1695869
-0.1304123
-0.230631
-0.2502003
-0.280413
-0.2486407
-0.2005118
-0.2259774
-0.2470509
-0.2211886
-0.295042
-0.0503841
-0.2701406
-0.1926614
-0.1795714
-0.1591402
-0.1405865
-0.1824859
-0.1015546
-0.002057213
-0.1924946
-0.1915458
-0.1668516
-0.1325393
-0.1650581
0.003738934
-0.2719811
-0.1926444
-0.2001421
-0.09319289
-0.166224
-0.172888
-0.1569805
-0.04323844
0.02610979
-0.2327072
-0.2100027
-0.1681454
-0.2892513
-0.08409252
-0.140448
-0.2624769
-0.1134552
-0.0653647
-0.1238764
-0.006713258
-0.02955292
-0.1613242
0.005242724
-0.1503094
0.02941354
-0.05349506
0.03669092
-0.1164633
-0.1707749
-0.1228904
0.05534748
0.01049699
-0.08912394
-0.03286725
-0.1583781
0.01570902
0.0621559
-0.04733674
-0.01176925
-0.07870014
0.05670212
-0.08557093
-0.1384198
0.08767089
-0.1317684
-0.1083453
-0.1328073
-0.1350532
0.05264882
0.0004128331
0.02389558
-0.1234529
0.00418753
-0.08680643
0.01315227
-0.1453401
-0.1276996
-0.1053291
-0.04278482
-0.08880223
0.04605944
-0.07233782
-0.06857126
-0.02074771
-0.0440907
-0.03236389
0.01792929
-0.1493381
-0.02753929
0.1380174
-0.002191357
-0.05241553
-0.06540308
0.1224257
-0.02423518
0.1223254
-0.2169567
-0.2270184
-0.04435511
-0.02232419
0.0828629
0.02435218
-0.07324097
-0.05802566
-0.1161488
0.05267961
-0.1313921
0.01519993
0.002901058
0.1449851
0.08910889
-0.1023935
0.003653944
0.1311551
-0.1453223
-0.009789205
0.03738527
0.04633098
0.110334
-0.1445337
0.09656556
-0.08416384
-0.02121098
-0.006995447
0.03004632
-0.1323017
0.1287725
0.02689746
-0.07128673
-0.06241173
0.2925747
-0.04659383
0.01663864
0.04502486
0.1227407
0.2300061
-0.0201525
0.04544561
-0.06282417
0.0169858
-0.05799206
0.1335692
0.06237059
0.1087838
0.1076096
0.139945
0.1313644
0.2124782
0.2074916
-0.113524
0.2418849
0.1774591
0.3396158
0.168835
0.4001792
0.1639324
0.09943181
0.09983487
0.2741164
0.1706902
0.1150552
0.179684
0.03752447
0.006136373
0.06806615
0.1380741
0.1207165
0.09599794
0.1449313
0.1165902
0.09529557
0.1967717
0.2393544
0.2116496
0.1580946
0.06133898
0.1129124
-0.008529319
0.07862549
0.1983828
0.1078389
0.08608727
0.1386928
0.131561
-0.01663757
0.17032
0.2523396
0.238478
0.2065532
0.2768452
0.2962623
0.2432065
0.2371836
0.190532
0.2326887
0.1271176
0.04898613
0.261006
0.1447616
0.3106512
0.1405798
0.1572928
0.2950167
0.2501569
0.2205997
0.3243984
0.3414706
0.1639932
0.2659898
0.1026135
0.08667765
0.2351764
0.2880909
0.1144294
0.1217587
0.1556081
0.2343136
0.1635459
0.1361388
0.1677926
0.3460259
0.03086814
0.3231309
0.2962012
0.2051231
0.3035699
0.1889319
0.1474148
0.3094903
0.2116242
0.1178177
0.2111528
0.1414187
0.346602
0.3573603
0.2235831
0.3597334
0.3765602
0.3357605
0.4422191
0.3115018
0.2411104
0.363492
0.3451521
0.1670766
0.2340397
0.3303688
0.3129788
0.330842
0.2624775
0.3541889
0.2594392
0.2524075
0.3190653
0.2487719
0.2673627
0.2843218
0.2077216
0.4335749
0.363347
0.3382017
0.4790693
0.2613155
0.3999971
0.1848427
0.3710588
0.3759195
0.307994
0.3886491
0.3429462
0.2280552
0.3128965
0.3272906
0.3631417
0.3942472
0.2838201
0.3567545
0.3831638
0.3152239
0.4457718
0.5533041
0.4540888
0.163877
0.3482128
0.4199697
0.5062126
0.2767287
0.4751171
0.2376557
0.4613376
0.2516465
0.2836451
0.4684606
0.4355615
0.5236143
0.3991341
0.386487
0.4133913
0.3793722
0.4725275
0.3576847
0.4639025
0.4057779
0.4312758
0.5096244
0.4436356
0.4531349
0.4053067
0.4791153
0.3937766
0.5339429
0.4052686
0.3530075
0.4092304
0.3974271
0.5187589
0.4721195
0.4683232
0.4230355
0.4015688
0.5034377
0.4760403
0.4471941
0.5499882
0.5407798
0.5707013
0.4976202
0.5072869
0.5715319
0.5165555
0.6436382
0.5718168
0.518902
0.4377322
0.5660355
0.5070737
0.5819889
0.5667721
0.4910677
0.3467853
0.3832023
0.4196538
0.4948747
0.562333
0.5348195
0.4787367
0.508119
0.4992923
0.520487
0.4927176
0.5213696
0.5113325
0.3777554
0.5119161
0.5205445
0.5020575
0.6037297
0.5193757
0.5852118
0.6416977
0.517741
0.5534168
0.3678456
0.5708867
0.5048755
0.5947229
0.543029
0.3918763
0.5883927
0.5551933
0.6154724
0.5881215
0.3780779
0.5777399
0.5482852
0.6009536
0.6834242
0.6187975
0.6391152
0.642001
0.6716265
0.5275308
0.7168596
0.5351244
0.5916307
0.4443095
0.7112628
0.5480284
0.5885931
0.5592858
0.5318577
0.5600184
0.6194017
0.7334427
0.6642104
0.6694077
0.4532004
0.3972189
0.5918835
0.5503796
0.5614198
0.6892054
0.6178918
0.7206728
0.4574557
0.5117972
0.6686566
0.6598514
0.6394479
0.5617647
0.4927929
0.462513
0.721282
0.7899983
0.6252001
0.6670501
0.7156153
0.7063994
0.6114612
0.6640111
0.6040905
0.7083893
0.7129038
0.6590846
0.6572906
0.6096624
0.422709
0.6583631
0.6875442
0.6991984
0.7261162
0.6391628
0.5906515
0.6917168
0.5703835
0.8191034
0.5468198
0.728635
0.773458
0.6732426
0.7732497
0.626892
0.5513758
0.8331601
0.7009391
0.7080049
0.6201188
0.6617685
0.9573199
0.6334931
0.6107325
0.7592773
0.6801335
0.7827675
0.7121566
0.7812895
0.6998633
0.6905267
0.7349867
0.7836374
0.6014545
0.8747311
0.7467605
0.6665739
0.6576588
0.7562196
0.6238412
0.8198662
0.6561134
0.6894816
0.8639208
0.7638578
0.8794335
0.869569
0.7690952
0.6692006
0.7342144
0.7200684
0.7544927
0.7297141
0.6972587
0.7202566
0.9336019
0.7483662
0.6429444
0.6732997
0.7988575
0.8456479
0.8256979
0.8084933
0.7147158
0.7339645
0.7857589
0.8532517
0.8052353
0.7771763
0.8561624
0.8456768
0.9860021
0.6414452
0.7711189
0.6930032
0.7768934
0.832586
0.8141493
0.8159634
0.8092044
0.9382821
0.8184418
0.7796271
0.7513491
0.7848484
0.814771
0.7826865
0.8705289
0.8668878
0.9967406
0.8299331
1.01927
0.7672206
0.7690978
0.6074253
0.6884738
0.8591025
0.7873215
0.8692846
0.7728051
0.8434481
0.8980897
0.9456012
0.8224544
0.8433623
1.131781
0.6815482
0.8896381
0.944453
0.8672023
0.8680466
0.9019467
0.9303101
0.8382296
0.9836378
0.8034308
0.8696703
0.8439985
0.9475315
0.976546
0.8498706
0.7876032
0.9312453
0.9055395
0.8998282
0.8555187
0.9840958
0.9955666
0.9744626
0.937919
0.7866367
0.9267861
0.9278513
1.008599
0.9477394
0.9529008
0.8520622
0.9443265
0.9375938
0.8203284
0.9036423
0.8159771
0.9684143
0.791374
0.943482
1.052623
1.025546
1.0038
0.9491366
0.910728
1.045054
1.037709
1.068215
0.9944503
1.019698
0.9332627
0.9043976
0.8723608
1.08058
0.8885157
0.8039405
0.9319155
0.8850108
1.103182
0.9612483
0.9574885
0.99615
0.9060738
0.9218468
1.017513