-0.009673875
-0.968725
-0.9370176
-0.9644773
-1.070593
-0.9157534
-0.8698311
-0.9625022
-0.8619296
-0.980475
-1.105895
-1.07084
-1.086082
-0.9411821
-0.8955347
-1.021571
-0.9701058
-0.9625935
-1.009095
-0.9310001
-1.098499
-1.098905
-0.9645681
-1.102186
-0.9435611
-0.7750535
-0.9623701
-1.101295
-0.9070183
-0.9683138
-1.036339
-0.8930029
-0.8494732
-0.982627
-0.9640704
-1.070241
-0.9896294
-1.097207
-0.8769873
-0.9026416
-0.7447144
-0.8515934
-0.9547637
-0.9386013
-1.007059
-0.8792786
-0.9986185
-0.948885
-1.031861
-0.8878045
-0.9127736
-0.8129298
-0.9301982
-0.8854879
-0.9345774
-0.9621743
-1.009271
-0.9537406
-0.8025439
-0.8393088
-0.8407853
-0.9082246
-0.9877385
-0.8379452
-0.7772327
-0.8821826
-0.8448443
-0.9541614
-0.9437003
-0.8681239
-0.7863018
-0.8249207
-0.8151119
-0.8923755
-0.7305924
-0.8221274
-0.8770604
-0.8397547
-0.8010683
-0.9003502
-0.8884151
-0.756985
-0.773274
-0.7805149
-0.7031417
-0.9618703
-0.8038954
-0.8390331
-0.8738588
-0.6683349
-0.6986979
-0.9611235
-0.7896692
-0.845058
-0.9165531
-0.691351
-0.7005276
-0.9042321
-0.7217947
-0.7759148
-0.7629384
-0.9115017
-0.7815552
-0.8703506
-0.7413497
-0.8401794
-0.8455142
-0.9157494
-0.9214166
-0.7482727
-0.7832117
-0.7501995
-0.7189245
-0.8560246
-0.6973502
-0.884179
-0.564561
-0.9301127
-0.8975039
-0.7634296
-0.7228793
-0.8210633
-0.7151759
-0.895135
-0.7862513
-0.9029164
-0.7951472
-0.7247542
-0.7417588
-0.9109569
-0.8631644
-0.630571
-0.6429812
-0.8357447
-0.6354737
-0.867577
-0.7813023
-0.7883173
-0.6313447
-0.7102549
-0.695313
-0.8843279
-0.6967371
-0.5529173
-0.7479734
-0.7116459
-0.7475011
-0.7535295
-0.6266704
-0.5632306
-0.7025737
-0.7714302
-0.6779045
-0.6985583
-0.6650127
-0.6247369
-0.6864737
-0.8163265
-0.6363168
-0.6552718
-0.7570256
-0.581955
-0.7434732
-0.5907889
-0.6422122
-0.6503861
-0.6309696
-0.7525353
-0.6053955
-0.6751448
-0.6656124
-0.5301835
-0.4670886
-0.6191683
-0.789196
-0.4951068
-0.6715021
-0.7034034
-0.5767057
-0.791728
-0.7732126
-0.6060173
-0.7027399
-0.6384729
-0.7389201
-0.7005038
-0.5917383
-0.7740885
-0.6242855
-0.6621709
-0.7214396
-0.5486081
-0.5069653
-0.5512358
-0.6056011
-0.6805354
-0.6416096
-0.6915008
-0.7086048
-0.608736
-0.6074998
-0.5827187
-0.5259936
-0.5522273
-0.6196906
-0.5501522
-0.6280317
-0.524729
-0.6618478
-0.470174
-0.5658625
-0.6746128
-0.6301089
-0.5072624
-0.6591279
-0.556168
-0.6020724
-0.4468662
-0.4748111
-0.7165919
-0.647538
-0.6495333
-0.6104928
-0.5874265
-0.5547968
-0.4253097
-0.4460944
-0.6970548
-0.693455
-0.5481172
-0.5789444
-0.4947485
-0.3878852
-0.6245223
-0.5509514
-0.4037727
-0.4856107
-0.4114294
-0.4696132
-0.3544196
-0.6487124
-0.5066973
-0.5616264
-0.4219511
-0.4601025
-0.4888624
-0.3892035
-0.5151281
-0.6090265
-0.5165034
-0.5093166
-0.4134954
-0.503271
-0.3929958
-0.682844
-0.5161213
-0.5476828
-0.3966694
-0.3614576
-0.5071364
-0.4340894
-0.4880457
-0.3744397
-0.4762682
-0.3078844
-0.5130381
-0.4281497
-0.5134728
-0.5763648
-0.4383683
-0.4338055
-0.4946682
-0.5092039
-0.4937281
-0.3488088
-0.3601951
-0.4462898
-0.488164
-0.3728121
-0.5546419
-0.3923793
-0.4964937
-0.3897718
-0.4066409
-0.4782155
-0.4442919
-0.4768887
-0.5299683
-0.3300621
-0.28691
-0.417051
-0.3577386
-0.5385356
-0.2948765
-0.4042482
-0.6208691
-0.3169168
-0.4943749
-0.4373408
-0.3012989
-0.4748702
-0.2944674
-0.2980256
-0.3619437
-0.4059164
-0.2841014
-0.3505017
-0.5747117
-0.1993627
-0.3335101
-0.2610159
-0.3027228
-0.4124894
-0.4620176
-0.3176475
-0.3413645
-0.3599261
-0.2708077
-0.4376422
-0.3257436
-0.3571711
-0.3476113
-0.3825935
-0.463845
-0.3267635
-0.256397
-0.3218917
-0.4509256
-0.3738917
-0.3601044
-0.5134987
-0.4325081
-0.3226363
-0.3575048
-0.3059014
-0.3477614
-0.290305
-0.3444681
-0.2943936
-0.4231621
-0.355745
-0.2623498
-0.2106623
-0.329222
-0.3699141
-0.3127514
-0.3903677
-0.27432
-0.251748
-0.3991865
-0.364798
-0.2784477
-0.2612515
-0.2270286
-0.488769
-0.04948737
-0.06448589
-0.2201202
-0.2197294
-0.291128
-0.2975886
-0.2564422
-0.3235617
-0.4064612
-0.2411189
-0.2642225
-0.3436779
-0.3696141
-0.1515999
-0.2887942
-0.2341768
-0.2421371
-0.3003186
-0.2374663
-0.3732547
-0.2736027
-0.3791861
-0.4119924
-0.2249423
-0.2633416
-0.08182963
-0.3337856
-0.2886572
-0.3595521
-0.3288903
-0.2088182
-0.3085509
-0.3604067
-0.2342321
-0.2203741
-0.1804031
-0.2937738
-0.2410715
-0.2806609
-0.3891101
-0.2525811
-0.212686
-0.2300874
-0.124481
-0.3752916
-0.1770106
-0.1085259
-0.1565954
-0.1586729
-0.167672
-0.2140269
-0.193596
-0.2113997
-0.126638
-0.3039593
-0.1721129
-0.1687352
-0.1836853
-0.1063319
-0.07729682
-0.08531169
-0.3222285
-0.3950082
-0.1934586
-0.2349938
0.03406884
-0.1880732
-0.1957518
-0.12022
-0.2168717
-0.06860655
-0.1999013
-0.1389878
-0.1357688
-0.07989192
-0.06060809
-0.1013086
-0.03541494
-0.0567255
-0.1141321
-0.09611915
-0.2474457
-0.3468923
-0.1350079
-0.2430306
0.0448993
-0.07239648
-0.2337952
-0.1205517
-0.1383794
-0.172826
-0.2525788
-0.1592649
-0.03363969
-0.02229192
-0.1563483
-0.1240316
-0.1067081
-0.1624572
-0.1776325
-0.05961861
-0.1495843
-0.02746639
-0.08406002
-0.1002017
-0.1702767
-0.03471367
0.01893154
0.02082376
-0.02464538
-0.1189052
-0.04923489
-0.0007919511
-0.02793254
-0.1499609
-0.0899811
0.0604074
-0.08699117
-0.04058119
-0.07664386
-0.09606655
-0.04138099
0.0345738
-0.07764407
-0.02526646
-0.09212493
-0.09974475
0.05318163
0.09762759
0.03339924
0.009114308
-0.1015447
-0.1244398
0.04716857
-0.07387315
-0.06328108
0.01737198
-0.1975949
0.1820179
-0.05313949
-0.04444
0.01318036
-0.01600182
0.07917446
-0.1067652
-0.05236788
0.07116276
-0.04085189
0.0735671
-0.0214788
0.02540324
-0.02310394
-0.1471893
0.02715662
0.02736694
0.09479051
-0.07430679
-0.0399103
0.0900487
0.00279202
0.0731067
0.03793144
0.05171043
0.02099856
-0.1013124
-0.02061666
0.1857649
-0.004784087
-0.01656072
0.275565
0.04383715
0.02157676
-0.01341331
0.1318851
-0.03519581
0.1596328
0.1051457
0.08040762
0.1716252
0.0679559
-0.03517365
0.009273081
0.1896063
0.1376502
0.106065
0.1243877
-0.01659112
0.04715056
0.07013036
0.1093274
0.1045179
0.06997801
0.1436373
0.2549552
0.07633604
0.1277404
0.06433111
0.04787046
0.1747607
0.06282598
0.1334017
0.1930339
0.2214642
0.07753393
0.05436329
0.1622399
0.1653269
0.1094831
0.2011436
0.057983
-0.05582131
0.1548172
0.1250389
0.1960677
0.1483866
0.2062784
0.1917415
0.2078745
0.08065512
0.1032897
0.1699276
0.1110485
0.1620892
0.2363006
0.2278079
0.1418035
0.1836225
0.2197413
0.2974164
0.08240998
-0.004767948
0.1290657
0.06311185
0.2279127
0.2881194
0.3004515
0.2682328
0.03350402
0.2157024
0.2124359
0.2921039
0.2371039
0.145359
0.2710508
0.07892621
0.1816593
0.1942291
0.2922045
0.1884171
0.1139932
0.1752869
0.2503398
0.1971829
0.2969415
0.1846273
0.2661199
0.3001125
0.1726077
0.2568877
0.1902553
0.245758
0.298417
0.1766428
0.284917
0.09543142
0.2201957
0.1960246
0.1718722
0.2266172
0.2009415
0.2895042
0.2892824
0.2012172
0.1410531
0.2640713
0.3084936
0.06158716
0.1248561
0.4389053
0.2794444
0.03566899
0.2016961
0.4006845
0.264723
0.2546629
0.3507341
0.2964928
0.3326247
0.3108435
0.2928088
0.2533757
0.2953379
0.2523728
0.3302708
0.3406338
0.3703616
0.3231052
0.3180978
0.3781153
0.3315731
0.3580351
0.2611103
0.2757576
0.288408
0.2398402
0.3275022
0.3219127
0.3284712
0.1965343
0.3799292
0.4227875
0.2490354
0.3002353
0.3792311
0.2563077
0.4545709
0.3311024
0.2094105
0.3629869
0.4679424
0.4558591
0.3354771
0.2115486
0.3904829
0.2393998
0.4216434
0.255762
0.3244796
0.2940477
0.3487032
0.4588574
0.4885621
0.3862764
0.5583275
0.4628778
0.4114663
0.3979282
0.3100797
0.5433608
0.2491258
0.4134444
0.2317636
0.2674368
0.3225102
0.3883137
0.4344274
0.3428313
0.4744549
0.3594225
0.4173796
0.3051763
0.4699072
0.3729586
0.4459525
0.3634871
0.6296222
0.4164699
0.5797747
0.358249
0.3490388
0.3872705
0.402485
0.5205511
0.3912171
0.2745009
0.345921
0.4747732
0.5495692
0.4510179
0.6106838
0.3917976
0.3001605
0.4655961
0.4298707
0.4508103
0.5249887
0.5123354
0.3969669
0.497003
0.6141745
0.3846173
0.5040454
0.558148
0.4683184
0.3951654
0.4110394
0.5705418
0.3512883
0.5541829
0.5353919
0.5673498
0.5259536
0.5565971
0.3601456
0.435768
0.4445111
0.6097204
0.5611917
0.3964061
0.5403731
0.4516634
0.6301542
0.6146417
0.4849983
0.5318125
0.431603
0.5956457
0.5554505
0.514227
0.424059
0.5078232
0.4774705
0.5594121
0.5136562
0.5332855
0.5330905
0.584731
0.6120859
0.4743065
0.6377456
0.6815426
0.5098037
0.5875684
0.4123654
0.632515
0.5079538
0.597256
0.4622185
0.4842033
0.6980013
0.5173354
0.5048033
0.5871479
0.6294113
0.537743
0.5491744
0.4675753
0.4403368
0.6020001
0.5579922
0.504662
0.6779539
0.5992798
0.6200258
0.6066688
0.5291027
0.5927131
0.5746383
0.6585688
0.7247321
0.5871612
0.7304185
0.6388686
0.5386331
0.504639
0.6854949
0.7372884
0.5714364
0.6320022
0.5859756
0.6711928
0.4146146
0.529624
0.6890054
0.5045292
0.7125852
0.5966308
0.7500575
0.7493731
0.6295242
0.6864051
0.7371624
0.6194325
0.7272095
0.5734956
0.5567134
0.603392
0.6883811
0.5315474
0.5862054
0.846536
0.5767114
0.6701564
0.6514601
0.8354661
0.7229441
0.6563573
0.6231414
0.7640673
0.6995132
0.7135442
0.7413467
0.640257
0.6427265
0.6606626
0.7762554
0.761785
0.7454093
0.604163
0.7149913
0.648311
0.6739086
0.7047255
0.793257
0.7926995
0.6978353
0.7844898
0.688682
0.6414965
0.8023886
0.5892777
0.8201278
0.7208799
0.7601447
0.7451181
0.6804609
0.7551687
0.7183948
0.6785667
0.7464394
0.7750164
0.7823586
0.8263579
0.6816517
0.7075901
0.7210445
0.6668785
0.8154618
0.8604051
0.8616846
0.6905891
0.8395762
0.9119118
0.7854918
0.8373941
0.7441465
0.7493452
0.820197
0.7561149
0.8029834
0.8983896
0.7775629
0.7093001
0.9388035
0.7565163
0.8317244
0.787999
0.8390783
0.811569
0.7684836
0.7696271
0.8215349
0.8822038
0.7913959
0.7514576
0.8145347
0.8782031
0.9726484
0.8828915
0.7943667
0.7228104
0.9346811
0.9128964
0.8865901
0.8898649
0.8522781
0.942183
0.9044736
0.9092352
0.9402456
0.6505433
0.9455392
0.8805834
0.864833
0.7901779
0.7832846
0.8492221
0.8752736
0.9890498
0.9280901
0.8617957
0.8587899
0.8137509
0.7858094
0.9119523
0.8378069
0.8432112
0.846161
0.6415046
0.9368296
0.8518776
0.8343445
0.8832113
1.038807
0.8883603
0.8881398
0.8348304
1.077099
0.8876043
0.9054898
1.039811
1.090491
0.8178633
1.031345
0.9022261
1.055678
1.079391
0.9055891
0.8867237
0.8523006
0.891846
0.8977923
0.8049744
0.9146949
1.000541
1.043357
0.9677337
1.031344
0.9525698
0.8581651
0.8526882
0.8014849
0.9434468
0.929167
0.8571882
1.020327
0.829147
1.00204
0.955309
0.888008
1.033259
1.126268
0.9710255
0.9826481
1.047281
0.9371753
0.9640483
1.009203
1.021241
1.027349
1.032983
0.7814677
1.064009
0.9127453
1.006634
1.002089