0.01969184
-0.9490315
-1.033757
-0.957533
-1.050378
-0.9341582
-0.980141
-1.003372
-1.134951
-1.007566
-0.9647445
-0.9501315
-1.019803
-0.9467482
-0.9428236
-0.9304009
-0.9296074
-0.8577808
-1.010479
-0.9286487
-1.026376
-0.9706299
-0.8431805
-0.8975851
-1.085668
-0.8768586
-0.9079396
-0.9543299
-1.06066
-0.9403097
-0.9246632
-0.9120399
-0.8833576
-0.992798
-0.8704027
-0.8979211
-0.9134217
-0.8177422
-0.9144861
-0.9234078
-0.6691331
-0.7712439
-0.844587
-0.9031521
-0.9925022
-0.7958711
-0.961456
-0.9440856
-0.9211641
-0.9130934
-0.8345961
-1.009779
-1.035639
-0.6952973
-0.7631703
-0.7823939
-0.8821838
-1.011037
-0.8538066
-0.8358391
-0.7135861
-0.8260817
-0.9319304
-0.9600033
-0.8861505
-0.84401
-0.9496521
-0.8418077
-0.8669345
-0.8038513
-0.8007402
-0.6488522
-0.7463185
-1.009473
-0.9854657
-0.8520943
-0.8109817
-1.031897
-0.7289976
-0.864365
-0.8332125
-0.8586163
-0.8877934
-0.8637213
-0.8267614
-0.823901
-0.6625614
-0.8814338
-0.7868931
-0.912908
-0.8244939
-0.8387187
-0.729113
-0.8768908
-0.7284757
-0.7153753
-0.6934606
-0.8474856
-0.7347781
-0.8322284
-0.7793333
-0.7479085
-0.7955596
-0.9060063
-0.8888196
-0.9303612
-0.7354305
-0.7384996
-0.9259628
-0.7170292
-0.8824218
-0.77435
-0.7875411
-0.7320366
-0.6999106
-0.7766419
-0.6736549
-0.7100908
-0.8891385
-0.7292446
-0.8068772
-0.7441354
-0.8516296
-0.8129687
-0.7270288
-0.605721
-0.7272537
-0.9322306
-0.7324669
-0.7145872
-0.7036845
-0.5759107
-0.7431243
-0.8158738
-0.7614996
-0.7943834
-0.7213058
-0.513149
-0.551083
-0.7114641
-0.7735472
-0.6921533
-0.7866577
-0.797094
-0.7815087
-0.7224297
-0.6074603
-0.7073334
-0.6587392
-0.6831923
-0.6890357
-0.6951458
-0.6833712
-0.6189804
-0.7356035
-0.6330075
-0.7701543
-0.6476566
-0.603645
-0.5786669
-0.6173096
-0.5659565
-0.5658119
-0.6010962
-0.6774722
-0.6441026
-0.6312303
-0.649781
-0.8194888
-0.602252
-0.6584392
-0.6206793
-0.6656726
-0.6911508
-0.5962878
-0.7602629
-0.6783919
-0.7586058
-0.6500291
-0.8358316
-0.4981838
-0.6775703
-0.58732
-0.7066847
-0.5808724
-0.5674509
-0.5149047
-0.6454853
-0.6700808
-0.5963187
-0.6660217
-0.5646609
-0.6498695
-0.6978078
-0.6831553
-0.5419519
-0.566066
-0.5389627
-0.4941992
-0.5042767
-0.6220371
-0.561712
-0.6596383
-0.5454062
-0.6595063
-0.7276938
-0.6348654
-0.7556823
-0.4775868
-0.4896125
-0.5389004
-0.5640003
-0.5842998
-0.5101579
-0.6308853
-0.6194203
-0.5288664
-0.5660251
-0.5532514
-0.6720845
-0.376635
-0.5305922
-0.5709252
-0.5384768
-0.6249142
-0.5340612
-0.5432503
-0.7399122
-0.5117779
-0.5083815
-0.5515405
-0.5456998
-0.5174052
-0.4741633
-0.6745567
-0.5251373
-0.7069772
-0.4714295
-0.5422784
-0.6509032
-0.6563814
-0.5267554
-0.5057637
-0.5036517
-0.6009992
-0.6031781
-0.4593085
-0.472858
-0.539309
-0.3843944
-0.4145892
-0.5455776
-0.6630997
-0.4952628
-0.5096682
-0.4649066
-0.4648305
-0.6632472
-0.5397127
-0.4756805
-0.4389829
-0.5127623
-0.584491
-0.5248707
-0.2770815
-0.430948
-0.4493698
-0.4920969
-0.4846288
-0.3925139
-0.3561966
-0.3365024
-0.4136161
-0.6364315
-0.5852663
-0.3907492
-0.4524909
-0.5268031
-0.388074
-0.3729117
-0.5498361
-0.4181037
-0.5350934
-0.3556834
-0.5111635
-0.5919334
-0.3089953
-0.4556569
-0.3359615
-0.4540521
-0.2800065
-0.4213955
-0.5425029
-0.3655152
-0.3305181
-0.4284745
-0.4437968
-0.5345387
-0.3262325
-0.35221
-0.4013941
-0.4750739
-0.4325824
-0.4850486
-0.4443983
-0.4452838
-0.3293029
-0.5055065
-0.4671239
-0.4217369
-0.3019402
-0.4908653
-0.3882823
-0.4583328
-0.4459507
-0.3350632
-0.4356891
-0.4935594
-0.2220981
-0.3487751
-0.3191373
-0.2941597
-0.4077174
-0.3610166
-0.3238344
-0.5190558
-0.4921431
-0.1985024
-0.263477
-0.2891645
-0.2926395
-0.3557695
-0.3518283
-0.3093211
-0.1817605
-0.4119938
-0.453466
-0.2347103
-0.3115914
-0.3165303
-0.2987391
-0.3731133
-0.3918347
-0.4194674
-0.3124906
-0.2741255
-0.2903385
-0.2252557
-0.2422279
-0.3420914
-0.3320134
-0.3564604
-0.3553325
-0.2586379
-0.2194818
-0.2263483
-0.2314413
-0.2532737
-0.3205442
-0.2935446
-0.2841073
-0.2260801
-0.2838827
-0.3916225
-0.2977416
-0.1618077
-0.2696371
-0.3103408
-0.2609229
-0.4243443
-0.1786242
-0.2352588
-0.2312609
-0.3647072
-0.4240697
-0.2391578
-0.2634562
-0.2464961
-0.2841304
-0.2284755
-0.07080854
-0.1401343
-0.440419
-0.2875132
-0.3672999
-0.2621623
-0.1189134
-0.1891138
-0.2579088
-0.2355509
-0.210063
-0.124738
-0.1690536
-0.2195677
-0.3870955
-0.367833
-0.3108281
-0.3308729
-0.2013955
-0.2235135
-0.09563942
-0.0651272
-0.2492774
-0.3303934
-0.1236628
-0.1767342
-0.1363276
-0.1396409
-0.1744474
-0.1022821
-0.1731933
-0.09355111
-0.1313849
-0.140752
-0.1648489
-0.1290419
-0.20897
-0.117948
-0.02536319
-0.2013467
-0.1259581
-0.2978743
-0.2171896
-0.1698782
-0.1424003
-0.03120011
-0.1220199
-0.157155
-0.06879217
-0.04232716
-0.1252435
-0.07624912
-0.2308198
-0.04437591
-0.1161487
0.01136751
-0.1169318
-0.1026079
-0.1581068
-0.09274993
-0.07479735
-0.1867506
-0.2951936
-0.1731711
-0.2190559
-0.1866033
-0.2262844
-0.2485245
-0.07989983
-0.0444372
0.01121767
-0.1524877
-0.1682411
-0.05911174
-0.09536193
0.005363196
0.02351033
-0.1346493
0.02359783
-0.08067134
-0.08575368
-0.1260046
-0.1696212
-0.01729318
-0.02394346
-0.1273041
-0.1459043
0.004513222
-0.1554413
-0.06708878
-0.05284864
-0.08514739
0.05633909
-0.1238909
0.01858833
-0.07064589
-0.1606074
-0.06167261
-0.08702183
-0.002004561
-0.08584078
0.07360935
-0.05161922
-0.08506874
-0.01211583
-0.1587486
0.06476765
-0.03720628
0.1167338
-0.1011228
-0.0687423
-0.02893757
0.05342983
-0.03512296
0.01262125
0.08793161
-0.09678567
-0.1004147
0.03887014
-0.009067495
-0.1032733
-0.182272
0.0753511
-0.009035969
-0.07843795
0.08744837
0.004730399
0.2382116
0.1737157
-0.1376097
0.06125493
-0.09671073
0.08925462
-0.04640507
0.1129773
0.1104325
0.06884889
0.2149537
0.1128241
-0.03588719
0.009192581
-0.07869354
-0.02190402
0.1126466
0.204565
0.06921337
-0.09340794
-0.04704587
0.1745642
0.07697231
0.1306725
0.03514026
-0.0163986
0.188914
0.07673953
0.1410101
0.008826553
-0.04296617
0.002519303
0.2555192
-0.1013158
0.04918883
0.1211532
0.03049278
0.1231214
-0.04445407
0.2280598
0.04437009
0.0975361
0.1288052
0.0169923
0.1355283
0.03286009
-0.01099457
0.1363508
0.1954677
0.1198743
0.09359085
0.1722212
0.2641326
0.1882796
0.1622154
0.06346301
0.1578876
0.01161223
0.1535205
0.09737095
-0.06590033
0.09340448
0.2229499
0.08288226
0.128383
0.1049563
0.1034141
0.1612181
0.1134708
0.08720784
0.003256089
0.1363263
0.1665938
0.1579664
0.3316188
0.2417205
0.1285961
0.2429668
0.1944774
0.1206532
0.1720435
0.111702
0.1430626
0.2561792
0.1356581
0.2302841
0.1285735
0.2124835
0.2127716
0.02105758
0.2513198
0.2754249
0.3133577
0.2520473
0.3405752
0.1046968
0.3097724
0.1582346
0.3048554
0.1042465
0.3123365
0.1845606
0.3113962
0.2920019
0.203513
0.242369
0.2714898
0.3418073
0.3356511
0.3054923
0.1751311
0.2901368
0.23858
-0.02770585
0.1988399
0.1836406
0.2016326
0.2686695
0.3387386
0.2857236
0.3401539
0.2643335
0.3491665
0.2517593
0.2068537
0.0777364
0.3357337
0.1711067
0.4398738
0.2775656
0.1828774
0.3336804
0.2186006
0.3137277
0.3890226
0.3378258
0.3570082
0.3897015
0.3587265
0.1870505
0.132946
0.2590835
0.1061837
0.2521619
0.2989644
0.3634732
0.2716735
0.3486493
0.2670552
0.2183435
0.3068982
0.2800882
0.2449159
0.4367442
0.1455798
0.3380849
0.341376
0.3250583
0.3798319
0.2060749
0.3778696
0.2408508
0.3242698
0.2733275
0.3439808
0.2348232
0.3210918
0.2780076
0.4353105
0.4855036
0.3392112
0.4297439
0.3966945
0.5138801
0.2147301
0.3031043
0.3361483
0.3840938
0.3696851
0.3569838
0.3890775
0.2693803
0.3478567
0.4020347
0.4213969
0.3742381
0.5851061
0.3697657
0.336486
0.3756489
0.4351947
0.3747104
0.5228248
0.3985676
0.5014397
0.3026165
0.3838799
0.4493585
0.3525326
0.4186522
0.2809684
0.2928015
0.3276912
0.4279667
0.4391278
0.5793586
0.4973809
0.5343125
0.2946406
0.3713147
0.4557682
0.3928044
0.4106854
0.5073224
0.5411691
0.4374172
0.6100906
0.3638218
0.4544219
0.4352507
0.3058204
0.5202118
0.4079568
0.5881017
0.5669275
0.3240802
0.259744
0.5353231
0.4988089
0.3804452
0.5167013
0.5946572
0.4609046
0.4253715
0.5379991
0.5526217
0.3809431
0.5273345
0.5796774
0.3432164
0.5363103
0.6770836
0.4626586
0.4770987
0.5303494
0.6647421
0.4921518
0.3424462
0.6150767
0.6158837
0.6478063
0.5147796
0.7387186
0.525945
0.4939418
0.5491725
0.5703467
0.4848754
0.5351362
0.4263491
0.4917623
0.5883289
0.5974159
0.516367
0.5445881
0.5316949
0.6449605
0.6163015
0.5986218
0.5870834
0.4839742
0.5695041
0.5557075
0.4640456
0.4959598
0.4228602
0.4900686
0.7215873
0.6110072
0.5258304
0.5869051
0.6114269
0.6491829
0.5927388
0.54249
0.6674555
0.5355486
0.4912389
0.6889003
0.5005005
0.5269249
0.4443549
0.6128052
0.594391
0.603767
0.5128803
0.621128
0.6997665
0.6669552
0.647214
0.6381908
0.5308775
0.7056178
0.6804445
0.5388657
0.6557354
0.5745982
0.7367816
0.605994
0.6686964
0.7427738
0.6910976
0.6251338
0.6664772
0.5592263
0.5405224
0.6560175
0.7415055
0.7232717
0.6251867
0.7134558
0.5991978
0.670708
0.6678704
0.5526796
0.6686481
0.5229907
0.7067667
0.726423
0.7437402
0.7623253
0.7857547
0.7205745
0.5572129
0.7601565
0.6509098
0.7300382
0.7308446
0.7176287
0.6678832
0.5797451
0.4979764
0.6839172
0.7340298
0.7665526
0.7259922
0.8002382
0.6635871
0.687987
0.7778884
0.7108372
0.6391628
0.7088268
0.8051558
0.7854412
0.6234943
0.7951628
0.7424192
0.6408601
0.6699628
0.8299996
0.7054452
0.8044664
0.9223055
0.6752458
0.7061487
0.7692215
0.7414281
0.5918516
0.8563788
0.6948372
0.7155756
0.7159856
0.9573937
0.7681045
0.745572
0.8335721
0.7913026
0.7133745
0.8666162
0.7938832
0.7790773
0.6209532
0.6531196
0.7907371
0.785513
0.892042
0.8130506
0.7730141
0.8629483
0.9279269
0.8299583
0.6998508
0.8990829
0.7730092
0.6878486
0.8680027
0.6371754
0.7722271
0.7616444
0.7757165
0.7995146
0.7960787
0.816578
0.8698809
0.7621828
0.8132856
0.881582
0.749579
0.8325805
0.7996158
0.8709607
0.9068729
1.048421
0.9618643
0.8381922
0.8887799
0.8505138
0.9067724
0.8038048
0.9523884
0.9827636
0.8256335
0.9048845
0.7404851
0.7817067
0.7036284
0.8776022
0.7641749
0.9462541
0.9556351
0.9198774
0.8953209
0.9796454
0.8635645
0.8415807
0.9999035
0.8605998
1.030956
1.004429
0.7655351
0.9182368
1.004025
0.8443304
0.8375255
0.7753394
0.8769327
1.010825
0.7561004
0.8926123
0.8474375
0.7221739
0.8940868
0.9280032
0.8934248
1.099077
1.029659
0.9480751
0.9785626
0.8831484
1.013841
0.9743069
0.899696
0.9808493
0.9979038
0.9568258
0.9828946
0.7934799
0.9926079
0.8247266
1.047117
0.9078126
1.0095
0.8485158
0.9681612
0.9690659
0.9052376
0.9026782
1.070352
1.005635
1.043238
1.01633
1.029548
0.8965248
1.060858
0.9625919
1.065214
1.007397
0.9038693
1.022399
1.069296
0.9344792
0.9003947
0.862067