0.03962488
-0.9513839
-1.02861
-0.9502421
-1.061013
-0.9471313
-0.9780189
-1.017773
-1.136471
-1.013871
-0.9384652
-0.9236048
-1.012092
-0.962143
-0.9412867
-0.94048
-0.9189523
-0.8564212
-1.002872
-0.9482635
-1.029948
-0.9596924
-0.8454159
-0.8873093
-1.104988
-0.8650167
-0.9215375
-0.9572869
-1.039761
-0.9458539
-0.9347769
-0.8985063
-0.9054173
-0.9996464
-0.8879263
-0.8816612
-0.8998821
-0.8384754
-0.9238256
-0.9233714
-0.6538815
-0.7591466
-0.8666205
-0.906683
-0.9984483
-0.7860874
-0.9813026
-0.9251784
-0.9353666
-0.9145776
-0.8318355
-1.003858
-1.030192
-0.6884556
-0.7807616
-0.7863981
-0.8759723
-0.9916192
-0.8851813
-0.8303845
-0.7031268
-0.8275435
-0.9537516
-0.9510236
-0.89718
-0.8285774
-0.9487438
-0.8153645
-0.8551819
-0.8075549
-0.805384
-0.6453069
-0.7497875
-0.9935004
-0.9936037
-0.8468361
-0.7924561
-1.026775
-0.7292697
-0.8511716
-0.8110165
-0.8490246
-0.9055899
-0.8492823
-0.8424276
-0.8074027
-0.6397063
-0.9014786
-0.7819505
-0.9052275
-0.8325304
-0.7928082
-0.7165494
-0.8856393
-0.7381423
-0.7172773
-0.7125275
-0.8666122
-0.7265002
-0.8173628
-0.8217409
-0.7579322
-0.7834556
-0.9255228
-0.8970703
-0.9353501
-0.7246117
-0.7320346
-0.9194273
-0.7210642
-0.8670682
-0.7946775
-0.7869527
-0.7250347
-0.6994529
-0.7904155
-0.6706511
-0.7035714
-0.8708528
-0.7390892
-0.8333719
-0.7387655
-0.8394215
-0.8018967
-0.7298453
-0.5945386
-0.729835
-0.9189812
-0.7148459
-0.7009077
-0.6972773
-0.5699941
-0.7605098
-0.8090938
-0.7518521
-0.7746682
-0.678975
-0.5228654
-0.5447137
-0.6821329
-0.7669647
-0.6692119
-0.7794228
-0.7900099
-0.772415
-0.7345042
-0.5918096
-0.7045133
-0.6459524
-0.6676347
-0.6878309
-0.6992558
-0.7213198
-0.6340867
-0.7148166
-0.6355868
-0.7635138
-0.6512591
-0.5840464
-0.5649201
-0.6183706
-0.6013611
-0.5450036
-0.6027919
-0.6709803
-0.6424583
-0.6368254
-0.6560328
-0.8179697
-0.585793
-0.6712069
-0.6092389
-0.6862027
-0.6947657
-0.597806
-0.7636536
-0.6784865
-0.7653436
-0.6343518
-0.8135297
-0.5124309
-0.6707622
-0.5836566
-0.7057832
-0.6146288
-0.5556999
-0.5090469
-0.6456703
-0.6934703
-0.5807174
-0.665975
-0.5706708
-0.6500369
-0.699558
-0.6707303
-0.5363893
-0.5687725
-0.5301483
-0.5023257
-0.5077964
-0.6269976
-0.5571701
-0.6768239
-0.5291561
-0.6511518
-0.7369357
-0.6217561
-0.7819371
-0.4757202
-0.4822433
-0.535618
-0.565936
-0.5547833
-0.5189726
-0.6439944
-0.6027625
-0.5358562
-0.5646696
-0.5555409
-0.6694269
-0.3826678
-0.5165208
-0.5779501
-0.5354657
-0.611125
-0.5371921
-0.5583328
-0.7379732
-0.5013239
-0.5024601
-0.5545816
-0.573867
-0.5131554
-0.4778189
-0.679501
-0.5293263
-0.7177883
-0.4733395
-0.5403595
-0.6452967
-0.6380559
-0.5326255
-0.5071312
-0.4859084
-0.619248
-0.6101855
-0.4417568
-0.4829076
-0.5444709
-0.413196
-0.4392898
-0.5311998
-0.6502767
-0.4970467
-0.5223152
-0.4608332
-0.4518595
-0.655479
-0.5267329
-0.4651697
-0.4225315
-0.5193477
-0.583697
-0.5216134
-0.2661757
-0.4389316
-0.4426511
-0.4887385
-0.4944631
-0.3889195
-0.3796312
-0.3089796
-0.4185942
-0.6321018
-0.5969985
-0.3845952
-0.4556361
-0.5131602
-0.3943711
-0.3777154
-0.5445747
-0.4039719
-0.5352411
-0.3616628
-0.5114403
-0.5903062
-0.3238138
-0.4643166
-0.3571262
-0.4577368
-0.2775871
-0.4491494
-0.5617748
-0.3603005
-0.3313555
-0.420065
-0.4393528
-0.5140173
-0.3253599
-0.360956
-0.391686
-0.475818
-0.4222885
-0.4706251
-0.4119985
-0.4590592
-0.307152
-0.5030945
-0.471442
-0.427883
-0.3105984
-0.4923118
-0.3970431
-0.4816283
-0.4364997
-0.3327888
-0.4463987
-0.5165307
-0.2406091
-0.3371325
-0.312988
-0.2927917
-0.4071497
-0.3550357
-0.3105229
-0.5134995
-0.5105815
-0.1898756
-0.2741431
-0.2809573
-0.289202
-0.3633727
-0.3421448
-0.318417
-0.1896038
-0.3873873
-0.4590399
-0.2268054
-0.3123207
-0.3259682
-0.3065999
-0.3769865
-0.3946502
-0.4290774
-0.3202846
-0.2832426
-0.2871414
-0.2274582
-0.2287755
-0.3629104
-0.3477835
-0.3500088
-0.3586328
-0.2489291
-0.2143335
-0.239258
-0.218658
-0.2640109
-0.3263545
-0.293994
-0.281637
-0.240356
-0.2801497
-0.3872918
-0.2989789
-0.1454388
-0.2572473
-0.3302061
-0.2429086
-0.4285944
-0.1682569
-0.2463634
-0.2248276
-0.3614897
-0.4118955
-0.2508184
-0.2626601
-0.2430184
-0.3003034
-0.248094
-0.06589008
-0.1254842
-0.4323682
-0.2790928
-0.3831865
-0.2749957
-0.115034
-0.1874984
-0.2648936
-0.2473171
-0.2475279
-0.1325351
-0.1910991
-0.2143891
-0.3806739
-0.3554246
-0.3093362
-0.3199068
-0.2012386
-0.2269686
-0.1050375
-0.07640062
-0.2646127
-0.3296622
-0.1229726
-0.1855356
-0.1308346
-0.1344127
-0.1568835
-0.1047006
-0.1801932
-0.1064967
-0.1427696
-0.1344967
-0.1609169
-0.1463568
-0.1985003
-0.1356489
-0.03352854
-0.194674
-0.1241456
-0.3102162
-0.210855
-0.175538
-0.1671066
-0.04753546
-0.1346276
-0.1715472
-0.0640887
-0.06244373
-0.1185001
-0.07736054
-0.217889
-0.05329652
-0.1048274
0.01305134
-0.1207424
-0.115529
-0.1597851
-0.07852364
-0.08715119
-0.1547635
-0.2937012
-0.1798569
-0.2262199
-0.202514
-0.2336914
-0.2300969
-0.08676021
-0.03002765
0.004328771
-0.1346383
-0.195112
-0.06873586
-0.0750171
0.02022551
0.02543847
-0.1294597
-0.004427247
-0.1024202
-0.07926397
-0.1188746
-0.1849574
-0.02046634
-0.03273241
-0.1232582
-0.1421691
0.0207587
-0.1515426
-0.04771205
-0.05507004
-0.1149392
0.04412448
-0.09967876
0.03085579
-0.06417491
-0.166953
-0.08053972
-0.1015937
-0.005927611
-0.07818327
0.05303062
-0.03820339
-0.09773921
-0.03037729
-0.1489324
0.04962154
-0.009287141
0.1244576
-0.1020459
-0.05449304
-0.02085114
0.06806657
-0.0619882
0.01716749
0.09173565
-0.111235
-0.09492016
0.0515343
0.006424483
-0.07644435
-0.1836178
0.07602
-0.02408829
-0.09766244
0.07841511
-0.000887621
0.2416082
0.1486375
-0.1428911
0.06111152
-0.08474679
0.09577072
-0.02633355
0.09636881
0.1173092
0.07502593
0.2237426
0.1282911
-0.04791913
0.006107996
-0.08054001
-0.02137332
0.1140419
0.2251898
0.05743268
-0.08136619
-0.05651679
0.1598007
0.08673078
0.1241873
0.01932306
-0.004188408
0.2110866
0.05263938
0.1493438
0.03043857
-0.04704853
-0.001757701
0.2481215
-0.1054652
0.05649879
0.1377519
0.03116551
0.1301124
-0.03766117
0.2282002
0.04615568
0.1079864
0.1498264
0.02519391
0.1296704
0.02818882
-0.0008472532
0.1460472
0.2017168
0.1136855
0.1217466
0.1605768
0.2615886
0.1925389
0.1428918
0.0639725
0.1765368
-0.00612602
0.1768615
0.07071316
-0.06545821
0.09461293
0.2199468
0.08948696
0.1283488
0.1038596
0.09037091
0.1604856
0.1256653
0.06572907
0.02216845
0.1333336
0.1554059
0.1638043
0.3279701
0.255116
0.1430853
0.2452073
0.2041054
0.1332257
0.1883599
0.130628
0.1484212
0.2430736
0.1394612
0.2437601
0.1414302
0.2179008
0.2047454
0.03607944
0.225948
0.2609106
0.3183377
0.2654264
0.3547492
0.09805472
0.3061537
0.1477016
0.3151796
0.114835
0.3336057
0.205219
0.3200033
0.303059
0.1913932
0.2480708
0.2444616
0.345282
0.3221408
0.314603
0.1882215
0.2948245
0.2431272
-0.01717082
0.2090511
0.1845968
0.2175427
0.2852547
0.3102862
0.2757183
0.3596755
0.2405926
0.3345799
0.252879
0.210606
0.08530319
0.3504042
0.1594902
0.4378257
0.2779998
0.1827001
0.3383555
0.2136392
0.3048607
0.3849214
0.3162132
0.3383934
0.4039118
0.3889204
0.1920986
0.1182787
0.2716825
0.1318426
0.2342151
0.2892859
0.3481468
0.2917295
0.3475247
0.2466515
0.2187852
0.3169505
0.2860482
0.2595346
0.4476613
0.1529882
0.3230475
0.3277915
0.3102662
0.3783133
0.2116276
0.366153
0.2593374
0.3093873
0.2704534
0.3398698
0.2422033
0.3143267
0.2690683
0.4083616
0.4736358
0.3550184
0.3915087
0.3706748
0.5207729
0.2283794
0.2936845
0.3344403
0.3784903
0.3679452
0.3475462
0.3811427
0.2715489
0.3475922
0.4013426
0.3987132
0.3864446
0.5808993
0.3639357
0.3182915
0.3865914
0.4369336
0.380719
0.5310804
0.3807822
0.504197
0.3046117
0.367308
0.4412906
0.351337
0.4031391
0.2802887
0.3038317
0.3440837
0.4249194
0.4366884
0.5603293
0.5062185
0.5162624
0.2967662
0.3610171
0.4705455
0.3963479
0.4172538
0.489218
0.5348949
0.4595591
0.5800933
0.3839898
0.4423286
0.4207091
0.3244388
0.5158685
0.377706
0.5718566
0.5844131
0.3090304
0.2712684
0.5143784
0.5017638
0.3722906
0.5239961
0.6177483
0.458437
0.4066626
0.5432623
0.56149
0.3816556
0.5029295
0.55545
0.3436779
0.5350027
0.6963006
0.4715941
0.4731172
0.5229112
0.6631787
0.4798475
0.3408789
0.6119604
0.620508
0.6413923
0.5224222
0.7513785
0.5402981
0.4735831
0.5649143
0.5833097
0.4847906
0.5282413
0.4064141
0.4922418
0.5992059
0.6046061
0.5144998
0.5634658
0.5311573
0.6451139
0.5973126
0.605002
0.5773327
0.4996166
0.5568496
0.5561575
0.452679
0.5179572
0.4129696
0.4917496
0.7309341
0.5870778
0.5290666
0.5904149
0.6292936
0.659853
0.5920123
0.5591823
0.6670201
0.5327876
0.4689722
0.6732881
0.4836308
0.532225
0.4554374
0.6305862
0.5830916
0.6311351
0.52193
0.6382348
0.713455
0.6627209
0.6421436
0.645671
0.5187768
0.7199313
0.688166
0.5373759
0.630882
0.5661057
0.7227739
0.6256515
0.6799989
0.7346666
0.6927773
0.6426928
0.6886286
0.5563646
0.5455396
0.6552874
0.7419705
0.7270232
0.6509341
0.7215387
0.5910457
0.6729696
0.683836
0.5521203
0.6641169
0.5508046
0.7217378
0.7272652
0.777778
0.7566921
0.7951219
0.7164373
0.5696019
0.7693212
0.6707847
0.7296205
0.7274347
0.7331833
0.663077
0.5537419
0.5094493
0.663794
0.7370652
0.7743275
0.7339285
0.793733
0.6635699
0.6895789
0.7890823
0.697704
0.6525599
0.7121508
0.8234905
0.780647
0.6424168
0.7822288
0.7263592
0.6533973
0.6511752
0.8221937
0.7090088
0.8106987
0.904478
0.6564349
0.7147565
0.7727973
0.7444863
0.5898871
0.8505458
0.6991484
0.690641
0.709443
0.966002
0.7604602
0.7384466
0.8114646
0.7889239
0.7155586
0.8628164
0.7764447
0.7618693
0.637428
0.6458393
0.8115818
0.7917364
0.9006278
0.8141372
0.7811154
0.8310422
0.9216565
0.8270926
0.6977215
0.9054007
0.8103381
0.7044828
0.8492524
0.643308
0.7800474
0.7553302
0.7581713
0.7865398
0.7881385
0.8044271
0.8593458
0.766103
0.8011439
0.876767
0.7535002
0.8663618
0.7766306
0.8777814
0.8947797
1.035518
0.9602224
0.8230458
0.8833636
0.8633954
0.8931623
0.788298
0.9478908
0.9816009
0.8250355
0.9089517
0.7339582
0.7680695
0.6983048
0.903066
0.7455971
0.9516175
0.942997
0.8798351
0.8740355
0.9911238
0.8736505
0.8570519
1.004122
0.8635862
1.03997
1.00938
0.7488487
0.918911
0.9980326
0.82808
0.824156
0.7883019
0.8703916
1.017217
0.7668658
0.8575675
0.8661866
0.7077528
0.8967941
0.9380521
0.916654
1.113293
1.002232
0.9549393
0.986824
0.8944787
1.028734
0.9551092
0.8973191
0.9878966
0.9915759
0.9673128
0.9847831
0.8051029
0.9963897
0.8277576
1.03979
0.916139
1.004049
0.8331182
0.9642956
0.9810915
0.8931252
0.8959473
1.072804
1.009111
1.033743
1.010672
1.024377
0.9116254
1.073946
0.9572034
1.063557
1.008718
0.9197579
1.02716
1.09159
0.9277013
0.9116667
0.8403969