0.1483631
-0.975132
-1.000934
-0.7653285
-0.8942127
-1.053914
-1.000439
-0.8809536
-1.068424
-1.021059
-1.035002
-1.081508
-0.9667528
-1.00796
-0.8367835
-1.025932
-0.8201076
-0.9185162
-0.9744725
-0.9961923
-0.8417893
-0.9142323
-1.03866
-0.8558798
-1.052437
-0.927557
-0.8002124
-1.022255
-0.8944175
-0.8604171
-0.9287071
-0.9067159
-0.9598621
-0.8556983
-0.7881561
-1.178423
-1.002131
-0.9332087
-0.9141358
-0.8967178
-1.056655
-0.8638089
-0.7389985
-0.9908138
-0.9488254
-0.8416543
-0.8661672
-0.9116178
-0.9254334
-0.7750082
-0.8039143
-0.9337804
-0.8402566
-0.8535113
-0.8239385
-0.7415493
-0.9168083
-0.8550431
-0.9334531
-0.8060324
-0.9044433
-0.9424752
-0.8014616
-0.8553761
-0.9227662
-1.072103
-1.033564
-0.7886542
-0.7623719
-0.7941754
-0.8381222
-0.7378227
-0.9088949
-0.7808438
-0.895719
-0.8481042
-0.8276644
-0.8909491
-0.8995632
-0.7901198
-0.7112971
-0.9041668
-0.7997814
-0.8615231
-0.8182581
-0.8644044
-0.8804876
-0.8144456
-0.7893749
-0.7545249
-0.8771373
-0.8565181
-0.8227501
-0.8019605
-0.8475598
-0.9623931
-0.6652693
-0.6770601
-0.8771128
-0.6864384
-0.7114425
-0.8939652
-0.8987441
-0.8319399
-0.8284287
-0.7273128
-0.7577905
-0.6693802
-0.7457302
-0.8835374
-0.8408516
-0.7973803
-0.6785108
-0.7695834
-0.7892289
-0.6632574
-0.7228277
-0.7598751
-0.8733983
-0.6536212
-0.8519474
-0.7695724
-0.7623418
-0.7545616
-0.6871463
-0.8253633
-0.6907952
-0.6864355
-0.7934091
-0.7297462
-0.7388374
-0.739801
-0.826004
-0.7842872
-0.7200861
-0.5719106
-0.8056797
-0.7264236
-0.6757025
-0.8192804
-0.7470006
-0.7160065
-0.8270695
-0.7299667
-0.6727544
-0.7745743
-0.810124
-0.6309833
-0.7266552
-0.6775315
-0.7139352
-0.5966679
-0.6187953
-0.77038
-0.575945
-0.7634445
-0.6516857
-0.6756083
-0.8047124
-0.6942145
-0.6642559
-0.7514472
-0.6102115
-0.7740194
-0.6928331
-0.6824878
-0.6789023
-0.7112305
-0.6775037
-0.6775957
-0.7347651
-0.5458164
-0.7083332
-0.6397187
-0.5438378
-0.6147843
-0.496888
-0.723851
-0.5921328
-0.8016964
-0.563747
-0.6023524
-0.563249
-0.6539837
-0.557883
-0.5190817
-0.7535764
-0.6439274
-0.5454543
-0.5047914
-0.7197529
-0.5446574
-0.5952533
-0.6775056
-0.6783853
-0.8009128
-0.6338357
-0.5953618
-0.5933416
-0.6916863
-0.6842524
-0.4755228
-0.6903941
-0.6229227
-0.6365461
-0.6350298
-0.5302249
-0.7552255
-0.5967198
-0.6208345
-0.5861399
-0.5813602
-0.6985592
-0.5974306
-0.6913519
-0.5731144
-0.6079804
-0.5235104
-0.5308078
-0.5186196
-0.5955839
-0.5485126
-0.6808925
-0.6112855
-0.5158609
-0.5678255
-0.6182357
-0.6383443
-0.5210772
-0.4482234
-0.6323698
-0.4165815
-0.3722171
-0.3497918
-0.4498991
-0.7016796
-0.6380105
-0.3493243
-0.4260646
-0.504166
-0.5483747
-0.5314568
-0.6537654
-0.6748444
-0.5438838
-0.4996778
-0.4646267
-0.413678
-0.4465532
-0.5878195
-0.488587
-0.340572
-0.5781887
-0.4328572
-0.3565274
-0.5004059
-0.6211808
-0.3777972
-0.4275174
-0.3954906
-0.4764987
-0.450173
-0.3616353
-0.433352
-0.6417361
-0.5151507
-0.4815107
-0.5511478
-0.2449598
-0.5835265
-0.4550548
-0.5004526
-0.3360733
-0.2489241
-0.3605049
-0.4146381
-0.4552458
-0.4005992
-0.2858051
-0.5474788
-0.4031629
-0.4317785
-0.4131122
-0.5030365
-0.2369037
-0.391941
-0.2878401
-0.4606335
-0.4650321
-0.5707606
-0.3549696
-0.4345394
-0.372562
-0.2693487
-0.3365749
-0.4263229
-0.4220207
-0.4855006
-0.368214
-0.3830785
-0.4505852
-0.4627787
-0.3818069
-0.4183374
-0.4574078
-0.4674373
-0.2192424
-0.4443086
-0.3849422
-0.3150314
-0.3770995
-0.3404502
-0.3180374
-0.2303714
-0.2783758
-0.1078133
-0.4581478
-0.365363
-0.3435337
-0.4517878
-0.4669102
-0.4358552
-0.3779018
-0.1885231
-0.2041142
-0.2320601
-0.4031528
-0.4633985
-0.4666511
-0.3571761
-0.3874556
-0.2605736
-0.4207006
-0.2507299
-0.3973377
-0.3111974
-0.4417067
-0.2687259
-0.1961125
-0.2668614
-0.1197721
-0.1828982
-0.1963225
-0.3500562
-0.4910475
-0.249997
-0.3048749
-0.3277104
-0.217805
-0.4045585
-0.2634248
-0.2673696
-0.09821443
-0.04509832
-0.3116556
-0.4162998
-0.2681417
-0.1224668
-0.3348577
-0.398568
-0.4746428
-0.1995551
-0.32136
-0.3198594
-0.289386
-0.4280505
-0.3243105
-0.3078401
-0.1677293
-0.2302221
-0.4303377
-0.3358412
-0.05618705
-0.2164468
-0.2275439
-0.2206062
-0.2921342
-0.2829939
-0.3107085
-0.2649929
-0.2381215
-0.2071529
-0.3438934
-0.2024278
-0.2959856
-0.205327
-0.1264619
-0.1705314
-0.06797084
-0.2937601
-0.2780205
-0.1704658
-0.1079132
-0.1781715
-0.2171763
-0.111897
-0.2430151
-0.2782719
-0.1783398
-0.1313653
-0.2416795
-0.2423794
-0.2726071
-0.2497444
-0.1680644
-0.2225773
-0.2600191
-0.213444
-0.310154
-0.0792817
-0.2503679
-0.2050934
-0.1877568
-0.1535646
-0.1203829
-0.1671544
-0.0912761
-0.01353133
-0.1876805
-0.1678043
-0.1666927
-0.1341819
-0.1683255
-0.0006050883
-0.2575079
-0.2314993
-0.1809836
-0.08149391
-0.1613888
-0.1785161
-0.1603268
-0.07326519
0.02446159
-0.2298341
-0.1965282
-0.1735316
-0.2699061
-0.07377248
-0.1371718
-0.2916248
-0.124734
-0.06236517
-0.120187
-0.001560702
-0.01235341
-0.1611178
-0.02173082
-0.147653
0.01116837
-0.05391698
0.03738471
-0.1327997
-0.1804141
-0.1420279
0.06669689
0.007643673
-0.1021745
-0.04690869
-0.1696872
-0.003779164
0.03090697
-0.0680139
-0.004417407
-0.06901339
0.04832181
-0.08545076
-0.1292061
0.1011165
-0.1584327
-0.09367261
-0.1295054
-0.1687958
0.06008421
0.003915471
0.03602518
-0.1356906
0.004608928
-0.1085335
0.01983498
-0.1432782
-0.09307416
-0.09961298
-0.05345179
-0.0956404
0.06628097
-0.04827925
-0.0691448
-0.01700912
-0.06594803
-0.04593824
0.009919636
-0.1589115
-0.02473294
0.115146
-0.003218675
-0.05036579
-0.05693119
0.1146991
-0.02362768
0.1357447
-0.2199205
-0.2438189
-0.05289276
-0.01408801
0.08005604
0.02763599
-0.0654066
-0.0578195
-0.1150693
0.05662577
-0.1342144
0.01485016
-0.0120083
0.1322823
0.0797381
-0.08049335
0.009906736
0.1266052
-0.1670304
-0.01123838
0.05305012
0.04813566
0.1160868
-0.1345254
0.1020417
-0.07239379
-0.01513347
-0.01220346
-0.001759362
-0.1139368
0.1332028
0.05300431
-0.05702213
-0.06960336
0.2897329
-0.037689
0.01700292
0.03059972
0.1054064
0.2194222
-0.02510063
0.03791332
-0.05509197
0.02974688
-0.06744578
0.1458845
0.05014588
0.08963815
0.1098288
0.1350187
0.148237
0.2172555
0.2035374
-0.1081409
0.2154231
0.1902345
0.3621196
0.1766544
0.389533
0.180395
0.1016281
0.07160461
0.2322253
0.1756828
0.1182772
0.1891592
0.02896855
-0.0001139949
0.05971328
0.1799177
0.121158
0.07434284
0.1287555
0.1379127
0.0936502
0.1907269
0.2389367
0.2102854
0.1770058
0.05094729
0.09659637
-0.00263719
0.08176119
0.1929205
0.1098044
0.06482748
0.1417809
0.1366022
0.001468541
0.1561393
0.2417049
0.2335873
0.2076945
0.2592163
0.2964473
0.2235907
0.2432009
0.1784428
0.2445625
0.1256124
0.04983336
0.236597
0.1333075
0.2906146
0.1684722
0.158403
0.3100692
0.2361945
0.2262391
0.329828
0.350893
0.1530653
0.2688386
0.1204778
0.07994481
0.2302721
0.2738057
0.1032731
0.09595145
0.1498596
0.2205729
0.1815627
0.1120174
0.17459
0.3146058
0.04400511
0.3193328
0.2923041
0.2253537
0.31877
0.1975176
0.1457236
0.2823564
0.2248459
0.1437973
0.185796
0.1436709
0.366741
0.3777562
0.2294146
0.3609574
0.372337
0.3347809
0.4437381
0.3269942
0.2346293
0.3484732
0.3510549
0.1747343
0.2375895
0.3500318
0.3195359
0.3182887
0.2835489
0.3663728
0.2839791
0.2755096
0.337223
0.2425495
0.274429
0.308701
0.2101601
0.443702
0.3815845
0.3438715
0.4779346
0.2735548
0.4022333
0.1850268
0.3768112
0.366597
0.32609
0.3991705
0.3643087
0.2242154
0.3110949
0.3129193
0.3617173
0.375481
0.2685132
0.3388258
0.3731848
0.3020442
0.4621382
0.5274568
0.4491413
0.1408999
0.359931
0.4169427
0.5025807
0.2656774
0.4570945
0.2395188
0.4920183
0.2779802
0.2900038
0.4584954
0.4338246
0.517392
0.3898919
0.4061883
0.4067085
0.3766386
0.4851298
0.3801477
0.4737094
0.392571
0.4457724
0.5045416
0.4449948
0.4472946
0.4182291
0.4576819
0.3861121
0.5313074
0.4265695
0.3474748
0.425095
0.3734595
0.5016707
0.4722956
0.4628217
0.3994563
0.392789
0.5110577
0.4735311
0.4303497
0.533833
0.5368427
0.5513479
0.4775557
0.5026158
0.5866039
0.5228446
0.6705827
0.5939174
0.5200195
0.4288663
0.5740939
0.4979676
0.5622209
0.5622939
0.5050916
0.3600139
0.3835645
0.4281129
0.4845867
0.5478108
0.5242951
0.4804398
0.5008225
0.5098205
0.5179111
0.493117
0.5292925
0.502306
0.3887609
0.4875733
0.5155947
0.5009778
0.5966551
0.5361405
0.5581108
0.6341519
0.5399403
0.5437654
0.3623495
0.5501206
0.5109266
0.6006055
0.5470146
0.4063974
0.5973288
0.540649
0.5949528
0.5718766
0.3634379
0.5874041
0.5422684
0.5940067
0.695914
0.5870742
0.6219812
0.6258297
0.6650164
0.5135896
0.7296542
0.5534212
0.5812879
0.4660183
0.7185184
0.5399443
0.5761041
0.5498588
0.4943503
0.5518847
0.6348042
0.7156229
0.6685906
0.6482453
0.4657021
0.392279
0.5852767
0.5749136
0.5517638
0.6923483
0.6142944
0.7028702
0.4656251
0.5280814
0.7089427
0.6543846
0.629393
0.5354414
0.5153369
0.4749564
0.7180516
0.8044696
0.6230979
0.6601833
0.710677
0.6768473
0.6075066
0.6677659
0.6011125
0.6949928
0.7115603
0.6331857
0.6399354
0.6227076
0.4394506
0.6638237
0.6857701
0.6867897
0.7364145
0.6511547
0.6042447
0.6886696
0.5803042
0.8423085
0.5412212
0.7288456
0.757169
0.6826447
0.7833886
0.6427139
0.5463774
0.8222233
0.7007323
0.7046895
0.6248172
0.6679894
0.9243672
0.5988545
0.5998717
0.7719612
0.6746788
0.7959294
0.7149323
0.7721878
0.6954646
0.6813888
0.7321768
0.7834122
0.6143639
0.8646612
0.7498816
0.6562958
0.6378047
0.7690847
0.625771
0.825429
0.6583483
0.7118729
0.8417372
0.7739845
0.8913114
0.8722419
0.783159
0.6799838
0.7434999
0.740485
0.7587842
0.7213829
0.6927363
0.7203501
0.9284457
0.7297393
0.665609
0.6572261
0.8108019
0.8362335
0.8184113
0.8167128
0.7325995
0.7607089
0.775734
0.8735808
0.7931445
0.7901856
0.85572
0.8562443
0.9742861
0.6321299
0.7623147
0.6808252
0.7626596
0.8400765
0.8444413
0.8066136
0.8091705
0.9318828
0.8166189
0.7608318
0.7722164
0.7763674
0.8055181
0.7922781
0.8628384
0.8659832
0.9962931
0.8150737
1.034889
0.7636079
0.7664186
0.6112015
0.71167
0.8731326
0.776589
0.8679016
0.7720406
0.8355825
0.8898267
0.9631733
0.8241819
0.8631676
1.122824
0.6903396
0.8713189
0.9658073
0.8825428
0.8706367
0.8755796
0.9364845
0.8491015
0.9849421
0.802826
0.860411
0.8491594
0.9466028
0.9789818
0.8543921
0.7816247
0.9399949
0.9167372
0.9192507
0.8492955
0.9717774
0.9875116
0.9661846
0.9404908
0.7868292
0.9541312
0.9341855
1.017675
0.950474
0.9296055
0.8367697
0.9708067
0.9508507
0.8322624
0.9051063
0.812829
0.9560809
0.8045519
0.9598201
1.052426
1.012982
0.9904488
0.9492819
0.9155837
1.044322
1.034869
1.091853
0.9845562
1.013555
0.9426618
0.8798279
0.8862858
1.074081
0.8883845
0.8064758
0.936187
0.8945044
1.07047
0.9721291
0.9715431
0.9667083
0.9290176
0.897691
1.002901