-0.04619388
-1.035718
-0.962526
-1.051305
-0.968619
-0.9630794
-1.053536
-1.092024
-0.9451439
-0.9955146
-1.009618
-1.068668
-0.9944535
-0.8711599
-0.9185743
-1.072411
-0.9001655
-0.9177263
-0.8975564
-0.9283928
-0.939802
-0.9815795
-0.9776076
-1.106744
-0.8819945
-1.096837
-0.9499137
-1.007875
-0.9522731
-0.9431465
-0.9675729
-0.9699583
-0.9620355
-0.9998215
-0.9504615
-0.8868338
-0.899286
-1.156378
-0.933086
-0.9401704
-1.008471
-0.9034306
-0.8490391
-0.8018427
-0.9585795
-0.9629326
-0.8990421
-0.9352123
-1.019326
-0.8658967
-0.9350626
-0.8114794
-0.9180311
-0.9852595
-0.844694
-1.024361
-0.8938779
-0.835341
-0.8909986
-0.9803336
-1.078332
-0.9092817
-1.042796
-0.7828794
-0.9495162
-0.811263
-0.7367835
-0.8329801
-0.7447817
-0.8880279
-0.8677362
-0.9295872
-1.006965
-0.9783252
-0.710823
-0.9156312
-0.8482486
-0.7134816
-0.8777102
-0.841196
-0.6824089
-0.954461
-0.9136722
-0.8448992
-0.8696696
-1.012814
-0.7076883
-0.872778
-0.8305382
-0.9976588
-0.7624496
-0.7226562
-0.8999247
-0.6783873
-0.6328197
-0.8290635
-0.7490707
-0.8065788
-0.7782366
-0.8506095
-0.7293329
-0.9497238
-0.6647561
-0.8135827
-0.8432209
-0.7890665
-0.7614771
-0.763131
-0.9081729
-0.7340373
-0.8307652
-0.7530014
-0.7998026
-0.7973815
-0.8028009
-0.7869637
-0.7680872
-0.6331122
-0.742452
-0.7592698
-0.6853175
-0.8391564
-0.7481646
-0.6919786
-0.8123691
-0.7201296
-0.5849173
-0.7705044
-0.7966448
-0.7192188
-0.7900016
-0.7969969
-0.8204585
-0.7176582
-0.6520026
-0.7458934
-0.7766942
-0.6101751
-0.7835127
-0.6126713
-0.6483123
-0.8032357
-0.6571772
-0.8431948
-0.7253537
-0.6160777
-0.7540595
-0.632875
-0.8084943
-0.8189415
-0.6825852
-0.8407511
-0.7886584
-0.5949567
-0.5878188
-0.6244946
-0.6232834
-0.7387217
-0.6480055
-0.6553729
-0.8052976
-0.6034224
-0.7499323
-0.6361436
-0.6400629
-0.6234237
-0.7437633
-0.699651
-0.5601987
-0.672377
-0.6577419
-0.6788166
-0.6748752
-0.6065979
-0.660108
-0.6632531
-0.6801944
-0.7218785
-0.7142538
-0.6169248
-0.6964652
-0.6216935
-0.6426516
-0.7535015
-0.6729976
-0.5676819
-0.666072
-0.5482158
-0.6020635
-0.6691155
-0.6278411
-0.4681449
-0.5576722
-0.5507495
-0.5949461
-0.6191435
-0.5317087
-0.490095
-0.6731344
-0.6497726
-0.6623176
-0.5688656
-0.5730565
-0.5165439
-0.7278384
-0.5422273
-0.6909084
-0.6282902
-0.5522809
-0.7231976
-0.5449033
-0.4655537
-0.5902858
-0.6532562
-0.5610476
-0.6199208
-0.539825
-0.5915117
-0.5562492
-0.6009826
-0.552576
-0.5326531
-0.4574611
-0.5376142
-0.5891982
-0.6425843
-0.4719387
-0.3567708
-0.6172393
-0.5100905
-0.6185352
-0.6463431
-0.265946
-0.5080495
-0.5755823
-0.6634127
-0.6647876
-0.4344946
-0.4194516
-0.4682439
-0.4779289
-0.4781444
-0.6447596
-0.4845461
-0.614991
-0.5390832
-0.459265
-0.5032269
-0.4907318
-0.4605309
-0.4472568
-0.4961229
-0.5734079
-0.4840139
-0.4211844
-0.4761825
-0.5040774
-0.5160517
-0.4366139
-0.2879634
-0.6224462
-0.5154094
-0.3539866
-0.4634067
-0.5211765
-0.4468272
-0.6189442
-0.4347124
-0.4794156
-0.3903063
-0.3536772
-0.4166836
-0.3957036
-0.5012728
-0.4652587
-0.3578461
-0.3452326
-0.555268
-0.509752
-0.3932623
-0.3829923
-0.4387668
-0.3928995
-0.5504727
-0.3571365
-0.4823315
-0.3374342
-0.5033149
-0.6296679
-0.278984
-0.3146231
-0.2879872
-0.5713984
-0.3311441
-0.5078535
-0.3370284
-0.3334924
-0.4130045
-0.3270842
-0.467738
-0.3497175
-0.4906658
-0.3644983
-0.4550376
-0.4325652
-0.4632889
-0.6125061
-0.4490337
-0.3817217
-0.4210954
-0.3882698
-0.4819269
-0.3760418
-0.3328492
-0.5025779
-0.2651321
-0.3640052
-0.2231934
-0.2710422
-0.3901813
-0.5496137
-0.3921978
-0.3235846
-0.4160847
-0.3937431
-0.3488704
-0.4102735
-0.5450603
-0.2818932
-0.3142181
-0.3786653
-0.4401893
-0.3898513
-0.3347771
-0.4022134
-0.2620747
-0.3052002
-0.3253142
-0.2736154
-0.2651184
-0.2702026
-0.3818926
-0.3274109
-0.395305
-0.2917881
-0.2699963
-0.2138955
-0.3390169
-0.3589226
-0.4865489
-0.3544955
-0.3844253
-0.2676109
-0.2541762
-0.2105468
-0.2840252
-0.1847104
-0.3555401
-0.1929568
-0.3505453
-0.4975271
-0.2925857
-0.2365701
-0.239837
-0.3368227
-0.2398562
-0.327339
-0.3250099
-0.3454052
-0.3124973
-0.2756461
-0.2220963
-0.251571
-0.3407975
-0.3727859
-0.3392833
-0.1709063
-0.3253613
-0.2324746
-0.2072787
-0.2571445
-0.2818463
-0.2485386
-0.235983
-0.2077445
-0.3013197
-0.2244206
-0.1306057
-0.2554242
-0.2386059
-0.2047574
-0.07725833
-0.2198228
-0.357933
-0.2112301
-0.3852224
-0.1118601
-0.04943727
-0.1762163
-0.1850628
-0.2206024
-0.1761642
-0.1252752
-0.2668978
-0.06399939
-0.1415337
-0.1992865
-0.03492502
-0.1970957
-0.2297597
-0.1052402
-0.1996019
-0.1164655
-0.1310436
-0.2480727
-0.1214301
-0.1883701
-0.2409603
-0.2513735
-0.2066527
-0.09243647
-0.2218266
-0.2169635
-0.09821542
-0.1095806
-0.2171432
-0.1894374
-0.2768373
-0.2211869
-0.2324149
-0.3142385
-0.1217885
-0.04570651
-0.226449
-0.1902011
-0.07076791
-0.09357516
-0.2913017
-0.1372487
-0.1939815
0.0193193
-0.1791464
-0.1110175
-0.005545577
-0.2164539
-0.1397808
-0.2124132
-0.1582428
0.04235827
0.09257947
0.03905228
-0.05818502
-0.1640125
-0.08628342
-0.02846325
-0.1319345
-0.1071935
-0.2153374
-0.04945048
-0.002891448
-0.1540114
-0.2603748
-0.08555482
-0.03927487
-0.03727902
-0.1017479
-0.1594902
-0.1299254
0.04393393
-0.08641347
-0.004561124
-0.1130934
-0.1433433
0.01805396
-0.01129428
-0.06386212
0.01306673
-0.1423294
0.09414183
-0.1152391
-0.1063393
-0.1751903
-0.1541881
0.0331979
0.1361526
-0.1223141
-0.05046535
-0.09802017
-0.02040336
0.06942493
0.0405437
-0.002360963
-0.04874867
0.1082496
0.01485851
0.01408449
-0.06960473
0.01556762
-0.05573999
-0.01444012
0.01788723
0.1550587
0.007314766
-0.2264043
0.1093318
0.01152052
-0.05117161
-0.09802749
-0.009199372
0.1477296
-0.1078924
0.002228334
0.1650488
-0.01819001
0.08188803
0.1344887
-0.1073576
0.04686673
-0.0007992922
0.0989021
0.06798697
0.06732636
0.07374177
-0.04738613
-0.01294089
-0.02693887
0.1284387
0.09292427
0.003059539
-0.01161978
0.1345589
0.03258099
-0.04072709
0.07547283
0.04285296
0.02994495
0.1310219
0.0468725
0.07608075
0.01826133
0.06374706
0.01250079
0.06499154
0.06686994
0.202078
-0.04436226
0.20871
0.06538499
0.1326569
0.2823849
0.1272048
0.04978446
-0.09849057
0.2362368
0.07753001
0.1167041
0.06978052
0.1526962
0.121331
0.2003291
0.1001434
0.1833304
0.1913475
0.1597124
0.1919007
0.120797
0.2567217
0.2620657
0.1825224
0.2558674
0.05723485
0.1940056
0.1747312
0.2575155
-0.002773836
0.1082613
0.1895341
0.1554661
0.05652942
0.09640983
0.172323
0.1656617
0.1560595
0.09442728
0.1408411
0.187282
0.2858834
0.2063434
0.09529213
0.2580488
0.1254023
0.1910342
0.2751259
0.1189444
0.3116981
0.2192872
0.1953519
0.02667422
0.139554
0.1625675
0.08124773
0.2851817
0.04207929
0.1439787
0.220992
0.1203078
0.2309642
0.2279522
0.2138502
0.2034154
0.3126282
0.2393328
0.2315728
0.3625368
-0.1265392
0.2451569
0.0640585
0.3132974
0.2711447
0.2873527
0.2728897
0.2806474
0.3732981
0.1894397
0.2738499
0.383563
0.3055915
0.1388797
0.2184595
0.2948739
0.288164
0.1351512
0.2871128
0.2092842
0.1314391
0.1536741
0.1539564
0.3166881
0.3033887
0.3211407
0.2216048
0.1802006
0.2765693
0.1154788
0.2567122
0.3647482
0.2852974
0.4012141
0.2447901
0.2604032
0.4400557
0.3799196
0.3367319
0.2293303
0.3275746
0.3762287
0.4071247
0.28705
0.4043221
0.3137503
0.4320285
0.4476792
0.1605023
0.3184707
0.3850965
0.278991
0.1339059
0.5315074
0.161753
0.3903833
0.2529368
0.3210999
0.3125735
0.3417017
0.359931
0.3313941
0.3427959
0.328514
0.4372318
0.2960228
0.2384125
0.2548447
0.4598433
0.4049346
0.385767
0.3365066
0.4877015
0.2886292
0.3419426
0.317774
0.3942857
0.4213035
0.4300842
0.3706172
0.425712
0.4384623
0.3300384
0.1315653
0.4232882
0.2914594
0.402625
0.3307098
0.3848092
0.5429515
0.3355559
0.4344891
0.3454982
0.4199557
0.3796515
0.2928696
0.2761278
0.3444112
0.2673786
0.2983853
0.5055712
0.4122973
0.4426744
0.435922
0.3537066
0.4998223
0.4403751
0.370836
0.4353809
0.6059604
0.3004582
0.6663631
0.4654634
0.4527006
0.509309
0.5228038
0.4777192
0.433377
0.3832604
0.2808321
0.5177231
0.3510531
0.4557816
0.4333696
0.5688209
0.3624591
0.5235552
0.6096296
0.5126563
0.4577821
0.5635098
0.5672658
0.6000452
0.5560829
0.5652028
0.5576349
0.4984817
0.2840653
0.5244724
0.3518126
0.4936058
0.5417357
0.6124588
0.4590619
0.4398645
0.5978786
0.6952406
0.4808161
0.445381
0.540399
0.5784697
0.6537245
0.550171
0.7400599
0.5425956
0.484933
0.6037679
0.5737201
0.4532582
0.4444906
0.6361864
0.5198131
0.5699071
0.5052124
0.6042093
0.7234451
0.6355962
0.4724098
0.5002272
0.4798072
0.6477034
0.5703722
0.4929915
0.6215321
0.7274313
0.5706014
0.4533886
0.7595279
0.6164189
0.5095647
0.5275769
0.4289142
0.6309556
0.612196
0.6605694
0.6170283
0.6834303
0.6143865
0.4164676
0.5885293
0.6683868
0.7639092
0.7091893
0.6737973
0.7044975
0.7234778
0.6192008
0.6392235
0.5892068
0.689746
0.6297982
0.6062283
0.6500133
0.6983738
0.4489888
0.6201057
0.6253909
0.4838932
0.6877042
0.6556867
0.684195
0.6385907
0.5716677
0.5334016
0.6879879
0.6808267
0.8351133
0.5651797
0.6890301
0.5729226
0.5747459
0.7412774
0.6937757
0.6589209
0.6558263
0.7078968
0.6687358
0.5806516
0.6175549
0.6764841
0.6491233
0.8358707
0.53036
0.7880312
0.6357785
0.6486653
0.593445
0.5256705
0.6490506
0.773485
0.75821
0.7669412
0.5903254
0.7640744
0.6780108
0.6728617
0.7416452
0.6321681
0.5716171
0.8610097
0.6949357
0.7522243
0.5709779
0.7544176
0.6494693
0.6847695
0.6672874
0.8325087
0.8064857
0.7230197
0.8469968
0.7902615
0.7440939
0.7755611
0.9241694
0.6977115
0.7421156
0.6916228
0.6759994
0.7820483
0.7739616
0.7089316
0.7392822
0.6965394
0.7325905
0.8349674
0.8363658
0.6525665
0.9231139
0.7780484
0.7346302
0.5891847
0.7743053
0.7062227
0.7279086
0.8794751
0.713564
0.711653
0.9001414
0.7720043
0.6990935
0.8783159
0.6670369
0.8746949
0.9622546
0.9308292
0.8561699
0.9032485
0.7765874
0.8396048
0.9362367
0.8747461
0.9282218
0.8744771
0.8403206
0.8121279
0.8284346
0.8435784
0.9615636
0.9487511
0.8027083
0.7740248
0.8011507
0.7963091
0.8553023
0.814842
0.6924386
0.8891118
0.8145549
0.9509492
0.9861792
0.976092
0.9390962
0.8607012
0.8873465
0.8280111
0.8593544
0.8028871
1.033107
0.8848718
0.9005281
1.040823
0.9538244
0.829983
0.8808889
1.052829
0.9289753
1.009764
0.8868425
0.6975022
0.8842702
0.8759587
0.9490584
0.9737486
0.9927561
1.06016
1.061987
0.9523079
0.947594
0.9619801
0.8498274
0.8615429
1.018124
0.9873314
0.8866545
0.8637596
0.9247187
0.980635
0.881306
0.9967694
1.049234
0.9407901
1.081709
1.117262
0.899349
0.8967295
1.044477
1.066607
0.8747827
0.8705338
0.9487645
0.8227794
0.9978418
1.007591
0.923037
0.8667119
1.063232
0.884153
0.8780195
1.111972
1.03041
1.031218
1.17122
0.8622238
0.9659046
0.9655871
0.9661049