-0.04369228
-1.071755
-0.9592894
-1.0253
-0.9339072
-0.9435134
-0.8686263
-0.9082133
-0.9659296
-1.128579
-0.9384764
-0.9180948
-0.9805122
-0.964581
-0.876626
-1.036028
-1.011663
-0.7619337
-1.000567
-1.028162
-0.9858063
-0.7608986
-0.90515
-0.9827715
-0.8660026
-0.8906326
-0.9985542
-0.9449917
-0.9436128
-0.9313289
-0.758141
-0.9090448
-0.8280439
-1.019077
-0.9548887
-0.8635115
-0.9628631
-0.8960886
-0.9777075
-0.8820025
-0.8689304
-0.9575043
-0.9417665
-1.080484
-0.9824521
-1.014654
-0.9593881
-1.073294
-0.9348907
-0.8645726
-0.909557
-0.9461546
-1.00571
-0.87053
-0.892171
-0.9711972
-0.8139482
-0.7947019
-0.9258746
-0.926483
-0.8664116
-0.8957606
-1.035401
-1.009087
-0.8036562
-0.8575778
-0.8416054
-0.9037848
-0.7271681
-0.9471034
-0.8970799
-0.9709349
-0.9347684
-0.9529424
-0.9516329
-0.8217831
-0.9061509
-0.8748063
-0.7179045
-0.8391241
-0.7783003
-0.8759903
-0.8237226
-0.935378
-0.9460536
-1.015716
-0.8309467
-0.7535702
-0.8025744
-0.8045976
-0.8987937
-0.9609391
-0.7393812
-0.9084892
-0.7680085
-0.9060999
-0.7799278
-0.7798403
-0.9154098
-0.781991
-0.8585469
-0.7767296
-0.7972929
-0.7969215
-0.7295464
-0.7552172
-0.83185
-0.5638798
-0.7433757
-0.8077057
-0.8898253
-0.8193222
-0.8362884
-0.7950125
-0.5548377
-0.8165518
-0.798572
-0.7602392
-0.7802359
-0.6487547
-0.8695707
-0.7050907
-0.8941552
-0.6834307
-0.7059036
-0.819055
-0.8170489
-0.7913345
-0.764648
-0.8443596
-0.8253479
-0.7419807
-0.8286182
-0.6050325
-0.7173408
-0.8246639
-0.7862341
-0.6825177
-0.7384797
-0.8086795
-0.6930351
-0.76469
-0.7348349
-0.4919152
-0.8143708
-0.6455967
-0.7498344
-0.4664508
-0.6413263
-0.6496073
-0.6848614
-0.6135325
-0.6660102
-0.6335403
-0.7142834
-0.7487804
-0.6683518
-0.7013607
-0.5722156
-0.8016309
-0.7363522
-0.6340915
-0.5699474
-0.5969948
-0.6025202
-0.6936216
-0.7161859
-0.6915598
-0.6878787
-0.6266845
-0.5947117
-0.673715
-0.6122115
-0.479516
-0.7530468
-0.5801949
-0.7825944
-0.5937557
-0.7456573
-0.608364
-0.5318131
-0.5927697
-0.6427321
-0.5699559
-0.6030211
-0.6059199
-0.722182
-0.6699974
-0.5827434
-0.5631453
-0.7558803
-0.6234379
-0.7519998
-0.5674967
-0.5906607
-0.6255834
-0.55774
-0.6356801
-0.6681565
-0.4627126
-0.560831
-0.7624006
-0.6031725
-0.6100331
-0.6394647
-0.6552139
-0.5655336
-0.4226568
-0.5838793
-0.4074098
-0.4927665
-0.5454895
-0.5091829
-0.4935678
-0.6218336
-0.5943427
-0.5550296
-0.6735978
-0.4860709
-0.6377256
-0.576863
-0.5367414
-0.6770902
-0.6839744
-0.4138162
-0.6357522
-0.5804892
-0.3772294
-0.4797393
-0.5949083
-0.5547632
-0.3854705
-0.619113
-0.5081117
-0.5754878
-0.6263668
-0.4962308
-0.4793839
-0.5450261
-0.4687608
-0.5108103
-0.4734566
-0.5390262
-0.5727518
-0.4443631
-0.580234
-0.6081323
-0.5111633
-0.5782431
-0.6533132
-0.545629
-0.351799
-0.6658273
-0.3550906
-0.5328101
-0.5313838
-0.5071922
-0.449974
-0.4647133
-0.3844624
-0.3753487
-0.4734473
-0.6092093
-0.4722569
-0.4802854
-0.547157
-0.383112
-0.4104214
-0.4249072
-0.4857253
-0.4130668
-0.3313234
-0.4623871
-0.3989291
-0.2993449
-0.3442525
-0.4404129
-0.4636397
-0.3826733
-0.5226317
-0.4740828
-0.4038113
-0.3670863
-0.4712571
-0.5099705
-0.3324158
-0.4780127
-0.5053866
-0.275702
-0.5952092
-0.4516379
-0.3590016
-0.4384389
-0.3702379
-0.4105474
-0.3913121
-0.3977513
-0.5579884
-0.3517393
-0.4265744
-0.5424569
-0.5268982
-0.4015243
-0.4906708
-0.4973663
-0.4461687
-0.3314801
-0.2822483
-0.4476589
-0.4541521
-0.5012855
-0.5704497
-0.3725176
-0.3957311
-0.3434071
-0.4405071
-0.460583
-0.326067
-0.439082
-0.4247568
-0.4527616
-0.3756672
-0.3643247
-0.2778993
-0.3681305
-0.3799304
-0.4339609
-0.3648969
-0.4226428
-0.2937181
-0.3732936
-0.4100269
-0.3421605
-0.3453681
-0.3622782
-0.1816186
-0.1682632
-0.1749647
-0.3412274
-0.3915474
-0.350348
-0.3325396
-0.3178673
-0.3039199
-0.4010243
-0.3586243
-0.2708584
-0.2860426
-0.3500925
-0.2541393
-0.2427077
-0.2211658
-0.3022596
-0.2756191
-0.2143088
-0.3456661
-0.2471878
-0.2120092
-0.3698092
-0.1679719
-0.3507876
-0.222823
-0.2907578
-0.2370953
-0.2112418
-0.2750199
-0.3555927
-0.4300487
-0.4240207
-0.2602685
-0.2200812
-0.1910425
-0.3135658
-0.3808472
-0.1278468
-0.3641844
-0.2776512
-0.2155479
-0.1679354
-0.3497945
-0.1522515
-0.1491713
-0.2914072
-0.4188845
-0.3827442
-0.1167689
-0.2023091
-0.2041689
-0.215351
-0.1616262
-0.357927
-0.3296541
-0.3377112
-0.3269794
-0.3377348
-0.1639408
-0.2673726
-0.2275818
-0.1383307
-0.2384017
-0.3162989
-0.006356867
-0.04263797
-0.3683819
-0.3356677
-0.2012933
-0.2287488
-0.1651308
-0.03985271
-0.2129964
-0.1656795
-0.2623414
-0.1498741
-0.2567577
-0.1601466
-0.1157348
-0.1519704
-0.3110465
-0.2148526
-0.1724953
-0.1214176
-0.1544375
-0.1036733
-0.2033864
-0.03451168
-0.3631531
-0.1330843
-0.04715927
-0.1637944
-0.04455743
-0.2154205
-0.1816769
-0.07976503
-0.1187218
-0.1685998
-0.2242662
-0.0699427
-0.2127443
-0.1049008
-0.2408233
-0.2005734
-0.159878
-0.1572522
-0.05325544
-0.1551471
-0.05934142
-0.2907714
-0.2423298
-0.1117065
-0.07320759
-0.2212564
-0.0348661
-0.03216261
-0.2162776
0.05124164
-0.1984949
-0.0168171
-0.02813723
0.00448605
-0.2948753
-0.07648447
-0.05010467
-0.1494846
-0.05051327
-0.1250921
0.06576051
-0.1352849
-0.1569717
-0.04358557
-0.01860572
-0.0005589684
-0.1032697
-0.1136195
-0.06699988
-0.05052798
0.01196864
-0.1675383
-0.05443228
-0.006908944
-0.0332616
-0.06152968
-0.05793603
0.04434494
0.06266332
-0.04077478
-0.0609411
-0.0071453
-0.2006119
-0.06149135
0.05196946
-0.1366704
0.09985998
0.03568981
0.01285494
-0.1517772
-0.08466644
0.0006315054
-0.1929918
-0.02881947
0.00465033
-0.09856831
-0.02217062
0.127753
-0.02286039
-0.05985586
0.09684029
0.009311237
0.03677474
0.02609623
0.008176348
0.02810738
-0.03450551
-0.01556072
-0.00260342
0.07448483
0.1187979
0.003030285
0.06293882
0.0372406
0.07030201
0.1219411
-0.07994957
0.1383054
0.01597389
0.03446933
0.1190844
0.02203482
-0.07435313
-0.06870869
0.04406384
-0.02282621
0.2143477
0.1270964
0.10286
0.1527025
0.1637843
0.06391534
-0.03947719
0.08989111
0.1297435
0.02982426
0.1137837
0.09853657
0.01415343
0.1311113
0.04583143
0.1295386
-0.02993245
0.1889303
0.016072
0.2573017
0.1534926
0.1065086
0.01904801
0.1635352
0.2155074
0.1141505
0.04789054
0.09857816
-0.03366593
0.102395
0.1869353
0.09962839
0.07957043
0.1489055
0.2449555
0.1858578
0.04016116
0.1135576
0.1449605
0.2478541
0.1574277
0.3094492
0.1167888
0.1530329
0.05414035
0.1811913
0.1665361
0.1664359
0.1358846
0.191035
0.1428509
0.1169324
0.003403044
0.08628169
0.2385077
0.3144742
0.1275718
0.115516
0.2874643
0.1433117
0.1534048
0.182844
0.12502
0.2542402
0.06077373
0.2187915
0.2547974
0.115906
0.3251602
0.191705
0.1617296
0.1034967
0.03357056
0.3143689
0.254374
0.1421478
0.1968882
0.1968566
0.3687641
0.2185287
0.1723068
0.09073921
0.1604992
0.2591096
0.2250086
0.1198051
0.1281584
0.2562586
0.1509281
0.320761
0.2164655
0.2408619
0.3673747
0.2620157
0.2892136
0.1587989
0.136317
0.2794958
0.26257
0.09043853
0.03837312
0.3150271
0.321879
0.2589224
0.205091
0.2405173
0.2916214
0.1380055
0.2060082
0.22635
0.2858071
0.2381772
0.3938555
0.251485
0.3804037
0.1496589
0.3097631
0.319524
0.2377415
0.4198962
0.3282096
0.2790102
0.3858617
0.389189
0.4239425
0.3629017
0.2924499
0.2774446
0.3839509
0.3210301
0.1709703
0.3362126
0.4272829
0.3860472
0.4396646
0.4131835
0.2321972
0.3664843
0.2847532
0.243807
0.4269395
0.4310252
0.4187242
0.3006489
0.3996394
0.2655034
0.4891379
0.5903116
0.5219094
0.3982423
0.5463229
0.3556985
0.3940792
0.320809
0.3244647
0.4343379
0.5608501
0.3276466
0.3709532
0.5050312
0.3620686
0.2404857
0.2405709
0.3427755
0.3167223
0.3214577
0.2724953
0.4661835
0.3836258
0.2481128
0.401716
0.3913287
0.5070103
0.3557204
0.382254
0.3545363
0.4465152
0.3509072
0.4198871
0.3742803
0.414081
0.3004743
0.3311799
0.4837843
0.374549
0.4315119
0.426841
0.4477437
0.3862137
0.2594451
0.4007632
0.3084659
0.5839721
0.4919383
0.5105258
0.3663136
0.5801473
0.5383319
0.4913261
0.4398562
0.4324948
0.4697026
0.4149036
0.4409068
0.4575137
0.4661893
0.3613974
0.4622641
0.427642
0.4194775
0.3898802
0.4826549
0.4329094
0.4546836
0.5420753
0.5623943
0.6209667
0.5706257
0.5727789
0.5246238
0.5572575
0.6073358
0.6204967
0.5277026
0.5080229
0.6254443
0.5906804
0.4219215
0.5429575
0.5566465
0.5220326
0.5027717
0.4811059
0.6018025
0.4154994
0.5174326
0.4584239
0.5935406
0.5230873
0.5451828
0.5242279
0.5338035
0.4779821
0.4740596
0.5525468
0.4188798
0.5148503
0.6400404
0.6473947
0.5919483
0.5743598
0.6618017
0.4423236
0.5736045
0.6135332
0.4876461
0.5895638
0.5201065
0.5462448
0.443299
0.7519869
0.6057665
0.5971588
0.4771173
0.5077407
0.5986145
0.5683524
0.5836482
0.6666993
0.5700588
0.5808182
0.4440332
0.6479453
0.547008
0.4388792
0.4726565
0.5346402
0.6328549
0.632951
0.6071667
0.7111838
0.7359429
0.6649774
0.7383001
0.5280514
0.5742458
0.677412
0.5926588
0.6274073
0.6199087
0.7070105
0.4406808
0.675394
0.685106
0.8434748
0.710076
0.6459223
0.7041138
0.7483849
0.8332181
0.6515806
0.6227954
0.6672788
0.6879319
0.7422877
0.6656814
0.6303602
0.747259
0.6967353
0.6816687
0.6381824
0.6986116
0.6863615
0.623377
0.7852771
0.6022495
0.6731815
0.5821166
0.6409253
0.8163659
0.7383661
0.6928593
0.7489198
0.8042967
0.7869279
0.6946077
0.6875114
0.7638239
0.6066953
0.8973858
0.724331
0.752318
0.7963248
0.6661103
0.7168654
0.6577999
0.7981721
0.710768
0.6135224
0.6463199
0.768272
0.686608
0.8278888
0.8513937
0.7261728
0.6885159
0.8073506
0.8120835
0.5875613
0.7912572
0.6701861
0.6912636
0.7722702
0.7118379
0.7458841
0.6967419
0.7774127
0.7670239
0.7046161
0.8320761
0.8682692
0.9275379
0.8689727
0.7517608
0.8188984
0.6754004
0.7219759
0.7343922
0.7143691
0.9128013
0.7958274
0.8754054
0.6565717
0.8107468
0.8184485
0.8311506
0.7640342
0.8688399
0.7263444
0.8288735
0.7050284
0.8102128
0.8022159
0.8138198
0.751981
0.794756
0.8932886
0.8317568
0.9627224
0.8285942
0.8963051
0.8271713
0.8406148
0.7740639
0.9820845
0.9087289
0.8845329
0.8217925
1.055218
0.8191818
0.918062
0.95898
0.8667704
0.8287958
0.8707712
0.7701432
0.8584353
0.7417265
0.9343643
0.9896919
0.7818118
0.9534777
0.7524697
0.8808068
0.9733815
0.8412357
0.9511287
0.8359062
0.862117
0.7486879
0.8807308
0.9735849
0.960241
0.9521235
0.9514265
0.79287
1.115397
0.9599924
0.8568419
0.9371236
0.8634878
0.9144463
0.9317772
0.9958135
0.9442739
1.022515
0.88761
0.9130169
0.8028679
0.9035206
1.050312
0.947003
1.075292
0.9571102
1.033694
0.8278045
0.868484
0.9662502
0.9147027
0.9694243
0.7324316
0.916785
1.040041
0.9055787
0.8279904
1.00249
0.9489235
1.024136
0.9464288
0.9859161
1.15489
0.9520987
1.126196
0.9833338
0.9427293
1.013387
0.9198451
1.06182
1.084027
0.8747431