-0.02631617
-1.085526
-0.9485064
-1.036054
-0.9188617
-0.9275476
-0.863023
-0.9308936
-0.9782045
-1.125906
-0.9329503
-0.9261602
-0.9893094
-0.9473495
-0.8907827
-1.019402
-0.9984491
-0.761314
-0.9993122
-1.03649
-0.9824735
-0.777951
-0.9077161
-1.000323
-0.878517
-0.9087743
-0.998428
-0.9377384
-0.955128
-0.9518908
-0.78422
-0.9174458
-0.81542
-1.028206
-0.9367048
-0.8708871
-0.9856903
-0.9109333
-0.9647819
-0.8657419
-0.8773927
-0.9603744
-0.9427958
-1.077742
-0.9743854
-1.004278
-0.9710216
-1.07687
-0.9522825
-0.8743364
-0.9198389
-0.9493144
-1.023268
-0.89738
-0.9044291
-0.9868586
-0.8054531
-0.8001329
-0.9166246
-0.9322768
-0.8746304
-0.9026807
-1.025939
-0.9971226
-0.8060352
-0.8717727
-0.8455148
-0.8842703
-0.7217787
-0.9417316
-0.8984514
-0.9607832
-0.9406219
-0.9652463
-0.9697399
-0.8145301
-0.8965517
-0.8919585
-0.7055238
-0.8293089
-0.7865895
-0.881481
-0.8218162
-0.9393841
-0.9431544
-1.017132
-0.840244
-0.7653207
-0.7943577
-0.7852289
-0.9027472
-0.9604277
-0.7250904
-0.9203463
-0.7874053
-0.9061305
-0.7678165
-0.7522034
-0.9219854
-0.7522653
-0.820019
-0.7599442
-0.8084133
-0.7724702
-0.7279175
-0.7645051
-0.8261813
-0.5727424
-0.7419633
-0.7897885
-0.8672538
-0.8241277
-0.8243485
-0.7962135
-0.5465679
-0.8214669
-0.810171
-0.746097
-0.7945744
-0.6439689
-0.8640743
-0.7055199
-0.8946055
-0.6826719
-0.69098
-0.8266043
-0.7920672
-0.788671
-0.7704885
-0.8402916
-0.8296479
-0.753433
-0.8393786
-0.6118703
-0.7003747
-0.8299157
-0.8029931
-0.6972954
-0.7409179
-0.8033964
-0.7056351
-0.755347
-0.7304831
-0.4938229
-0.8121332
-0.6519234
-0.7498249
-0.4895234
-0.6470713
-0.6630783
-0.7095038
-0.6095782
-0.644013
-0.6392866
-0.7176458
-0.7428365
-0.6655666
-0.6899213
-0.5893981
-0.7913633
-0.7253169
-0.6259417
-0.5788398
-0.5996257
-0.6136336
-0.7121107
-0.7490709
-0.6921931
-0.6685597
-0.6441633
-0.5782209
-0.6620445
-0.5884673
-0.4971326
-0.7379228
-0.5809887
-0.7741374
-0.5989192
-0.787271
-0.5868752
-0.560526
-0.6071324
-0.6304753
-0.5707108
-0.5903397
-0.6063765
-0.7263856
-0.6555043
-0.5674654
-0.5450451
-0.7445655
-0.6491436
-0.7436583
-0.5797455
-0.5831843
-0.6269169
-0.5500917
-0.6378597
-0.641296
-0.4725902
-0.5521736
-0.7616542
-0.6125276
-0.6132252
-0.6606766
-0.6507646
-0.5706291
-0.4153462
-0.5858933
-0.4168165
-0.5112197
-0.5444655
-0.5170986
-0.4949969
-0.589662
-0.5838806
-0.5712724
-0.6605762
-0.4989298
-0.6339508
-0.576468
-0.5270813
-0.6661934
-0.6803834
-0.4053407
-0.6363466
-0.5821888
-0.3773577
-0.4899257
-0.5784724
-0.5807263
-0.4018687
-0.627384
-0.5016471
-0.5896836
-0.6129261
-0.4762231
-0.4539926
-0.5537838
-0.4657741
-0.5143497
-0.4753789
-0.5258106
-0.5778968
-0.4467397
-0.5511238
-0.6090404
-0.4967118
-0.5798636
-0.6442587
-0.5368576
-0.360703
-0.6649291
-0.3595764
-0.5619441
-0.5388736
-0.5111645
-0.4624153
-0.4673285
-0.4113021
-0.3803238
-0.4695333
-0.6133476
-0.4736968
-0.5084441
-0.545768
-0.4028812
-0.4272326
-0.431765
-0.4933123
-0.4101691
-0.3546779
-0.464266
-0.4095013
-0.3024122
-0.3578445
-0.4563279
-0.4785521
-0.4073513
-0.5131515
-0.4745884
-0.412967
-0.3605407
-0.4629724
-0.5150023
-0.3186688
-0.4803503
-0.5173691
-0.2850921
-0.5802186
-0.4600521
-0.3562255
-0.4561935
-0.3607243
-0.4185258
-0.3893225
-0.4257067
-0.5425747
-0.3584498
-0.4421332
-0.5851243
-0.5224763
-0.3920759
-0.4991338
-0.4954323
-0.468848
-0.342598
-0.2905845
-0.434431
-0.4549735
-0.4926315
-0.5751798
-0.3835453
-0.3813726
-0.3533982
-0.46195
-0.4591646
-0.3441257
-0.4235469
-0.4218348
-0.4719076
-0.3709935
-0.3556037
-0.247225
-0.3797597
-0.3931409
-0.4280608
-0.3600168
-0.421291
-0.2847573
-0.380808
-0.4273611
-0.3280906
-0.3610094
-0.3815199
-0.1518083
-0.1768556
-0.176611
-0.3517429
-0.3812254
-0.329618
-0.3392629
-0.2996375
-0.3117653
-0.4239178
-0.3763711
-0.2665689
-0.2673569
-0.3487777
-0.2567958
-0.2492155
-0.2034352
-0.2965172
-0.2772132
-0.2065449
-0.383248
-0.2528071
-0.193562
-0.3834456
-0.1887297
-0.3670029
-0.2158936
-0.3086532
-0.2566776
-0.2025264
-0.2942278
-0.3481702
-0.4163996
-0.4252535
-0.2587587
-0.2077863
-0.2268033
-0.3116617
-0.3756464
-0.1216372
-0.3548674
-0.2646671
-0.2224589
-0.1498552
-0.3389513
-0.1505219
-0.1527571
-0.2724767
-0.4207611
-0.3941902
-0.1009362
-0.1895453
-0.1892251
-0.1992062
-0.150423
-0.3433412
-0.3096412
-0.335096
-0.3206798
-0.3165852
-0.1422863
-0.2699675
-0.2185226
-0.1527914
-0.2352297
-0.3109595
0.001234485
-0.05428815
-0.3701755
-0.3473816
-0.2191029
-0.2548195
-0.1702434
-0.01909156
-0.1920709
-0.1528357
-0.2907583
-0.1736346
-0.2502454
-0.1603252
-0.09923873
-0.1420127
-0.286405
-0.1997461
-0.1791332
-0.1331845
-0.1758079
-0.0949417
-0.1918462
-0.03900863
-0.3440332
-0.1282402
-0.02025652
-0.1612077
-0.05220827
-0.2061813
-0.1889302
-0.09448284
-0.1270079
-0.1280245
-0.2172188
-0.06157513
-0.2193503
-0.09446394
-0.2391975
-0.2131216
-0.1577989
-0.151363
-0.06125669
-0.1673943
-0.06019103
-0.3044143
-0.2472338
-0.1103759
-0.09031585
-0.2153595
-0.04780982
-0.02840098
-0.2269835
0.04230593
-0.2089703
0.01178838
-0.01778916
0.01755835
-0.3011759
-0.05602465
-0.06064372
-0.1386505
-0.04828229
-0.125532
0.06383796
-0.1380143
-0.1607505
-0.05378974
-0.01567816
-0.0293851
-0.1024915
-0.1171427
-0.0620505
-0.06742803
0.008173275
-0.1751486
-0.07943079
0.0005868164
-0.04462498
-0.07201726
-0.0642314
0.04114385
0.06929341
-0.04384841
-0.06959645
-0.003150884
-0.1790435
-0.05155432
0.06915039
-0.1262971
0.0959283
0.03397168
0.01083729
-0.1447588
-0.08075192
0.02739419
-0.1947157
-0.03125464
0.006120764
-0.1115112
0.003609974
0.1250436
-0.01885393
-0.04204771
0.09660323
0.003197434
0.02416903
0.01857145
-0.003209137
0.02031613
-0.01353742
0.008682036
-0.01271818
0.07660147
0.1127875
0.01365325
0.05402268
0.02719538
0.05390654
0.112581
-0.08698965
0.1463451
0.0171641
0.02713082
0.1366146
0.02735521
-0.0887913
-0.06732387
0.05173645
-0.04126174
0.2170329
0.1301628
0.07990264
0.1502638
0.1529226
0.03551034
-0.04528925
0.1068065
0.1443175
0.03341862
0.08607872
0.102671
0.00428539
0.1276792
0.04722557
0.1157737
-0.01738619
0.1998459
0.03613308
0.2436799
0.159008
0.1035321
0.01463021
0.1760683
0.2231239
0.1231982
0.03728843
0.1029178
-0.03031612
0.09774873
0.1513953
0.09753296
0.07511053
0.1620959
0.2404555
0.1747863
0.02448247
0.1334961
0.1557717
0.2434425
0.1548908
0.3128863
0.1105021
0.159115
0.04631338
0.1927547
0.1498833
0.141385
0.1517267
0.198702
0.1203052
0.1458604
0.003347698
0.08256583
0.2428445
0.3118127
0.1110108
0.1204034
0.2919896
0.1597675
0.1735471
0.1748481
0.1258125
0.2457842
0.05824182
0.2321966
0.2357325
0.1325108
0.333855
0.1943487
0.1663858
0.1087885
0.02126126
0.331698
0.2281721
0.149431
0.2029007
0.1854052
0.365189
0.2267851
0.1411825
0.05849906
0.1799641
0.2487381
0.2332383
0.1013638
0.1337315
0.2576547
0.1463292
0.3006888
0.2036021
0.2333204
0.3637418
0.2454893
0.2684797
0.1744101
0.1450115
0.290305
0.2785082
0.1047573
0.04736799
0.2957012
0.3239637
0.2425469
0.1881006
0.2369501
0.2984235
0.1485684
0.2023738
0.2531225
0.2531536
0.2531872
0.3841888
0.249335
0.3692615
0.1243707
0.3022084
0.3130647
0.2456015
0.4119565
0.3043593
0.2702986
0.3847907
0.3801037
0.4025163
0.3732895
0.3014271
0.3134698
0.3939133
0.3346746
0.1687865
0.3300325
0.4314181
0.39769
0.4261109
0.4101394
0.224467
0.3688061
0.2873806
0.2494742
0.4268318
0.4113518
0.4006149
0.2947544
0.3941118
0.264646
0.4902052
0.5775647
0.5488616
0.4010212
0.5278925
0.3544684
0.3925443
0.3328054
0.3420939
0.4345637
0.5415158
0.3362551
0.352381
0.4921134
0.3397369
0.2437295
0.2578376
0.3548497
0.3197205
0.33461
0.2772133
0.4830884
0.3879621
0.2305026
0.4294841
0.380443
0.5147624
0.3675211
0.3690752
0.3336199
0.4562409
0.3647176
0.4542664
0.3823447
0.4212653
0.3171297
0.34009
0.5001691
0.3693532
0.4238979
0.411235
0.4398384
0.3893015
0.2580627
0.3858294
0.294762
0.5789598
0.4921998
0.4764311
0.3528782
0.5557409
0.5206029
0.5107078
0.4358407
0.4306024
0.470738
0.412832
0.4544058
0.4455307
0.4473448
0.3879146
0.4567365
0.3984597
0.4259797
0.371798
0.5063794
0.4470612
0.4395167
0.5539161
0.5523121
0.5954817
0.5794553
0.5541565
0.566319
0.5347797
0.6121693
0.6042767
0.5010515
0.5152221
0.6279261
0.5716846
0.4348639
0.5472794
0.5567312
0.5458904
0.5065436
0.4657479
0.628646
0.4148753
0.5109504
0.4741401
0.5725211
0.5182358
0.5403932
0.5175352
0.5194408
0.4654628
0.4679593
0.5643692
0.4194406
0.5287588
0.6325105
0.6330544
0.6039394
0.5620467
0.6606086
0.4425163
0.5647172
0.6161301
0.5037893
0.6038376
0.5210274
0.5316429
0.4218452
0.7333103
0.6018129
0.5878931
0.4878115
0.4940248
0.5942748
0.5531456
0.5940485
0.6603746
0.5579762
0.5677352
0.4437679
0.6532308
0.5364434
0.4304208
0.4766549
0.5454501
0.6287292
0.6428824
0.59852
0.6855705
0.7380378
0.6497532
0.720852
0.5233188
0.5598572
0.6736671
0.6023389
0.6383495
0.6485934
0.7050668
0.457255
0.6777004
0.6942818
0.8303963
0.6989017
0.6584785
0.7100924
0.7472113
0.8440319
0.6651909
0.6200141
0.681965
0.6822346
0.752146
0.6901349
0.6114408
0.7429521
0.7036176
0.6599109
0.6320413
0.6786735
0.7069924
0.6286783
0.7815457
0.5997907
0.6770974
0.5804253
0.6363597
0.8077617
0.7495569
0.7212242
0.7564817
0.8149165
0.800541
0.700264
0.6881797
0.7593797
0.5958089
0.8988848
0.7157035
0.7647697
0.7828745
0.6480759
0.7075775
0.6476702
0.7990641
0.6973323
0.6020415
0.6361276
0.7641413
0.6828217
0.8472307
0.8586786
0.7071615
0.6818023
0.8169168
0.7987659
0.598752
0.7864238
0.6736571
0.6972089
0.7715523
0.7143707
0.7174304
0.7210636
0.7619628
0.7944075
0.7024278
0.8435116
0.8803727
0.9402206
0.8770915
0.7168406
0.8057427
0.6793627
0.726366
0.7440302
0.7196544
0.9065141
0.7865025
0.8740156
0.6714455
0.8105014
0.8065098
0.8230282
0.7543135
0.864504
0.7221112
0.8347727
0.6956286
0.8209223
0.8190442
0.8019682
0.7439127
0.7791321
0.8840487
0.8159153
0.9733971
0.850495
0.8730884
0.8230822
0.8164977
0.7678793
0.9820119
0.9105935
0.8547457
0.84082
1.068104
0.8173562
0.939028
0.9680786
0.8792385
0.8402517
0.8866484
0.7794884
0.8602596
0.7195807
0.9452794
0.992059
0.7937764
0.9345282
0.7673866
0.8912609
0.994594
0.8595255
0.9449289
0.8559525
0.866699
0.7515049
0.8889177
0.9757184
0.9766474
0.9521684
0.9302892
0.7758919
1.095894
0.9548359
0.8586371
0.9360749
0.8612959
0.9255656
0.9265159
0.9996132
0.9526588
1.050456
0.8915736
0.9040599
0.7946677
0.9105032
1.029805
0.943372
1.05389
0.9571355
1.017553
0.8529897
0.8595162
0.9767795
0.920891
0.9639762
0.7392521
0.9097758
1.04973
0.9302306
0.8292833
1.019477
0.9655216
1.026487
0.9309416
0.9992729
1.144553
0.9512101
1.11667
0.985497
0.9650205
1.014848
0.9029256
1.055615
1.085662
0.874913