-0.03673576
-1.028063
-0.9708036
-1.044355
-0.9448736
-0.974765
-1.061648
-1.08589
-0.9352977
-0.9853381
-1.004778
-1.044833
-1.013365
-0.861786
-0.9362853
-1.07587
-0.8840758
-0.9062724
-0.910361
-0.9281204
-0.9654797
-0.9730656
-0.9623129
-1.113
-0.9065204
-1.089358
-0.9430035
-1.010115
-0.9585108
-0.9536369
-0.9660257
-0.9770383
-0.9780177
-0.9743905
-0.9587815
-0.873135
-0.905282
-1.15459
-0.9276771
-0.9501324
-1.005575
-0.9124607
-0.8319276
-0.7862606
-0.955916
-0.995178
-0.8806155
-0.9135154
-1.011411
-0.8662155
-0.9403715
-0.8097727
-0.9014063
-0.9972241
-0.8599942
-1.025769
-0.928852
-0.8312082
-0.8798545
-1.009131
-1.062484
-0.91011
-1.034801
-0.7794068
-0.9677238
-0.8047091
-0.7410075
-0.8544107
-0.7587559
-0.8750942
-0.8727503
-0.9032317
-1.011714
-0.9753483
-0.7149856
-0.9244256
-0.8433109
-0.7162291
-0.8532683
-0.8462486
-0.6916859
-0.9793161
-0.91543
-0.8533558
-0.8870009
-1.004597
-0.7198325
-0.8705045
-0.8740526
-0.9917712
-0.7736335
-0.7651625
-0.8634953
-0.7087555
-0.6164744
-0.8505728
-0.7585382
-0.8087828
-0.7730581
-0.8449373
-0.7129143
-0.9577647
-0.6606997
-0.7945159
-0.8212299
-0.7776825
-0.739723
-0.7577009
-0.9005073
-0.7353839
-0.8420974
-0.7486824
-0.793212
-0.7851561
-0.7980505
-0.7763669
-0.7599934
-0.6360634
-0.7530379
-0.7494552
-0.684525
-0.8692384
-0.7800508
-0.6927684
-0.8334178
-0.709742
-0.5919694
-0.7747992
-0.8255626
-0.7063288
-0.8199911
-0.7887735
-0.8241561
-0.6990369
-0.660026
-0.7282942
-0.8276167
-0.5810941
-0.7857229
-0.6117774
-0.6620589
-0.7892089
-0.6581019
-0.855862
-0.763481
-0.6191744
-0.7406068
-0.6018132
-0.7917376
-0.8199294
-0.6677703
-0.8324713
-0.7833712
-0.6025326
-0.6077246
-0.6291849
-0.6121406
-0.7428007
-0.621572
-0.6519685
-0.8005143
-0.5916242
-0.7435502
-0.6666041
-0.6621156
-0.6494096
-0.7428576
-0.7007891
-0.5430043
-0.6716337
-0.6579724
-0.6918421
-0.6597498
-0.6119802
-0.6678576
-0.6800036
-0.6738439
-0.7473678
-0.7200168
-0.6484846
-0.7021959
-0.6313357
-0.6168337
-0.7581981
-0.6838678
-0.5775045
-0.6565787
-0.5513932
-0.5971882
-0.6527797
-0.6474395
-0.4434354
-0.5607656
-0.5577582
-0.6085635
-0.6220741
-0.5490744
-0.4852188
-0.6733808
-0.6507015
-0.6671043
-0.5717161
-0.5956123
-0.5147468
-0.7190803
-0.5532571
-0.6610645
-0.6257918
-0.5410106
-0.7371534
-0.5517593
-0.4623481
-0.5802238
-0.6233857
-0.5875408
-0.5992113
-0.5215312
-0.5795492
-0.5678332
-0.5740675
-0.5364291
-0.5234764
-0.4403798
-0.5476943
-0.618732
-0.6063507
-0.4594617
-0.3414866
-0.6167522
-0.523607
-0.6202658
-0.6181655
-0.2598236
-0.51808
-0.5756656
-0.6556526
-0.6699298
-0.4191387
-0.4024801
-0.4835099
-0.4677708
-0.4841031
-0.640226
-0.4788657
-0.6275008
-0.572768
-0.4624741
-0.4878154
-0.5024433
-0.4570998
-0.4488855
-0.5078186
-0.589845
-0.5068892
-0.4488048
-0.4708328
-0.5218071
-0.5065802
-0.4485542
-0.3140267
-0.6196267
-0.5051797
-0.3755122
-0.4654446
-0.5427679
-0.4433561
-0.6243176
-0.4475676
-0.4611361
-0.4138454
-0.3536969
-0.4276708
-0.4024773
-0.5181211
-0.461086
-0.3698476
-0.342541
-0.5758948
-0.5017265
-0.3935861
-0.3617619
-0.4434331
-0.4054153
-0.5418562
-0.3338431
-0.461635
-0.3394813
-0.4829363
-0.6364873
-0.2698941
-0.3127794
-0.2852892
-0.5581201
-0.3349836
-0.500562
-0.3248425
-0.3330401
-0.4123421
-0.3284475
-0.4841044
-0.3542228
-0.4779873
-0.3704448
-0.4564523
-0.4216654
-0.4659843
-0.6079878
-0.4431773
-0.3566716
-0.4223643
-0.3926113
-0.4608904
-0.3842079
-0.315923
-0.5096948
-0.2536088
-0.3560627
-0.1951739
-0.2739266
-0.3845209
-0.582671
-0.4010892
-0.3278901
-0.4376936
-0.3767048
-0.3501596
-0.3852443
-0.5399946
-0.2692831
-0.3004302
-0.3754712
-0.4312462
-0.3817824
-0.3527098
-0.3904686
-0.282157
-0.3162902
-0.3250199
-0.2596324
-0.2811728
-0.2795169
-0.3682517
-0.3286021
-0.3989361
-0.3039846
-0.2550617
-0.243136
-0.321917
-0.3448082
-0.4804577
-0.3589324
-0.3620433
-0.277038
-0.2477886
-0.1687972
-0.2790599
-0.1927618
-0.3544221
-0.1618413
-0.3524739
-0.5065992
-0.3176776
-0.2473518
-0.2420431
-0.3310987
-0.2198862
-0.3402356
-0.3330746
-0.349927
-0.2952161
-0.2461137
-0.1892796
-0.2517018
-0.3288428
-0.3566338
-0.3309629
-0.1490051
-0.3475831
-0.236661
-0.220354
-0.2639811
-0.2549898
-0.2498892
-0.2456153
-0.1979493
-0.3169515
-0.239638
-0.1173432
-0.2445448
-0.2453432
-0.2023861
-0.07605808
-0.2194277
-0.3484236
-0.2029506
-0.38588
-0.1032844
-0.05296028
-0.2080415
-0.1753701
-0.1997102
-0.1569394
-0.1050722
-0.2599831
-0.08024896
-0.1368338
-0.1965574
-0.03312347
-0.1753237
-0.2417239
-0.1066365
-0.1718476
-0.1177037
-0.132241
-0.2442262
-0.1264161
-0.1430127
-0.2305878
-0.2640367
-0.1939408
-0.1045494
-0.2208578
-0.2398377
-0.1219157
-0.1417348
-0.2154961
-0.20468
-0.2866705
-0.2424945
-0.2462328
-0.3019301
-0.09985875
-0.06442623
-0.2298663
-0.189201
-0.06559057
-0.09380949
-0.2862384
-0.1560959
-0.1883535
0.005630309
-0.1833418
-0.1151502
-0.01173698
-0.2063596
-0.1239486
-0.2444426
-0.1547059
0.0609725
0.09808857
0.03055845
-0.0598237
-0.1688504
-0.1029156
-0.02518857
-0.1540815
-0.1189131
-0.1794489
-0.05829442
-0.001969783
-0.1464964
-0.2617666
-0.06838352
-0.04189907
-0.0409054
-0.1137131
-0.1562362
-0.1008205
0.06009605
-0.06865633
-0.02045661
-0.1042295
-0.132264
0.03428389
0.009972093
-0.04261493
0.006932304
-0.1504906
0.1099651
-0.08818748
-0.1201246
-0.1834428
-0.1628146
0.02533238
0.1787813
-0.122876
-0.06777154
-0.09503824
-0.01526372
0.08359742
0.04354609
-0.007398666
-0.04922815
0.09604323
-0.000917271
0.01173535
-0.098243
-0.006667552
-0.07735087
-0.04950752
0.01105271
0.1490262
-0.007870413
-0.234245
0.09775637
-0.001474336
-0.05844915
-0.08265927
-0.007332908
0.159416
-0.09034516
-0.003840535
0.1782452
-0.02333195
0.07321292
0.146214
-0.120379
0.03898251
-0.0117139
0.0973063
0.06925699
0.07358241
0.05887543
-0.05460523
-0.02010473
-0.01911063
0.1367251
0.08556143
-0.003259986
-0.006082435
0.1395861
0.05772901
-0.03200231
0.07098817
0.03986211
0.0318548
0.144811
0.01589352
0.07103485
0.03209681
0.05835187
0.02105475
0.04798254
0.07052862
0.1841438
-0.02641657
0.2048099
0.03350192
0.1177811
0.258193
0.1364413
0.07984235
-0.09334971
0.245202
0.07665728
0.1277714
0.06757704
0.1375595
0.1340583
0.2173234
0.08926465
0.2004736
0.1781176
0.1609249
0.1805987
0.1074721
0.2394195
0.2600834
0.1875646
0.2549762
0.06247666
0.2078432
0.1535787
0.2467812
-0.0184309
0.1204367
0.1792386
0.1764458
0.06151053
0.09562461
0.1684521
0.1491492
0.1505896
0.1112406
0.1428311
0.1900093
0.2648521
0.1884433
0.1064877
0.2311778
0.1179289
0.1819649
0.2764062
0.125276
0.3267024
0.243254
0.1859156
0.04413594
0.1132227
0.1610302
0.08940682
0.2711135
0.07186165
0.1309094
0.2282569
0.1108894
0.2441332
0.2469578
0.2207328
0.1972584
0.2927673
0.2176761
0.2248833
0.3400787
-0.1344765
0.2344791
0.06465641
0.3009414
0.2935117
0.2638511
0.2852851
0.2888174
0.3535784
0.1739445
0.2833333
0.389737
0.2894001
0.110261
0.2172841
0.3040207
0.2808495
0.1269371
0.3041091
0.2218882
0.1675953
0.1723783
0.1499536
0.3273876
0.2933996
0.3009496
0.2385806
0.1789286
0.3010384
0.09607736
0.251798
0.3565917
0.2860572
0.4226922
0.2592866
0.2695219
0.4493431
0.3554463
0.3391573
0.2216516
0.3265184
0.3971167
0.4015036
0.2793577
0.4112899
0.3235942
0.4168279
0.4717319
0.1497486
0.3050058
0.3917769
0.2793184
0.1598602
0.5252554
0.1559083
0.3933103
0.291161
0.3106127
0.3378473
0.3697023
0.3804231
0.3216231
0.3321491
0.3535937
0.4454978
0.285271
0.2472184
0.2481048
0.4769995
0.3774286
0.3790865
0.3224863
0.4790717
0.2769691
0.3661162
0.2966339
0.4031326
0.4037342
0.4101393
0.3771104
0.3969263
0.4490129
0.3243645
0.1432309
0.4274949
0.3040268
0.3813417
0.3157946
0.3595564
0.5417487
0.3469285
0.452078
0.3509571
0.4176588
0.3844799
0.2667463
0.3125072
0.3342226
0.2638823
0.3318368
0.4969613
0.4200036
0.4514351
0.4555551
0.3705352
0.4983021
0.4312953
0.3562357
0.4235413
0.5966593
0.3282836
0.6584449
0.4815335
0.4564666
0.5250235
0.5312288
0.477229
0.4237877
0.3972758
0.3097816
0.527123
0.3465083
0.4647804
0.4220456
0.5509667
0.382693
0.4973713
0.6279911
0.4875211
0.4512102
0.5610274
0.5394863
0.5943752
0.5408969
0.5697089
0.5567964
0.4947252
0.2971458
0.5096557
0.3519751
0.536033
0.5398956
0.5944223
0.429601
0.4569555
0.5793691
0.7006757
0.4397638
0.4562223
0.5496035
0.5906562
0.6494868
0.5527758
0.7318232
0.5470106
0.4896783
0.5704277
0.5393335
0.4545487
0.4469965
0.6543821
0.528218
0.5676399
0.5161841
0.6019026
0.7375916
0.6308197
0.4770913
0.5112808
0.4744809
0.6261696
0.5590922
0.4939159
0.6000523
0.7393116
0.5919492
0.4471122
0.7444446
0.6017407
0.4933392
0.5359002
0.4538259
0.637948
0.6187816
0.6418339
0.6230979
0.6745567
0.6377986
0.407438
0.6071546
0.6523942
0.7708956
0.7035958
0.6999195
0.7168648
0.7282375
0.6182087
0.6347346
0.5809471
0.6753162
0.6543079
0.600579
0.6408894
0.6830539
0.454096
0.6265454
0.6179844
0.4900177
0.7006412
0.6569062
0.6672769
0.6339522
0.529328
0.5075191
0.6845077
0.6968674
0.8297422
0.5823631
0.6704918
0.5465083
0.571063
0.7473348
0.6999306
0.6598901
0.6673209
0.7216286
0.6702412
0.6063775
0.6137355
0.6615221
0.6647962
0.8127023
0.5445857
0.7953977
0.6497431
0.6145568
0.5928759
0.5105017
0.6400907
0.7903682
0.7688794
0.7639326
0.6012077
0.7614989
0.6952488
0.6624176
0.747421
0.6197758
0.5817443
0.8697518
0.711806
0.7348216
0.5710313
0.7604474
0.6398994
0.6775733
0.647124
0.8468368
0.8042633
0.7495501
0.8492885
0.7734696
0.7624299
0.7727287
0.9426835
0.6986206
0.7404968
0.6695369
0.6875952
0.7787017
0.7608488
0.6960435
0.7453911
0.7066089
0.712668
0.8324511
0.838511
0.6737629
0.92664
0.7839129
0.724064
0.5666041
0.7614941
0.7124198
0.7281774
0.8674519
0.709642
0.7123162
0.9295382
0.7851579
0.7064517
0.8908777
0.6795315
0.8807468
0.9460783
0.9205434
0.8478183
0.9051633
0.7768775
0.8526384
0.9189467
0.85417
0.9214083
0.8757966
0.8653287
0.8226044
0.8234572
0.8642178
0.9538052
0.9376245
0.7932213
0.7888323
0.8085276
0.8063141
0.8392817
0.824495
0.7053946
0.9019759
0.8174953
0.9351632
0.9878333
0.970968
0.9764172
0.8541389
0.8856243
0.8330941
0.8399218
0.8044365
1.036628
0.8923111
0.9114646
1.056925
0.9737208
0.8351371
0.8855705
1.052895
0.9310321
0.9741052
0.9100397
0.6941309
0.9035464
0.8641771
0.9407134
1.002127
0.9883047
1.059664
1.072382
0.9605123
0.9566403
0.9457486
0.8455919
0.8603629
1.027723
1.007217
0.8813478
0.8574223
0.9352355
0.9668788
0.8754857
1.017224
1.047347
0.9265099
1.094408
1.122594
0.8925855
0.8931123
1.040551
1.05975
0.8860095
0.8658583
0.9454683
0.8323617
1.000176
0.996658
0.9517545
0.8625774
1.084889
0.898962
0.9160521
1.139114
1.048114
1.031436
1.170456
0.8535529
0.9396277
0.9525691
0.9717758