0.1348738
-0.9680491
-1.004899
-0.7606118
-0.9125973
-1.080981
-0.9732603
-0.8610946
-1.06642
-0.9917124
-1.044148
-1.077652
-1.001609
-1.002464
-0.8471352
-1.030581
-0.8301197
-0.926165
-0.9700891
-0.9997121
-0.8558409
-0.9257888
-1.015087
-0.8609314
-1.095382
-0.9057702
-0.7893208
-1.032191
-0.9001234
-0.8487077
-0.9141283
-0.892506
-0.981116
-0.8818125
-0.8057954
-1.177252
-0.9970859
-0.9410004
-0.9244653
-0.8949336
-1.062639
-0.8433556
-0.7512251
-1.000104
-0.9166384
-0.8338064
-0.8709882
-0.898551
-0.925302
-0.7457037
-0.7965599
-0.9535757
-0.8288951
-0.8689428
-0.8775146
-0.7558156
-0.9239801
-0.8358745
-0.9530409
-0.8047311
-0.8944147
-0.9247574
-0.8022927
-0.8310725
-0.9182595
-1.088456
-1.016644
-0.7556433
-0.7762838
-0.8040224
-0.8460537
-0.7197175
-0.906661
-0.7846916
-0.907644
-0.838595
-0.8304464
-0.8968109
-0.9014297
-0.7896579
-0.7216124
-0.9147541
-0.8111306
-0.864997
-0.8123391
-0.8395264
-0.9024307
-0.808558
-0.7870289
-0.7546537
-0.8729414
-0.8543877
-0.8299878
-0.7896666
-0.8239945
-0.968941
-0.6710716
-0.6776347
-0.8881322
-0.66486
-0.7246126
-0.8737716
-0.9047484
-0.8248628
-0.8452402
-0.7185395
-0.7695142
-0.697639
-0.7697482
-0.8761967
-0.8424803
-0.7954301
-0.6768701
-0.7640904
-0.8076506
-0.6706903
-0.736131
-0.7487839
-0.8711138
-0.6568722
-0.8414238
-0.7507268
-0.7594841
-0.7338593
-0.7173332
-0.84025
-0.6975763
-0.6782824
-0.7857462
-0.73926
-0.7218346
-0.7515461
-0.8290693
-0.7856589
-0.7087918
-0.571948
-0.8088948
-0.7326142
-0.6575903
-0.8321044
-0.7633897
-0.709206
-0.8344097
-0.7270221
-0.6608132
-0.7610198
-0.8167848
-0.6259375
-0.7299295
-0.6592338
-0.700682
-0.5852217
-0.6360232
-0.7617195
-0.5892435
-0.7347735
-0.6568987
-0.6499524
-0.811645
-0.7052269
-0.6531726
-0.7402709
-0.6450744
-0.7718805
-0.6776237
-0.6910001
-0.6919566
-0.7246656
-0.655689
-0.6674809
-0.7489844
-0.5554661
-0.7016964
-0.6571186
-0.5537146
-0.6163525
-0.5280717
-0.6769926
-0.5893658
-0.7888879
-0.5540288
-0.6009551
-0.5536985
-0.6525233
-0.5403641
-0.5170055
-0.7760599
-0.6356085
-0.5353531
-0.5249327
-0.7082137
-0.5683276
-0.6126726
-0.6817719
-0.6638937
-0.7715558
-0.629359
-0.6082219
-0.6042787
-0.6705019
-0.6820455
-0.4494973
-0.6590548
-0.6231165
-0.6394309
-0.6182726
-0.5340439
-0.7495426
-0.5918924
-0.638488
-0.596594
-0.5715614
-0.6828478
-0.5973252
-0.6882794
-0.5808075
-0.6320861
-0.4906021
-0.5161353
-0.5178031
-0.5866629
-0.5460355
-0.7083042
-0.605194
-0.5087146
-0.5664411
-0.6415209
-0.6503125
-0.5140966
-0.4344191
-0.6462372
-0.4118877
-0.3523933
-0.332235
-0.4463826
-0.705475
-0.6563475
-0.3596815
-0.4374059
-0.505682
-0.5490867
-0.5033548
-0.6304268
-0.7027846
-0.5215106
-0.5370501
-0.4646727
-0.3912316
-0.4349447
-0.5841223
-0.5322014
-0.3397838
-0.5877031
-0.4250717
-0.3645098
-0.5268145
-0.6296429
-0.3794912
-0.4261679
-0.3903762
-0.486327
-0.4559693
-0.3669029
-0.4314022
-0.62002
-0.5193924
-0.4498655
-0.5591808
-0.2388702
-0.5688303
-0.4699651
-0.5025583
-0.337817
-0.2689009
-0.3309827
-0.4343507
-0.4618155
-0.3981094
-0.3015368
-0.564694
-0.3916206
-0.4245176
-0.4114655
-0.4979534
-0.2392949
-0.3711728
-0.2480585
-0.4852944
-0.4408517
-0.5629207
-0.3592095
-0.4416779
-0.357514
-0.2656715
-0.3260272
-0.4062173
-0.4285061
-0.5018752
-0.3505768
-0.3815372
-0.4365397
-0.4875813
-0.3770168
-0.3920971
-0.4649385
-0.4643839
-0.2522078
-0.4328265
-0.4111556
-0.3125686
-0.3742969
-0.3737374
-0.3272731
-0.2564606
-0.2689058
-0.09619141
-0.4639838
-0.3588983
-0.3479795
-0.4369901
-0.4767829
-0.4250175
-0.3921316
-0.1813707
-0.1905411
-0.2648804
-0.423804
-0.4769038
-0.4824203
-0.349662
-0.376195
-0.238689
-0.4343283
-0.2609196
-0.3880066
-0.2970997
-0.4390542
-0.3016313
-0.2017712
-0.2556962
-0.0976308
-0.1789379
-0.2030321
-0.3548462
-0.4996912
-0.2501032
-0.3102479
-0.3272626
-0.2235735
-0.4111131
-0.2613667
-0.2500779
-0.1293102
-0.06939501
-0.3074287
-0.408836
-0.2862106
-0.1355378
-0.3230445
-0.3825149
-0.4643866
-0.227914
-0.3347798
-0.3219076
-0.2876214
-0.4285453
-0.3460987
-0.3055917
-0.1727316
-0.2030025
-0.4375613
-0.3189267
-0.05040699
-0.2217676
-0.2303795
-0.2075875
-0.2947137
-0.2906439
-0.3053019
-0.2790942
-0.243548
-0.2311977
-0.3313233
-0.2149697
-0.2865957
-0.2089029
-0.1285592
-0.1970425
-0.05285594
-0.2865952
-0.2819505
-0.1737252
-0.1157691
-0.1878537
-0.1961433
-0.1052381
-0.2570013
-0.268028
-0.1644862
-0.1360733
-0.2408806
-0.2503441
-0.2732665
-0.2502632
-0.1789335
-0.2194907
-0.2599753
-0.2104716
-0.3144223
-0.06257879
-0.2656163
-0.196928
-0.180649
-0.1728853
-0.1199486
-0.1645044
-0.1018012
0.01057503
-0.1990127
-0.1699863
-0.159122
-0.125718
-0.1633909
0.00757666
-0.2463682
-0.2118604
-0.1787435
-0.08548191
-0.1617365
-0.1837971
-0.1673589
-0.07604229
0.01422959
-0.2312941
-0.2029342
-0.1683284
-0.2802853
-0.05762633
-0.1226216
-0.2710008
-0.1144398
-0.06058517
-0.1076849
-0.01132166
-0.03308258
-0.1424051
-0.01296648
-0.1307007
0.02100054
-0.06569642
0.0312904
-0.1382756
-0.1728356
-0.1272259
0.06298291
-0.004820518
-0.1145351
-0.05531517
-0.1685292
-0.01849159
0.02281277
-0.06365884
-0.0008306431
-0.07565592
0.0424092
-0.09110368
-0.1265416
0.07877051
-0.139966
-0.1084551
-0.1277415
-0.1538102
0.0609299
0.003625239
0.04298931
-0.133992
-0.003255408
-0.09829931
0.0009891216
-0.1522829
-0.119231
-0.09926001
-0.04847618
-0.09062166
0.04652249
-0.06452192
-0.07003149
-0.01880615
-0.06378692
-0.03788099
0.004071092
-0.1424121
-0.03726172
0.1142032
0.003455069
-0.05685549
-0.06784671
0.1069173
-0.009472432
0.1415765
-0.2199832
-0.211042
-0.06087122
-0.03440613
0.07129532
0.01066353
-0.07067779
-0.06773719
-0.1105905
0.0453467
-0.1350843
0.0077306
0.008703689
0.1462122
0.0729557
-0.08388802
-0.01464505
0.1322892
-0.1543191
0.01415049
0.04681798
0.04397102
0.1211006
-0.1147918
0.09654218
-0.06941806
0.002160161
-0.000720659
-0.005813
-0.1338901
0.1150942
0.03656858
-0.06519441
-0.09743322
0.2846586
-0.02346244
0.01639837
0.02735962
0.1215085
0.2325856
0.004149228
0.03364434
-0.03675785
0.02965859
-0.06033983
0.1387467
0.06987773
0.1154783
0.1084242
0.1294048
0.1605354
0.2215145
0.2217175
-0.1107877
0.2149918
0.1796281
0.3407642
0.1916418
0.402194
0.1818175
0.1132902
0.06793886
0.263099
0.1724976
0.1189423
0.1880782
0.05539082
-0.003637976
0.06009167
0.1606624
0.1212961
0.1093203
0.1223487
0.130308
0.1098576
0.1952391
0.254279
0.1962048
0.1617989
0.06034962
0.1223459
0.0226164
0.07873849
0.1958608
0.1198975
0.07274441
0.1337975
0.1437334
-0.01371587
0.1540429
0.2507944
0.2179332
0.1862823
0.2625207
0.2878813
0.2369361
0.229569
0.1638923
0.2229284
0.1250578
0.04915112
0.2624913
0.1314143
0.3101092
0.1635441
0.1578744
0.3158823
0.2317103
0.2186665
0.3240861
0.3254629
0.1502945
0.2703826
0.1259164
0.07823185
0.2349024
0.2922944
0.1175958
0.1189663
0.1523097
0.2166049
0.1659792
0.1202211
0.1658426
0.3281354
0.06951464
0.3424165
0.279243
0.2205157
0.3204099
0.205803
0.142406
0.2859117
0.1969453
0.1290927
0.1843205
0.141614
0.3567678
0.3550021
0.2180021
0.3561586
0.3834602
0.3453619
0.4437898
0.3139002
0.230897
0.3659684
0.3357233
0.1774041
0.2549352
0.3317649
0.3164782
0.2989283
0.2744688
0.3723047
0.2601214
0.2673257
0.3435782
0.2628449
0.259415
0.3110103
0.2160989
0.4380815
0.3800277
0.3390627
0.4858156
0.2600515
0.4160172
0.1903819
0.3713396
0.3761732
0.3036503
0.3970772
0.3743075
0.2131962
0.320998
0.3178264
0.380336
0.3902171
0.3024323
0.3420974
0.3811346
0.3055245
0.4535938
0.5463837
0.4579475
0.1590601
0.3465846
0.4071963
0.5158405
0.2659134
0.4659545
0.2310222
0.4697036
0.2745
0.2941525
0.482067
0.4148364
0.5412418
0.380915
0.4229153
0.3848701
0.4035758
0.5100895
0.355502
0.4530119
0.4256375
0.4174763
0.4999537
0.4628322
0.4538441
0.4198104
0.4616077
0.4013457
0.5258586
0.3944328
0.3524319
0.4066042
0.3847919
0.486074
0.4474067
0.4841685
0.3865567
0.3910801
0.5007012
0.4614065
0.42964
0.5325594
0.5296382
0.5585428
0.4860817
0.5012198
0.5604788
0.5374528
0.6609233
0.5744811
0.5069184
0.4318835
0.5837353
0.5258144
0.559852
0.5727485
0.483686
0.337884
0.3661097
0.4175187
0.4912207
0.5501699
0.5194307
0.4766527
0.4970344
0.5247247
0.5173664
0.4712793
0.5300522
0.4923586
0.3799745
0.4823008
0.5246416
0.4906652
0.5898335
0.5010202
0.5623631
0.6362202
0.5378557
0.5500043
0.3644255
0.5761882
0.5246544
0.589306
0.5526208
0.402351
0.5833744
0.5624365
0.6086947
0.5672044
0.3713425
0.5660045
0.5524204
0.5656682
0.6770479
0.5997692
0.626853
0.6436988
0.6632476
0.5114811
0.7202252
0.5332097
0.5754652
0.4666893
0.7328798
0.5415598
0.5929923
0.5580583
0.5028197
0.548133
0.6473151
0.7150993
0.6710492
0.6487634
0.4781778
0.3613776
0.5996554
0.5490874
0.5689774
0.664136
0.5980686
0.7137807
0.4901685
0.5158566
0.6879924
0.6640489
0.6279409
0.5419568
0.49917
0.4681536
0.7159222
0.808965
0.6252902
0.6645555
0.7286723
0.6736884
0.5993617
0.6735652
0.6123366
0.7093152
0.7322574
0.6531044
0.6507485
0.6069243
0.4426523
0.672859
0.6762697
0.6819898
0.7285103
0.6521099
0.6080328
0.7008319
0.5755332
0.8447941
0.5426363
0.7295837
0.7846581
0.7093676
0.789805
0.6398611
0.5725029
0.8468746
0.6900493
0.6873966
0.6155181
0.6599356
0.94964
0.6136207
0.5943009
0.7662993
0.6756143
0.7874357
0.7147975
0.7838743
0.6967987
0.679473
0.7542248
0.7741306
0.6005156
0.8683689
0.7523783
0.6489538
0.6291691
0.7582975
0.6300751
0.8292175
0.6521043
0.6846933
0.8621465
0.7646577
0.8998676
0.8597391
0.7604361
0.666147
0.7382697
0.7275818
0.7614209
0.7267762
0.6881139
0.7011293
0.914494
0.7288979
0.6475233
0.6649536
0.8169734
0.8367568
0.8305506
0.8150104
0.728135
0.7586308
0.7737418
0.8583113
0.7970011
0.7786802
0.8636465
0.8496269
0.9894692
0.6490585
0.7707227
0.7154695
0.7646691
0.8254452
0.827025
0.8082156
0.7810281
0.9499264
0.8241606
0.7830123
0.7760834
0.7743468
0.8058894
0.7893496
0.8696905
0.8468894
0.9940393
0.8357321
1.025761
0.756121
0.7603231
0.610738
0.7079609
0.8888928
0.7853822
0.8785138
0.7583268
0.8463571
0.9067226
0.9295499
0.8285291
0.8514839
1.127386
0.6962371
0.8900456
0.9543208
0.8972343
0.871354
0.8819681
0.9483575
0.8413795
0.9675162
0.7971418
0.8459692
0.8590108
0.9260572
0.9776688
0.8705361
0.7646954
0.9249105
0.8992839
0.9083813
0.8442366
0.9732203
0.9930099
0.9746342
0.9522822
0.7673511
0.9151544
0.9263381
1.006084
0.9455093
0.9481376
0.8599301
0.9630313
0.9340392
0.8243225
0.9076299
0.8173453
0.9596771
0.7968175
0.9274869
1.063995
1.007963
1.001546
0.9391281
0.9085133
1.046374
1.036917
1.11035
0.9731582
1.013025
0.9139694
0.8906847
0.8905274
1.067022
0.9130114
0.8218696
0.9411449
0.879997
1.053748
0.9628262
0.9669635
0.9731448
0.9503829
0.9156947
1.010588