0.05400568
-0.9583598
-1.06097
-0.9659393
-1.059536
-0.9339529
-0.9764594
-1.012718
-1.127883
-0.9911841
-0.9473085
-0.9514628
-0.996799
-0.9591485
-0.9534163
-0.9575557
-0.9237685
-0.8616166
-1.007233
-0.9582147
-1.010702
-0.9505035
-0.8417418
-0.9090896
-1.098326
-0.8697532
-0.8938252
-0.9772069
-1.022167
-0.94228
-0.9135011
-0.8980055
-0.8897503
-0.9979953
-0.872683
-0.9069342
-0.9005856
-0.8267949
-0.9246347
-0.9058747
-0.6851169
-0.7582945
-0.8569953
-0.8966715
-0.9951443
-0.7981281
-0.9552961
-0.9230567
-0.9411682
-0.9212103
-0.8319367
-1.021376
-1.015156
-0.6999583
-0.7677616
-0.7862216
-0.8716692
-0.9910634
-0.8708769
-0.8354904
-0.7245593
-0.8489811
-0.9515889
-0.9438035
-0.8715801
-0.8359736
-0.9447472
-0.845059
-0.8469971
-0.8131925
-0.7920438
-0.635784
-0.7516662
-1.015411
-0.9895559
-0.857997
-0.7960934
-1.033874
-0.7198967
-0.8582504
-0.8333108
-0.8348831
-0.9040133
-0.8492517
-0.8241415
-0.7985792
-0.6536352
-0.8875147
-0.8027964
-0.9217518
-0.8370177
-0.8193596
-0.7328581
-0.8849088
-0.7404013
-0.718692
-0.698339
-0.8566059
-0.7314361
-0.8323835
-0.8228897
-0.765193
-0.7827332
-0.9125018
-0.8950769
-0.924627
-0.7241561
-0.734861
-0.8993251
-0.7014518
-0.8734594
-0.7834507
-0.7907187
-0.7061629
-0.6796072
-0.7759841
-0.6859178
-0.7026192
-0.8621521
-0.7553317
-0.8241789
-0.7336865
-0.8663484
-0.8134265
-0.7206616
-0.6145883
-0.7166689
-0.9439985
-0.7189747
-0.7206394
-0.6996759
-0.5609631
-0.7600139
-0.8251719
-0.7471753
-0.7729066
-0.7218124
-0.5123018
-0.5387626
-0.6917068
-0.7556197
-0.6706685
-0.7645685
-0.7962999
-0.7941269
-0.7290613
-0.6060121
-0.6853815
-0.6663421
-0.6613645
-0.6779907
-0.7009134
-0.7218457
-0.6521734
-0.7125432
-0.625534
-0.761993
-0.6392542
-0.6089987
-0.5919157
-0.6386979
-0.5793638
-0.5648482
-0.5939223
-0.6801004
-0.6458454
-0.6277972
-0.658424
-0.817142
-0.5786552
-0.6454429
-0.6079263
-0.6753168
-0.6892369
-0.5923063
-0.7673907
-0.6685354
-0.743952
-0.6541984
-0.8046891
-0.4904433
-0.6704559
-0.5914262
-0.7075746
-0.5791557
-0.5870007
-0.5267278
-0.6567282
-0.6778236
-0.5788125
-0.6764764
-0.5845398
-0.6463438
-0.6838065
-0.6656555
-0.5173476
-0.5848773
-0.5277334
-0.4901123
-0.5040156
-0.6382855
-0.5380389
-0.664175
-0.5286546
-0.6343072
-0.7299021
-0.6211025
-0.798494
-0.4907925
-0.4781763
-0.529938
-0.565286
-0.557411
-0.5133844
-0.6483636
-0.6164048
-0.545363
-0.5623652
-0.5694076
-0.6667618
-0.3806204
-0.5372259
-0.5779467
-0.5326328
-0.6026779
-0.5090372
-0.5490518
-0.7257694
-0.4990098
-0.496627
-0.5420007
-0.5530258
-0.5079527
-0.457401
-0.6803264
-0.5030403
-0.7195498
-0.4724511
-0.5378466
-0.6537344
-0.6411847
-0.5221889
-0.5169326
-0.4949725
-0.587253
-0.610652
-0.4620336
-0.4705971
-0.5428324
-0.3972106
-0.4215846
-0.528127
-0.6649118
-0.4789589
-0.4973523
-0.4741553
-0.4613814
-0.6683864
-0.5168096
-0.4633496
-0.4441854
-0.5069824
-0.6024961
-0.5147142
-0.2677464
-0.4374804
-0.4209484
-0.480133
-0.4924913
-0.3946218
-0.3777691
-0.2946822
-0.4233176
-0.6407636
-0.5862292
-0.416149
-0.4444916
-0.5146838
-0.3761103
-0.3770697
-0.5319267
-0.4007436
-0.5270472
-0.3482759
-0.5099105
-0.6037053
-0.3197955
-0.4453451
-0.3222294
-0.437728
-0.2721182
-0.4404527
-0.5599124
-0.3689779
-0.3474752
-0.4283962
-0.424666
-0.5166159
-0.348187
-0.3749795
-0.4013881
-0.4774947
-0.4204209
-0.4684332
-0.4273124
-0.4330945
-0.3363269
-0.5011938
-0.4729004
-0.4169579
-0.2901321
-0.5026788
-0.3928377
-0.4646229
-0.4278616
-0.3348792
-0.435693
-0.5200914
-0.2177257
-0.3559627
-0.2888928
-0.2996017
-0.4233838
-0.3851579
-0.3392409
-0.4962592
-0.5091595
-0.1979657
-0.2613892
-0.2784372
-0.2816349
-0.3481532
-0.3485703
-0.3134659
-0.1677649
-0.397183
-0.4915685
-0.2203786
-0.318709
-0.3174635
-0.3018103
-0.3868441
-0.3811509
-0.4224742
-0.3156206
-0.2869279
-0.3029602
-0.2198387
-0.2260461
-0.3451068
-0.3339496
-0.3400311
-0.3543173
-0.247302
-0.2326393
-0.2478508
-0.2247571
-0.2688113
-0.3307713
-0.2817719
-0.2766279
-0.2262173
-0.27124
-0.3898979
-0.288217
-0.1742905
-0.2652777
-0.3202337
-0.241476
-0.4285828
-0.1766476
-0.2534118
-0.2258915
-0.3618277
-0.3973657
-0.248076
-0.2594751
-0.2520995
-0.2987722
-0.2313164
-0.08180005
-0.126816
-0.4435774
-0.2783101
-0.3593183
-0.2609577
-0.1530204
-0.1956629
-0.2615582
-0.231174
-0.2116207
-0.1416381
-0.1679027
-0.2016281
-0.3835735
-0.3696826
-0.3290228
-0.3092239
-0.1964974
-0.2454854
-0.09562523
-0.05743421
-0.260789
-0.3399255
-0.1376974
-0.1689732
-0.133426
-0.1605373
-0.181858
-0.08481903
-0.1559511
-0.09172231
-0.1440076
-0.1500413
-0.1759416
-0.1419972
-0.1916241
-0.1229462
-0.02560648
-0.2159161
-0.1401968
-0.309696
-0.2253941
-0.1534217
-0.1703215
-0.03124915
-0.1266997
-0.1682869
-0.03833027
-0.05077947
-0.1094224
-0.06873719
-0.1979146
-0.04369443
-0.1033028
0.009820343
-0.1303662
-0.1074858
-0.1583113
-0.08489039
-0.1049826
-0.1710741
-0.2942729
-0.1684185
-0.2048235
-0.1973532
-0.2219401
-0.2275229
-0.06696229
-0.01736974
0.007878972
-0.1367178
-0.2025575
-0.0707564
-0.08426542
0.007186954
0.03361873
-0.130203
-0.01004384
-0.07845671
-0.09104936
-0.1192124
-0.1688776
-0.03361064
-0.03187729
-0.1265728
-0.1658884
0.02759998
-0.148314
-0.06630902
-0.04716214
-0.07895422
0.05287426
-0.1147257
0.03292095
-0.05884128
-0.16889
-0.07896397
-0.06425433
-0.006936867
-0.08762011
0.06611215
-0.03348273
-0.09651952
-0.03525314
-0.1423471
0.05595882
-0.02016414
0.1500129
-0.1093878
-0.07416072
-0.03605786
0.0581628
-0.0448019
0.02028859
0.08276545
-0.1145342
-0.08747426
0.04314259
-0.0008586943
-0.0807604
-0.1688478
0.08289916
-0.01020179
-0.08012153
0.07536458
-0.01432326
0.2137109
0.159911
-0.119919
0.04690282
-0.0963739
0.1054588
-0.015775
0.08641737
0.09452258
0.08243355
0.2041692
0.135655
-0.05710313
0.00858817
-0.0804616
-0.01960156
0.1064537
0.2030087
0.07870405
-0.0762685
-0.05820488
0.1766682
0.06663371
0.1369056
0.02082736
-0.03236512
0.202086
0.07152379
0.1527382
0.002563322
-0.04142772
-0.008132393
0.2508773
-0.1156708
0.05017462
0.1289094
0.0350369
0.1408411
-0.01011237
0.2209628
0.04758986
0.1060142
0.1354749
0.01732811
0.1251534
0.04427432
0.006349978
0.1440743
0.2001566
0.1102504
0.09521645
0.1529883
0.2536445
0.1980391
0.1390489
0.07205008
0.1693412
-0.007125475
0.1576962
0.08221694
-0.05838392
0.08721479
0.2159986
0.07844747
0.1443746
0.08277005
0.09715892
0.1650521
0.1308123
0.07601633
0.01344971
0.1312301
0.1603935
0.1661665
0.3168636
0.247323
0.1553306
0.2507304
0.203659
0.1156966
0.1681541
0.1117985
0.1274873
0.2516761
0.1443375
0.2511121
0.1309083
0.1957986
0.2129216
0.03251575
0.2410546
0.2428443
0.334059
0.2760993
0.3362855
0.07906798
0.3020109
0.1631617
0.3120022
0.08896859
0.3136248
0.1862901
0.3167527
0.2968841
0.194034
0.2363669
0.2627782
0.3327999
0.3153893
0.3413344
0.1910842
0.2987532
0.2462326
-0.01485842
0.208245
0.1843425
0.1939776
0.2597959
0.3250206
0.2632094
0.3550767
0.2427612
0.3662402
0.2654311
0.1928845
0.08719902
0.3510902
0.1602742
0.4206816
0.2956337
0.2041526
0.3334434
0.2250632
0.3058684
0.381967
0.3418836
0.3346148
0.385554
0.3899866
0.2014291
0.131125
0.2872636
0.1204594
0.2356521
0.2856167
0.3547528
0.2731492
0.3072283
0.2688975
0.2206514
0.3123036
0.2708305
0.2569949
0.4346752
0.15716
0.3273203
0.3234242
0.3158305
0.3631445
0.1985353
0.3552888
0.2396158
0.3275287
0.2688556
0.3370204
0.2438101
0.3263805
0.2756578
0.4322375
0.488751
0.3423752
0.4137118
0.3861915
0.5152558
0.2267397
0.2997034
0.3265251
0.3833355
0.3612119
0.3447014
0.3941985
0.264099
0.350349
0.4086958
0.4101193
0.3733409
0.594186
0.3805756
0.3501997
0.3787805
0.4440678
0.3963563
0.5145022
0.3901789
0.4937252
0.2906116
0.3903826
0.4413897
0.350574
0.4085854
0.2905931
0.3235513
0.3368097
0.4094456
0.4366279
0.5794638
0.5045221
0.5363365
0.3058173
0.3758707
0.4938235
0.3932948
0.4035546
0.5019577
0.5192032
0.441776
0.5734833
0.3551061
0.4640421
0.4414419
0.3107228
0.5147938
0.38419
0.5909077
0.5809072
0.3355154
0.2699707
0.5203464
0.5048071
0.3733064
0.5297253
0.6059306
0.4817637
0.4071711
0.5440324
0.5598316
0.3752042
0.4892678
0.574896
0.3585918
0.5487744
0.6679907
0.4497013
0.4768674
0.5299422
0.6678094
0.4691164
0.3059199
0.611927
0.6000597
0.6215652
0.5114215
0.7540036
0.5235301
0.4983725
0.5646483
0.5804659
0.4810706
0.5289562
0.3933576
0.4823576
0.5796247
0.6016683
0.5247109
0.564488
0.5366805
0.6458474
0.6045843
0.6230901
0.5912576
0.5043462
0.5762128
0.5613592
0.4409297
0.4990818
0.4174897
0.4651865
0.7237431
0.5803392
0.5241519
0.6148509
0.6397644
0.657607
0.5873076
0.553123
0.6708412
0.5327517
0.4767995
0.7014955
0.4835612
0.5272139
0.4613611
0.6184132
0.5762162
0.6231402
0.5151103
0.6232353
0.7088724
0.6730123
0.6238997
0.6384737
0.5298386
0.720213
0.664124
0.5522013
0.6391006
0.5509507
0.7608857
0.608593
0.6676023
0.7398011
0.6997842
0.6269285
0.6931163
0.5645231
0.5295596
0.6491256
0.741253
0.7367154
0.6558521
0.7212541
0.5990369
0.6559803
0.6647214
0.5645846
0.6639308
0.5239882
0.7162682
0.7361286
0.7727863
0.7528092
0.8043094
0.7354229
0.5583371
0.7729799
0.6485687
0.7365567
0.754627
0.7300223
0.6557068
0.5671368
0.5092594
0.6905342
0.7279962
0.7642173
0.7452829
0.7792499
0.6718164
0.6763444
0.7829251
0.6911549
0.6266431
0.6991495
0.7993306
0.773919
0.6213751
0.7845336
0.7236654
0.6558072
0.6720213
0.839343
0.712877
0.8049323
0.902754
0.6706479
0.7022418
0.7671299
0.728477
0.5819816
0.8705777
0.710049
0.689812
0.7333056
0.9549577
0.7671603
0.7238107
0.8258394
0.7844808
0.7194352
0.8811882
0.8058674
0.7597935
0.6164479
0.6433499
0.8086184
0.8083534
0.882465
0.8000666
0.7931262
0.8354517
0.9201419
0.8071347
0.7089276
0.9116759
0.7895001
0.7061129
0.8705646
0.6487098
0.8242948
0.7485189
0.770068
0.7812218
0.7818233
0.8052909
0.8697019
0.7746361
0.7879695
0.8754529
0.7397274
0.831347
0.7857717
0.8989837
0.900051
1.026775
0.9579974
0.8206748
0.8802839
0.8658966
0.8925468
0.8053326
0.9434806
0.9698189
0.8471543
0.9328212
0.7463997
0.7763792
0.6928335
0.8858115
0.7314888
0.9649622
0.9538947
0.877505
0.8898988
0.9987134
0.8523748
0.8410663
1.007936
0.8610431
1.023499
1.009282
0.7629992
0.9342421
1.001289
0.8398312
0.8426329
0.7705912
0.873637
1.007333
0.7930615
0.8715305
0.8506054
0.7027241
0.9120444
0.9520474
0.8869497
1.105052
1.030753
0.9553655
0.9885377
0.8762802
1.017812
0.9811189
0.8769118
0.9787448
0.9951651
0.9718562
0.9666805
0.8063171
0.9983942
0.8236987
1.034039
0.9112983
1.007897
0.8583823
0.94213
0.9774643
0.8860547
0.9059657
1.076308
1.005022
1.044031
1.006656
1.032651
0.910412
1.05329
0.9375192
1.061015
0.9954723
0.9030872
1.016075
1.088006
0.9419515
0.9098244
0.8532495