-0.03097418
-0.9612255
-0.9353373
-0.9693279
-1.062264
-0.9304306
-0.8498493
-0.9781232
-0.8668235
-1.00777
-1.110045
-1.09213
-1.091781
-0.9440153
-0.8991832
-1.006471
-0.9682774
-0.9582477
-1.020241
-0.9321168
-1.107353
-1.129879
-0.9640664
-1.09786
-0.9494528
-0.7914662
-0.9472872
-1.089784
-0.9027279
-0.9660883
-1.045369
-0.8949616
-0.8589401
-0.9890113
-0.9523436
-1.081732
-0.9942468
-1.087508
-0.8737766
-0.8885093
-0.7231558
-0.8412145
-0.9479269
-0.9475529
-1.015082
-0.8836277
-0.9800611
-0.9752261
-1.028684
-0.8683066
-0.9237656
-0.8314619
-0.9445709
-0.8833315
-0.9331991
-0.9501832
-1.02035
-0.953322
-0.7990138
-0.8395187
-0.8394044
-0.9147354
-0.9706052
-0.8349863
-0.7882518
-0.8696604
-0.8643531
-0.9596991
-0.9180363
-0.8648354
-0.8033027
-0.8097732
-0.7983311
-0.8949582
-0.7253349
-0.7964364
-0.8720043
-0.8308046
-0.794836
-0.9030918
-0.8842018
-0.7513374
-0.7603128
-0.7827997
-0.7286547
-0.9527472
-0.819935
-0.8190665
-0.8900326
-0.6677737
-0.6849349
-0.9536174
-0.7839516
-0.8618606
-0.931698
-0.6896903
-0.6955531
-0.9125259
-0.7297236
-0.7576649
-0.7422762
-0.9353513
-0.769593
-0.8614639
-0.7495769
-0.8520597
-0.8574236
-0.8820487
-0.8953094
-0.7386722
-0.7859704
-0.7407599
-0.7232194
-0.841047
-0.7005212
-0.8877655
-0.5644012
-0.9385351
-0.8907672
-0.7741952
-0.7396619
-0.830026
-0.7015397
-0.8717316
-0.7935146
-0.8700832
-0.7764875
-0.7157886
-0.7406317
-0.8886362
-0.8275237
-0.635033
-0.6303536
-0.8413487
-0.6245093
-0.853943
-0.7741895
-0.7876487
-0.609438
-0.703613
-0.7033787
-0.8705677
-0.712773
-0.5348697
-0.7236962
-0.7087462
-0.7555897
-0.7571171
-0.621305
-0.5933886
-0.7141949
-0.7379214
-0.6858502
-0.7260009
-0.6603213
-0.6426334
-0.670854
-0.8151824
-0.6345792
-0.6536318
-0.7617216
-0.5944322
-0.7616625
-0.6007639
-0.6534855
-0.666904
-0.6032598
-0.7541458
-0.6355629
-0.6790273
-0.6510551
-0.5337139
-0.4744877
-0.6242507
-0.7976726
-0.5017698
-0.6901332
-0.6921436
-0.5580885
-0.8202908
-0.7779352
-0.6060025
-0.7301035
-0.630791
-0.7304375
-0.6885822
-0.5856223
-0.7881785
-0.5991133
-0.654245
-0.7184963
-0.5685562
-0.4905561
-0.5377845
-0.5905107
-0.6683818
-0.6327872
-0.6894572
-0.7090284
-0.5760307
-0.6383331
-0.60435
-0.49873
-0.5450382
-0.6226848
-0.5162824
-0.6060675
-0.5023273
-0.628005
-0.473631
-0.5665686
-0.6522463
-0.6034184
-0.5265815
-0.654922
-0.5508829
-0.5991578
-0.4469471
-0.4735781
-0.7214821
-0.64947
-0.6519615
-0.6220281
-0.602375
-0.5316373
-0.4293521
-0.4264321
-0.7006278
-0.7028607
-0.5200443
-0.5906107
-0.4953605
-0.3703569
-0.6005548
-0.573021
-0.4074976
-0.4979761
-0.4058136
-0.4957956
-0.3743891
-0.6637036
-0.4933407
-0.5411093
-0.4428579
-0.4440578
-0.4754669
-0.3875367
-0.5129144
-0.6239008
-0.5411152
-0.5022838
-0.412968
-0.5011742
-0.3898286
-0.6802768
-0.5315446
-0.5496245
-0.4147235
-0.3590219
-0.4776639
-0.463584
-0.4966992
-0.3655615
-0.489149
-0.3179103
-0.5080508
-0.4622466
-0.4868481
-0.59221
-0.430852
-0.4398771
-0.4969017
-0.5122582
-0.5086699
-0.3808571
-0.369739
-0.4552082
-0.4947517
-0.3593099
-0.5637475
-0.3951948
-0.4930018
-0.3781773
-0.3982345
-0.4931517
-0.4323129
-0.4787719
-0.5191213
-0.3508519
-0.2840601
-0.3867871
-0.3347524
-0.5438417
-0.2958669
-0.4112025
-0.6264883
-0.3278937
-0.4917142
-0.4209597
-0.2995252
-0.4716257
-0.2821106
-0.2670164
-0.3609897
-0.4309153
-0.2647335
-0.3401726
-0.571675
-0.189984
-0.3354752
-0.2669073
-0.3099736
-0.4018852
-0.4754424
-0.3108659
-0.3479497
-0.3552498
-0.2763888
-0.436333
-0.305623
-0.3604642
-0.3282639
-0.3699472
-0.4742364
-0.3018206
-0.2647145
-0.3234868
-0.4544459
-0.3695319
-0.3534649
-0.4879592
-0.4254671
-0.275749
-0.354689
-0.2940643
-0.3414806
-0.3006228
-0.3383733
-0.311264
-0.4114589
-0.3305884
-0.2855813
-0.1943741
-0.3179606
-0.3743221
-0.3250317
-0.3883905
-0.2847451
-0.2572326
-0.4085439
-0.3746917
-0.2925537
-0.2405898
-0.2148107
-0.485844
-0.06236514
-0.05398125
-0.2418198
-0.2085134
-0.3089448
-0.3210817
-0.2627441
-0.320434
-0.3882759
-0.2575527
-0.2462066
-0.3472024
-0.35014
-0.190076
-0.2602012
-0.2298096
-0.2425781
-0.3343295
-0.2375887
-0.3699081
-0.2705808
-0.397367
-0.3993966
-0.2318329
-0.266141
-0.08726379
-0.3204027
-0.3022495
-0.3372425
-0.3510934
-0.2033514
-0.3061361
-0.3531815
-0.2421723
-0.2040387
-0.1910772
-0.2959012
-0.2680347
-0.2726869
-0.4079077
-0.2540888
-0.201049
-0.2104875
-0.1226606
-0.3746046
-0.1970494
-0.1045954
-0.1368649
-0.1518746
-0.1505756
-0.175669
-0.2021629
-0.2037799
-0.1098303
-0.2924501
-0.1796876
-0.1588629
-0.1980762
-0.1232196
-0.07937028
-0.09370247
-0.3115098
-0.3773312
-0.2041093
-0.228557
0.03402449
-0.2026329
-0.1679375
-0.1080706
-0.208155
-0.0534379
-0.2003012
-0.1557574
-0.1271913
-0.06737644
-0.08746504
-0.1021646
-0.04398364
-0.05509028
-0.1309367
-0.0966821
-0.2396189
-0.3494921
-0.1317635
-0.2370836
0.04508737
-0.09704076
-0.2139749
-0.1230648
-0.1598936
-0.17911
-0.2520053
-0.1513649
-0.05246423
-0.00646445
-0.1694808
-0.1412047
-0.08172614
-0.1666684
-0.1824902
-0.04173436
-0.1448917
-0.01961962
-0.08420082
-0.1199945
-0.1834401
-0.0195273
0.01077533
0.006611676
-0.01544468
-0.1146593
-0.06146895
0.02502313
-0.02035061
-0.1684041
-0.08857309
0.05126084
-0.1035919
-0.05166564
-0.08079382
-0.09167231
-0.05080477
0.006544802
-0.09396267
-0.03338179
-0.08523429
-0.09209064
0.02506745
0.1082397
0.01391297
0.0118029
-0.09213178
-0.0936521
0.05369285
-0.07094401
-0.06469464
0.01104106
-0.1642167
0.1701849
-0.02285717
-0.02932126
-0.004951687
-0.017219
0.09428708
-0.1156099
-0.044445
0.07297547
-0.02471801
0.0753936
-0.0329954
0.02604573
-0.02336913
-0.1452812
0.02160177
0.01877584
0.09120501
-0.08060042
-0.03211968
0.06664835
-0.0006533308
0.06848765
0.05121957
0.03323404
0.024118
-0.1096477
-0.02821991
0.1748069
0.02488479
-0.02069169
0.2697272
0.04746288
0.04053304
-0.007933181
0.1227901
-0.02610247
0.152491
0.1210248
0.08151045
0.1715311
0.06504892
-0.0244328
0.007662157
0.2130063
0.1519739
0.09076343
0.1137014
-0.007274122
0.05765652
0.06000361
0.1199424
0.1129265
0.09582296
0.1265455
0.2656405
0.1083264
0.1333939
0.07898387
0.02881044
0.2021524
0.05103526
0.1511772
0.2166405
0.2067783
0.07444872
0.08431452
0.1385823
0.1345053
0.1201412
0.2229202
0.04498471
-0.04479104
0.1535487
0.1176028
0.161732
0.147203
0.218261
0.1913475
0.2147374
0.09944971
0.1084432
0.1828928
0.1100692
0.1713139
0.2447975
0.2445484
0.1462705
0.173856
0.2232424
0.2999903
0.08315752
-0.0115431
0.1109119
0.0855283
0.1993525
0.2999676
0.3197429
0.2856113
0.04485423
0.196953
0.2315214
0.2890626
0.2454318
0.1374304
0.2517443
0.06582219
0.2019294
0.199932
0.2931818
0.1611175
0.1102642
0.182778
0.2719608
0.1988061
0.287712
0.201362
0.2801951
0.3067344
0.1989436
0.2435154
0.187055
0.2305497
0.3127441
0.1666098
0.2707037
0.06678404
0.2177905
0.1949711
0.1790632
0.2190611
0.1881318
0.3004944
0.2773121
0.1832597
0.1431398
0.2559609
0.3332659
0.06255645
0.1175685
0.4270634
0.2956185
0.03769857
0.2152957
0.4170141
0.2785125
0.2713049
0.3369747
0.31419
0.3275974
0.3113597
0.3121439
0.2569862
0.2693341
0.2366175
0.3322802
0.3335011
0.3604207
0.3084646
0.2964701
0.3961644
0.3227306
0.3280887
0.2626224
0.2933245
0.2966846
0.2280515
0.306319
0.2992365
0.318823
0.1738094
0.3760359
0.4265482
0.2515312
0.3014183
0.3770572
0.2531987
0.4433567
0.3422371
0.1909178
0.3308953
0.4642011
0.450077
0.3238308
0.2051379
0.3873883
0.2487759
0.4056869
0.2521719
0.3438977
0.294882
0.3582527
0.4416683
0.4965985
0.3705598
0.5318562
0.4643059
0.4336285
0.3977246
0.3283363
0.5680378
0.2646371
0.3810165
0.2519571
0.2824248
0.3244056
0.3797847
0.4376012
0.3389173
0.4566157
0.3643873
0.4031976
0.2969151
0.4588413
0.3960259
0.4380413
0.3856438
0.6557463
0.4361834
0.5549481
0.3722777
0.3558931
0.3805815
0.3860053
0.5104586
0.4245146
0.2906528
0.3578231
0.4584638
0.5400899
0.4613345
0.5967728
0.4197568
0.3308792
0.4665698
0.4243983
0.4700396
0.5205371
0.5096557
0.3955062
0.4968291
0.6091833
0.3685125
0.5043212
0.5512701
0.4487212
0.3920648
0.4259596
0.5815044
0.3344816
0.5542232
0.5258205
0.5795173
0.5202417
0.5441629
0.3662522
0.4170542
0.42871
0.5875629
0.5528712
0.4094649
0.55185
0.4459281
0.6252217
0.6230624
0.4793477
0.5500405
0.4182526
0.5996498
0.5574016
0.5047235
0.4469903
0.5079899
0.4655463
0.5577287
0.5360879
0.5638389
0.5421833
0.5814255
0.6063314
0.4725743
0.6437251
0.699298
0.5238204
0.5822244
0.4336646
0.6359195
0.5154147
0.584926
0.4626542
0.4814881
0.6961067
0.5182168
0.5249273
0.6082984
0.6416463
0.5458057
0.5366062
0.4642384
0.4169239
0.6036509
0.5667077
0.4966429
0.6648474
0.6148522
0.6376071
0.6389209
0.5415457
0.5832183
0.5646478
0.6592238
0.7463727
0.5696632
0.7076653
0.6452408
0.5416592
0.5100005
0.6403886
0.7233801
0.5856643
0.6282648
0.5874209
0.678652
0.4326491
0.5662675
0.6892388
0.5092151
0.7186114
0.6207674
0.7331619
0.7247488
0.6525046
0.6826082
0.7493134
0.604601
0.7413385
0.5804561
0.5503674
0.6108257
0.686713
0.5594969
0.5987552
0.8543631
0.558054
0.6812572
0.6355492
0.8418294
0.7276052
0.6511689
0.6416475
0.7695601
0.6854695
0.7208636
0.749119
0.6595203
0.6552191
0.6472538
0.7671801
0.771976
0.7236911
0.6027331
0.7091384
0.6416162
0.6732855
0.7286873
0.8183113
0.7858366
0.7161731
0.772695
0.7056635
0.6554511
0.77931
0.6111174
0.8013882
0.722824
0.7513245
0.7448278
0.659958
0.7402181
0.7125259
0.6942053
0.7450547
0.7570281
0.7810694
0.8248218
0.6702464
0.7193527
0.7115483
0.6628617
0.8331307
0.8442403
0.86781
0.69967
0.8488132
0.9079475
0.7917587
0.8429284
0.7303484
0.7590556
0.7988593
0.7693756
0.8098051
0.8986155
0.7898598
0.736235
0.9489458
0.7479501
0.8461873
0.7785145
0.8099741
0.8247691
0.7471647
0.7689725
0.8188488
0.8748502
0.76355
0.754384
0.8098346
0.8887276
0.9826461
0.8654086
0.7800997
0.7366128
0.9119866
0.8995945
0.8774006
0.8888826
0.8546483
0.9513678
0.8827691
0.9064223
0.9242658
0.6670586
0.9496876
0.8669846
0.8611257
0.7768951
0.8174567
0.8355337
0.8898797
1.003569
0.944197
0.8549887
0.8493959
0.8144565
0.802093
0.9234269
0.8419096
0.8368323
0.8350724
0.6353175
0.9320385
0.8456925
0.8550559
0.8683093
1.043604
0.8805404
0.8909479
0.8137642
1.062707
0.9058477
0.9120806
1.034615
1.111049
0.8140295
1.035924
0.8998782
1.048736
1.066924
0.9178371
0.8577254
0.8460186
0.8916372
0.9219235
0.7878716
0.9099995
0.9882843
1.040888
0.956178
1.023907
0.940437
0.8551101
0.8612309
0.78842
0.9637337
0.9130207
0.8323094
1.024932
0.8332171
0.9861307
0.9635385
0.8935201
1.037507
1.08996
0.9910528
0.9814075
1.060261
0.919795
0.9678387
1.003615
1.026085
1.020607
1.009365
0.7886856
1.055323
0.9185786
1.040577
1.026911